SouthSea_Web/demo/jsonfile/2017-12-16-18.json
{"header": {"parameterUnit":"m.s-1","parameterNumber":3,"dx":0.1,"dy":0.1,"parameterNumberName":"Northward current","la1":29.0,"la2":12.0,"parameterCategory":2,"lo2":131.0,"nx":250,"ny":171,"refTime":"2017-12-16T18:00:00","lo1":106.0}, "data":
[rows 152 to 170 of 171, columns 43 to 85 of 250]
-0.57640763691493446,-0.56811011830965674,-0.559947540362676,-0.53510604302088416,-0.47955904901027679,-0.40966226657231647,-0.34139811247587204,-0.24523689970374107,-0.16310680905977884,-0.0626875089481473,0.058283564355224374,0.13641557594140372,0.19029553234577179,0.22978538274765015,0.25861003001530963,0.26554908603429794,0.26722197731335956,0.27485636621713638,0.28054073452949524,0.31370851397514343,0.33749707788228989,0.34048086404800415,0.32528526335954666,0.28763297200202942,0.26444866508245468,0.27276567816734315,0.30206950008869171,0.32951546708742779,0.32833542426427204,0.32456827163696289,0.29608718554178876,0.24195109307765961,0.19826716184616089,0.16992589086294174,0.1423753947019577,0.10669787228107452,0.086030232409636184,0.086497075855731964,0.0,0.10706685980161031,0.1449541449546814,0.16186067461967468,0.17357519268989563
-0.55986118316650391,-0.56073111295700073,-0.54906107187271114,-0.52828845381736755,-0.48062229752540586,-0.42312858502070111,-0.34577394127845762,-0.24539158493280411,-0.14287489652633667,-0.044082471402361989,0.07307768426835537,0.17258019745349884,0.23673843592405319,0.29170173406600952,0.30408697575330734,0.3400261178612709,0.32482802867889404,0.32214944064617157,0.30182966589927673,0.31059601157903671,0.33491430679957074,0.33976272741953534,0.31135653257369994,0.28582699894905089,0.284640113512675,0.309480756521225,0.35346269607543945,0.38408438563346864,0.37899456173181534,0.36486849933862686,0.309235617518425,0.2523152083158493,0.19887223094701767,0.14987045526504517,0.1092618964612484,0.090344836314519242,0.0,0.085546858608722687,0.099562115967273712,0.1239288616925478,0.12677662074565888,0.15797317773103714,0.16314174979925156
-0.55352127552032471,-0.54791097640991215,-0.52785958349704742,-0.50616832971572878,-0.46003356575965881,-0.4150993327299754,-0.35113030672073364,-0.23066734770933786,-0.12829876939455667,-0.029321508016437292,0.071991823613643646,0.17866746087869009,0.28303022185961407,0.34417666494846344,0.37772538264592487,0.41103328764438629,0.39520394802093506,0.37423117955525714,0.34815938472747804,0.341195285320282,0.34899045228958131,0.3372315838932991,0.3062240332365036,0.286830797791481,0.30480631192525226,0.35772213339805603,0.4090352416038513,0.4269045889377594,0.42284192144870758,0.38373111486434935,0.32598792016506195,0.265088252723217,0.19277951121330261,0.13282090177138647,0.09689374640583992,0.08477504551410675,0.092300284653902054,0.10509554296731949,0.11957835033535957,0.13253791630268097,0.14108553528785706,0.14517088234424591,0.16117191314697266
-0.55196197032928462,-0.52854251861572266,-0.496288721760114,-0.4606019198894501,-0.42082951068878172,-0.36426731199026108,-0.30210304260253906,-0.21820486783981324,-0.11810941547155381,-0.012947695640226206,0.087152184918522835,0.18732213973999023,0.29287607967853546,0.37953964869181317,0.41442416608333588,0.43346397578716278,0.43843325972557068,0.42290586233139038,0.40877032279968262,0.38786185532808304,0.3685232897599538,0.34906406203905743,0.31953752785921097,0.31581760446230572,0.35392443835735321,0.41003589630126952,0.45010007917881012,0.44491235911846161,0.42592122405767441,0.38965554038683575,0.31896077593167621,0.25521855801343918,0.18875555197397867,0.1301126554608345,0.10968286171555519,0.096117421984672546,0.10621730610728264,0.11905449628829956,0.13203037157654762,0.14525522291660309,0.14806310832500458,0.14862127602100372,0.15806834399700165
-0.54618658125400543,-0.49858186841011048,-0.45976151227951051,-0.41832797974348068,-0.38084642092386883,-0.32504142820835114,-0.25570558309555053,-0.1593935638666153,-0.099698584526777267,-0.02079346061994632,0.070361287643512085,0.17902375757694244,0.29431593914826709,0.362924724817276,0.40376535058021545,0.43323393911123276,0.45867180079221725,0.46848380565643311,0.44784796237945557,0.4192568262418111,0.39348673820495605,0.3631143793463707,0.35328937321901321,0.358236163854599,0.39709384242693585,0.44477444142103195,0.45671831568082172,0.45261106888453168,0.42131467660268146,0.36902067810297012,0.30684766918420792,0.23002687096595764,0.17932457476854324,0.14219042658805847,0.12657557427883148,0.11886431276798248,0.12402968481183052,0.13739851862192154,0.14076759666204453,0.15096409618854523,0.14115120470523834,0.13859028369188309,0.13206690549850464
-0.53362012902895606,-0.47692454606294632,-0.42966320514678957,-0.38373414278030393,-0.33215426653623581,-0.26908141374588013,-0.20031462609767914,-0.10295054875314236,-0.046193704629937805,0.015578425489366055,0.09127942969401677,0.18047435581684113,0.2604672759771347,0.33424802124500275,0.38272720575332642,0.41989587744077045,0.46049503982067108,0.48389218449592591,0.47133450955152512,0.43775838613510132,0.40248430520296097,0.37061499059200287,0.3612043708562851,0.38021451234817505,0.40387064218521118,0.42254740744829178,0.43320892254511517,0.42488390207290649,0.39748086531956989,0.33782213926315308,0.29128022491931915,0.23744259774684906,0.18671456724405289,0.14631553490956625,0.13103244453668594,0.13530299067497253,0.14765233546495438,0.14666259288787842,0.14622433483600617,0.13451220095157623,0.10150653868913651,0.090792723000049591,0.0945437103509903
-0.52299024909734726,-0.45615919232368468,-0.40453259150187176,-0.34724565595388412,-0.26463738083839417,-0.1933598518371582,-0.13138666997353235,-0.083288079748551055,-0.015591238625347614,0.030598427780205384,0.10696544498205185,0.17110706120729446,0.24891127645969391,0.29894337058067322,0.35599924127260846,0.4019808868567149,0.44258269667625427,0.46674878398577374,0.45577151328325272,0.40459166169166566,0.36992299556732178,0.34758214354515077,0.34702436625957489,0.35568656027317047,0.36982642610867816,0.3820861279964447,0.37964447339375812,0.38056687265634537,0.36783766150474551,0.32747276624043781,0.28819607198238373,0.22601071000099182,0.17238911986351013,0.13631631433963776,0.14176873862743378,0.1575675755739212,0.165605790913105,0.16414876282215118,0.15018615871667862,0.0,0.099979661405086517,0.053996272385120392,0.0
-0.48232583999633788,-0.41620713472366333,-0.34111212939023972,-0.26765317842364311,-0.19945879280567169,-0.13463473071654639,-0.048543960228562354,0.00098429682354132342,0.036730390042066574,0.072016127407550812,0.11660145968198776,0.16622797399759293,0.23034850507974625,0.29092846810817719,0.33415868878364563,0.37460466474294662,0.40946056693792343,0.40978014469146729,0.39284846931695938,0.35454745093981427,0.34067619840304059,0.32847299178441364,0.33221635222435,0.34095515310764313,0.35023733377456667,0.35357979933420819,0.35131360590457916,0.3564002513885498,0.36305662989616394,0.33151436597108841,0.28212776780128479,0.2363872155547142,0.18764086812734604,0.15419938415288925,0.16781629621982575,0.0,0.1927536278963089,0.19140589237213135,0.17138484120368958,0.1277838870882988,0.0,0.056446190923452377,-0.006452969741076231
-0.45637865364551544,-0.34588990807533265,-0.26887568831443787,-0.2005370631814003,-0.11668088436126708,-0.0353407459333539,0.015790403354912996,0.05226629227399826,0.079007044434547424,0.11165111884474754,0.16300797959168753,0.20471996068954468,0.24777362247308096,0.27717044949531555,0.30328357219696045,0.32370604077974957,0.34878804286321,0.35120994846026105,0.34523372848828632,0.31423357874155045,0.30773585289716721,0.30192136764526367,0.32097570101420086,0.33345487713813782,0.34614241123199463,0.34817114472389221,0.3358856588602066,0.35585041840871173,0.3593103438615799,0.32690319418907166,0.27627579867839813,0.20692964643239975,0.16496610641479492,0.15649816393852234,0.17422282695770264,0.195693701505661,0.20933526754379273,0.20889675617218018,0.18094281852245331,0.10434381663799286,0.077824130654335022,0.011972920037806034,-0.038112018257379532
-0.38237713575363158,-0.2798851529757182,-0.19536859542131424,-0.12517515073219934,-0.051097303473701082,0.0091461888514459133,0.0644146812458833,0.10174785181879997,0.12298258021473885,0.15358142554759979,0.17432062327861786,0.189766027033329,0.20573231081167856,0.22826974590619406,0.24987878402074179,0.27288996179898578,0.29015875458717344,0.29682494699954987,0.28535479307174683,0.26946624120076496,0.27330072224140167,0.29733427365620929,0.31012543042500812,0.34803517659505206,0.36482776701450348,0.35490924119949341,0.33788666129112244,0.35953158140182495,0.3538399338722229,0.31590315699577332,0.25053234398365021,0.18020924925804138,0.16420669108629227,0.15567882359027863,0.1742013692855835,0.21955506503582,0.23289482295513153,0.22470591962337494,0.16418693959712982,0.0,0.0637514516711235,-0.026433574035763741,-0.0873209685087204
-0.36126207311948139,-0.24611221253871918,-0.13631892452637354,-0.038479675228397049,0.032019168604165316,0.0803780909627676,0.115632813423872,0.1414419412612915,0.1472453773021698,0.17627999931573868,0.17868457734584808,0.18037202457586923,0.17776735872030258,0.17964382469654083,0.1983569860458374,0.21935631334781647,0.22517398496468863,0.23328938186168671,0.21979505817095438,0.23460554083188376,0.26549598574638367,0.30941901604334515,0.35119165480136871,0.39116841554641724,0.40116272866725922,0.36518065631389618,0.35866233706474304,0.3515164852142334,0.31470653414726257,0.0,0.25014191865921021,0.17125335335731506,0.13515879213809967,0.15338511019945145,0.17459946870803833,0.21768302470445633,0.25012180209159851,0.0,0.20686239004135132,0.098678566515445709,0.0,-0.025014643557369709,-0.12887926399707794
-0.30127056439717609,-0.21871024370193481,-0.091189309209585193,0.0094593607354909182,0.054704746231436729,0.10340475291013718,0.14472659677267075,0.17061811685562134,0.17735938727855682,0.17453178018331528,0.15986823290586472,0.14827927201986313,0.14536446332931519,0.12960470467805862,0.14270581553379694,0.15888562798500061,0.17269044369459152,0.16514313220977783,0.16675644367933273,0.19894721359014511,0.26892598470052081,0.33117340505123138,0.37646397948265076,0.42704325914382935,0.4407612532377243,0.41452352702617645,0.38611313700675964,0.34632763266563416,0.32856741547584534,0.25445881485939026,0.0,0.15737628191709518,0.12805832922458649,0.0,0.15434795618057251,0.20542873442173004,0.22794444859027863,0.21854645013809204,0.14170574024319649,0.058046966791152954,-0.014066925272345543,0.0,-0.1137177124619484
-0.26012625793615979,-0.16083086033662161,-0.073378246277570724,0.00720619224011898,0.065501466393470764,0.11780072376132011,0.1537570133805275,0.16553592681884766,0.17811979353427887,0.17005932331085205,0.13392942398786545,0.10938050597906113,0.096242222934961319,0.079053033143281937,0.085298724472522736,0.10212675854563713,0.10673797875642777,0.11589400842785835,0.14283066242933273,0.19379279762506485,0.290043443441391,0.40649574995040894,0.452642560005188,0.0,0.47367045283317566,0.44748622179031372,0.4206794947385788,0.36291807889938354,0.32176223397254944,0.24417360872030258,0.15095315873622894,0.0,0.11761344969272614,0.14446689188480377,0.0,0.19956180453300476,0.17784006893634796,0.0,0.08238615095615387,0.0,-0.040696084499359131,-0.12094451487064362,-0.14099346101284027
-0.26385723799467087,-0.1591833233833313,-0.052895860746502876,0.032842375221662223,0.093061294406652451,0.1107725203037262,0.13301222771406174,0.13269545882940292,0.13599769771099091,0.12505278363823891,0.10971284657716751,0.0,0.063243679702281952,0.031904441886581481,0.013976730057038367,0.033627070486545563,0.070129066705703735,0.11115120723843575,0.14139965176582336,0.21497348695993424,0.34676772356033325,0.47819498181343079,0.0,0.5070040225982666,0.46401992440223694,0.0,0.424934983253479,0.31970751285552979,0.0,0.19612924754619598,0.07861308753490448,0.0957159474492073,0.093483887612819672,0.1418524831533432,0.18593133985996246,0.0,0.22240427136421204,0.12367775291204453,0.0,-0.0017525862203910947,0.0,-0.11854857206344605,0.0
-0.25227324664592743,-0.12144660204648972,0.000977500923909247,0.062268313951790333,0.073662199079990387,0.10530844703316689,0.1209375336766243,0.092408593744039536,0.082223281264305115,0.073140913620591164,0.045021116733551025,0.039357732981443405,-0.025825932738371193,-0.030534889549016953,-0.061867756769061089,-0.056320633739233017,0.010941039072349668,0.074654720723629,0.19234974682331085,0.27649617195129395,0.39805057644844055,0.48141485452651978,0.49672424793243408,0.51190552115440369,0.0,0.44187700748443604,0.0,0.37500283122062683,0.20697930455207825,0.0,0.036910541355609894,0.0,0.013401694595813751,0.0,0.15759707987308502,0.16889108717441559,0.099524654448032379,0.094903931021690369,-0.015396910719573498,-0.024134814739227295,-0.13227728009223938,-0.18559186160564423,0.0
-0.18065924942493439,-0.060358623042702675,0.022197500802576542,0.047532550059258938,0.081395290791988373,0.065369229763746262,0.0462222583591938,0.03968287818133831,0.025028171017766,-0.02574213407933712,-0.02558307908475399,0.0,-0.11128644645214081,-0.18747183680534363,0.0,-0.16170105338096619,-0.021655414253473282,0.0,0.21623355150222778,0.0,0.38334709405899048,0.4934995174407959,0.34163016080856323,0.52189880609512329,0.33561310172080994,0.33999965339899063,0.32475870847702026,0.16889464855194092,0.21466059982776642,-0.019427189603447914,0.0,-0.099719300866127014,0.04119168221950531,0.0,0.10198786109685898,0.0,0.0,0.0,0.0,-0.47236001491546631,0.0,-0.52608352899551392,0.0
-0.37114009261131287,-0.23840074241161346,-0.14298100769519806,-0.097748249769210815,-0.077194474637508392,-0.084727734327316284,0.0,-0.12130025029182434,-0.16786947846412659,0.0,-0.22083413600921631,-0.10838744044303894,-0.18133151531219482,0.0,-0.15994518995285034,-0.1059502586722374,0.0,0.038866281509399414,0.0,0.18920157849788666,0.293319433927536,0.0,0.0,0.062517404556274414,0.0,-0.065443128347396851,-0.23104745149612427,0.0,-0.3795696496963501,0.0,-0.41690331697463989,0.0,-0.31476065516471863,0.0,-0.22888892889022827,-0.21371376514434815,-0.25090661644935608,-0.33653333783149719,-0.40227004885673523,0.0,-0.5121917724609375,0.0,-0.522628664970398
0.0,0.0,-0.13126888871192932,-0.1018359586596489,-0.091861404478549957,0.0,-0.10316433012485504,-0.14408935606479645,0.0,-0.19145089387893677,0.0,-0.25858178734779358,-0.31632892787456512,-0.34788623452186584,-0.38988229632377625,-0.47134588658809662,-0.47420531511306763,-0.44276651740074158,-0.29748162627220154,-0.24692244827747345,-0.065800957381725311,0.055396959185600281,0.030325071886181831,0.0,-0.02143179252743721,-0.17918035387992859,0.0,-0.33464762568473816,0.0,-0.4130229651927948,0.0,-0.38844728469848633,0.0,-0.30184116959571838,0.0,0.0,0.0,0.0,0.0,0.0,0.0,0.0,0.0
0.0,0.0,0.0,0.0,0.0,0.0,0.0,0.0,0.0,0.0,0.0,0.0,0.0,0.0,0.0,0.0,0.0,0.0,0.0,0.0,0.0,0.0,0.0,0.0,0.0,0.0,0.0,0.0,0.0,0.0,0.0,0.0,0.0,0.0,0.0,0.0,0.0,0.0,0.0,0.0,0.0,0.0,0.0
