SouthSea_Web/demo/jsonfile/2017-12-16-10.json
{"header": {"parameterUnit":"m.s-1","parameterNumber":3,"dx":0.1,"dy":0.1,"parameterNumberName":"Northward current","la1":29.0,"la2":12.0,"parameterCategory":2,"lo2":131.0,"nx":250,"ny":171,"refTime":"2017-12-16T10:01:52.5","lo1":106.0}, "data":
[rows 19 to 37 of 171, columns 129 to 171 of 250]
0.0,0.0,0.0,0.0,0.0,0.0,0.0,0.0,0.0,0.0,0.0,0.0,0.0,0.0,-0.0075768563544008193,-0.074214820103560244,-0.074518202887871712,-0.18496684190528145,-0.18420546590271641,-0.18689151952664057,-0.20611959569535013,-0.24369267206038198,-0.23523548454977572,-0.11406241843508462,-0.045911748738338552,-0.0068987174423322051,-0.032391138448034443,-0.035045753481283193,-0.058643120740141184,-0.040235951193608344,-0.062933448391656086,-0.0035947829945309259,0.0168899203149172,0.036028132424689829,0.034582677514602742,0.037114022051294646,0.0242425286067793,0.0088932322317057041,-0.00026245517801726237,0.008206331345718354,0.0409513283520937,0.026585727264838561,0.056498703236381211
0.0,0.0,0.0,0.0,0.0,0.0,0.0,0.0,0.0,0.0,0.0,0.0,0.0,-0.048915101331658661,-0.089287125655332991,-0.049251878383966989,-0.14712838414581367,-0.24028148402029009,-0.14037586004207178,-0.24762417961444175,-0.259783748537302,-0.20841917456662068,-0.12337353602051734,-0.061045085390408836,-0.041324424898872773,-0.045384175955619221,-0.082226119258187028,-0.070447994163259864,-0.038986055896832392,-0.010463569707308825,-0.035239934921264648,-0.011553067772183567,0.013657624714142003,0.020403585823563237,0.04052274115383625,0.052656007558107377,0.014168227566794181,0.0048774834867799655,-0.030481714622250626,-0.039712318840126194,-0.012505947412656886,0.0085930268163792786,0.016115451464429498
0.0,0.0,0.0,0.0,0.0,0.0,0.0,0.0,0.0,-0.0087801250629127026,0.0,-0.016647978569380939,-0.038812631792502036,-0.026372902464645451,-0.074864503373637009,-0.16230701731953334,-0.217187406308949,-0.20051745376710234,-0.24870580245377655,-0.3047136382052773,-0.19603393599390984,-0.11285211072593439,-0.084682570871981708,-0.046708436767486011,-0.055617772787809369,-0.05513594920436541,-0.048482686990783327,-0.033825084567070007,0.0038144897911339425,-0.023002263449598104,-0.022902125238694927,-0.027996965800412,-0.0024165654089301825,0.034607940062414855,0.058846029639244082,0.058482567912765911,-0.021549658578199644,-0.021311451782821678,-0.083307602043662748,-0.0370194255374372,-0.0534426361322403,-0.018544477410614491,-0.025481992959976198
0.0,0.0,0.0,0.0,0.0,0.0,0.0,0.07527679381201656,0.034194504915460666,0.15350907498183739,0.12970317204599269,0.10512442798558418,-0.034830735779744632,-0.034554031788881973,-0.089304101886227727,-0.17456257454044111,-0.21795299199838486,-0.24405204865240282,-0.27446260401662792,-0.20478995422185478,-0.13908383494073695,-0.08327492718983974,-0.043076202921245407,-0.0429852012846921,-0.031603809313050339,-0.016031445591184107,-0.039861341252138742,-0.031040232409449184,-0.022946830695638291,-0.047176083948995383,-0.034608342995246254,-0.0510930346014599,0.059707865274200835,0.013890947324398439,0.016020922921597958,-0.029068036315341789,-0.050743478749479563,-0.050924576073884967,-0.091249993070960045,-0.060092214494943619,-0.057750293985009193,-0.050526382401585579,-0.04089957382529974
0.0,0.0,0.0,0.0,0.0,0.0,0.0,0.080737623980122117,0.14256665070854246,0.20374404573903007,0.1765899791241809,0.26161585709165119,-0.13208352269679641,-0.1903122620217044,-0.18145799370748655,-0.19826376462331066,-0.25376150291413069,-0.25337128490209582,-0.18688576397570697,-0.13512646878759066,-0.077430171827817779,-0.040013000386318671,-0.007908031150501026,-0.016058872176941033,-0.0097413975633501727,-0.030860298113631352,-0.078461611205164122,-0.079216978279873729,-0.074983523786067957,-0.029031591101860005,-0.023701022628721639,-0.0059029986719410362,-0.00013185292482376099,-0.042578789056278765,-0.023398893264432747,-0.057214076941212021,-0.042844816297292712,-0.087595756351947787,-0.087991529454787568,-0.075491097569465634,-0.07803644984960556,-0.092042658478021622,-0.063326266407966611
0.0,0.0,0.0,0.0,0.0,0.0,0.0,-0.018708818383693877,0.064288247483117233,0.31252826634907604,0.072382970490987755,-0.13818340008647248,-0.21971253409972583,-0.2070565429740592,-0.20376882018502227,-0.28803592823343732,-0.25149631093848834,-0.18631602102710354,-0.12288462190578381,-0.080591809337160411,-0.048388244487859049,-0.034765793597730604,-0.029954611583213719,-0.052614251482217309,-0.090866064727306364,-0.12129709801890633,-0.15652551326681585,-0.13023526221513748,-0.069251441263726773,-0.032379415429507695,-0.00368538141483441,0.023983396939001977,-0.01181392272701487,-0.0098734265193343163,-0.048570890724658963,-0.040108883380889894,-0.039933114778250456,-0.065470965579152107,-0.069870661199092868,-0.08918311633169651,-0.11195336158076923,-0.12760163967808089,-0.096971500664949417
0.0,0.0,0.0,0.0,0.0,0.0,0.0,-0.025061926715459454,0.041596784961217527,0.34014925790418471,-0.034408669615498717,-0.1281099384741789,-0.13926363896400046,-0.24347835795799638,-0.24675459676497691,-0.26749359268475981,-0.17345065319616543,-0.14213034024705057,-0.0616649956772885,-0.042419561570317579,-0.08397310561671549,-0.11507777898357464,-0.1651435217687062,-0.086003493974343509,-0.036972223182341883,-0.11973799960687756,-0.1672056828226362,-0.13759088463016919,-0.080898702765504524,-0.0067394170813107239,0.02919803368858993,0.072796584106981754,0.030775998020544648,0.052960723948975406,-0.014318704605102539,-0.013170284102670848,-0.057943062590701241,-0.083246050775051122,-0.10293115569012505,-0.11650875530072621,-0.13880060333758593,-0.15524713136255741,-0.11397624512513478
0.0,0.0,0.0,0.0,0.0,0.0,0.0,-0.0093772123301667822,0.03380314827976421,-0.11843893352044305,0.01546073467598443,0.088285390395587929,-0.17340756194399937,-0.24480856298690751,-0.24530362162519903,-0.289095552858486,-0.10782634192283321,-0.10889844647185369,-0.067182762282235284,-0.036284839659929277,-0.11114066579314165,-0.20038725808262825,-0.13213010604182879,-0.032485339004779235,0.024408367623220243,-0.053764693439006805,-0.15201570268939524,-0.15356175330552188,-0.070526681219538048,0.047909356847715877,0.10447621578350663,0.14084283475364959,0.11257192306220532,0.079708062733213111,0.022406816792984802,-0.012932479953936612,-0.04831855371594429,-0.091958427003451762,-0.11365120237072308,-0.13085804600268602,-0.15922278165817261,-0.16550775431096554,-0.13337971083819866
0.0,0.0,0.0,0.0,0.0,0.0,0.0,-0.05784704592466975,-0.01585696150376905,-0.037018344280101916,-0.0714480493565891,-0.040510686077864073,-0.15777531727938585,-0.25338846693436307,-0.24309244912404279,-0.14930481258779765,-0.14728333862671533,-0.17212818782119191,-0.0726591302842206,-0.044364538932727141,-0.091097365650865764,-0.15052838081663306,-0.1944649306864574,-0.019485020205717195,-0.017293524781340046,-0.07294633612036705,-0.15615684986114503,-0.13907911063482364,0.044126193178817628,0.12152259703725576,0.19603776186704636,0.22838452458381653,0.14046427160501479,0.12085414429505666,0.049167645350098613,0.026553628434027945,0.0057867569266818464,-0.049705324694514275,-0.072753756824466914,-0.086125812803705529,-0.11623007506132126,-0.13143619522452354,-0.14038572087883949
0.0,0.0,0.0,0.0,0.0,0.0,0.0,-0.082579801704004863,-0.088699657956369443,-0.035495466147751911,-0.05864066724927286,-0.080656158468784878,-0.16598555563474843,-0.22745397989300714,-0.15782177448272705,-0.13819419033825398,-0.13683702663149475,-0.12580028743567792,-0.076096479889265323,-0.066861030302549668,-0.11562366019456814,-0.21293017654507249,-0.19898653890077883,-0.026419311423193325,-0.084284853020852257,-0.074306119233369827,-0.10802927420341543,0.03680900649095957,0.20147305876016616,0.23177659782496365,0.27676787546702791,0.19517836347222328,0.20145673056443533,0.17576993008454642,0.10528707364574075,0.075731119140982628,0.039966833195649087,0.0015928838547552005,0.0033489138731965795,-0.0076637671329081057,-0.044380410235713826,-0.063302677952580988,-0.099381402962737619
0.0,0.0,0.0,0.0,0.0,0.0,0.079377964299557541,-0.014747423608544827,-0.10308008822377018,-0.032792100536618927,-0.031495782054213148,-0.15311214589746669,-0.2174654033365129,-0.1604423588558809,-0.1444317800077525,-0.11211463034152985,-0.12501408278264783,-0.11303849137491651,-0.099545233510434622,-0.11223593306156897,-0.17397957552095938,-0.20085869626752262,-0.18690833449363709,-0.13031811487268319,-0.094542008358985186,-0.050281143436829247,-0.019644709337236627,0.21975236787245825,0.28297505126549649,0.34445421184812275,0.28685737401247025,0.25554190576076508,0.23498596038137162,0.18269399659974234,0.14262554049491882,0.099186955019831657,0.090948962420225141,0.067994661290537231,0.063668380849636524,0.064779411587450236,0.036366237746551636,0.025065623731775719,-0.029059362472393192
0.0,0.0,0.0,0.0,0.0,0.0,0.22034926847978073,0.024042970382759127,-0.079191461688787962,-0.15481009335980986,-0.13072731104379487,-0.18433201110249833,-0.20045220238320968,-0.14903527378074585,-0.15511998561295595,-0.12295316144519923,-0.096509317617590837,-0.12629167698323726,-0.15802637878805398,-0.1877958415185704,-0.22793666356139714,-0.24741814817701066,-0.19917272869497538,-0.12978068817602961,-0.058037436520680788,0.0070495538598419547,0.10582656261976808,0.31322049200534818,0.32363582774996758,0.28681784868240356,0.22031327784061433,0.19797086715698242,0.19355198120077452,0.17134155035018922,0.14580118656158447,0.13101782649755478,0.13874384462833406,0.12151262164115906,0.13145846941254355,0.11782980507070368,0.091945361594359079,0.067226170251766845,0.039686103273803987
0.0,0.0,0.0,0.0,0.0,0.0,0.0,-0.087568118532256378,-0.24413400168984115,-0.15116879118590795,-0.14070325785062529,-0.24761448261829522,-0.24720098363126025,-0.17742229709702154,-0.16739686091358846,-0.14697476973136267,-0.150460808114572,-0.17485687469965533,-0.23420945338664517,-0.30910904756907759,-0.28345323155323665,-0.23779341578483582,-0.14472059936573109,-0.13473497997773321,0.0037102628848515451,0.11275710985064506,0.13028817499677339,0.27291478713353473,0.2179323924439294,0.15128894336521626,0.10528703182935714,0.15256941371730395,0.18467257246375085,0.19425448195801842,0.15923351049423218,0.16923732378266074,0.17619120453794798,0.17515305305520693,0.18419952002855447,0.15794135630130768,0.15919796998302141,0.140796225804549,0.097032854067427773
0.0,0.0,0.0,0.0,0.0,0.0,0.0,-0.20867788859389044,-0.22492708364392028,-0.15471519814016893,-0.18377314659132474,-0.28758563376390017,-0.35571079679897855,-0.24613866386777264,-0.18475052217642465,-0.17038825439645888,-0.21363698854679014,-0.25172221418973562,-0.27581358126231603,-0.26936015846400424,-0.23202026979281351,-0.25559588787811144,-0.17267337894958,-0.08876548415940741,-0.017517270912465296,0.076279683504253626,0.13264698597292104,0.24702262133359909,0.10793544724583626,0.087882488965988159,0.13376708372550852,0.13986243635416032,0.065860567983084664,-0.021768451377283782,0.0540174031112757,0.17703527609507244,0.22479257446068984,0.2729414075613022,0.24114814171424279,0.20116412533181055,0.17418684164683024,0.11878951514760654,0.055270656710490584
0.0,0.0,0.0,0.0,0.0,0.0,-0.030026903264305748,-0.23925057489157053,-0.24169414016222091,-0.11546865820814416,-0.23989328460560905,-0.36811480919520062,-0.38543348254696014,-0.272399491071701,-0.21371692236588927,-0.21558883753087785,-0.26291445307433603,-0.30569700598716737,-0.33899217230432172,-0.27187188182558331,-0.22609428123191552,-0.274432487487793,-0.19674745558396631,-0.10046427019617775,-0.054097231398191073,0.033720067289565732,0.13518802920977274,0.11037402406621438,0.027380008793746431,0.0024668399011716245,-0.038233374779035025,-0.11673802223343116,-0.19167208990880422,-0.055052999659286193,0.26825625875166487,0.39385098032653332,0.38163469433784486,0.25295043084770441,0.17208623398955053,0.17266145454985754,0.16583048896147654,0.078729781089350581,0.0016974505037069322
0.0,0.0,0.0,0.0,0.0,-0.011392609216272831,-0.021046156239886343,-0.23537377112320271,-0.33913923158778203,-0.0636502768965843,-0.2998256650365268,-0.4802807872945612,-0.40455407729515663,-0.28747701854036567,-0.26479211562084704,-0.28746053794535192,-0.32846059714044845,-0.33264728635549545,-0.35794038077195484,-0.25772789274824076,-0.26106290199926924,-0.33248824954032896,-0.25505947679281232,-0.12250169187784195,-0.08726214089741309,0.0524107153039603,0.0687550694188651,0.021799756326557448,-0.030367109956304459,-0.14073160004157287,-0.18819685706070491,-0.16253969222307205,-0.062293191804834037,0.24933362115795413,0.401551254093647,0.25422023122127241,0.18956719072801725,0.11216209017050763,0.016893603235075716,0.0073442900154207435,0.013589249524687017,-0.0060676308847697714,0.028945769899739668
0.0,0.0,0.0,0.06810746862955222,0.11569005823768085,0.14086870849246672,-0.0050810808315873146,-0.24879198565584007,-0.21411587184965833,-0.085171250369855941,-0.45326883930954803,-0.51533136875541119,-0.37778388015155134,-0.304204047736475,-0.29892211898844295,-0.30979666186542043,-0.33539122508631813,-0.40177917841709021,-0.37485196122101377,-0.27064929583242964,-0.3163188569820844,-0.30475304358535343,-0.30072802543640137,-0.21912934688421396,-0.071880913921631873,-0.031485468543206267,0.035011641270968882,0.053649937024428732,0.089015499195631814,-0.043941073468886316,-0.13575597628951072,-0.080355527145521979,0.17499572836927005,0.21758679631683561,0.1581210585931937,0.074793130780259773,0.035303943908850971,-0.066259573378107131,-0.12316587915023168,-0.13320360279509,-0.11280784457921982,-0.10514901528755824,-0.0927536457311362
0.0,0.0,0.0012164001236669719,0.0912502756779086,0.0783827108347448,0.18145146634507303,0.14029175465914759,0.050718964532943174,-0.13304688658664293,-0.25786984059076878,-0.58166266820295065,-0.40295581093856264,-0.33843779982998967,-0.32247869244643618,-0.31940235635813546,-0.36676757586629766,-0.4327418025462858,-0.41925951453947252,-0.36566771452243513,-0.28025715282330144,-0.33791338986363906,-0.25966666221618651,-0.28816208022612111,-0.31807108755622593,-0.20493080642293482,-0.10211440398186249,0.055616569253182861,0.21637513045523618,0.16136621125042439,-0.1270790672979274,-0.33394445608491485,0.0099449957437489338,0.17182886772430861,0.16915516406297684,0.059718698572727262,-0.056779451570228526,-0.046999390100074166,-0.0633549615740776,-0.15119649982079864,-0.20542895514518023,-0.17715377012888592,-0.13984983041882515,-0.11500033338864645
0.032007053854786569,0.042002631757707104,0.0,0.0091948493482601461,0.11050479177604704,0.15639282119449707,0.091627667851912273,-0.018056127019377987,-0.25842422930633985,-0.35256235426353227,-0.42779476237746905,-0.30632441723719239,-0.32978904802920456,-0.34926659671159893,-0.37559843198819592,-0.49443020835155393,-0.39712865890995147,-0.37155856192111969,-0.33829223005859937,-0.31218081823101751,-0.28285198569297793,-0.28344041881737886,-0.321426618625136,-0.34204120970353846,-0.27759218215942383,-0.37147348597645757,-0.34400219209275618,0.3326355649082553,0.20527402331170283,-0.11107658001530016,-0.29670610350947224,0.039514678592483206,0.13411920319000881,0.065838934962327275,0.044683793171619378,0.029583381782729356,-0.098102585571177764,-0.11871167622944888,-0.14178836511241066,-0.20490067934288697,-0.18844414316117764,-0.14238364299138387,-0.10745752922126226
