SouthSea_Web/demo/jsonfile/2017-12-14-21.json
{"header": {"parameterUnit":"m.s-1","parameterNumber":2,"dx":0.1,"dy":0.1,"parameterNumberName":"Eastward current","la1":29.0,"la2":12.0,"parameterCategory":2,"lo2":131.0,"nx":250,"ny":171,"refTime":"2017-12-14T21:00:00","lo1":106.0}, "data":
[rows 76 to 94 of 171, columns 168 to 209 of 250]
-0.17351938959430246,-0.12806683778762817,-0.13630800787359476,-0.15333772344248636,-0.21495166691866788,-0.34727908670902252,-0.44317412045266891,-0.4153146914073399,-0.37128141522407532,-0.3523955600602286,-0.3495551198720932,-0.35743294159571332,-0.35586171150207518,-0.33929228782653809,-0.32102739810943604,-0.30568745732307434,-0.25608180463314056,-0.19451123476028442,-0.14557031542062759,-0.15064916014671326,-0.19891209155321121,-0.2666831761598587,-0.30895577371120453,-0.31562539935112,-0.27912223339080811,-0.21912839263677597,-0.18049679696559906,-0.15546461194753647,-0.13026432693004608,-0.13068920373916626,-0.12200002744793892,-0.11043306440114975,-0.072562124580144882,-0.039514119736850262,-0.019985646940767765,-0.050717627629637718,0.0,-0.11075854301452637,-0.12191610038280487,-0.11235997453331947,-0.0876888781785965,-0.056559707969427109
-0.14496375910109943,-0.14533388167619704,-0.15261857211589813,-0.15311292509237925,-0.19638657298955051,-0.32628824494101782,-0.4493010938167572,-0.43287062644958496,-0.37631824016571047,-0.34708537799971445,-0.34017550945281982,-0.34831433494885761,-0.3434305340051651,-0.31524141132831573,-0.29298205673694611,-0.28436904152234393,-0.24524306505918503,-0.20678399006525675,-0.16686537116765976,-0.17648570984601975,-0.222197026014328,-0.27866080403327942,-0.30953627824783325,-0.3144696056842804,-0.27531234920024872,-0.22384496033191681,-0.18707828223705292,-0.16389541327953339,-0.14303126931190491,-0.12831477448344231,-0.11064707487821579,-0.096826784312725067,-0.072209000587463379,-0.057715002447366714,-0.049228105694055557,-0.090170659124851227,-0.092883612960577011,-0.11940032243728638,-0.12674831598997116,-0.0946490690112114,-0.057118233293294907,-0.024730938486754894
-0.1751782964257633,-0.16295413059346817,-0.17066515237092972,-0.15296946465969086,-0.18756249050299326,-0.32709169015288353,-0.44459014385938644,-0.42456466456254321,-0.37074950834115344,-0.35446609059969586,-0.33845589061578113,-0.33177609244982403,-0.318848580121994,-0.30231453975041706,-0.27010639011859894,-0.25651424129803974,-0.24486245214939117,-0.22077125310897827,-0.18175185471773148,-0.18663773685693741,-0.22671524435281754,-0.27196621894836426,-0.29422426223754883,-0.29372136294841766,-0.25368329385916394,-0.21346195787191391,-0.18458949029445648,-0.15768313407897949,-0.15016049891710281,-0.13853764533996582,-0.11938010156154633,-0.10535164922475815,-0.10672968998551369,-0.076719373464584351,-0.09897882491350174,0.0,-0.12094707787036896,-0.13187642395496368,-0.13278232514858246,-0.094875168055295944,-0.044722866266965866,-0.015665685757994652
-0.15485812460674958,-0.16728155490230112,-0.1819071759070669,-0.14425404689141683,-0.16944540441036224,-0.31805586069822311,-0.44907562807202339,-0.42358583211898804,-0.37683056592941283,-0.36414812207221986,-0.33907291293144226,-0.31151617566744488,-0.29591722488403321,-0.26525251567363739,-0.24435988068580627,-0.24449949959913889,-0.24731165170669556,-0.2155903329451879,-0.17160357534885407,-0.17490461468696594,-0.2177564948797226,-0.25891196727752686,-0.27471069991588593,-0.27129480242729187,-0.24035710096359253,-0.20281655341386795,-0.18795982003211975,-0.1815410703420639,-0.16084987670183182,-0.16176292300224304,-0.13708056509494782,-0.14797084778547287,-0.14657106995582581,-0.1168757863342762,-0.14749414473772049,-0.13080666959285736,-0.1428057923913002,-0.14725524932146072,-0.12219619378447533,-0.097532756626605988,-0.0535864531993866,-0.026077652350068092
-0.13003032772164597,-0.18803846538066865,-0.19678016565740109,-0.14569637605122157,-0.1643163576722145,-0.30412511378526685,-0.4448704719543457,-0.41966445105416433,-0.380421268088477,-0.36529406160116196,-0.32617089152336121,-0.2760092169046402,-0.26116394996643066,-0.25198295712471008,-0.23943942040205002,-0.24371204773585,-0.23936352133750916,-0.1981060802936554,-0.15038344264030457,-0.16184968501329422,-0.21335508674383164,-0.257098451256752,-0.26324908435344696,-0.25796379148960114,-0.25144791603088379,-0.20452494919300079,-0.19212097674608231,-0.18046734482049942,-0.17277318984270096,-0.17466153204441071,-0.16883480548858643,-0.17150890082120895,-0.15463337302207947,-0.15557856857776642,0.0,-0.1636471152305603,-0.17048560827970505,-0.17118115723133087,-0.12228073179721832,-0.099288810044527054,-0.068720914423465729,-0.035678301006555557
-0.099119676824878239,-0.20721971336752176,-0.19767499502216065,-0.15684884041547775,-0.16257000782273032,-0.30211348169379765,-0.42167805507779121,-0.41138762661388945,-0.36518432945013046,-0.34713169932365417,-0.2989158382018407,-0.24556194245815277,-0.24095476269721985,-0.24555535117785135,-0.23905161023139954,-0.24185203015804291,-0.2320510670542717,-0.192801962296168,-0.15033631771802902,-0.16839909553527832,-0.22247474640607834,-0.26296588778495789,-0.26086632907390594,-0.25271636992692947,-0.23413353164990744,-0.20599498599767685,0.0,-0.18282099068164825,-0.17135119438171387,-0.17709657549858093,-0.17443957924842835,-0.15000315010547638,-0.16194549947977066,-0.15946477651596069,-0.17010141909122467,-0.17576970160007477,-0.18949680030345917,-0.17464893311262131,-0.148374505341053,-0.12404152005910873,-0.08842155709862709,-0.060140326619148254
-0.058875754696169964,-0.19114744312622967,-0.19563234196259424,-0.16735556349158287,-0.18846693291113928,-0.31652837619185448,-0.41362421587109566,-0.39165434241294861,-0.33716813723246258,-0.30308501422405243,-0.26332960029443103,-0.22049882113933564,-0.22573674097657204,-0.22934111207723618,-0.21570431192715964,-0.23260815441608429,-0.23200540989637375,-0.20477165778477988,-0.17525081336498261,-0.1988176554441452,-0.24352195113897324,-0.27083577215671539,-0.26782733201980591,-0.24109918624162674,-0.22112589329481125,-0.20095731317996979,-0.19064193218946457,-0.17548379302024841,-0.15730437636375427,-0.16565726697444916,-0.15238234400749207,-0.17019912600517273,-0.14032158255577087,-0.13318426907062531,-0.15310882031917572,-0.18030575662851334,-0.19811974465847015,-0.18829171359539032,-0.170256108045578,-0.14265689253807068,-0.12702513858675957,-0.11104588955640793
-0.011167209467384965,-0.12664300054311753,-0.15893724461396536,-0.16697021697958311,-0.22178159207105636,-0.34053774012459648,-0.40832030773162842,-0.3614963859319687,-0.3148716539144516,-0.27289829850196839,-0.22681310027837753,-0.20426090061664581,-0.21365590890248618,-0.20731117576360703,-0.18860369424025217,-0.22379308938980103,-0.23301002879937491,-0.215053528547287,-0.20811987668275833,-0.23673336207866669,-0.27459345757961273,-0.27641594409942627,-0.29641944169998169,-0.25819916029771167,-0.21914204210042954,-0.20647303760051727,-0.18829574435949326,-0.1621709018945694,-0.11351403594017029,-0.13988237082958221,-0.11415993794798851,-0.12880797684192658,-0.10914032533764839,0.0,-0.14437833428382874,-0.17460055649280548,-0.212701216340065,-0.214015930891037,-0.18988000601530075,-0.17273592948913574,-0.15233621001243591,-0.13192319869995117
-0.035182048857677728,-0.11136164492927492,-0.12472315247242267,-0.16145980019461026,-0.24349194433954027,-0.34375613596704269,-0.37840453684329989,-0.33995763460795086,-0.29059107303619386,-0.23789097666740416,-0.19975791126489639,-0.19220156967639923,-0.20319274812936783,-0.18174019455909729,-0.1645999550819397,-0.19639714558919272,-0.23435407876968384,-0.23849739879369736,-0.24080927670001984,-0.27328485250473022,-0.30739833414554596,-0.30738639831542969,-0.3047938197851181,-0.27379231651624042,-0.23087251931428909,-0.21210560202598572,-0.1857806071639061,-0.14402041211724281,-0.14173637330532074,-0.096972372382879257,0.0,-0.091899625957012177,-0.086508996784687042,-0.09861263632774353,-0.12986936420202255,-0.18411824852228165,-0.22901571542024612,-0.24587839841842651,-0.22672725468873978,-0.20038676261901856,0.0,-0.17259494960308075
-0.058761290998922452,-0.10792876429417554,-0.093484424627744228,-0.1315018656578931,-0.2448536604642868,-0.33960259705781937,-0.36206696714673725,-0.33483788796833586,-0.28140637775262195,-0.21987329423427582,-0.17957231774926186,-0.1833083987236023,-0.19320696592330933,-0.15311715751886368,-0.14318587879339853,-0.18492667376995087,-0.22771822909514108,-0.24740932881832123,-0.26147487759590149,-0.29389044642448425,-0.3202507495880127,-0.32555873692035675,-0.32063476741313934,-0.28114746014277142,-0.23562850058078766,0.0,-0.18041899800300598,-0.13012174144387245,-0.094891775399446487,-0.060333672910928726,-0.071761179715394974,-0.064112693071365356,-0.054011449217796326,-0.10444235801696777,-0.12242051959037781,-0.20730008184909821,-0.25574668496847153,-0.26851928234100342,0.0,-0.24569635093212128,-0.20502310991287231,-0.18895222246646881
-0.050478454240981269,-0.062535584505115233,-0.053721368002394833,-0.10525326159867374,-0.2333632603287697,-0.32809060480859542,-0.34546695947647094,-0.32264271378517151,-0.27992875128984451,-0.21936407387256623,-0.16986670345067978,-0.16458518803119659,-0.15682869032025337,-0.12401266023516655,-0.11183165386319161,-0.1893714964389801,-0.19871379435062408,-0.23154408484697342,-0.25833010673522949,-0.29529458284378052,-0.3140675276517868,-0.31925494968891144,-0.31682820618152618,-0.28923210501670837,-0.23130391538143158,-0.20821849256753922,-0.17374269664287567,-0.10263809561729431,-0.080160640180110931,-0.048220684751868248,-0.04232915211468935,-0.043857652693986893,-0.05264604277908802,-0.086932551115751266,-0.1378362849354744,-0.21353118866682053,-0.26580378413200378,-0.28751777112483978,-0.27646973729133606,-0.27553901076316833,-0.24162720143795013,-0.21576602011919022
-0.044235783163458109,-0.024826339182254742,-0.044132292536752563,-0.085086379200220108,-0.2023769115859812,-0.29759716656472945,-0.30597086747487384,-0.29611879090468091,-0.2727377712726593,-0.21976907178759575,-0.17420861423015593,-0.13953616097569466,-0.10429849475622177,-0.063996531069278717,-0.062591067204872772,-0.1020470845202605,-0.1389751061797142,-0.17332403361797333,-0.24044875800609589,-0.27864526212215424,-0.28879585862159729,-0.29444536566734314,-0.29365119338035583,-0.26567283272743225,-0.22384517888228098,-0.20061786472797394,-0.1700742319226265,-0.15227082371711731,-0.082745935767889023,0.0,-0.04340091347694397,-0.029220785945653915,-0.055145576596260071,-0.0806661956012249,-0.14494212716817856,-0.21012026071548462,-0.278790220618248,-0.29828155040740967,-0.29891481995582581,-0.27636536955833435,-0.25842547416687012,-0.21845506131649017
-0.021074132582939723,-0.023796741567951227,-0.064056925475597382,-0.094398797800143555,-0.1842612624168396,-0.24097912572324276,-0.22682610899209976,-0.23435462017854056,-0.23212155203024545,-0.18795106932520866,-0.134343720972538,-0.083637111634016034,-0.042372974567115307,0.00446231197565794,0.0074907930684275925,-0.041532659682464633,-0.071687303483486176,-0.10730485866467159,-0.21402840316295624,-0.24839243292808533,-0.25599909573793411,-0.26526375114917755,-0.26316279172897339,-0.24227592349052429,-0.20256467163562775,-0.1811417986949285,-0.17488256096839905,-0.1292417123913765,-0.10578828305006027,-0.066813070327043533,-0.044467775151133537,-0.037897836416959763,-0.046365315094590187,-0.070921622216701508,-0.15920443832874298,-0.22432273626327515,-0.28170707821846008,-0.29576930403709412,-0.29791532456874847,-0.28751541674137115,0.0,-0.23244363814592361
-0.04597097949590534,-0.049693058989942071,-0.0951453186571598,-0.13208693672310223,-0.19833907671272755,-0.21346672943660192,-0.16820507496595383,-0.16787187329360417,-0.16963270902633668,-0.11189301162958146,-0.068443001806735987,-0.027274092038472492,0.0061874842892090482,0.054328365251421928,0.059874942526221275,0.019693783950060606,-0.0038480446673929691,-0.088238738477230072,-0.16729337722063065,-0.21661683171987534,-0.22893502563238144,-0.24108510464429855,-0.23758722841739655,-0.21633514016866684,-0.17577260732650757,-0.16849634051322937,-0.13849183917045593,-0.12746575474739075,-0.086519837379455566,-0.060238389298319817,-0.050062321126461029,-0.042377375066280365,-0.052260773256421089,-0.0837041363120079,-0.14742211997509003,-0.22048981487751007,-0.2679857611656189,-0.28214430809020996,-0.29010173678398132,-0.27826529741287231,-0.2576201856136322,-0.20109076797962189
-0.106449656188488,-0.10506639576384,-0.13784801272245553,-0.19032521421710649,-0.23363762928379905,-0.21063568629324436,-0.15781036019325256,-0.1378664927823203,-0.12348277270793914,-0.081987963616847986,-0.023314368166029453,0.01158672000747174,0.055267311818897727,0.091453965753316879,0.097514219582080841,0.071439508348703384,0.046904146671295166,-0.032202075507181384,-0.1333879679441452,-0.1935107484459877,-0.21023049205541611,-0.2238372266292572,-0.226948544383049,-0.19491232931613922,-0.16335131227970123,-0.1441035270690918,-0.11654502153396606,-0.081370934844017029,-0.0437074676156044,-0.049941301345825195,-0.030889766290783882,-0.047518964856863022,-0.044745579361915588,-0.092240706086158752,-0.132529616355896,0.0,-0.23645567148923874,0.0,-0.27740168571472168,-0.26306310296058655,-0.23028691112995148,-0.1956740990281105
-0.12625225633382797,-0.12212771829217672,-0.17544278055429458,-0.24805712022564627,-0.25312279435721313,-0.21218809187412263,-0.15923836827278137,-0.12626375555992125,-0.099924932420253756,-0.066235222853720188,-0.032787328399717805,0.031617164146155119,0.094385522107283279,0.12650679548581442,0.127256341278553,0.108910138408343,0.071242228150367737,-0.0104806919892629,-0.11849260702729225,-0.17886382341384888,-0.19245968759059906,-0.205022893846035,-0.19748347997665405,-0.16832777857780457,-0.14850457012653351,-0.11779739707708359,-0.074445152655243874,-0.029554146341979504,-0.012315808795392513,-0.00447049003560096,-0.00992683507502079,-0.027071041986346245,-0.04337015375494957,-0.076799958944320679,-0.13547016680240631,-0.19936648011207581,0.0,-0.25572600960731506,-0.26929950714111328,-0.24992834776639938,0.0,-0.17012162506580353
-0.14083714369270536,-0.11706683685382208,-0.18106354971726735,-0.26928045683436924,-0.25777818411588671,-0.19790964126586913,-0.13553605477015177,-0.095886286348104477,-0.077278006076812747,-0.073020836710929876,-0.044645568976799645,0.018184011336416006,0.085362115502357477,0.14584297686815262,0.15655934810638428,0.14018804331620535,0.092834696173667908,0.01290513388812542,-0.082330149287978813,-0.15670739114284515,-0.1609300971031189,-0.16794795542955399,-0.1478840783238411,-0.11704100295901299,-0.11195207387208939,-0.078262940049171448,-0.044033493846654892,0.014718700083903968,0.039968268945813179,0.052830232307314873,0.041834796313196421,0.013806393835693598,-0.042527981102466583,-0.067449022084474564,-0.13076570630073547,-0.16887257993221283,-0.21854828298091888,-0.25213740766048431,-0.26441338658332825,-0.25747823715209961,-0.20919270068407059,0.0
-0.10440949769690633,-0.110034991055727,-0.18642916931555822,-0.26859024018049238,-0.24616956859827041,-0.17011384665966034,-0.10052253637048933,-0.058471475727856159,-0.043071538209915161,-0.056045945733785629,-0.039999926307549082,0.017132719047367573,0.078425591190656022,0.1360626146197319,0.15754047781229019,0.16428758203983307,0.11484985426068306,0.026863949373364449,-0.063936662239332989,-0.1175457090139389,-0.1146182082593441,-0.11644123867154121,-0.0795475710183382,-0.061968784779310226,-0.047147585079073906,-0.031871907413005829,-0.0046533709391951561,0.047951381653547287,0.07024567574262619,0.097044259309768677,0.067998200654983521,0.061259031295776367,-0.011903687031008303,-0.054179348051548004,0.0,-0.15446615219116211,-0.20607104897499085,0.0,-0.26618438959121704,-0.2575371265411377,-0.22543780505657196,-0.15465523302555084
-0.040497666420905215,-0.079985173951302252,-0.17632923884825272,-0.25090719546590534,-0.21307174116373062,-0.13765873685479163,-0.077089826265970871,-0.031206460048755009,-0.016187855042517185,-0.03928656801581383,-0.029701190690199535,0.017476927023380995,0.046668581664562225,0.095994461327791214,0.14584392309188843,0.16449413696924845,0.11896618083119392,0.042620721040293574,-0.039780617691576481,-0.069156864657998085,-0.06082114577293396,-0.056831806898117065,-0.027329927310347557,-0.0033064354211091995,0.025155642069876194,0.016238331911154091,0.048062814399600029,0.07527502253651619,0.094860561192035675,0.11008074507117271,0.10793422162532806,0.070578109472990036,0.0185234472155571,-0.0319930708501488,-0.10812936350703239,-0.15383502840995789,-0.21197300404310226,-0.25639016926288605,-0.271037220954895,-0.24945752322673798,-0.2266262024641037,-0.18823879957199097
