SouthSea_Web/demo/jsonfile/2017-12-16-12.json
{"header": {"parameterUnit":"m.s-1","parameterNumber":3,"dx":0.1,"dy":0.1,"parameterNumberName":"Northward current","la1":29.0,"la2":12.0,"parameterCategory":2,"lo2":131.0,"nx":250,"ny":171,"refTime":"2017-12-16T12:00:00","lo1":106.0}, "data":
[rows 133 to 151 of 171, columns 172 to 214 of 250]
0.11740458330937795,0.16447711363434792,0.2175352405756712,0.31893350680669147,0.40143643958227976,0.47696031417165485,0.51876395444075263,0.56632024901253841,0.60141817331314085,0.64185999631881718,0.66124443213144934,0.68378859758377075,0.67785809934139252,0.67614036798477173,0.66186463832855225,0.65334588289260864,0.627906858921051,0.63527369499206543,0.5789279043674469,0.5146605372428894,0.51041191816329956,0.47295248508453369,0.40032979846000671,0.34909018874168396,0.25748079270124435,0.13707169890403748,-0.023759886855259538,-0.125880166888237,-0.1628054678440094,-0.27037037163972855,-0.36332610249519348,-0.39983281493186951,0.0,-0.370118647813797,-0.31569898128509521,-0.2683480978012085,-0.21482211351394653,-0.13797503709793091,-0.019235601648688316,0.0,0.12618859112262726,0.15234696865081787,0.0
0.075334645807743073,0.12791102658957243,0.19791929423809052,0.33631490916013718,0.45238849520683289,0.53895829617977142,0.56867371286664692,0.60191178321838379,0.6371898353099823,0.65918573311397011,0.67342396080493927,0.68621271848678589,0.68960864841938019,0.6776769757270813,0.67896498739719391,0.69119505882263188,0.7005271315574646,0.69011181592941284,0.60888031125068665,0.56372475624084473,0.54213258624076843,0.50407719612121582,0.45208430290222168,0.40003173053264618,0.31389281153678894,0.14724331349134445,-0.014657913707196713,-0.10358382016420364,-0.13014261424541473,-0.24959907680749893,-0.360739603638649,0.0,-0.41570422053337097,-0.3997715562582016,-0.36192059516906738,-0.3330504298210144,-0.22287364304065704,-0.10137368738651276,0.0,0.0331297442317009,0.12250854074954987,0.097605682909488678,0.0658113956451416
0.04348380325569047,0.076114626973867422,0.16095998469326231,0.2964886948466301,0.4478547383438457,0.53498395946290755,0.59268522262573242,0.62326281600528288,0.647753894329071,0.65994149446487427,0.67331281304359436,0.68932611743609107,0.69830827911694848,0.69594281911849976,0.70421703159809113,0.70570537447929382,0.72360924879709876,0.6968327363332113,0.66200551390647888,0.59578265746434533,0.55192744731903076,0.52417165040969849,0.47553540766239166,0.42054247856140137,0.29708134631315869,0.0,0.091005748137831688,-0.022100841626524925,-0.12235433608293533,-0.22624689340591431,-0.36698931455612183,-0.38954329490661621,-0.40752288699150085,-0.41752716898918152,-0.34920743107795715,0.0,-0.21385043859481812,-0.14595481753349304,-0.10268399119377136,-0.011998784146271646,0.0070035206153988838,0.045999016612768173,0.031208623200654984
0.010279229958541691,0.043015666306018829,0.11732339941793019,0.22513734963205126,0.37309587895870211,0.46754087135195732,0.55991844155571679,0.60873119533061981,0.64856492621558048,0.6878619856304593,0.70462852716445923,0.73502607004983089,0.75118638575077057,0.74710859855016076,0.74300231536229455,0.72905300060908,0.71977394819259644,0.67445093393325806,0.635186642408371,0.5826714038848877,0.54892814159393311,0.55215102434158325,0.50577469170093536,0.44374246895313263,0.0,0.22481114168961844,0.0772281177341938,0.0,-0.085130162537097931,-0.24508506059646606,-0.34276074171066284,-0.36641727387905121,0.0,-0.39948523044586182,-0.35352081060409546,-0.33716303110122681,-0.25744490325450897,0.0,-0.13113537430763245,-0.072620242834091187,0.0,-0.031714145094156265,-0.00988561986014247
-0.00033332236732045811,0.036530305424498186,0.087502099201083178,0.15224364506346838,0.25416947359388525,0.39311421662569046,0.49621859855122036,0.59628931019041276,0.674787349998951,0.73002753406763077,0.76844601333141327,0.78345849116643274,0.79508682092030847,0.80125981569290161,0.77722450097401941,0.75217115879058838,0.7031296044588089,0.6451778610547384,0.61419846614201867,0.59711945056915283,0.55889789263407386,0.55177384614944458,0.52387672662734985,0.48094415664672852,0.38048489888509113,0.26476731896400452,0.1536111980676651,0.0090448161354288459,-0.11351519078016281,-0.19998326152563095,-0.29524341225624084,0.0,-0.370842307806015,-0.41908895969390869,-0.3534894585609436,-0.34013098478317261,-0.28311949968338013,-0.19821128994226456,0.0,-0.11197678744792938,-0.065431119874119759,0.0,-0.042542200535535812
0.029705537457226053,0.049675863981246945,0.080242616257497248,0.12051880525218116,0.18619681894779205,0.31046270827452344,0.46582090556621553,0.60412813723087311,0.69558482037650216,0.78057096401850379,0.81868655151791048,0.81863027811050415,0.821924456528255,0.83192385236422217,0.80400629341602325,0.74607656896114349,0.68583523035049443,0.62480831146240234,0.60679692029953,0.59344321489334106,0.5709112286567688,0.54850625991821289,0.51472276449203491,0.46058249473571777,0.37255936861038208,0.25865207612514496,0.12057100981473923,0.0,-0.054055990651249886,-0.16612511873245239,-0.20829720795154572,-0.2858784943819046,0.0,-0.38468247652053833,0.0,-0.332469642162323,-0.2830187976360321,-0.22833812236785889,-0.14447630941867828,0.0,-0.10938360542058945,-0.079472310841083527,-0.11200743168592453
0.034423727542161942,0.026138809509575367,0.03915523923933506,0.086215849965810776,0.14816575911309984,0.24293701185120475,0.38614538311958313,0.5707121759653091,0.71068522334098816,0.7973307702276442,0.86983311838573885,0.86897901445627213,0.84382327113832745,0.845595623765673,0.81858881314595544,0.7364719957113266,0.66809523105621338,0.61067795753479,0.5833645761013031,0.5732256372769674,0.57820103565851844,0.55660668015480042,0.51584655046463013,0.47979778051376343,0.38368067145347595,0.26363834738731384,0.16347997263073921,0.05494083184748888,0.0016135760815814138,-0.12186230346560478,-0.24217775464057922,-0.31184133887290955,-0.31863552331924438,-0.35453328490257263,-0.373687282204628,0.0,-0.2780470997095108,-0.22130545973777771,-0.18263830244541168,-0.14747907221317291,-0.14687864482402802,-0.15724761784076691,0.0
0.01353416819539335,0.0026113476811183822,0.01669844447169453,0.047061393303530555,0.11076808614390236,0.20629334636032581,0.32892394396993851,0.48668575286865234,0.68145259022712712,0.81509396764967179,0.902071992556254,0.92989286449220443,0.89169752597808838,0.86123615503311157,0.84412855903307593,0.77560154596964515,0.6891820877790451,0.59915473461151125,0.55921487013498938,0.54796292384465539,0.56888049840927124,0.55029398202896118,0.5478760302066803,0.53030747175216675,0.41878977417945862,0.306334912776947,0.17879728972911835,0.078640861436724663,0.0,-0.085223425179719925,-0.20425006747245789,-0.29773551225662231,-0.30147954821586609,-0.35662338137626648,-0.34837028384208679,-0.33534672856330872,0.0,-0.26771259307861328,-0.18747733533382416,-0.1924239844083786,-0.1681952178478241,-0.1648784875869751,-0.12767276167869568
-0.033023763241039381,-0.027134242700412869,-0.0080135056923609227,0.014907711680280045,0.052333022095263006,0.13923962538441023,0.28316542719091686,0.43458182281917995,0.60336581298283165,0.78379246592521667,0.91470704972743988,0.96559245884418488,0.95057251718309188,0.87682514637708664,0.84947883089383447,0.81238100926081336,0.72609339654445648,0.64206632971763611,0.577916294336319,0.5423302253087362,0.53465300798416138,0.53229740262031555,0.532503753900528,0.52626243233680725,0.43147405982017517,0.3389752209186554,0.21135464310646057,0.078553436324000359,-0.043208237737417221,-0.15796981751918793,-0.16468554735183716,-0.25383288413286209,-0.32709768414497375,-0.36851111054420471,-0.36643970012664795,-0.35108751058578491,-0.31844761967658997,-0.23068399727344513,0.0,-0.20862311124801636,0.0,-0.17057907581329346,-0.12563034892082214
-0.049087483849790364,-0.033706730024682149,-0.037589003681205213,-0.050736623583361506,-0.048532902987466917,0.026233677985146642,0.14706510624715261,0.30023276433348656,0.47122294083237648,0.69262762367725372,0.88769360951014931,0.971923166513443,0.9827420711517334,0.91126740641064119,0.8483897381358676,0.821739171232496,0.76402754783630367,0.69188674688339236,0.613050639629364,0.60172125697135925,0.55423510074615479,0.54443657398223877,0.52407910426457727,0.49147462844848633,0.0,0.34323140978813171,0.21095346659421921,0.10557331144809723,-0.0051084235310554504,-0.1087515652179718,-0.22218365967273712,0.0,-0.31419815123081207,-0.3769690990447998,0.0,-0.369096115231514,-0.340636670589447,-0.29143381118774414,-0.23008083552122116,0.0,-0.19375951588153839,0.0,-0.15033760666847229
-0.07240719832479954,-0.0916682705283165,-0.092975143757131368,-0.10693459212779999,-0.098756462335586548,-0.037040183320641518,0.065164439638869628,0.19260566929976145,0.40839281678199768,0.59772484643118717,0.82029871642589569,0.92927002055304386,0.97878804057836533,0.96809017658233643,0.88631059974431992,0.83609519898891449,0.78065895182745793,0.72265587250391639,0.69303347170352936,0.663329154253006,0.62401445706685388,0.58121767640113831,0.54175174236297607,0.51330062747001648,0.43033768236637115,0.35724075138568878,0.23069341480731964,0.10788796842098236,0.0027781985700130463,-0.10030882060527802,-0.19752057641744614,-0.29229861497879028,0.0,-0.36300113797187805,-0.36942876875400543,-0.36421942710876465,-0.33936628699302673,-0.30885466933250427,-0.26748925447463989,-0.22737471759319305,-0.21915745735168457,-0.20639514923095703,-0.18170702457427979
-0.084118742123246187,-0.074053556259189329,-0.058501776121556756,-0.063708706758916378,-0.047347908174352984,-0.011683177642731203,0.037157503189519048,0.10580547774831454,0.27889044582843781,0.55414332449436188,0.77482235431671143,0.92039003968238831,0.97760292461940224,0.99608901143074036,0.92380490899086,0.83916984664069283,0.80207112857273644,0.74844152728716529,0.71883342663447058,0.68918678164482117,0.65277489026387536,0.586654782295227,0.52247987190882361,0.4607747495174408,0.0,0.34253707528114319,0.28519657254219055,0.17205299437046051,0.026501238346099854,-0.083700485527515411,-0.14225995540618897,-0.24277666211128235,-0.270059198141098,-0.3288576602935791,0.0,-0.33886849880218506,-0.34707412123680115,0.0,-0.27027139067649841,-0.21996843814849854,-0.22512367367744446,-0.23257972300052643,-0.18548117578029633
-0.16143388135565651,-0.054260981734842062,-0.022447386814747006,0.00859807881513714,0.018049993290333077,0.0029226673900016715,0.0011592530645430088,0.00074605224654078484,0.15562800796968596,0.45084819197654724,0.66039014856020606,0.89127813918249943,0.96878524621327722,0.98257460764476234,0.97519960573741371,0.84421588480472565,0.78579725821812951,0.74484227384839741,0.72294655442237854,0.68309053778648376,0.64096894860267639,0.58794832229614258,0.54634448885917664,0.48188374936580658,0.40443652868270874,0.30087682604789734,0.0,0.22207866609096527,0.096358157694339752,-0.018943995237350464,-0.13970248401165009,-0.1979055181145668,-0.24905182421207428,-0.29239389300346375,-0.32341301441192627,-0.34789228439331055,-0.34334182739257812,-0.30690395832061768,0.0,-0.24396499991416931,-0.23628704249858856,0.0,-0.1830516904592514
-0.17698743803934616,-0.1298961266875267,-0.11056463254822625,-0.062670493291483984,-0.063696603756397963,-0.11053836112841964,-0.086214158684015274,-0.057285264200930087,0.09369503600256783,0.33245773315429689,0.52223146955172217,0.778561552365621,0.92505576610565188,0.9316388567288717,0.94438965320587154,0.845561170578003,0.78166888654232025,0.7464461207389832,0.73968755006790166,0.72529069582621253,0.66185957193374634,0.61442573865254724,0.54666617512702942,0.47222127020359039,0.0,0.3553575724363327,0.26069126278162,0.17115841805934906,0.0,0.066192574799060822,-0.0832929015159607,-0.20792599022388458,0.0,-0.31511181592941284,-0.34155663847923279,-0.35197895765304565,-0.34156262874603271,-0.33261632919311523,-0.29600155353546143,0.0,-0.24919629096984863,-0.20863513648509979,0.0
-0.17230325937271118,-0.16193277835845948,-0.17220866928497949,-0.11305961105972529,-0.10818166605063848,-0.18615693971514702,-0.16473781690001488,-0.058590611176831384,0.047629091888666153,0.23660550160067423,0.4084969162940979,0.69258149862289431,0.880580206712087,0.88996328115463252,0.8839889287948608,0.87237970530986786,0.78770737648010258,0.77613525092601776,0.78176848590373993,0.77414172887802124,0.73415561517079675,0.69034433364868164,0.63066762685775757,0.572417825460434,0.49406436085700989,0.39141170680522919,0.0,0.29210101068019867,0.16833305358886719,0.0056496933102607727,0.0,-0.15414314717054367,-0.24959850311279297,-0.33576709032058716,0.0,-0.35766741633415222,0.0,-0.33474399149417877,-0.31246480345726013,-0.27736192941665649,-0.25246328115463257,-0.2016516849398613,-0.16925646364688873
-0.17254186421632767,-0.18292832833070022,-0.25416937334970996,-0.18546124750917609,-0.17542704194784164,-0.225861681625247,-0.20710145149912154,-0.052633462739842277,0.097185682505369186,0.16204797476530075,0.24927694598833719,0.6198172767957052,0.8910273710886637,0.8636646568775177,0.83793270587921143,0.8485093514124552,0.80356793105602264,0.78316745162010193,0.79784922301769257,0.7823721170425415,0.758787602186203,0.710699588060379,0.64272499084472656,0.58262133598327637,0.0,0.50626027584075928,0.40648570656776428,0.2713283896446228,0.0,0.0748845636844635,-0.09273761510848999,-0.18418937921524048,0.0,-0.28603208065032959,-0.35218426585197449,0.0,-0.35091528296470642,-0.30649983882904053,0.0,-0.23925139009952545,0.0,-0.19057558476924896,-0.1525244414806366
-0.035299353700663359,-0.11710825152695178,-0.36192145695288974,-0.22593388110399246,-0.19733436270193619,-0.22015086809794107,-0.20653410662304272,-0.10693467541464738,0.080109766451641917,0.15578307583928108,0.0073034850259621935,0.66867650548617041,0.92832001050313318,0.86457332968711853,0.77294862270355225,0.753010094165802,0.7633480429649353,0.77105557918548584,0.77107258637746179,0.75325646996498108,0.77184876799583435,0.73259466886520386,0.68707257509231567,0.65662610530853271,0.60643148422241211,0.53754347562789917,0.46023958921432495,0.3358587920665741,0.17644594609737396,0.042670987546443939,-0.0709322988986969,-0.17572053521871567,-0.23676644265651703,-0.25241741538047791,-0.32001598179340363,-0.37099230289459229,-0.37875717878341675,-0.34716331958770752,-0.2388499528169632,0.0,-0.18068507313728333,0.0,-0.11835073679685593
0.25452967847769076,0.24279698729515076,-0.32031298748084475,-0.18892403803765773,-0.18934033662080765,-0.23697660118341446,-0.2764599687523312,-0.17802148631640843,-0.0066815200261771679,0.16643027663230897,0.0,0.93394967913627625,0.94135665893554688,0.78329861164093018,0.50718450546264648,0.67122554779052734,0.66175204515457153,0.69362813234329224,0.55537915229797363,0.841489851474762,0.699578583240509,0.65204432606697083,0.48244982957839966,0.70666152238845825,0.52867387235164642,0.4488082081079483,0.2891046404838562,0.34470200538635254,0.17678377032279968,0.016348063945770264,0.0056484248489141464,-0.12709802016615868,-0.1940930113196373,-0.21188992261886597,-0.24994707107543945,-0.27274266630411148,-0.21512793004512787,-0.25268444418907166,-0.1658330112695694,0.0,-0.11808139458298683,-0.0099927643314003944,-0.11471586674451828
0.18705628947778183,0.14769836328923702,0.0,-0.08289888221770525,-0.081546480208635336,-0.083322051912546158,-0.27379636168479921,-0.26625548965401119,-0.073704158770851791,0.049755953562756382,0.0,0.0,1.005843997001648,0.81858327984809875,0.52752786874771118,0.37443433701992035,0.34634539484977722,0.25839956849813461,0.0,0.16639988124370575,0.158771812915802,0.14587442576885223,0.0,0.14002920687198639,0.11812420189380646,0.0602184422314167,0.0,-0.050488226115703583,-0.14254257082939148,0.0,-0.18675918877124786,-0.20024900138378143,-0.21488036215305328,0.0,-0.24709418416023254,-0.32764533162117004,0.0,-0.31794062256813049,-0.18414655327796936,0.0,0.0073176342993974686,0.0,0.0
