SouthSea_Web/demo/jsonfile/2017-12-15-07.json
{"header": {"parameterUnit":"m.s-1","parameterNumber":2,"dx":0.1,"dy":0.1,"parameterNumberName":"Eastward current","la1":29.0,"la2":12.0,"parameterCategory":2,"lo2":131.0,"nx":250,"ny":171,"refTime":"2017-12-15T07:01:52.5","lo1":106.0}, "data":
[rows 114 to 132 of 171, columns 42 to 83 of 250]
-0.34822068501401832,-0.28538758335290132,-0.29864565531412762,-0.23623625602987078,-0.16066697053611279,-0.13450927176961192,-0.12911698915835085,-0.13443877200285595,-0.17170323341181784,-0.14842579811811446,-0.13693002591261994,-0.13701983229365461,-0.10114650133737298,-0.12071343219798544,-0.20622980400272037,-0.29211058670824225,-0.38173991441726685,-0.433324163610285,-0.41253824774609055,-0.36088491403139555,-0.34071441562402816,-0.30710405483841896,-0.28664887973240444,-0.253179841209203,-0.19299571166435878,-0.15381132598434175,-0.12420506030321121,-0.15114403764406839,-0.13077260780593622,-0.097274638712406158,-0.088104323949664831,-0.088045873894141272,-0.063160615041852,-0.027749775520836312,-0.030802272958680987,-0.024705188685200281,-0.0010361698805354536,0.022392839126821076,0.036535488441586494,0.02495020516216755,0.023311748169362545,0.010671887733042239
-0.33810485763983295,-0.29657626152038574,-0.29243043523568374,-0.23557243725428215,-0.17124649992695562,-0.13909071790320532,-0.12954629236652004,-0.14900280670686203,-0.14709747686154312,-0.13177199856865973,-0.1554305566681756,-0.13210059163418222,-0.14041904360055924,-0.17907421560636883,-0.27412895729829523,-0.38128707069775153,-0.47557900260601726,-0.51033649625985522,-0.48440836035475437,-0.44803655085464317,-0.4383799990018209,-0.43792166236119395,-0.38878162549092221,-0.30534411523793192,-0.22307383765776953,-0.20853052264259708,-0.15629075174885138,-0.1932225413620472,-0.17370948905036562,-0.12017797561068284,-0.085207146756789268,-0.078150991117581725,-0.050391337368637323,-0.019978604279458523,-0.00670514844188636,-0.0014030684348351012,0.0081470352770907084,0.030866383109241724,0.056524302278246195,0.054788660258054733,0.054684051622947059,0.035391370455423989
-0.30759682473929034,-0.260388919600734,-0.23615475517252219,-0.20699790013687952,-0.18224293876577308,-0.15930683314800262,-0.16979562467144382,-0.18238824435642786,-0.15542937200516463,-0.208717014392217,-0.21680727763609453,-0.19838686908284822,-0.1893395142604227,-0.21991326365815966,-0.32529209425419936,-0.36770845333735147,-0.43685634411982638,-0.4639516870180766,-0.47251985042259609,-0.5119589875484335,-0.48306353530793822,-0.444145552421871,-0.39730019638171565,-0.30788846584883606,-0.24029147988412439,-0.21633687011293462,-0.17588947415351869,-0.23386912875705296,-0.20688686519861221,-0.14043263221780458,-0.098350088112056255,-0.099005588463374553,-0.066704536389027319,-0.02841298608109355,-0.0063563903806627626,0.001506430987501517,0.024108953948598355,0.047462664855023227,0.0793553777039051,0.0801518199344476,0.071230560541152954,0.053526251763105395
-0.29366746544837952,-0.23557951986789705,-0.18890323572688633,-0.18779266266911118,-0.19427451938390733,-0.2008567827363168,-0.19372143489973887,-0.20183994956314563,-0.20686039189959682,-0.22879722911231923,-0.25242349220549359,-0.270103359328849,-0.27028104882029924,-0.31875762255752788,-0.391582295419724,-0.4223742009820165,-0.4489700443604413,-0.49827580337655053,-0.50576358361982965,-0.50331991694975586,-0.47223154538207585,-0.46466642974027944,-0.41990304179489613,-0.33287577999049217,-0.267470620572567,-0.19215308199095171,-0.15199511565945365,-0.17532320937206006,-0.17943426695736972,-0.14120635625563169,-0.10500861748176463,-0.084084368993838629,-0.0444990408141166,-0.008180063683539629,0.01754140670204328,0.037748628295958042,0.062607468771083016,0.0924485782161355,0.10679444457803454,0.11111974716186523,0.10149481892585754,0.092516753822565079
-0.25544678047299385,-0.23560910761356355,-0.19321589597633906,-0.18957598454185895,-0.22005989859181066,-0.24106343316309381,-0.23426693913183713,-0.22830065426438354,-0.23714177393250996,-0.27367104140539017,-0.29155532612520108,-0.35019232078296381,-0.42343540129425761,-0.47473133134621159,-0.47310697115384615,-0.48571011049663604,-0.45931699016579874,-0.51145795958765439,-0.466586517235812,-0.45966883813557419,-0.48442995314504583,-0.44707542151775,-0.44328781711427789,-0.40120853063387746,-0.3132905936048877,-0.22986565206361853,-0.17651172851522765,-0.16272711008787155,-0.1449587820814206,-0.12755655262031054,-0.095525999717852653,-0.042771727977586646,0.0037497813940386882,0.022950450191274285,0.035032471641898155,0.0552162267267704,0.082543782889842987,0.12143419310450554,0.13369578123092651,0.13045061379671097,0.11247204057872295,0.11508861482143402
-0.20928215522032517,-0.19926608291765055,-0.19464889223928805,-0.20456078701785632,-0.23299090323909635,-0.25441143661737442,-0.24495749429958622,-0.21291634719818831,-0.25916157052165173,-0.27245731964523412,-0.26626619417220354,-0.325927480491432,-0.44232257643154449,-0.54478278175997641,-0.48579972454085291,-0.450833169903074,-0.44036382135994939,-0.47567534291495878,-0.52141482947028683,-0.52344109206799638,-0.5922959846319612,-0.52606832054243136,-0.45818804763257504,-0.41724706689516705,-0.31557446208439377,-0.25291485327189084,-0.21768411605254465,-0.16854477347806096,-0.12978735728108365,-0.10879341477439516,-0.066217075249082158,-0.014208301400335936,0.028877971787005664,0.048167475395732455,0.042487252969294786,0.0523968232529504,0.095521373674273491,0.14211024663278035,0.14540829136967659,0.12856637934843698,0.09646708145737648,0.093807867417732879
-0.21587120626981443,-0.1852700412273407,-0.19943866193294524,-0.19450313118951662,-0.2059811195640853,-0.24630284862858909,-0.26805358501367793,-0.20711908334831022,-0.19586629340281853,-0.19387363773934982,-0.21239014671764511,-0.44002970454583107,-0.50161142636146117,-0.49003917193322472,-0.39348684672755424,-0.34891526310732868,-0.33825921681192184,-0.33147407646449106,-0.36318450510924588,-0.4554908076922099,-0.55855409257734812,-0.53081283968334136,-0.46695360330620195,-0.43123662132437868,-0.36354864537715914,-0.30742096989902096,-0.25828057264580445,-0.1945097603507944,-0.12103614831964175,-0.067850685475961028,-0.027168457562636052,0.0051217924158733627,0.027194000470141571,0.053012135904282331,0.06429181372125943,0.069550618529319763,0.11386677374442418,0.15670692175626755,0.16023529640265874,0.12961140461266041,0.08702758327126503,0.069255087524652481
-0.20073630971213183,-0.18602045416831969,-0.19838444005559991,-0.18878540065553454,-0.18706574159509995,-0.20432591896790725,-0.18575975655213647,-0.14878894989950614,-0.13663371694939477,-0.1381975408319546,-0.27746397417325241,-0.43625551983379995,-0.39452252812959532,-0.34446093589067461,-0.31672073166135334,-0.29583705707294183,-0.33774190765243395,-0.3241399014945579,-0.31889479592734693,-0.35846378583136435,-0.38045861393950142,-0.64133695683813485,-0.50411903324965346,-0.47761631805763066,-0.40658488842818113,-0.32450672314408119,-0.23191810727995985,-0.16064125953280195,-0.089325440867293271,-0.028328618861269205,0.0055180347134249613,0.030529981479048729,0.030485645468745912,0.057882333795229592,0.0804200068116188,0.087544281780719754,0.13005193509161472,0.1626367817322413,0.15054704497257868,0.11712244773904483,0.078677017986774442,0.069351702928543091
-0.18250660030614763,-0.18532860473446225,-0.18386826983519963,-0.18906286784580775,-0.18369247578084469,-0.13667204053629012,-0.10750519164970943,-0.13048201519995928,-0.17018864218947255,-0.16978131160877719,-0.28589438978864368,-0.29464858808335226,-0.26076994819300514,-0.33593334162176536,-0.32133798214493603,-0.27430995766605648,-0.34114931066205184,-0.38262305618263781,-0.40323646870606084,-0.46570711320354824,-0.61788813141097265,-0.51883356906874911,-0.47411778230558743,-0.34194542066699962,-0.29581111369517027,-0.36483219025297936,-0.29194522438378168,-0.1880571723800816,-0.090268198493868107,-0.019132494650598939,-0.010396492314369728,0.0075971103622578086,0.018740149188993707,0.037025303712912967,0.0732705710189683,0.096413880586624146,0.12509748552526748,0.13610913753509521,0.0942740688721339,0.079583472758531573,0.053651235465492518,0.0377074295787939
-0.16475053523716174,-0.16453520370566327,-0.17852701832141196,-0.18633324729985204,-0.18927219187891162,-0.15675392840057612,-0.13710544149984014,-0.14614453932477367,-0.14275988219749361,-0.16210529929774953,-0.26324717743988457,-0.2871075709660848,-0.29049033789880691,-0.35470758665885244,-0.30733997597178414,-0.28169616042026158,-0.30457975966407652,-0.40130399026680941,-0.38473134459675967,-0.43939508935984445,-0.53686979444403393,-0.50294069559847721,-0.38720439939248946,-0.30342235119844024,-0.26821555524018775,-0.31832251965353731,-0.38993887332875754,-0.25670092174264253,-0.14512467536736617,-0.08437156598818929,-0.049671507307461331,-0.025513385934755207,-0.028038635500706732,-0.0185254718332241,-0.001075328638156255,0.034081965152706416,0.056806894152292182,0.04299351536402745,0.00086512598985185229,-0.009276664670323953,-0.068885715794749558,-0.070677711628377438
-0.17240246832370759,-0.1678499959409237,-0.16125674829596565,-0.1818856790109917,-0.16788465548784304,-0.13282516945240108,-0.18893810949827494,-0.13390926161298045,-0.090819889631791,-0.13712909864261746,-0.1825540070822336,-0.20325747071183287,-0.18435829247711069,-0.19374176737380355,-0.055636779613319989,-0.23744462895249147,-0.34132599471663894,-0.30196213366228564,-0.32202813092474381,-0.33701880402128459,-0.34969239405079466,-0.3211796889279751,-0.28141639596223833,-0.23573522000585884,-0.27922680325367871,-0.43453302345798656,-0.386860944299777,-0.31958897347035614,-0.24333807120197698,-0.18895441861379714,-0.14099652639457158,-0.0777977011166513,-0.080470378200213119,-0.0782210361212492,-0.079405545443296435,-0.051080291625112295,-0.055272988229990008,-0.067400618057165823,-0.0761529915034771,-0.13174431238855636,-0.23091013942446029,-0.26782208681106567
-0.17313758830229442,-0.17266075536608697,-0.14949825341286865,-0.15637108124792576,-0.10593885691328482,-0.04820375851440159,-0.0918038328467258,-0.11638112007817135,-0.086516256528821861,-0.17035318852639667,-0.29153563833590279,-0.26325212322807839,-0.1859416752351698,-0.13291372625259987,-0.13403024815539047,-0.14622082373332418,-0.29797040535145841,-0.3927847679573892,-0.47250902042544562,-0.39229943732052674,-0.222727233171463,-0.10367293736349,-0.15159033852215048,-0.26012165116444796,-0.36316865301669987,-0.41464667117595672,-0.41003503636629496,-0.37972808850778117,-0.30756368626047065,-0.2224168311804533,-0.19685430282896216,-0.14312323834747076,-0.14458492504698889,-0.1442342432481902,-0.14878432899713517,-0.14344602823257446,-0.15775210286180177,-0.17787128935257593,-0.18072431683540344,-0.25020677702767508,-0.34652412363461088,-0.41221810380617779
-0.15881100647589741,-0.16496472805738449,-0.1473356465047056,-0.13077786922454834,-0.0926428978495738,-0.044805931465493311,-0.0712935922977825,-0.11549128698451179,-0.14363595929585005,-0.22635034389617875,-0.3029875233375206,-0.37588319896758721,-0.4260202261597611,-0.43667986679506582,-0.40103314618337088,-0.42778335641967796,-0.40562043790103625,-0.36606270429270954,-0.37252258553460083,-0.37521562407292969,-0.31695215146952926,-0.19538802756957735,-0.12785220223496546,-0.28542450387554474,-0.40176454551606311,-0.36153701173157249,-0.339149344328678,-0.33361689604464029,-0.29743851915649744,-0.23830430316073553,-0.20972741075924464,-0.18571803399494716,-0.19031185656785965,-0.19633780419826508,-0.20989010632038116,-0.23277115396090917,-0.26518118594373974,-0.27341100275516511,-0.28108393400907516,-0.31892597079277041,-0.35711073646178615,-0.39737459023793537
-0.10748364900549252,-0.12826037034392357,-0.13593123924164546,-0.13317462864021459,-0.12784526574200597,-0.098635837111784058,-0.095765427638918668,-0.12786719386708245,-0.16970207505388024,-0.2132754275309188,-0.31350844544381951,-0.34059955499856825,-0.20841267437268043,-0.21323995119956735,-0.22167911302035509,-0.49834207086232157,-0.494439416518312,-0.38914505928681581,-0.30358062446656,-0.24280914142281709,-0.3066680192177586,-0.38687467691035587,-0.37987987057641448,-0.35876816746110246,-0.35086859841853524,-0.31519523752587181,-0.31080321802033317,-0.31478141049544017,-0.28075903256734214,-0.23631753569299524,-0.20826749751965204,-0.19736981640259424,-0.19945713239056723,-0.22749806344509124,-0.25138209015130997,-0.2840445339679718,-0.32708799342314404,-0.34078918993473051,-0.33878483871618909,-0.33646797216855562,-0.29627914513860432,-0.24849514663219452
-0.05947540531104261,-0.0905264818242618,-0.12475197017192841,-0.13303963405390581,-0.14465484954416752,-0.1303523549437523,-0.10995083553311617,-0.20692158226043947,-0.26201222780204952,-0.20231882431129417,-0.21879923149822203,-0.18160157979920852,-0.19598152472617778,-0.24507580749564056,-0.10856812862716495,-0.3513047702783762,-0.3417997919569089,-0.38363092124630982,-0.44482581232702451,-0.374702814982567,-0.20664585119596235,-0.14098859544528972,-0.18952762556694522,-0.32592269221925185,-0.38095125143344588,-0.33250422775745392,-0.27962335916060321,-0.26670603610967336,-0.25092031682531041,-0.23400680389669207,-0.23233947654565176,-0.21539072940746942,-0.20216106375058493,-0.22000926733016968,-0.24731176452977316,-0.29219409492280746,-0.36476953162087333,-0.4082985499075481,-0.38369756249281078,-0.34615072378745448,-0.32335303525129955,-0.31330838799476624
-0.042474216696890915,-0.081992850949366883,-0.12223742370094572,-0.13366982340812683,-0.1405252699873277,-0.15099613768634973,-0.18147780141896672,-0.3172979181751292,-0.36902289564656737,-0.27324159848690033,-0.23562843401146971,-0.16739672758886892,-0.17752913807251658,-0.27488852688111365,-0.24987955877430551,-0.29278525508274605,-0.39074239060122135,-0.39934468907222415,-0.4159699401584282,-0.37165543505778681,-0.27810055917442433,-0.18329291824796579,-0.13854591410040781,-0.078845399177194,-0.28290773546839609,-0.36419627433237822,-0.26829835501584137,-0.2532307008902232,-0.26580345444381237,-0.25574754178524017,-0.24335942566394805,-0.23238052427768707,-0.21051492790381113,-0.21172210787023818,-0.23421925803025565,-0.28855743408203127,-0.39251600779019868,-0.51456114420524013,-0.48468543092409772,-0.3896081056445837,-0.31369951466719309,-0.3433450781382047
-0.046080933262904487,-0.11340059265494347,-0.13569718713943774,-0.14690904582248016,-0.10433335670016029,-0.10395243798577508,-0.22930883523756571,-0.40756956290771074,-0.47525531772909491,-0.40396624869770476,-0.31689168204521312,-0.20494497238203538,-0.16207554476496613,-0.1875880180761732,-0.24816928735566796,-0.30339299208295029,-0.36041749244907151,-0.3640463022906103,-0.39392432878757344,-0.31149660348892211,-0.280903978087008,-0.34635637808091863,-0.38939586520964808,-0.36802185330558662,-0.30231802439808253,-0.28508800780400634,-0.24507415469954996,-0.27919061854481697,-0.30820953473448753,-0.28400200605392456,-0.25772326936324436,-0.23792612055937448,-0.22609539578358331,-0.21406168384211405,-0.21751454969247183,-0.27126849939425784,-0.36784558556973934,-0.50113165378570557,-0.46785762508710227,-0.35719390426363262,-0.30454193170254046,-0.37422185577452183
-0.06846139021217823,-0.13162859063595533,-0.16928115189075471,-0.16252640025182205,-0.10863787680864334,-0.11209825962781907,-0.25780401997109675,-0.39140697700135846,-0.45306930490719377,-0.42350245899512989,-0.344143830708095,-0.2764375602428833,-0.20573488066468057,-0.21768252753605277,-0.25476762106021245,-0.26224418697149859,-0.29252774946324461,-0.34203154142473785,-0.37764579832553863,-0.32950650561939587,-0.27106696542571573,-0.29423778030005371,-0.30660922583696004,-0.27929064035415652,-0.26713279370338688,-0.28400135824554845,-0.24713285453617573,-0.26222947612404823,-0.28003003199895221,-0.28468946367502213,-0.27344130476315814,-0.26494765281677246,-0.25236580627305166,-0.2507477220561769,-0.24704555218869989,-0.26932121813297272,-0.39382187525431317,-0.50767197410265608,-0.5183723100594112,-0.51430917424815037,-0.45063189864158631,-0.417950981429645
-0.088582930288144526,-0.14547564302171981,-0.18422458640166692,-0.1891856292883555,-0.16195164079015906,-0.1687687486410141,-0.32228228625129252,-0.382368517142755,-0.4597042991469304,-0.42928656671091775,-0.37921664209406969,-0.3226309343229366,-0.25974096171557903,-0.24562781781722337,-0.22824852977480206,-0.24664631163751757,-0.29645521268248559,-0.3466728943235734,-0.35391773523822906,-0.33412747184435526,-0.32064627265108042,-0.29052258641631518,-0.30719813390782,-0.31019885738690695,-0.30236131591456278,-0.3272393014695909,-0.29215451223509653,-0.28737715738160269,-0.28658594936132431,-0.27430248260498047,-0.26212159792582196,-0.27482630951063974,-0.29617047309875488,-0.300961472094059,-0.30985193298413205,-0.28970272938410441,-0.30916083604097366,-0.33464686473210653,-0.46039140011583057,-0.46880037188529966,-0.52160024217196876,-0.46505466898282372
