SouthSea_Web/demo/jsonfile/2017-12-14-22.json
{"header": {"parameterUnit":"m.s-1","parameterNumber":3,"dx":0.1,"dy":0.1,"parameterNumberName":"Northward current","la1":29.0,"la2":12.0,"parameterCategory":2,"lo2":131.0,"nx":250,"ny":171,"refTime":"2017-12-14T22:01:52.5","lo1":106.0}, "data":
[rows 38 to 56 of 171, columns 172 to 214 of 250]
0.32647393941879271,0.24248932834182466,0.17761523555964232,0.14245491343386033,0.18814234714955092,0.19091084698836008,0.20640076994895934,0.2187177836894989,0.21460679812090738,0.211739883703344,0.1907049992254802,0.13998195342719555,0.10535621643066406,0.1142028948026044,0.11690853141686496,0.15500960101683933,0.11751572765848216,0.15326853052658193,0.10049324381080541,0.11144225137389224,0.066883264982607216,-0.0048171831738381158,0.16142784706924274,0.18205544253190359,0.14616688054341537,0.074742553879817333,0.047128603966224807,0.18861956968903543,0.25735295767133887,0.27610371708869935,0.28834299577607048,0.33848582208156586,0.30258497223258018,0.26226835378578733,0.23097595572471619,0.16210200637578964,0.069520331919193268,-0.02572047586242358,-0.092569938550392791,-0.090864388272166252,-0.078045455738902092,-0.093530513346195221,-0.11985802402098973
0.35205597143906814,0.23846984786145828,0.144216678570956,0.086497623277337926,0.12606907942715814,0.18166451063007116,0.21536824007829031,0.22167180851101875,0.20150142163038254,0.16516889099563872,0.11442566779442132,0.05624586964646975,0.064812363790614266,0.10483018042785781,0.095833845436573029,0.13730262778699398,0.10099766910490063,0.005763518360541447,0.084185699144235029,0.082996858490837946,0.098255647423987583,-0.034700330984951171,-0.0259931557076542,0.14367393185110652,0.15630758926272392,0.14847210737375113,0.16290267728842223,0.2000587448477745,0.2596158588474447,0.28917782956903632,0.32232826948165894,0.30948187038302422,0.23720420710742474,0.19530895565237319,0.14117426531655447,0.092397286867101983,0.035084674891550094,-0.049774039459104337,-0.13301596169670424,-0.1351239358385404,-0.13385338634252547,-0.13946980983018875,-0.14893780350685121
0.32881938479840755,0.22415518234757817,0.12741439044475555,0.074350354426047385,0.093171223066747189,0.14970544375040951,0.20397793967276812,0.21172184911039141,0.17476120132666367,0.12276349915191531,0.075754446642739434,0.037069566876572722,0.047772357905549664,0.0447638058449229,0.17085066655029854,0.22974553475013146,0.068290328199509531,0.032664176828058604,0.087608331503967449,0.087742744001412867,-0.014027746379092012,-0.099649463981040756,-0.10793452859462167,0.15957574283375459,0.17574057355523109,0.099243953824043274,0.1427685928841432,0.21500197239220142,0.275082616508007,0.29273122549057007,0.2810017665227254,0.23947966311659133,0.18411886443694434,0.14221973610775812,0.080692108099659279,0.042086952986816563,0.0085797492453518,-0.077785980887711048,-0.16621625795960426,-0.18274598717689514,-0.18295363783836366,-0.18319777399301529,-0.14424170056978861
0.28878173902630805,0.19336313244543577,0.13006972784505172,0.10325083969270482,0.136811846246322,0.1971413799945046,0.21761786838372549,0.18236040771007539,0.1178616232731763,0.064331508676211041,0.011417101925382247,0.021983887197815681,0.015764457100046387,0.091333001716217652,0.32940779167872208,0.21923321886704519,0.017561718731975325,0.11473530568182469,0.1610391985338468,0.098189792555311448,-0.0159383135905955,-0.050274877834503781,-0.0578641386229897,0.24248973754319278,0.16186249752839407,0.18376307615212031,0.32293140249592917,0.30587994555632275,0.30498716897434658,0.27646517008543015,0.21038804451624552,0.16768069379031658,0.12428461760282517,0.085947358359893158,0.042123402158419289,0.013401333964429796,-0.0368159394711256,-0.1046369057148695,-0.16804190576076508,-0.1983565092086792,-0.20464948316415152,-0.191043292482694,-0.12759789327780405
0.27910421871476704,0.22019382193684578,0.18932072642971487,0.18626718140310711,0.23243812223275503,0.24917750722832149,0.22039994334473329,0.13441842844088872,0.041045847420509048,-0.043402060198908049,-0.0098286015292008717,-0.010714597247827511,0.016528151894453912,0.2207749281078577,0.34550942595188433,0.22078774041599697,0.087070617514352008,0.17339368561903637,0.23259150119204269,0.15099992871249993,0.17199773094667445,-0.011004681390477344,0.030740141800111708,0.30571622784073288,0.28383570089936255,0.44060650865236917,0.40774120963536775,0.33120024535391068,0.28399314731359482,0.21529553333918253,0.1709929174847073,0.12365084638198216,0.079947053144375488,0.054529879863063492,0.01969512985087931,-0.030383715406060219,-0.0760722445944945,-0.1231521653632323,-0.15958219021558762,-0.19142232090234757,-0.19790408511956534,-0.1579069048166275,-0.13473733514547348
0.25241637162186881,0.31135732829570772,0.3002447221014235,0.27402571919891572,0.28546633488602108,0.24857258144766092,0.17422342076897621,0.041491758516606164,-0.03514768392778933,-0.0619359586853534,-0.03679041829533302,-0.012641144855143992,0.10448642061757189,0.26222294462578638,0.29782076552510262,0.13368088354667027,0.10691323636897973,0.17072178767277643,0.193638718441913,0.23182399435476822,0.19232604946745069,-0.024063424895016047,-0.049825881664715285,0.15219070378225297,0.36815519969571719,0.4217173722055223,0.36442445644310545,0.29183257222175596,0.23358571363819969,0.1956959143280983,0.16318215004035405,0.10901187466723579,0.0666761181006829,0.034308478236198425,-0.011507104290649295,-0.060017533600330353,-0.12310490310192108,-0.16876730819543204,-0.16507799923419952,-0.17810327808062235,-0.15956008434295654,-0.14665345350901285,-0.13696838170289993
0.26213077704111737,0.41820649430155754,0.38683830367194283,0.34542560226777019,0.32056224346160889,0.27964519744827632,0.087137948843883345,0.038922643700901136,-0.011566118403737034,-0.072334150251533308,0.018147739680716767,-0.0052292319679898879,0.046864268758023776,0.22000101705392203,0.21001487704260008,0.023309683884252554,0.094740419027705983,0.15422825266917548,0.13828340172767639,0.15859844163060188,0.086982613378811788,0.13992583099752665,0.23303540547688803,0.274993213383775,0.33843277229203117,0.35143815216265228,0.29313593357801437,0.24568276107311249,0.20742848846647474,0.18246231334550039,0.133881610419069,0.08660121137897174,0.055111300200223923,0.018231506071363885,-0.023923754692077637,-0.089704273268580437,-0.14738207124173641,-0.18234798312187195,-0.18009771779179573,-0.14828184247016907,-0.1456439271569252,-0.13809866209824881,-0.13626614958047867
0.32704504529635109,0.39170379837354025,0.37202575989067554,0.36319790425754728,0.37511244912942249,0.331635270267725,0.094855749746784568,0.082573555017772471,0.11252017808146775,0.072153918256628369,-0.024873152597928824,0.033063559707156139,0.14007197083397346,0.26851434870199725,0.24873340254028639,0.18110204984744391,0.15503225326538087,0.15275371189300829,0.20143713908536093,0.2318288225394029,0.21364859839280445,0.20995378281388963,0.21858767668406168,0.25616913636525473,0.27623542111653548,0.26015072717116428,0.23158799981077513,0.19890262559056282,0.17542591877281666,0.14697704144886561,0.11704743405183156,0.0750923901796341,0.036352958219746746,-0.0020801574185801051,-0.027996816020458937,-0.075769171118736267,-0.11977829784154892,-0.16794728736082712,-0.14833561331033707,-0.13766521960496903,-0.13096160441637039,-0.123894602060318,-0.1281406432390213
0.27619932328953462,0.25511006359010935,0.28788288589566946,0.31440724885982013,0.40011458561338226,0.15790601742882576,0.025935258314912689,0.085584932609516037,0.11113912440190206,0.078039880515787891,0.0,0.099302459259538761,0.25018176270855796,0.33826615413029987,0.29724506785472232,0.23385485344462925,0.19183463535525583,0.14643495455384253,0.17360770702362061,0.21588878929615021,0.20103651285171509,0.18706422795852026,0.19338599592447281,0.20195445269346238,0.21477083455432544,0.20533809363842009,0.19204655289649963,0.1754024550318718,0.15296847124894461,0.11987060556809108,0.072489876300096512,0.040926663515468441,0.018207983579486609,0.023175213034278386,0.00525921571534127,-0.041113793229063354,-0.077727023512125015,-0.10832529763380687,-0.11916748061776161,-0.11375157162547112,-0.10598316291968028,-0.11806176975369453,-0.1299588680267334
0.19854839847368352,0.19091133422711315,0.20527932617594213,0.22191498624651054,0.28619866073131561,0.079148715543043285,0.0309784553013742,0.022582795974370594,0.17331293496924141,0.14826755424340565,-0.132214500034159,0.11661197216464923,0.29175566136837006,0.32165664434432983,0.29061977429823443,0.24168672263622285,0.18931159241632981,0.12579111619429154,0.17301738113164902,0.2057847778002421,0.1984195506030863,0.16020248383283614,0.15710044354200364,0.15802613563007778,0.16626426743136513,0.17971003552277884,0.17359219822618696,0.148204172650973,0.122288778424263,0.086806049942970281,0.040070942603051662,0.025855249166488646,0.019444993231445551,0.043999009765684605,0.021215897674361866,0.012107277987524867,-0.021323658991605043,-0.053898263722658157,-0.065126205484072372,-0.070919185876846313,-0.092502673467000321,-0.10996503010392189,-0.13141411542892456
0.18900233507156372,0.17442540473797741,0.11782171064987779,0.081280966790822834,0.10074620211825651,0.02928543816271581,0.0042366650304757059,-0.052678095167860962,-0.075308242061686126,-0.028390468269422212,0.12819702033884822,0.28376419676674736,0.30119106504652238,0.31070380806922915,0.29625464975833893,0.23110331594944,0.15699471067637205,0.12658155626720852,0.16183314791747502,0.18121594749391079,0.17243547075324589,0.13265159229437509,0.12454821748865975,0.12022123392671347,0.13131127133965492,0.17188887484371662,0.17563225701451302,0.13627534732222557,0.10467187017202377,0.0822436660528183,0.057603555172681807,0.025114634384711582,0.055951114743947983,0.054648339748382568,0.066316112875938416,0.05751764215528965,0.022108688019216061,-0.012257123249582946,-0.028150879001865785,-0.054393773898482323,-0.084061440080404282,-0.11231899509827296,-0.14186067879199982
0.16074138535903051,0.16858819779008627,0.14400338182846706,0.065043167712596744,0.023073295829817653,-0.07916511901605286,-0.00010436423122882844,-0.033967788703739642,0.023491701111197472,0.12991224974393845,0.20635223885377249,0.22628715092485602,0.24947392344474792,0.25678834021091462,0.25359142944216728,0.19904337376356124,0.10952476329273647,0.10745872237852641,0.14523334801197052,0.15192229300737381,0.139014241596063,0.11782582383602858,0.11540645360946655,0.12738137816389403,0.13404248530666033,0.15911403050025305,0.140618734061718,0.12275464584430058,0.09765122681856156,0.085778340697288513,0.068487988784909248,0.0662878267467022,0.056344732642173767,0.092759370803833008,0.076584515472253159,0.063149772584438324,0.053685671339432396,0.021036465167223167,-0.012249588035047054,-0.042256750166416168,-0.076702430844306946,-0.11441945284605026,-0.13330714901288351
0.07946343179792166,0.034194932132959363,0.053779142824086273,0.0428126216866076,-0.022044469844937947,-0.14664613753557204,-0.162246505767107,-0.054876246274663851,0.051098838345044188,0.14558698683977128,0.17263754705588022,0.16999290585517884,0.19164649099111558,0.19699238240718842,0.17625146359205246,0.140297389456204,0.080555985016482215,0.076720865909010172,0.12365318302597318,0.12823134008795023,0.10721046477556229,0.099181653310855225,0.11458596267870494,0.12760322789351145,0.13082631379365922,0.12876015715301037,0.10038975067436695,0.079986538738012314,0.06623125821352005,0.0840706005692482,0.08945368478695552,0.11351104825735092,0.12452416121959686,0.10731449350714684,0.090602904558181763,0.076484138766924545,0.053592989842096962,0.02526418212801218,-0.0091251160483807325,-0.038214128464460373,-0.062852010130882263,-0.091924409071604415,-0.11487732082605362
-0.002942348042359719,-0.079920964688062673,-0.072286342342312515,-0.033762143002464794,-0.046338288579136133,-0.092848518863320351,-0.12492374940352007,-0.064230893137088671,0.043630681373178958,0.11197227463126183,0.16548713710572985,0.16627057269215584,0.17360092401504518,0.16504466719925404,0.1161419227719307,0.083868249009052917,0.059766043443232775,0.0711294375360012,0.093914718500205455,0.10534380376338959,0.0923059493303299,0.11146571040153504,0.13666496425867081,0.13822839558124542,0.13127247740825018,0.11346666018168132,0.10169756226241589,0.0720785241574049,0.055981983741124473,0.099124368280172348,0.16378737489382425,0.17045228679974875,0.14526911079883575,0.12975580058991909,0.10096148401498795,0.086734004318714142,0.059066362679004669,0.028281852602958679,0.00038709041352073353,-0.024872850626707077,-0.043056989088654518,-0.0669039823114872,-0.088437596956888839
-0.046369021975745758,-0.15339533140261968,-0.15079347216165984,-0.10748461540788412,-0.085190533970793084,-0.080063316684502825,-0.099245500106077925,-0.10284019600261342,-0.028532374396242878,0.051670156652107835,0.11010287498885935,0.14689061604440212,0.15628844251235327,0.12695545982569456,0.073319615423679346,0.057944173614184059,0.061452314257621765,0.062322361022233964,0.071021152287721628,0.077747385948896408,0.081535758450627327,0.093489160761237144,0.11890706270933152,0.11675063893198967,0.12554190680384636,0.12436478212475777,0.12986430153250694,0.1424518053730329,0.13415919740994772,0.16061178594827652,0.18911890685558319,0.18775889277458191,0.16474339365959168,0.14085525274276733,0.11229048420985539,0.0796298086643219,0.058504348620772362,0.023221224546432495,0.00012321305500033,-0.020135211758315563,-0.033398926258087158,-0.058210738003253937,-0.080053485929965973
-0.075790716335177422,-0.16380853607104376,-0.16809025872498751,-0.13992214103539785,-0.13462503766641021,-0.1063289965192477,-0.085018071656425789,-0.09230634272098541,-0.063978252311547593,0.00673805710010294,0.052335865795612335,0.082141989842057228,0.10155147934953372,0.067208224286635712,0.052329426631331444,0.046183029562234877,0.057072253525257112,0.050047945976257321,0.053409097716212273,0.05489779139558474,0.063849419355392456,0.0635012961924076,0.087214857339859009,0.11768936552107334,0.149033193786939,0.16419221460819244,0.18674649794896445,0.19199114541212717,0.1778719499707222,0.17414394517739615,0.18919598559538522,0.18366403381029764,0.16798522075017294,0.13094216212630272,0.092266730964183807,0.060544230043888092,0.040495730936527252,0.01886674202978611,-0.0084515113849192858,-0.030598352352778118,-0.0451432503759861,-0.053683754056692123,-0.075187139213085175
-0.11037673776348432,-0.1564917389084311,-0.17346495296806097,-0.15059464850596019,-0.14044257539969224,-0.11194540560245514,-0.076333131641149521,-0.084684548527002329,-0.058396262116730213,-0.0066456129942606725,0.013416819646307785,0.019608562745686089,0.016349240858107805,0.012643968034535647,0.0296412605792284,0.039568445334831871,0.037615884840488431,0.03384085868795713,0.024199459236115217,0.046601466834545136,0.061370610259473324,0.079763005177179977,0.12203103303909302,0.16977661103010178,0.20223115012049675,0.21274536848068237,0.20877733826637268,0.20811998844146729,0.18007996678352356,0.18105610460042954,0.18044959008693695,0.16235604137182236,0.14432317018508911,0.11347814152638118,0.079427878061930343,0.0554201565682888,0.032589741051197052,0.0016661447783311207,-0.032042411155998707,-0.054424528032541275,-0.054356280714273453,-0.06685914471745491,-0.078905228525400162
-0.10793802536585752,-0.16301809038434709,-0.13803858748253653,-0.11691265950600306,-0.11117697041481733,-0.10214511537924409,-0.11766382753849029,-0.099347217274563651,-0.056903320054213204,-0.015587799804052338,-0.01094776056041675,-0.030097269453108311,-0.038362774252891543,-0.034460156379888453,-0.013095360870162645,-0.024416166551721592,-0.022343545220792294,-0.024202264534930389,0.013958447554614395,0.0445904852822423,0.068203790113329887,0.1128041110932827,0.16209636628627777,0.19798818230628967,0.21377801895141602,0.21758632361888886,0.21906528621912003,0.20412284880876541,0.19078218191862106,0.17858273287614188,0.1704782173037529,0.14857620745897293,0.13089007139205933,0.12071096897125244,0.085156522691249847,0.0538790225982666,0.028132460080087185,-0.0042074993252754211,-0.035731645300984383,-0.067109070718288422,-0.0746806263923645,-0.092110250145196915,-0.10150639712810516
-0.12314071612698692,-0.13077883422374725,-0.13237294235399791,-0.10922224287475858,-0.13169554223616917,-0.15634841299974,-0.17059796942131861,-0.13030338693748822,-0.076529276557266712,-0.031161174311169555,-0.04164343886077404,-0.066440975666046148,-0.076478538413842514,-0.0691607529297471,-0.065093262741963073,-0.0771893821656704,-0.059778796508908272,-0.038880097369352974,0.010750661293665568,0.067289523780345917,0.10768473148345947,0.1551138237118721,0.18829989433288574,0.2001497820019722,0.20229218900203705,0.19548043111960092,0.20212256163358688,0.20169276992479959,0.19651835163434347,0.19100513309240341,0.17028114199638367,0.14425078779459,0.12061415985226631,0.1011015847325325,0.0813778005540371,0.05844014510512352,0.018495858181267977,-0.015785264316946268,-0.052667092531919479,-0.076332360506057739,-0.099815843005975083,-0.12548388540744782,-0.12032023444771767
