SouthSea_Web/demo/jsonfile/2017-12-16-14.json
{"header": {"parameterUnit":"m.s-1","parameterNumber":2,"dx":0.1,"dy":0.1,"parameterNumberName":"Eastward current","la1":29.0,"la2":12.0,"parameterCategory":2,"lo2":131.0,"nx":250,"ny":171,"refTime":"2017-12-16T13:58:07.5","lo1":106.0}, "data":
[rows 152 to 170 of 171, columns 42 to 83 of 250]
-0.24600573948451451,-0.23104224460465567,-0.18043378988901773,-0.12484059731165569,-0.08993346492449443,-0.085084487994511918,-0.099480599164962769,-0.12621299177408218,-0.17106590420007706,-0.20860509077707926,-0.25063418447971342,-0.2830235779285431,-0.2779567639033,-0.23837163746356965,-0.18080754081408182,-0.13195076584815979,-0.083576086908578873,-0.060039324065049492,-0.053703294135630131,-0.066310106466213867,-0.10168384263912837,-0.11840432323515415,-0.10790206678211689,-0.0886402428150177,-0.054883057251572609,-0.026451798854395747,-0.00097383118700236084,0.022806920111179352,0.062625387062629059,0.11710396409034729,0.15827828645706177,0.18719902137915292,0.18326246241728464,0.14341472834348679,0.10358115658164024,0.062055177986621857,0.046681106090545654,0.019989565014839172,-0.0097918459214270115,0.0,-0.019916885842879612,-0.027661418542265892
-0.21131638969693864,-0.18352344036102294,-0.15529115498065949,-0.10768012702465057,-0.061141878366470337,-0.042227385938167571,-0.055174781630436577,-0.093443746864795688,-0.14687007913986841,-0.1951228529214859,-0.22856346145272255,-0.26561594754457474,-0.27373096346855164,-0.25202216953039169,-0.21179763227701187,-0.15263580530881882,-0.12782587856054306,-0.079018122516572475,-0.069288823753595352,-0.078158615157008171,-0.1058163046836853,-0.13180312017599741,-0.12427455683549245,-0.096918036043643949,-0.076553788781166074,-0.059247965614000954,-0.032638244330883026,0.0013776984997093678,0.039689006656408309,0.09374576061964035,0.13737612403929234,0.15935640037059784,0.16155699640512466,0.13170512765645981,0.10358703881502152,0.061945533379912376,0.033021020392576851,0.0,-0.0038990023313090205,-0.02017504908144474,-0.025963797233998775,-0.014920246787369251
-0.18429454416036606,-0.1683779259522756,-0.14983150064945222,-0.10935377329587936,-0.057072943449020384,-0.030386874452233315,-0.033153279994924865,-0.063795642927289009,-0.12465689082940419,-0.16678724189599356,-0.19430667906999588,-0.22181316216786703,-0.24760150164365768,-0.25651278098424274,-0.24384381249547005,-0.21594872574011484,-0.17399194464087486,-0.1246437169611454,-0.094903965791066483,-0.087357172369956965,-0.0919414646923542,-0.10423503518104553,-0.10321737639605999,-0.086463091894984245,-0.081335108727216721,-0.071629577626784638,-0.053840704262256622,-0.024602661468088628,0.018844099094470341,0.068319499492645264,0.1094083160161972,0.12009649723768234,0.11658938601613045,0.098128732293844223,0.073845464736223221,0.041975187137722969,0.022384312469512224,0.0040915524587035179,-0.020633891224861145,-0.032947786152362823,-0.050048187375068665,-0.041842790320515633
-0.1477935974087034,-0.1492779165506363,-0.13640984644492468,-0.10394835347930591,-0.066208318620920178,-0.0337661936879158,-0.035339322872459888,-0.060993252942959465,-0.10245199501514435,-0.12417590469121934,-0.1320714975396792,-0.14698447100818157,-0.19015777111053467,-0.22985967621207237,-0.25422566135724384,-0.24942848086357117,-0.21140111610293388,-0.16120768338441849,-0.1135658398270607,-0.090238802134990692,-0.081369826570153236,-0.079731402297814682,-0.073157039781411484,-0.084361672401428223,-0.0855790376663208,-0.082006718963384628,-0.067696388810873032,-0.045858785510063171,-0.0035657772968988866,0.052974268794059753,0.078735868136088058,0.083170639971892044,0.071903318166732788,0.0644315630197525,0.041230742819607258,0.015860809478908777,0.0089799780398607254,-0.0089375560637563467,-0.029956186190247536,-0.046002604067325592,-0.0602013673633337,-0.06228170357644558
-0.12087653453151386,-0.12731126137077808,-0.12646652609109879,-0.10896454006433487,-0.073650673031806946,-0.045920632779598236,-0.040867761708796024,-0.058681169897317885,-0.073126468807458878,-0.074409462511539459,-0.072470886011918381,-0.065604558835426971,-0.11390761658549309,-0.18886251747608185,-0.24490447839101157,-0.25753118594487506,-0.22013411298394203,-0.16604708880186081,-0.1271447166800499,-0.097102294365564987,-0.079935935636361435,-0.063526651822030544,-0.068923916667699814,-0.077868293970823288,-0.093361934646964073,-0.084102441867192582,-0.062028679065406322,-0.045177023857831955,-0.017929413666327793,0.029238765748838585,0.050963480025529861,0.056804283522069454,0.040058525279164314,0.033269181847572327,0.010729970876127482,-0.014162331819534302,-0.023316222243010998,-0.038146015256643295,-0.048748109489679337,-0.062270224094390869,-0.074124068021774292,-0.076819315552711487
-0.099733533958594009,-0.10473278413216274,-0.10992441512644291,-0.10514020323753356,-0.073695720732212061,-0.052191887982189655,-0.05003951614101728,-0.055747757355372109,-0.050233880057930946,-0.032323777675628662,-0.014561014017090201,-0.013111523701809347,-0.05308769022425016,-0.14294744469225407,-0.22638785839080811,-0.24269001930952072,-0.19798330962657929,-0.17255691438913345,-0.145903342962265,-0.10682882741093636,-0.0719939370950063,-0.04965254757553339,-0.048724870197474957,-0.067326970398426056,-0.064473659545183179,-0.058806897451480232,-0.03673165594227612,-0.018421042089660961,-0.0023497254587709904,0.021484671781460445,0.030760074965655804,0.0289632985368371,0.019154376350343227,0.009904530830681324,-0.019024503727753956,-0.046668091788887978,-0.057014387100934982,-0.070016160607337952,-0.0609193779528141,-0.07642287015914917,-0.084894228726625443,-0.10245872288942337
-0.074839336797595024,-0.084779690951108932,-0.098190437257289889,-0.10322144875923793,-0.07933305948972702,-0.06013932079076767,-0.049021000042557716,-0.043850172311067581,-0.035824169094363846,0.0028948705930815777,0.023728378931991756,0.025843013543635607,-0.0081559065729379654,-0.08555564532677333,-0.16244028136134148,-0.20338089764118195,-0.17473620176315308,-0.16591198742389679,-0.14976097643375397,-0.11634031683206558,-0.06155066341161728,-0.029099632054567337,-0.009172179410234094,-4.3448526412248611E-05,0.015437098452821374,0.0044555198401212692,0.019316967576742172,0.0369142380853494,0.039965295698493719,0.039737727865576743,0.027292733391125996,0.016228974796831608,0.0061748339794576168,-0.011997498222626746,-0.047940716147422791,-0.065412458032369614,-0.078977860510349274,-0.08210311084985733,-0.0888596698641777,-0.091702450066804886,0.0,-0.11591156199574471
-0.05791701003909111,-0.070423258841037756,-0.087010679145654038,-0.0912944097071886,-0.079867729917168617,-0.063985548913478851,-0.045869439840316772,-0.016231291880831122,0.020518675756951172,0.059262868016958237,0.07749876007437706,0.072696469724178314,0.042938686907291412,-0.016004633158445358,-0.098309451714158058,-0.15112193673849106,-0.14417248219251633,-0.14003248512744904,-0.13246408104896545,-0.0987656507641077,-0.046458115180333458,0.0016013371447722118,0.036125695332884789,0.061981428414583206,0.073056317865848541,0.095281173288822171,0.096103360255559281,0.089247353374958038,0.0832490473985672,0.06747886911034584,0.049900311045348644,0.022249345978101093,0.0095066770445555449,-0.0019918109173886478,-0.037072638049721718,-0.06440204381942749,0.0,-0.084587089717388153,-0.10120486095547676,-0.12100949138402939,-0.1236376017332077,0.0
-0.057769558702905975,-0.055962990969419479,-0.079046460986137393,-0.093074820935726166,-0.084579374641180038,-0.057270413637161253,-0.018759119557216763,0.021308800205588341,0.075126878917217255,0.11514176428318024,0.13234954327344894,0.12480411181847255,0.070354686429103211,-0.0021979361772537231,-0.059279397130012512,-0.094514866669972733,-0.10740185032288234,-0.11938317368427913,-0.12058448046445847,-0.094621717929840088,-0.040290402946993709,0.0089792245998978615,0.067003557458519936,0.10196713358163834,0.11763273179531097,0.15333013236522675,0.14506987109780312,0.13717878609895706,0.12148641298214595,0.0923023596405983,0.074567843228578568,0.040047402183214821,0.018519950564950705,-0.0098581276834011078,-0.011526240967214108,-0.052488381043076515,-0.076931960880756378,-0.0768570825457573,-0.10637431591749191,-0.14029458165168762,-0.15764257311820984,-0.15947243571281433
-0.066569835878908634,-0.057024191319942477,-0.071846175938844681,-0.0912829302251339,-0.077659440537293747,-0.055405884981155396,-0.0116288335993886,0.058046393096446991,0.11917145922780037,0.15887058526277542,0.17505631347497305,0.16243322193622589,0.11467044427990913,0.055230576545000076,-0.0028730436072995267,-0.055694722880919777,-0.08776586502790451,-0.11214347183704376,-0.1187216229736805,-0.099418114870786667,-0.0498343234260877,0.0077430028468370438,0.063361305743455887,0.096727984646956131,0.14219045142332712,0.17199661582708359,0.17676282674074173,0.16401475667953491,0.16011099517345429,0.1248791441321373,0.082627952098846436,0.042870312929153442,0.030778501182794571,0.0060784550732932985,-0.015521046705543995,-0.041963964700698853,-0.0781296119093895,-0.11639692634344101,-0.13063134253025055,-0.1747671365737915,0.0,-0.20955662429332733
-0.099482061341404915,-0.067728330691655472,-0.068711345394452408,-0.0829240952928861,-0.06037184471885363,-0.01259095105342567,0.030578067526221275,0.081994950771331787,0.13282208889722824,0.16577640175819397,0.16547732800245285,0.1618250235915184,0.12161226322253545,0.048682365566492081,-0.017449777718866244,-0.065542826429009438,-0.099009022116661072,-0.13871895273526511,-0.13102478832006453,-0.10597530255715053,-0.0546890360613664,-0.0036155330017209053,0.052628211677074432,0.12193258479237557,0.1455874964594841,0.17974559962749481,0.18093894422054291,0.19162522256374359,0.16603708267211914,0.10327628254890442,0.0,0.050903089344501495,0.012902718968689442,0.0018502866150811315,-0.027866065967828035,-0.05145561695098877,-0.0866943970322609,-0.13239793479442596,0.0,-0.16766126453876495,-0.19350624084472656,0.0
-0.11375758796930313,-0.078585833311080933,-0.0634678490459919,-0.057108214497566222,-0.032539302483201027,-0.0022806474007666111,0.033126665279269218,0.077636392787098885,0.10160818696022034,0.13100017358859381,0.12545225024223328,0.10336440801620483,0.067153980955481529,0.022654347587376833,-0.046128997579216957,-0.096291504800319672,-0.14724615961313248,-0.17906918376684189,-0.16406752169132233,-0.11928953230381012,-0.071160085499286652,-0.016218491209050018,0.033155059441924095,0.088601648807525635,0.13784195482730866,0.1648239865899086,0.19571839272975922,0.19106805324554443,0.17075064778327942,0.1443592756986618,0.084271788597106934,0.0,0.014017634675838053,-0.031804535537958145,0.0,-0.07522466778755188,-0.11858664453029633,-0.16267511248588562,-0.19199657440185547,-0.24422891438007355,-0.26705649495124817,-0.27500125765800476
-0.1316387876868248,-0.091431620220343277,-0.065465380748112992,-0.054271792992949486,-0.033184302039444447,-0.010738056153059006,0.02506791427731514,0.064158134162426,0.10001638531684876,0.085051193833351135,0.090781889855861664,0.048457251861691475,0.011710725724697113,-0.038054777076467872,-0.11442358791828156,-0.15538829378783703,-0.216949962079525,-0.21404512226581574,-0.19634614884853363,-0.14456703513860703,-0.07709193229675293,-0.019946030806750059,0.050076477229595184,0.10043880343437195,0.0,0.11874783411622047,0.13665948808193207,0.12599781900644302,0.12713991105556488,0.12235813587903976,0.069606529548764229,0.018664348870515823,0.0,-0.007986205630004406,-0.066457144916057587,0.0,-0.12863161414861679,-0.22175650298595429,0.0,-0.31212469935417175,0.0,-0.34219440817832947
-0.17249491810798645,-0.129430890083313,-0.087837405502796173,-0.059038130566477776,-0.027101944200694561,-0.0093713386449962854,0.025109618902206421,0.047235362231731415,0.066606653854250908,0.042873725295066833,0.0392116685397923,-0.027819013223052025,0.0,-0.055931180715560913,-0.14404088258743286,-0.2055710181593895,-0.23096317052841187,-0.24775082617998123,-0.21599725633859634,-0.14899075031280518,-0.082542344927787781,-0.016461293213069439,0.047795914113521576,0.0,0.086578302085399628,0.077858388423919678,0.0,0.05608503520488739,0.023492105305194855,0.0,0.0042345677502453327,-0.01688598096370697,-0.073386751115322113,-0.11692343652248383,-0.14951151609420776,-0.16474243998527527,0.0,-0.20337480306625366,-0.27338671684265137,0.0,-0.33139631152153015,0.0
-0.25464540719985962,-0.17696096003055573,-0.11249149218201637,-0.059511611238121986,-0.0038356478326022625,-0.00019994871399831027,0.026992980390787125,0.028392335399985313,0.029598290100693703,0.016622506082057953,-0.029855481348931789,-0.0608033686876297,-0.10135583579540253,-0.14999554306268692,-0.20177291333675385,-0.2193523570895195,-0.21457904577255249,-0.23788539320230484,-0.19049102067947388,-0.15132486820220947,-0.0705171748995781,-0.013050278648734093,0.045497424900531769,0.015798203647136688,0.05122915655374527,0.0,0.042716793715953827,0.0,-0.017259731888771057,0.015683161094784737,0.0,-0.13415902853012085,0.0,-0.2637198269367218,0.0,-0.25350561738014221,-0.26293054223060608,-0.270819753408432,-0.30525943636894226,-0.306021511554718,-0.35894775390625,-0.3251706063747406
-0.33304646611213684,-0.1745375320315361,-0.10356830805540085,-0.033195905387401581,0.002759962975687813,0.020643120631575584,0.015221537905745208,0.0055816592648625374,0.013419964932836592,-0.019372781738638878,-0.020297514274716377,-0.053689435124397278,0.0,-0.084491938352584839,-0.14195248484611511,0.0,-0.14129325747489929,-0.14002601802349091,0.0,-0.080747842788696289,0.0,-0.03047381155192852,-0.032253891229629517,-0.048962164670228958,-0.040674522519111633,-0.062284745275974274,-0.043889470398426056,-0.081899434328079224,-0.1186862513422966,-0.047274958342313766,-0.032336268573999405,0.0,-0.075162671506404877,-0.22021998465061188,0.0,-0.25053712725639343,0.0,0.0,0.0,0.0,-0.48379865288734436,0.0
-0.22409164905548096,-0.20244789123535156,-0.12756825238466263,-0.077243834733963013,-0.061239428818225861,-0.02480790950357914,0.0077729322947561741,0.0,0.038350697606801987,0.045424118638038635,0.0,0.0438111238181591,-0.043330628424882889,-0.075458399951457977,0.0,-0.11391099542379379,-0.0825207456946373,0.0,-0.0689198300242424,0.0,-0.067596033215522766,-0.050722032785415649,0.0,0.0,0.014011799357831478,0.0,-0.05257733166217804,-0.15960855782032013,0.0,-0.17186099290847778,0.0,-0.21921196579933167,0.0,-0.32124713063240051,0.0,-0.34400150179862976,-0.40476000308990479,-0.40418767929077148,-0.45007520914077759,-0.45240494608879089,0.0,-0.48302739858627319
0.0,0.0,0.0,-0.079293392598629,-0.050024431198835373,-0.020421512424945831,0.0,0.0124614667147398,0.0408906415104866,0.0,0.06052769348025322,0.0,0.0722339004278183,0.076508376747369766,0.12150038778781891,0.11269383877515793,0.15606353431940079,0.17252883315086365,0.16857276856899262,0.16907943785190582,0.16228601336479187,0.14348918199539185,0.099268995225429535,0.046673823148012161,0.0,-0.043440043926239014,-0.12565262615680695,0.0,-0.23139198124408722,0.0,-0.16477040946483612,0.0,-0.26593771576881409,0.0,-0.29644590616226196,0.0,0.0,0.0,0.0,0.0,0.0,0.0
0.0,0.0,0.0,0.0,0.0,0.0,0.0,0.0,0.0,0.0,0.0,0.0,0.0,0.0,0.0,0.0,0.0,0.0,0.0,0.0,0.0,0.0,0.0,0.0,0.0,0.0,0.0,0.0,0.0,0.0,0.0,0.0,0.0,0.0,0.0,0.0,0.0,0.0,0.0,0.0,0.0,0.0
