SouthSea_Web/demo/jsonfile/2017-12-14-19.json
{"header": {"parameterUnit":"m.s-1","parameterNumber":3,"dx":0.1,"dy":0.1,"parameterNumberName":"Northward current","la1":29.0,"la2":12.0,"parameterCategory":2,"lo2":131.0,"nx":250,"ny":171,"refTime":"2017-12-14T19:01:52.5","lo1":106.0}, "data":
[rows 57 to 75 of 171, columns 86 to 128 of 250]
0.0,0.0,0.0,0.0,0.0,0.0,0.0,0.0,0.0,0.0,0.0,0.0,0.0,0.0,0.0,0.0,0.0,0.0,0.0,0.0,-0.010626665235171655,-0.0314728923034496,-0.367120100580203,-0.36282312879639289,-0.2375764956302715,-0.31385402254601741,-0.42792301971142688,-0.47724892695744831,-0.56495545840844874,-0.55247951520455851,-0.54404408545107452,-0.51520017470632284,-0.41304955056735448,-0.30812489505737056,-0.24806927144527435,-0.257449039320151,-0.22578170709311962,-0.17034203165935147,-0.16942253708839417,-0.19340199819116882,-0.19219390634033415,-0.24401282387621262,-0.25239042349551855
0.0,0.0,0.0,0.0,0.0,0.0,0.0,0.0,0.0,0.0,0.0,0.0,0.0,0.0,0.0,0.0,0.0,0.0,0.0,0.0,-0.036155725137425841,-0.063974831252181452,-0.36928013496095785,-0.3855341626652356,-0.33255075564924275,-0.38813593550161885,-0.428709352208722,-0.56528193790179038,-0.58044602530343192,-0.55762037737616177,-0.57705032915780041,-0.500430577993393,-0.4214219439488191,-0.308140323139154,-0.30820842373829621,-0.30593803966486893,-0.30883597742233959,-0.30720726797978082,-0.26803222745656968,-0.240361227623878,-0.2238239198923111,-0.25176752855380374,-0.22547515820373187
0.0,0.0,0.0,0.0,0.0,0.0,0.0,0.0,0.0,0.0,0.0,0.0,0.0,0.0,0.0,0.0,0.0,0.0,0.0,-0.090562023222446442,-0.18707329401065811,-0.25737379781073993,-0.34402667325839664,-0.34394679340449247,-0.36703226517657844,-0.40965415102740127,-0.48407849669456482,-0.549976987201114,-0.61111103765892261,-0.66479512568443055,-0.64783014782837456,-0.59793330907821651,-0.49021474719047547,-0.37400589572886628,-0.36636134414445787,-0.44378220357678155,-0.40965044887169549,-0.44299668550491333,-0.47425810648844791,-0.42291862324432089,-0.28949879348278046,-0.30063445043974907,-0.19783796608448029
0.0,0.0,0.0,0.0,0.0,0.0,0.0,0.0,0.0,0.0,0.0,0.0,0.0,0.0,0.0,0.0,0.0,-0.012288905757789811,0.0,-0.22525713530679545,-0.38604076591230208,-0.32991011330374964,-0.33502759211338484,-0.36087060153484346,-0.39796307556172633,-0.47216409047444663,-0.54698553754062185,-0.57958124412430656,-0.60480809828330728,-0.61963654203074314,-0.62336301582830922,-0.58570178954497631,-0.4953385243813197,-0.4056489232339357,-0.44200326833460069,-0.47832120623853469,-0.5049481292565664,-0.58879732033785648,-0.64778397898924978,-0.49343503266572952,-0.49635377661748364,-0.36051911637187006,-0.1822005665820578
0.0,0.0,0.0,0.0,0.0,0.0,0.0,-0.013158514317668353,0.0,0.0,-0.016181429306845786,-0.0048126540767649811,0.0,0.0,0.0,0.0,-0.08675072180567836,-0.056483507440311879,-0.07519924045594123,-0.25543296669865578,-0.3644952122811918,-0.35353797950126509,-0.37096962150262325,-0.40214707374572756,-0.45433074721070221,-0.54633961726979507,-0.59710809588432312,-0.57720175114544958,-0.56625397337807548,-0.58174259662628169,-0.60292918302796106,-0.54539773097405064,-0.48214760422706604,-0.37311225441785961,-0.38112150539051404,-0.4630863144993782,-0.37761936783790589,-0.43858557939529419,-0.45795128908422256,-0.36650874279439449,-0.38481855392456055,-0.26658915114753384,-0.16326045451892746
0.016959962144028395,0.024447537108501838,0.046060705839732839,-0.0081811448986680614,-0.0015440680911281487,-0.0061622148721802543,0.018762484724786175,0.013241810088392725,-0.016602980060209924,-0.035305237312885845,-0.017249788341688967,-0.0174750634143968,-0.0037074854670208881,-0.08287337386550811,-0.075377277120543248,-0.12582699607082759,-0.1648955042682477,-0.14921031954387823,-0.20657123510654157,-0.27864528226631657,-0.32027134671807289,-0.34787541687488555,-0.37537099599838258,-0.42412159442901609,-0.4961936266525932,-0.57065070006582475,-0.52351479514225108,-0.49115208656557147,-0.49410521652963424,-0.49250608398800805,-0.49279851247282591,-0.49674130479494732,-0.45701005309820175,-0.41002401980486786,-0.35964248397133569,-0.44846924146016437,-0.5384528636932373,-0.56574689800089051,-0.511159673333168,-0.3868679056564967,-0.27225647494196892,-0.049020309144487746,-0.19088415189513139
0.045457238887345132,0.057586649914163276,0.0,-0.028847928352363727,-0.045029987556149842,-0.0093912904619369679,0.0053066674241373226,0.025080633815711111,0.01475918035509742,0.015426797732343954,-0.0944300241554902,-0.059159336694412763,-0.094479597873942112,-0.12421173064923677,-0.12770932321918421,-0.15261237584708029,-0.18019318005494905,-0.20148591357364989,-0.21202163922565956,-0.24447390301661057,-0.29162123565580328,-0.3316749322648142,-0.38858480999867123,-0.44116407565095206,-0.4915735288099809,-0.49317563502561479,-0.450383706127896,-0.41185211954694806,-0.39620632850206816,-0.38039024954750422,-0.42635824903845787,-0.45521333482530379,-0.38950721025466917,-0.37534238025546074,-0.379537691672643,-0.42098986771371627,-0.36627177298069,-0.5058496197064718,-0.50715498460663688,-0.39349687695503233,-0.3989061911900838,-0.12460516155697406,-0.27360894158482552
0.05762183517887591,0.062044045550755794,0.0072533855530264937,-0.088240266110333462,-0.060891251268270719,-0.035514200306240404,-0.0017473005244499763,0.019805947768510978,0.0036884948553705817,-0.019612498578535004,-0.1537199855967234,-0.13147937278113059,-0.14789598911512095,-0.16643539254079787,-0.18451305996563475,-0.20065646821802313,-0.20810154681665855,-0.18133314398297093,-0.20241412413971766,-0.23649982970069955,-0.30010056617308634,-0.33107901896749226,-0.35289674818515776,-0.39997182512769891,-0.3960256339474158,-0.386564166708426,-0.37649371435767726,-0.348669091032611,-0.30735279321670533,-0.33098406344652176,-0.35533371567726135,-0.38340618142059874,-0.34714094921946526,-0.3177031193460737,-0.25034443289041519,-0.28736915025446153,-0.38126007053587174,-0.39679144109998432,-0.30831152200698853,-0.28729863677706036,-0.34588757157325745,-0.25517839379608631,-0.22491006553173065
0.010604723858977105,0.041944811561354552,-0.00826230129223798,-0.078913598093545215,-0.1101178266108036,-0.064331617206335068,-0.048142708099350846,-0.051282978569299489,-0.077678497289381324,-0.09284483170246377,-0.104184587722394,-0.11873082432430238,-0.14797944411382838,-0.19333262186424405,-0.23427320575272595,-0.24920539833881236,-0.22254318811676718,-0.12109787631779909,-0.020149724446237086,-0.033569418769197994,-0.11981732577372056,-0.17994024646732043,-0.21326030625237358,-0.27506484805295867,-0.2660481503196791,-0.26214268151670694,-0.26378635466098788,-0.29168777912855148,-0.29433685727417469,-0.2922095415683893,-0.29794303489767987,-0.27978698773817584,-0.27592140063643456,-0.27364702097007204,-0.28444804889815195,-0.27364047120014828,-0.34641405940055847,-0.38583969076474506,-0.31630511879920958,-0.25691286368029459,-0.24083595871925353,-0.17322773734728494,-0.17013443580695561
-0.024001893833075969,0.028548614558872566,-0.003508685569789621,-0.12472442386008925,-0.13186107675234476,-0.090381380722478588,-0.087789646404631,-0.11457379233269464,-0.12303114297061131,-0.072478814066077271,0.009742370810389759,-0.01021915731074002,-0.11478430459853904,-0.18973302272233097,-0.21384980653723082,-0.25226706213184763,-0.10458320697459082,0.0317482995102182,-0.0021292281695114413,-0.012677687175365181,-0.052220805392911039,-0.071441292906036749,-0.16436502591092536,-0.188122104017102,-0.22489147477371749,-0.26332693083866221,-0.28719848852891189,-0.29927686367716105,-0.279257238975593,-0.22620609334924005,-0.20736138688193428,-0.20858435439211981,-0.19900436699390411,-0.21991375940186636,-0.27722400613129139,-0.32901063561439514,-0.35103146518979755,-0.35109582543373108,-0.26502933849891025,-0.20444948722918829,-0.13617884616057077,-0.099058102284158983,-0.0992853962816298
0.08479803349032547,0.10696107390172341,-0.014701423664889062,-0.178954916222701,-0.15865612585665817,-0.11379198059439659,-0.10042417171080748,-0.11885957116047378,-0.028523744328413158,0.090336162441720561,0.11986044428106081,0.094471059074359279,0.080543552999469373,-0.066643448581022238,-0.21156560179467002,-0.22294140219384309,-0.027657303599810872,-0.015509485882277801,-0.034137216643715391,-0.025015259911708113,-0.023956614551651809,-0.053053259467467286,-0.099157452038148561,-0.14025262487786158,-0.17988399980646191,-0.23124856342162406,-0.24375955231728091,-0.22817240389330046,-0.17278926787169083,-0.12608792762393536,-0.11444841266462677,-0.11311385979255041,-0.12086367836365333,-0.16365800632370842,-0.23651439696550369,-0.29166154265403749,-0.2933128873507182,-0.28070410589377087,-0.26010705530643463,-0.14064827412366868,-0.0415238879310588,0.021948890178464353,0.0076394106727093458
0.067929898078242942,0.063392938220534809,-0.052107365731317856,-0.19849200424600821,-0.086945019637434076,-0.00036129964736558625,-0.0029496163747264256,-0.0051950767683979875,-0.00066522415986077648,-0.012566164470317357,0.038909528899239376,0.067918136145691477,0.070869948120510326,0.0475049399667316,-0.035759264346415874,-1.2848930629460434E-05,0.079011377148531584,0.0053412187768637,-0.02803054848439334,-0.025323913665488362,-0.027635491165953378,-0.054366523672025789,-0.074031800430800238,-0.124002733621104,-0.14348700802241052,-0.15387659851047728,-0.14188843619610583,-0.12359554320573807,-0.099746841077621162,-0.056954638436436653,-0.0314759542606771,0.003659965948348767,-0.031110564148268446,-0.11481718820604411,-0.22514871507883072,-0.30431340847696575,-0.2360964665810267,-0.21837656944990158,-0.19592883686224619,-0.16377114504575729,-0.10959690302843228,-0.091429420347724638,-0.079305843915790319
0.043088945275586515,0.011917182819969539,-0.053904150643696386,-0.055011060717924123,-0.016135558326707475,-0.024649418422284172,-0.044565980665777861,-0.059175385886596307,-0.053233060731806538,-0.029138766331016086,-0.008340044886184235,0.031960331738508978,0.020339145140800003,0.011116936044085637,0.00055385328997889982,0.00064746405567146011,0.018789973276268159,-0.00671070624334139,-0.026495218692746545,-0.020521162859430269,-0.025234927664752358,-0.04147035692786348,-0.080184630763072237,-0.12214689501203023,-0.11934173631447333,-0.14648197850455408,-0.14520291432186408,-0.10619345307350159,-0.053334969310806349,-0.013862405644128254,0.040528052586263845,0.15291031698385874,0.084014186142560315,-0.10818970397425194,-0.20295503300925097,-0.084340416239380531,-0.020791223907673902,-0.063663264228539032,-0.086698364466428757,-0.11592238289969307,-0.13012395905596869,-0.11349781602621079,-0.084927768912166357
-0.040184144187913905,-0.02330926281263538,-0.049420360183598945,-0.066377551143252569,-0.069268901809686562,-0.0756332109371821,-0.068034851743328961,-0.063171616888472018,-0.045957668498158452,-0.012087879066642087,0.015910486595843126,0.041402106030056111,0.077652401030063628,0.0895356534478756,0.074495964816638408,0.053179424354591623,0.0245632705045864,0.0034557509591520231,-0.021225370984110568,-0.039216717920051172,-0.053093177839540519,-0.052844363479660109,-0.061598488395767551,-0.041572138878770849,-0.079971499774338942,-0.19991881251335145,-0.16408485159851038,-0.07092395185938348,0.00016130434106225553,-0.013861460049004867,0.2308219942663397,0.18402952789083907,0.021678543506173549,0.012808773852884769,0.050305605487665161,0.16432329668448523,0.19354123882949353,0.11198260014255841,0.045231308167179428,-0.020764306808511417,-0.0438093471651276,-0.063042176514863962,0.014363272381680352
-0.10876118644110618,-0.087113080346690755,-0.07396832625476682,-0.063490929561001913,-0.050697454521732944,-0.061852829875769441,-0.053866936049113669,-0.035254292261715121,-0.015664984709404122,-0.00957651366927446,0.0157875412343336,0.045263582912202067,0.10536289827099868,0.1155203259908236,0.052658539935946463,0.016080199226993937,-0.02032894372474402,-0.054599845128125581,-0.06203617132268846,-0.007353199936915189,-0.010960643969675792,-0.0487338648747717,-0.070002398254083734,-0.040655854602206359,-0.10465285121635706,-0.18388764339464683,-0.11524296573434885,-0.011233337309763388,0.061273026856890116,0.0958604607639197,0.093745642782826169,0.062071344815194607,0.085838706335326767,0.1804287446772351,0.26981581484570222,0.32177076920082692,0.36302735046906903,0.30410807207226753,0.23984330296516418,0.19580352678894997,0.18209428153932095,0.16542065190151334,0.16441301132241884
-0.0509996126483505,-0.10469821141082414,-0.11073969037104876,-0.088726253038452524,-0.079445835489493147,-0.051097256847872183,-0.018360222707054129,0.0031113190262112766,0.010726280453295826,0.0012229552017883039,-0.010194844932090651,0.059244851980890544,0.13721755519509316,0.10209223641348737,-0.0044698330248744847,-0.086544709954539251,-0.095268086840709046,-0.062120859924671722,0.0056663924811540967,0.0076681854639900852,-0.016554319459464749,-0.023282382641420036,-0.03067098270085725,-0.10567450909210104,-0.17420708002715274,-0.152897323899228,-0.0653488589450717,-0.0015824302961980855,0.071361501978781938,0.033830749774351715,0.055379070341587067,0.12386874890043623,0.20523754311235329,0.31589397788047791,0.43106184601783754,0.47757856488227846,0.50713246247985144,0.48773742094635963,0.45275059800881606,0.41719986663924324,0.40558814629912376,0.32929195463657379,0.26656465604901314
0.009197019186565682,-0.029520184836735058,-0.0611224892948355,-0.070246781222522259,-0.080139851508041218,-0.072901736944913864,0.0047508809865186253,0.09052949288377056,0.11718567985075491,0.11317487462208821,0.08127326425164938,0.097009428244616308,0.10950421362087645,0.021951653574022553,-0.14727779065162458,-0.16607247733257033,-0.020912605752528179,-0.024496671387597042,0.016524027425475651,0.044611123371975155,0.096956625607396874,0.018426872119589738,-0.059998309394965567,-0.068878934351783813,-0.075705916620790958,-0.0561901840264909,-0.0073582526248205321,0.14769323669107898,0.11470984308315176,0.034729707621685833,0.10817367372953374,0.14763731983574954,0.1925807467528752,0.33804871141910553,0.46545358782722834,0.53681315660476681,0.57012276947498319,0.57777353127797448,0.54653025170167291,0.50973384082317352,0.43586908919470652,0.37034311518073082,0.28799995966255665
0.030483374771262919,-0.016585240099654609,-0.0326724298535867,-0.022055244254806892,-0.014749770923838791,-0.007249978618347086,0.060603680196576394,0.12492049430255536,0.1027607379688157,0.064791411482568451,0.019463835924398154,0.063805160683489612,0.073043499017755184,-0.043598475490486427,-0.12129635916789994,-0.053531582963963348,-0.099567551310456387,-0.04991718138464623,0.030822646118597023,0.13460724938072657,0.054705032031051815,-0.004023579403576328,-0.05973206678204037,-0.097204474232545718,-0.069128210242423743,0.0082331903395242989,0.21868368016679168,0.3020649254322052,0.1239015100331142,0.053219857936104141,0.10187892088045676,0.13495187938213349,0.16692323698883965,0.30169176340103149,0.43408935694467454,0.49239173650741574,0.53126794235272845,0.51650339365005493,0.46238094339003932,0.43025412613695319,0.36617455699227075,0.29043203426731956,0.24817462265491486
0.051047743401593633,0.057036303418378037,0.052256621998445739,0.054644812643527982,0.066539313910262923,0.10065470725297927,0.11866167959358011,0.081317940381941969,0.032637267960056379,0.0059326109285707234,0.031023245203428931,0.093616014171857387,0.025041771962517691,-0.02095236014574766,0.084854996834312468,0.053003203205298631,0.12905877492656664,0.12812314495178206,0.12366295354657395,0.12219066553645663,0.15083692899467993,0.10285540444906367,0.01577742450791312,-0.050056338065284457,-0.0086768289658483936,0.26175452148678097,0.37167663026500392,0.2755407492319743,0.12245032167242419,0.13145225495100021,0.12778231472923204,0.086198024595013037,0.17935525271154584,0.32663826034827664,0.41295620136790806,0.4456140709420045,0.44159952849149703,0.4255406279116869,0.345196769787715,0.26695634966546838,0.24697847995493147,0.22636201605200768,0.2157472882952009
