SouthSea_Web/demo/jsonfile/2017-12-14-12.json
{"header": {"parameterUnit":"m.s-1","parameterNumber":2,"dx":0.1,"dy":0.1,"parameterNumberName":"Eastward current","la1":29.0,"la2":12.0,"parameterCategory":2,"lo2":131.0,"nx":250,"ny":171,"refTime":"2017-12-14T12:00:00","lo1":106.0}, "data":
[rows 76 to 94 of 171, columns 0 to 41 of 250]
0.0,0.0,0.0,0.0,0.0,0.0,0.0,0.0,0.0,0.0,0.0,0.0,0.0,0.0,0.0,0.0,-0.00964074778104467,-0.0040053394400230407,0.0180735339397911,0.044216341867611149,0.06562922497460022,-0.051797864509613385,-0.083441644079155386,-0.12547315061092376,-0.15702720596031708,-0.1814294030268987,-0.17784436201227122,-0.16304314521051222,-0.1501944573862212,-0.12805816248059274,-0.080090706974689688,-0.074255364361826129,-0.1356420810019093,-0.10569297487887999,-0.14346925644084108,-0.24297494775262371,-0.1471300133741012,-0.26049057876124332,-0.24955842876806855,-0.10565021607772603,0.0,0.0
0.0,0.0,0.0,0.0,0.0,0.0,0.0,0.0,0.0,0.0,0.0,0.0,0.0,0.0,0.037351457948659961,0.0970851216781959,0.090690417602658266,0.011220097923778757,-0.038501358216527448,-0.078814402856873,-0.11444389755527179,-0.13028715756432763,-0.20477350552876791,-0.24990024382159823,-0.2727061259119134,-0.27495175525546073,-0.27102774303210408,-0.27502258453104234,-0.25946071967482565,-0.2345145848535356,-0.21780577953904867,-0.2189467508684505,-0.27480888488341348,-0.23906167596578598,-0.22125659947113324,-0.25677713963228305,-0.21706662435486843,-0.14278663940624231,-0.034295773570670089,0.0,0.0,0.0
0.0,0.0,0.0,0.0,0.0,0.0,0.0,0.0,0.0,0.0,0.0,0.0,0.0,0.0,0.0042016344361602226,0.095940635481383651,0.018154926309601731,-0.036303948502894784,-0.073797798956484473,-0.088364293818458811,-0.10659450873828234,-0.17668488313411845,-0.270398232464989,-0.29649216250369426,-0.29607246680693194,-0.30233076587319374,-0.31627969443798065,-0.320299048315395,-0.30741826977048603,-0.29226883895256939,-0.31696856970136816,-0.34545112288359442,-0.30756102204322816,-0.26519706017441219,-0.2417453327055635,-0.23598906484203061,-0.22076458364932072,-0.17542285125909579,-0.058695793692623413,0.0,0.0,0.0
0.0,0.0,0.0,0.0,0.0,0.0,0.0,0.0,0.0,0.0,0.0,0.0,0.0,0.0,-0.15452351541288437,-0.17224183742527979,-0.14722577376348323,-0.18868485573214963,-0.15915891865063994,-0.10027433648508083,-0.2023919653147459,-0.2517494646211465,-0.31322518532926386,-0.33421490713953972,-0.33889055848121641,-0.34781856834888458,-0.35760465690067839,-0.35335782170295715,-0.34091162255832125,-0.30981784633227755,-0.27320662761727971,-0.26519722438855237,-0.23880144241063492,-0.239764086547352,-0.2053796855939759,-0.17499898024834693,-0.0965200329865642,-0.026333136915522831,0.0,0.0,0.0,0.0
0.0,0.0,0.0,0.0,0.0,0.0,0.0,0.0,0.0,-0.03370111457108721,-0.025289612125405776,0.011468082596783356,-0.082689688422606655,-0.14963956722359204,-0.14657672547276376,-0.22353613177189347,-0.090981947953216014,-0.12948258550253047,-0.13828797931773437,-0.21937831881999348,-0.2701945241008486,-0.335118046578239,-0.36069595615069072,-0.361475445330143,-0.35736465879849028,-0.34992300470670062,-0.35075728382383076,-0.35446904599666595,-0.35832000109884476,-0.35848810275395709,-0.30370849477393286,-0.17841798563304792,-0.2340160886446635,-0.23493101696173349,-0.18979792061604953,-0.14267358040580383,-0.089040483475070112,-0.058069946697822374,0.0,0.0,0.0,0.0
0.0,0.0,0.0,0.0,0.0,0.0,0.0,0.91732110902667041,0.074866119977135284,-0.019375388526896131,-0.12597707553197549,-0.16715848272946807,-0.12167654304581237,-0.11743769526990194,-0.076977968421352891,-0.097476648358710449,-0.18478155583143235,-0.21562476349728449,-0.32185250751569239,-0.345185209666529,-0.34636325170012083,-0.37593377754092216,-0.38031076533453806,-0.37115786472956341,-0.35666252374649049,-0.3434128264586131,-0.34498090147972105,-0.3523270885149638,-0.35780109252248493,-0.36599103467805044,-0.36356206025396076,-0.36782416701316833,-0.32211591709743848,-0.27920400704208176,-0.20113147944211959,-0.14369997330780687,-0.064966713737570833,-0.0033625389891201438,0.0,0.0,0.0,0.0
0.0,0.0,0.0,0.0,0.0,0.0,0.0,0.0,0.02939501400603237,-0.026640456841626966,-0.037900516691262875,-0.073421922467397441,-0.11710981193170651,-0.10916516628611817,-0.16227552749481536,-0.2678330901337998,-0.3400333970785141,-0.30995179975734038,-0.38341080149014789,-0.37954366008440654,-0.3839182913303375,-0.37478913664817809,-0.36951038986444473,-0.35693638523419696,-0.33820345401763918,-0.32982391119003296,-0.33214384317398071,-0.34548079967498779,-0.36102099716663361,-0.3637884822156694,-0.35456275567412376,-0.36199661195278166,-0.35851690173149109,-0.33828119374811649,-0.29053130118470444,-0.20226873106816234,-0.084597048514029563,-0.025570987014886505,-0.0078017498628377086,0.0,0.0,0.0
0.0,0.0,0.0,0.0,0.0,0.0,0.0,0.1608615089631216,-0.029321373197497849,-0.049087061896582837,-0.1062244241903396,-0.20530205621799957,-0.23871012593412566,-0.25513170644336819,-0.3643096658568945,-0.42858126629439613,-0.37448893727794769,-0.33900319536526996,-0.38238456348578137,-0.40704992413520813,-0.4120872378349304,-0.39963229894638064,-0.378646860520045,-0.35996515552202862,-0.33982343971729279,-0.31397576133410138,-0.3228591740131378,-0.34686885277430218,-0.36375071321214947,-0.36067359013990924,-0.3474607989192009,-0.36050167679786682,-0.37444809766916126,-0.35772976749821711,-0.32548155387242633,-0.27050137602620655,-0.13793170606267863,-0.047054815665612509,-0.05692611349821583,0.0,0.0,0.0
0.0,0.0,0.0,0.0,0.0,0.0,-0.055372319429685984,-0.067065351715104443,-0.054616432600104833,-0.18808589799281877,-0.25439127551184759,-0.27340925520374659,-0.3254663695891698,-0.39499062630865311,-0.45930830416855989,-0.41993616974872089,-0.38998313910431331,-0.38310757465660572,-0.42000120878219604,-0.44115212985447477,-0.43480782955884933,-0.42243863642215729,-0.3828689306974411,-0.36202140152454376,-0.327503964304924,-0.31416906913121539,-0.32851514220237732,-0.35125802954037982,-0.3533671572804451,-0.34121877806527273,-0.33502272665500643,-0.360653355717659,-0.38169188797473907,-0.36682932078838348,-0.32825585868623519,-0.2870178082410027,-0.22725348919630051,-0.14934317917816639,-0.057496031445212835,0.0,0.0,0.0
0.0,0.0,0.0,0.0,0.0,0.0,-0.046536192514226249,-0.095086826987209772,-0.22516579360797487,-0.26333376646041873,-0.35959323463232623,-0.45953673751730667,-0.476912185549736,-0.44985805079340935,-0.393191199092304,-0.36853866366779103,-0.38591645543391889,-0.39439137144522235,-0.39646057145936148,-0.41717882752418517,-0.39667819937070209,-0.37583252787590027,-0.3503190279006958,-0.347333088517189,-0.35529744625091553,-0.35631021857261658,-0.3477553129196167,-0.36010617017745972,-0.3290337125460307,-0.3233543336391449,-0.33353874087333679,-0.35893615782260896,-0.38475393331967866,-0.38344563465369375,-0.35589462270339328,-0.29139834069288695,-0.24573863592912565,-0.19923328680802235,-0.11672348021663756,-0.039389830330076009,-0.0098032361756150536,0.0
0.0,0.0,0.0,0.0,0.0,0.0,-0.061701460161809031,-0.12805862286511591,-0.24392661328117052,-0.28027935538973126,-0.41229519496361416,-0.5305655194180352,-0.56699914198655343,-0.533580037454764,-0.44993285834789276,-0.40194167603145947,-0.39287146180868149,-0.40447210520505905,-0.41540691852569578,-0.4151035785675049,-0.40343460440635681,-0.370344340801239,-0.36528268456459045,-0.36427536606788635,0.0,-0.37031319737434387,-0.3551345368226369,-0.35440212488174438,-0.32132616266608238,-0.32066348195075989,-0.34385997653007505,-0.36322760852900421,-0.38030194295080083,-0.39351529095854076,-0.36170765576940594,-0.33199272500841243,-0.281681513455179,-0.23787369055950897,-0.14289928509831607,-0.049850041575219592,-0.017640770289603706,0.0
0.0,0.0,0.0,0.0,0.0,0.37101214461856419,0.064980477042696327,-0.14066672127913027,-0.30365935117006304,-0.32069785319841826,-0.40251352389653522,-0.50138488411903381,-0.53307990431785579,-0.54039173253944939,-0.47645413875579834,-0.44669605493545533,-0.43408376404217314,-0.42703069959368023,-0.42213071584701539,-0.40282457321882248,-0.39456892013549805,-0.38094021379947662,-0.36436393857002258,-0.369341105222702,-0.372098833322525,-0.36561672886212665,-0.35994045436382294,-0.34901955723762512,-0.29945319294929507,-0.29047066966692608,-0.32943291389025176,-0.36301250206796748,-0.4079530376654405,-0.4299692717336473,-0.42288021664870412,-0.40453695654869082,-0.369868728518486,-0.30797974268595379,-0.20784886203706265,-0.083445189857064339,-0.1957683581112058,-0.15039374349279361
0.0,0.0,0.0,-0.074398456762234375,-0.085674165819699943,-0.17772714823851704,-0.18650841775432794,-0.26246060276853628,-0.35019396157825694,-0.36644726594289145,-0.44033246086193967,-0.48596795309673657,-0.52461798985799157,-0.53316816356447,-0.50785165694024825,-0.47764315870073104,-0.46655324473977089,-0.44412719085812569,-0.41087602575620014,-0.3872349162896474,-0.37637503445148468,-0.39836449921131134,-0.39130742847919464,-0.37126360833644867,-0.36092403531074524,0.0,-0.36080377300580341,-0.35467728972435,-0.34023235525403706,-0.31319997708002728,-0.34044603790555683,-0.37167867245497527,-0.435010258410428,-0.45656475303946314,-0.47974397014169134,-0.51300248112341373,-0.54525624396645023,-0.5093990570077529,-0.48733433389663694,-0.53314707751827128,-0.50693959789770149,-0.4119616180014633
0.0,0.0,-0.015947717038216069,-0.10485690594742111,-0.17564190358300752,-0.32157347240346545,-0.45696949055700592,-0.42129040170799603,-0.38545062939325969,-0.41809180649844085,-0.4604418486356735,-0.48338394115368527,-0.5132380459043715,-0.47424474358558655,-0.48658187521828544,-0.45708562930425006,-0.45152387022972107,-0.42242273688316345,-0.4000706672668457,-0.38507793843746185,-0.38282480835914612,-0.39372444152832031,-0.38955605030059814,-0.38015139102935791,-0.3728262186050415,-0.35239280760288239,-0.34243225057919818,-0.34634667634963989,-0.318566491206487,-0.29745024756381389,-0.3370702321882601,-0.40813053881420808,-0.49697683559310052,-0.56495306966374226,-0.61711525844364634,-0.65461560271003028,-0.679054619560779,-0.62095471519104983,-0.61735609986565332,-0.65940778972828284,-0.595775110786464,-0.52118095775055728
-0.033738078586658109,-0.081707175278620037,-0.10928322092791658,-0.24419389483194018,-0.47538254000246527,-0.54299511441162651,-0.4934239114324252,-0.42490035891532896,-0.4021162135260446,-0.42934250459074974,-0.46656360477209091,-0.48538675904273987,-0.47662217542529106,-0.43061037148748127,-0.4367789626121521,-0.42747264603773755,-0.42007302244504291,-0.39417653282483417,-0.39768055081367493,-0.39758306741714478,-0.39278540015220642,-0.38345690071582794,-0.3770870715379715,-0.3680068701505661,-0.34993954002857208,-0.35008452832698822,-0.34092646837234497,-0.32659395535786945,-0.28784936666488647,-0.26109403495987255,-0.31923729970174675,-0.42034735671571782,-0.49578459696336225,-0.58507757304144692,-0.56105800590344834,-0.4408670376930664,-0.50937141059270874,-0.36135691066380954,-0.27863785567885796,-0.30263499325272419,-0.35683084601965909,-0.29312990625611451
-0.10437114834529407,-0.11889164531601368,-0.24505020032244684,-0.44910792358543561,-0.47217460274696349,-0.3856557309627533,-0.39163416624069214,-0.40388859402049671,-0.41861571371555328,-0.42834501134024727,-0.40544049607382882,-0.40520641704400379,-0.41696969100407194,-0.40861661945070538,-0.40895423293113708,-0.40296571453412372,-0.42052701612313587,-0.42563552409410477,-0.41821094353993732,-0.40771635373433429,-0.39661188423633575,-0.3883204460144043,-0.39540562033653259,-0.38312175869941711,-0.35967285931110382,-0.34735243022441864,-0.33813592791557312,-0.304894357919693,-0.26168417433897656,-0.23395333044669209,-0.30690831808667435,-0.39061653877005859,-0.35901661351595682,-0.38743210030621744,-0.34077394551142315,-0.17188033002478603,0.0,0.0,0.0,-0.0068529238314323053,-0.058399994401649259,0.0
-0.12516387581808475,-0.26154429409452662,-0.44335009557444877,-0.44363553762435914,-0.3965380276952471,-0.38824617011206491,-0.39152306318283081,-0.42566244602203368,-0.43694699803988141,-0.38626944025357562,-0.37745857834815977,-0.36740434169769287,-0.3638526052236557,-0.38348657637834549,-0.39427957534790037,-0.41106967628002167,-0.43573298056920368,-0.42652867237726849,-0.41396914422512054,-0.41337413589159649,-0.40480750799179077,-0.39356178045272827,-0.39964562654495239,-0.41834135353565216,-0.39052125811576843,-0.3617883175611496,-0.33698718994855881,-0.29899994532267254,-0.27577384561300278,-0.27742433006113226,-0.31564046901005965,-0.26436020477807948,-0.1592165915317808,-0.013543437943659037,0.0,-0.047231980308424681,0.0,0.0,0.0,0.0,0.0,0.0
-0.21412046709481408,-0.30141300956408185,-0.27540404693438458,-0.26203368802865346,-0.29405961505004335,-0.39583013355731966,-0.42966691652933758,-0.43929693102836609,-0.40643853942553204,-0.37461895744005841,-0.36730927228927612,-0.3564935103058815,-0.34839182098706561,-0.37530859708786013,-0.39376578480005264,-0.40928320586681366,-0.41108649969100952,-0.43158882856369019,-0.41928748786449432,0.0,-0.40208166837692261,-0.37933735549449921,-0.40830333530902863,-0.4099964400132497,-0.40660487115383148,-0.38176910579204559,-0.33457281440496445,-0.290286460518837,-0.26599983175595604,-0.31132223281790228,-0.30178257023033345,-0.16947538681949179,-0.041712089712935954,-0.016277756765456581,0.0,0.0,0.0,0.0,0.0,0.0,0.0,0.0
-0.24497028337974175,-0.232287223591949,-0.22738044410943986,-0.27686923054548412,-0.28890486197038129,-0.41086305334017825,-0.43436884507536888,-0.39153552800416946,-0.39090143640836078,-0.37005868554115295,-0.35083720088005066,-0.34236592799425125,-0.35699163873990375,-0.38564744591712952,-0.40901428461074829,-0.43913663923740387,-0.433879554271698,-0.41724352538585663,-0.39234437048435211,-0.39342552423477173,-0.37401649355888367,-0.38529917597770691,-0.406338095664978,-0.39113688468933105,-0.38400015980005264,-0.35246791690588,-0.27893292903900146,-0.248190904657046,-0.21635659535725912,-0.1765112303521322,-0.17596071593365387,-0.15579013318955143,-0.062940910458564758,0.0,0.0,0.0,0.0,0.0,0.0,0.0,0.0,0.0
