SouthSea_Web/demo/jsonfile/2017-12-14-10.json
{"header": {"parameterUnit":"m.s-1","parameterNumber":3,"dx":0.1,"dy":0.1,"parameterNumberName":"Northward current","la1":29.0,"la2":12.0,"parameterCategory":2,"lo2":131.0,"nx":250,"ny":171,"refTime":"2017-12-14T10:01:52.5","lo1":106.0}, "data":
[rows 95 to 113 of 171, columns 172 to 214 of 250]
0.049721321944768228,0.0039099457673728464,-0.031494651403692037,-0.046814168337732553,-0.051151765776532035,-0.057076018303632736,-0.082866927608847618,-0.11091748376687367,-0.11073458567261696,-0.10136043839156628,-0.083480291068553925,-0.080558229237794876,-0.06478571891784668,-0.040911071002483368,0.036796592175960541,0.1188320480287075,0.1567360907793045,0.18384330719709396,0.1970970556139946,0.20545870810747147,0.20874512195587158,0.1996709331870079,0.17667850106954575,0.1595737636089325,0.1466253325343132,0.11442303285002708,0.086126320064067841,0.034881651401519775,0.036188989877700806,0.0,0.0259872917085886,0.042776478454470634,0.061958350241184235,0.0,0.102890245616436,0.12149819731712341,0.17407761514186859,0.1896938681602478,0.19377948343753815,0.25827509164810181,0.3538791835308075,0.0,0.33987531065940857
0.09439318762584166,0.038553926141255281,-0.0076637096806532806,-0.018482772077226803,-0.031184280663728713,-0.02350327428430319,-0.043819699436426163,-0.069633053615689278,-0.086063576241334275,-0.065170815835396453,-0.050342652946710587,-0.046478915959596634,-0.026368107957144577,-0.007611655630171299,0.063717987388372421,0.10857145860791206,0.17066562175750732,0.18966750800609589,0.1944529339671135,0.19291426986455917,0.19234524667263031,0.17931616306304932,0.16671980917453766,0.15335233509540558,0.14747041463851929,0.10869686305522919,0.07420661672949791,0.048969775438308716,0.024594643153250217,0.01800130307674408,0.030601684004068375,0.010957242920994759,0.02243364229798317,0.049164667725563049,0.073462776839733124,0.12054301053285599,0.18379794061183929,0.25414878129959106,0.32439395785331726,0.31829729676246643,0.36721304059028625,0.39662308990955353,0.0
0.12725892861684163,0.068078963086009026,0.047883054800331594,0.029623157701280434,0.0029829449097936354,0.0073065108542020125,0.00431598408613354,-0.029653647914528847,-0.036381959822028874,-0.018442808960874874,0.001577768474817276,0.0075143985450267792,0.027036422087500494,0.040975216776132584,0.10643748566508293,0.14462216446797052,0.18237033486366272,0.19270901381969452,0.19256055355072022,0.1900646910071373,0.18508021533489227,0.17296813428401947,0.16031119972467423,0.15436903387308121,0.14748386293649674,0.11677591502666473,0.075777862221002579,0.041477009654045105,0.0,0.0083227367140352726,0.0027460956480354071,0.010954134166240692,-0.0015477159759029746,0.028189903125166893,0.090842694044113159,0.14147882908582687,0.0,0.27266186475753784,0.376947820186615,0.42344141006469727,0.41179871559143066,0.42404600977897644,0.41681435704231262
0.1729060709476471,0.11764348298311234,0.10479388220442666,0.08271649692739759,0.043723183787531324,0.041814466938376427,0.048163135846455894,0.023546376795275138,0.027827849301199119,0.043793521821498871,0.051702633500099182,0.060753063609202705,0.073279807964960739,0.090160507708787918,0.14451699703931809,0.16932551066080728,0.19749782234430313,0.19966459274291992,0.19995933771133423,0.19812718033790588,0.1953994408249855,0.19197408854961395,0.18025058507919312,0.165831096470356,0.15090649574995041,0.12361085414886475,0.0,0.054113730788230896,0.015583306550979614,-0.0065845559583976865,-0.011124013923108578,-0.013268298003822565,0.0,0.020319316536188126,0.095634132623672485,0.1659531444311142,0.22816240042448044,0.0,0.3915688693523407,0.46833789348602295,0.47929653525352478,0.46801853179931641,0.47076840698719025
0.23210002382596334,0.17819980904459953,0.1411679262916247,0.10059062225951089,0.085910057382924218,0.074402851363023118,0.0683943269153436,0.056001373566687107,0.058168767020106316,0.072861120104789734,0.07680656760931015,0.089844193309545517,0.095752455294132233,0.12598159412542978,0.17545681446790695,0.19230903685092926,0.20753926038742065,0.21119743585586548,0.21105577051639557,0.20808031409978867,0.21748766303062439,0.21890656650066376,0.19968803226947784,0.18051454424858093,0.0,0.13117170333862305,0.088074680417776108,0.04711541160941124,0.017690561711788177,-0.011382729047909379,-0.017444990575313568,-0.016968663781881332,-0.00018991235992871225,0.068596035242080688,0.099196493625640869,0.20204684138298035,0.30307786166667938,0.3889811635017395,0.0,0.46156463027000427,0.51770526170730591,0.0,0.522282600402832
0.24930084496736527,0.19024736262284792,0.14040026000954889,0.10570554766390058,0.1000392000590052,0.099622894078493118,0.089938107877969742,0.084661543369293213,0.081019364297389984,0.075408570468425751,0.087726354598999023,0.11826496198773384,0.12919637188315392,0.1612978974978129,0.20262587070465088,0.2110339030623436,0.21656548976898193,0.21532817929983139,0.21634772419929504,0.22841648757457733,0.23939097672700882,0.235262431204319,0.21615688502788544,0.20521648973226547,0.17008239030838013,0.12502327561378479,0.098175138235092163,0.057192705571651459,0.0032726787030696869,-0.013285953551530838,0.0,-0.009297235868871212,0.017387288622558117,0.074220836162567139,0.2077534943819046,0.0,0.34868338704109192,0.42548680305480957,0.48100480437278748,0.48595365881919861,0.51596903800964355,0.5278363823890686,0.0
0.2627074895426631,0.1813973416300381,0.13168182359500366,0.11930039338767529,0.10820771422651079,0.11674379805723827,0.11702268198132515,0.10786413525541623,0.093084926406542465,0.091712983946005508,0.12042584270238876,0.15981296449899674,0.16568478941917419,0.19258055835962296,0.21664914488792419,0.22878355532884598,0.22399567812681198,0.21819770336151123,0.22655922174453735,0.23956486582756043,0.24950045347213745,0.24962031096220017,0.23828659951686859,0.22975684702396393,0.17372330278158188,0.14001719653606415,0.0926399901509285,0.056465104222297668,0.018601445481181145,-0.012475233525037766,-0.0069423583336174488,0.0,0.062447588890790939,0.11624647676944733,0.20223113894462585,0.32837009429931641,0.0,0.46452051401138306,0.514374315738678,0.54302167892456055,0.54577761888504028,0.55317464470863342,0.56922328472137451
0.26578027848154306,0.19758696766460643,0.14803676732948848,0.13829284703189676,0.13319825381040573,0.13725546641009195,0.13363825157284737,0.12101865187287331,0.12500549852848053,0.1267327256500721,0.17101767162481943,0.20575161278247833,0.20417025685310364,0.22500833123922348,0.23926804959774017,0.24216979742050171,0.22643517702817917,0.22149398922920227,0.22570168226957321,0.24047151207923889,0.25008248537778854,0.0,0.24510723352432251,0.19917947053909302,0.19055230915546417,0.14327235519886017,0.062601916491985321,0.028108462691307068,0.0016879895702004433,-0.012457459233701229,-0.0086050163954496384,0.036130744963884354,0.0,0.17190509289503098,0.24236567318439484,0.3534766286611557,0.44829103350639343,0.0,0.51802524924278259,0.558495283126831,0.0,0.56505262851715088,0.56642717123031616
0.27184552655500527,0.24031297396868467,0.19350946415215731,0.17993427927677447,0.16074415855109692,0.15835778202329362,0.14700518335614884,0.14536452541748682,0.15989012022813162,0.18312075734138489,0.22592029348015785,0.23734558373689652,0.24465226382017136,0.25833809375762939,0.26631458103656769,0.2534000774224599,0.23030516505241394,0.21822500973939896,0.234078511595726,0.24805507063865662,0.25156332552433014,0.24982286989688873,0.25390598177909851,0.24460925161838532,0.20833609998226166,0.14858130365610123,0.084492702037096024,0.015158811584115028,-0.0070677503244951367,-0.011209554970264435,-0.00831896997988224,0.033165272325277328,0.10032323002815247,0.22375720739364624,0.0,0.36481961607933044,0.45881374180316925,0.52519643306732178,0.0,0.56118935346603394,0.55864036083221436,0.563904881477356,0.57094657421112061
0.29349741190671919,0.29796819686889647,0.28942778334021568,0.25372939407825468,0.20769243066509566,0.18610402303082602,0.1774512380361557,0.18097788095474243,0.19377420842647553,0.22871056571602821,0.2515799303849538,0.26460514465967816,0.27238963544368744,0.281311959028244,0.27557532489299774,0.26516085863113403,0.24402070045471191,0.23292627185583115,0.24797852337360382,0.25334139168262482,0.26609468460083008,0.25711849331855774,0.26690210402011871,0.2550925612449646,0.22557529807090759,0.12573233246803284,0.048046380281448364,0.040071547031402588,-0.0079404311254620552,-0.0030060242861509323,0.037497203797101974,0.070204542949795723,0.12034736573696137,0.19767357409000397,0.33259324729442596,0.0,0.453354150056839,0.51684752106666565,0.55980533361434937,0.55602455139160156,0.57066202163696289,0.55600905418396,0.0
0.34055083519534063,0.35182894844757884,0.34572347147124155,0.30061188127313343,0.25100552290678024,0.21422993971241844,0.20294664469030169,0.20192876085639,0.22449154158433279,0.24829573929309845,0.261214017868042,0.27293997009595233,0.2845977246761322,0.28805878758430481,0.27648033201694489,0.27113555371761322,0.25298494100570679,0.25505419572194415,0.26148919761180878,0.25649106502532959,0.256844699382782,0.27168796956539154,0.281189888715744,0.25894153863191605,0.21577747166156769,0.15489932149648666,0.079356960952281952,0.029500322416424751,0.0,0.016270063817501068,0.044747889041900635,0.11837784945964813,0.15051557496190071,0.21430046856403351,0.30194550752639771,0.42707568407058716,0.0,0.50018006563186646,0.54351156949996948,0.56883895397186279,0.56843382120132446,0.56175738573074341,0.55967205762863159
0.40655984339259921,0.40146448835730553,0.34646276198327541,0.282524260027068,0.25107306573126054,0.23140046745538712,0.22534959763288498,0.22526629517475763,0.24096935242414475,0.25097372631231946,0.26130045453707379,0.2707645793755849,0.28014466166496277,0.280070960521698,0.269756942987442,0.26074351370334625,0.26091498136520386,0.26093864440917969,0.25943866372108459,0.26521032055219013,0.27230808138847351,0.28312361240386963,0.28182676434516907,0.24716842174530029,0.21111994981765747,0.1571054607629776,0.099230356514453888,0.073723986744880676,0.046105742454528809,0.065572090446949,0.10521742701530457,0.15223869681358337,0.2342827171087265,0.31400802731513977,0.35037535429000854,0.41512571275234222,0.48117107152938843,0.0,0.54477775096893311,0.0,0.53772145509719849,0.54166615009307861,0.0
0.41440063714981079,0.41596345866427703,0.33091546495755514,0.27050299827869123,0.25543776527047157,0.2473352387547493,0.23893039673566818,0.2493516594171524,0.25477742155392963,0.24789164960384369,0.25129464268684387,0.26047510902086896,0.26730535924434662,0.26797351241111755,0.26555225253105164,0.25132318586111069,0.25646568834781647,0.25248715281486511,0.25521296262741089,0.26315221190452576,0.28566758334636688,0.29374851286411285,0.2856210470199585,0.26323451101779938,0.2164950966835022,0.1684749647974968,0.13895048201084137,0.10650255531072617,0.086824126541614532,0.13298310339450836,0.1755603551864624,0.0,0.23828471451997757,0.35130202770233154,0.0,0.42139983177185059,0.47120523452758789,0.52017205953598022,0.5186271071434021,0.52935659885406494,0.52954262495040894,0.0,0.49538922309875488
0.37183742821216581,0.36941061727702618,0.32121029682457447,0.29987508257230122,0.28236978252728778,0.26573418908649021,0.26332116623719531,0.27424690723419187,0.27605008333921432,0.24676902095476785,0.23483355343341827,0.23950843016306558,0.25314965844154358,0.25157263875007629,0.2504633441567421,0.24314312636852264,0.24921032786369324,0.2383401095867157,0.2331218495965004,0.26321035623550415,0.29141709208488464,0.29594892263412476,0.28337311744689941,0.23387125134468079,0.0,0.20165061950683594,0.17212913930416107,0.18578040599822998,0.17709605395793915,0.18935021758079529,0.2293429970741272,0.25864112377166748,0.0,0.32044845819473267,0.41936670243740082,0.0,0.47065189480781555,0.50155258178710938,0.54061591625213623,0.50746047496795654,0.50160032510757446,0.49695754051208496,0.49587127566337585
0.34294939354846354,0.36397936791181562,0.359654413536191,0.34480070609312791,0.31928938130537671,0.30134685710072517,0.30214056372642517,0.30116392970085143,0.28214385608832043,0.2494749128818512,0.22636270523071289,0.22111926227808,0.2322881817817688,0.23800594359636307,0.23583929985761643,0.23212604969739914,0.23663480579853058,0.21571824699640274,0.22295556962490082,0.25768615305423737,0.28987748920917511,0.28998181223869324,0.27669897675514221,0.24798902869224548,0.21130986511707306,0.0,0.2052881196141243,0.21248866617679596,0.23649835586547852,0.26865816116333008,0.26284506916999817,0.30037577450275421,0.32748183608055115,0.3503563404083252,0.39139473438262939,0.48102656006813049,0.0,0.51325726509094238,0.0,0.51672554016113281,0.50970149040222168,0.0,0.49784085154533386
0.40731141716241837,0.44740292605231791,0.42865598201751709,0.37616036534309388,0.35174162821336225,0.35805573728349471,0.34846105320113047,0.33379833896954852,0.29566894968350727,0.256729652484258,0.22916284948587418,0.21057900786399841,0.22172136604785919,0.2322939932346344,0.22396407276391983,0.21429756283760071,0.22253096103668213,0.2152777910232544,0.23479634523391724,0.26406902074813843,0.28223326802253723,0.2864498496055603,0.259867399930954,0.24351075291633606,0.22974269092082977,0.22656229138374329,0.23142455518245697,0.0,0.24882981181144714,0.28665688633918762,0.0,0.33447593450546265,0.35901698470115662,0.38668578863143921,0.41110128164291382,0.47817999124526978,0.52699214220047,0.51243531703948975,0.53681397438049316,0.0,0.51593422889709473,0.4922221302986145,0.48118308186531067
0.53941057771444323,0.56861237475746551,0.49431299286730152,0.41670027375221252,0.39581139811447691,0.40008186481215735,0.37650913745164871,0.3470999076962471,0.30685976147651672,0.2755618542432785,0.23815149565537772,0.21810676902532578,0.21596492330233255,0.21873173862695694,0.2115742489695549,0.20435081422328949,0.21186617016792297,0.20668860524892807,0.22621464729309082,0.0,0.27180759608745575,0.26899603009223938,0.26077443361282349,0.24636295437812805,0.24701071530580521,0.23741666972637177,0.24389468133449554,0.25822028517723083,0.0,0.29030406475067139,0.33670030534267426,0.0,0.34015181660652161,0.4008336067199707,0.0,0.48582857847213745,0.0,0.5301748514175415,0.537403017282486,0.525336503982544,0.51799380779266357,0.50882500410079956,0.0
0.59289921181542538,0.58574595872093649,0.50992655228166017,0.45327723727506752,0.41922145750787521,0.39746705239469354,0.36842389570342171,0.34416741132736206,0.31175287067890167,0.28350265820821124,0.24904613196849823,0.22016917914152145,0.19785765185952187,0.18360265344381332,0.1912580132484436,0.19008848816156387,0.19623047113418579,0.19540757685899735,0.20793546736240387,0.24757429957389832,0.28137388825416565,0.26923441886901855,0.27307975292205811,0.26381108164787292,0.26091510057449341,0.27442070841789246,0.27156832814216614,0.28450599312782288,0.30893847346305847,0.31468117237091064,0.32502403855323792,0.33653116226196289,0.0,0.36844971776008606,0.46337532997131348,0.0,0.53839713335037231,0.0,0.5494418740272522,0.0,0.53023093938827515,0.5126802921295166,0.46994984149932861
0.5970900177955627,0.56190234422683716,0.48276261240243912,0.44113956817558836,0.40089469509465353,0.36871356042948639,0.345487242937088,0.3360962510108948,0.31740680336952209,0.281044602394104,0.25185326114296913,0.21660922467708588,0.1761018286148707,0.15723873674869537,0.16801553219556809,0.16410079598426819,0.16649650037288666,0.16315806657075882,0.18597179651260376,0.21036870777606964,0.25273561477661133,0.27161139249801636,0.0,0.26534858345985413,0.27001556754112244,0.29537183046340942,0.29093873500823975,0.29510411620140076,0.29785129427909851,0.30276140570640564,0.31197977066040039,0.30435389280319214,0.34852677583694458,0.3872210681438446,0.44334417581558228,0.49940796196460724,0.0,0.55596715211868286,0.0,0.54217302799224854,0.51401150226593018,0.0,0.0
