SouthSea_Web/demo/jsonfile/2017-12-14-16.json
{"header": {"parameterUnit":"m.s-1","parameterNumber":2,"dx":0.1,"dy":0.1,"parameterNumberName":"Eastward current","la1":29.0,"la2":12.0,"parameterCategory":2,"lo2":131.0,"nx":250,"ny":171,"refTime":"2017-12-14T16:01:52.5","lo1":106.0}, "data":
[rows 95 to 113 of 171, columns 84 to 125 of 250]
-0.22817505776882172,-0.14885250093608066,-0.053237178052465119,-0.041487423013205883,-0.0806815937437393,-0.10908573653016772,-0.079672529495188174,-0.0606213987901293,-0.057377012180430551,-0.046774158121219704,-0.037256470720829632,-0.034354548036519973,-0.033310837979460585,-0.03379098890970151,-0.029611318912957946,-0.0074601519416319208,-0.019882713714914936,-0.020992675075127233,-0.040926152418251149,-0.097557027125731111,-0.14713481813669205,-0.1871574675043424,-0.19468037458136678,-0.21256488958994549,-0.21951356370534217,-0.20258638794933045,-0.16050975829362868,-0.094548277394927063,-0.035583220060086913,0.0065290905991927366,0.052443316206336021,0.078042620792984962,0.020164848654530942,-0.047118265926837918,-0.062374250963330269,-0.037593430972525051,-0.033799151424318552,-0.053794809927543007,-0.1018062710762024,-0.11275303177535534,-0.087213946506381035,-0.092027729377150536
-0.26718330217732322,-0.16936703909326484,-0.062806998778666773,-0.037058879191485733,-0.074759308115712228,-0.085684937459451174,-0.091007234873595064,-0.088110541392649927,-0.062253548548771784,-0.038429988672335942,-0.028213023725483153,-0.041661199989418189,-0.033504531851836612,-0.021694837041713041,-0.025865668368836244,-0.022700982447713614,-0.020810622978827048,-0.028980745423224666,-0.082940562660324166,-0.13245538156479597,-0.18033063365146518,-0.17396472086166515,-0.15454108088180937,-0.1903113036283425,-0.24252972503503165,-0.23786769004968497,-0.20586703360080719,-0.15271261880795162,-0.097094853336994469,-0.0474599312680463,0.0095392229850403965,0.041114589820305504,-0.00087111815810203552,-0.052315626914302506,-0.058048073734555929,-0.0445444704964757,-0.039039058145135641,-0.071234947443008428,-0.1232871413230896,-0.13254034146666527,-0.11339193085829417,-0.11046169201533
-0.24554530105420522,-0.15338333144232078,-0.0500731913322982,-0.018723592759320475,-0.06379260039991802,-0.076888544691933527,-0.087272427177854953,-0.074515161414941147,-0.042649646422692707,-0.03228474360097338,-0.02924782346034872,-0.053481816003719963,-0.057323393744549582,-0.024675431243818383,-0.035482275127260772,-0.046248742689689,-0.040167569792990028,-0.063542021566937709,-0.1338058205942313,-0.17467507609614619,-0.20980492926069669,-0.17734489540259044,-0.13411608338356018,-0.16088291204401425,-0.22332354110700112,-0.2549149360169064,-0.23520451318472624,-0.18486035328644973,-0.13909488543868065,-0.10047747939825058,-0.031374950893223286,0.00264082340678821,-0.022818867117166519,-0.076024410128593442,-0.082343384623527527,-0.0669736775259177,-0.06503396388143301,-0.080917492508888245,-0.11591885983943939,-0.13417357951402664,-0.11959626773993175,-0.1181850756208102
-0.23456995590375021,-0.13012498617172241,-0.038251966651943,0.00836417030543089,-0.021385897985763021,-0.045914562557030608,-0.071098092083747566,-0.052196282548484976,-0.028257015949258439,-0.015506740493167723,-0.014789277787453361,-0.039911823147641759,-0.069838466191733325,-0.048033913666451419,-0.036450177431106567,-0.06708019133657217,-0.073092530770548461,-0.085547295757211178,-0.14636721539086309,-0.1897579950314981,-0.21288993646358623,-0.18601111216204508,-0.13259264330069223,-0.12986096739768982,-0.17887076022832291,-0.22679816652089357,-0.22824368998408318,-0.19961831786415793,-0.15904569774866104,-0.12651152163743973,-0.061774918809533119,-0.025262651809801657,-0.051680924370884895,-0.0854855440557003,-0.10283964624007543,-0.092560674995183945,-0.08467053870360057,-0.10336235662301381,-0.12329786643385887,-0.11755744740366936,-0.12231937050819397,-0.12032872065901756
-0.22118696283835632,-0.10993514081527447,-0.041517288535833356,0.022429584499280151,0.033056517226483534,0.0096113996254280215,-0.010363372518310956,0.003191221684504014,-0.0036929766915272922,-0.010972153326427495,-0.0023202946473180352,-0.015502271259686461,-0.055056613628511074,-0.066496425953048929,-0.070805295902703486,-0.10079117367664973,-0.12210149109363556,-0.10616275508488927,-0.11405598314908835,-0.15012471405444322,-0.19274943264631125,-0.17593880218488198,-0.13312900917870657,-0.12290782934945563,-0.15806863456964493,-0.1990812878523554,-0.20388794442017874,-0.18127697871790993,-0.15468192100524902,-0.11898159980773926,-0.073328243568539619,-0.037189273163676262,-0.050777347137530647,-0.08453810028731823,-0.10330331325531006,-0.10203815996646881,-0.085564285516738892,-0.080506188174088791,-0.10670744627714157,-0.1026061549782753,-0.098483525216579437,-0.12338744848966599
-0.17570091198597634,-0.099763839290692255,-0.044267034086470418,0.019031551402384557,0.068634613106648132,0.076448706050331772,0.062850910597122639,0.054128657596615642,0.041007796875559367,0.018995748371472238,0.00818353545708725,-0.00019821310949434215,-0.041226029462580173,-0.0735893934392012,-0.10990855814172672,-0.14367079016353404,-0.15734211871257195,-0.13059349164918618,-0.10412424388859007,-0.13283550252134985,-0.179146702642794,-0.16776521945441211,-0.14430208146572113,-0.13335919007658958,-0.15305540362993877,-0.18759933279620278,-0.19443122111260891,-0.18238495786984763,-0.162641741335392,-0.13100710958242418,-0.07347646666069825,-0.037035075947642326,-0.040282574171821274,-0.070147423694531127,-0.098378289490938187,-0.092564739286899567,-0.078333836048841476,-0.079757973551750183,-0.087053880095481873,-0.092479530721902847,-0.11365214735269547,-0.12875480204820633
-0.11679124742746354,-0.068860804088986843,-0.022181724948625612,0.03302018076647073,0.08269057695109111,0.12377139731593755,0.12376884937286377,0.098899661430290761,0.076367476334174469,0.060825875888650231,0.034228542894124983,0.0099420320620993152,-0.024309129304518656,-0.065816177914922058,-0.091074665188789372,-0.11915697243351203,-0.11215061539163192,-0.10036088755497566,-0.10700775949018342,-0.13360621837469247,-0.15492394924163819,-0.16457881343861422,-0.15685711957906423,-0.12924858714853013,-0.12557255138050427,-0.16721194734176,-0.19891395419836044,-0.20586399734020233,-0.18308341006437937,-0.1516923556725184,-0.090369910001754761,-0.045812573283910751,-0.042165235926707588,-0.072689471145470932,-0.10027375444769859,-0.083245053887367249,-0.0687209963798523,-0.075942646712064743,0.0,-0.091076985001564026,-0.096451960504055023,-0.14994575083255768
-0.053961140471510592,-0.001232601473860156,0.017182181259461988,0.05343517442436322,0.10461895426978236,0.13719238266348838,0.13203112232057671,0.098047851201365971,0.05926686788306517,0.04457710595691905,0.041347865995607878,0.020080747725885539,-0.011091582703075427,-0.039984294213354588,-0.049408507279374382,-0.051693396812135521,-0.069032428786158562,-0.079527308853964016,-0.076312464558415949,-0.09327783079251,-0.11597665244092544,-0.13626172989606858,-0.14699447498871729,-0.11941691488027573,-0.1091074902150366,-0.14661299884319307,-0.18117063244183859,-0.20392443612217903,-0.19262344539165496,-0.156262477238973,-0.12357641011476517,-0.082030009478330612,-0.076899703592062,-0.081920020282268524,-0.09492671862244606,-0.084282882511615753,-0.0799025408923626,-0.081421490758657455,-0.092818208038806915,-0.11141837760806084,-0.12340293079614639,-0.18517696112394333
0.007928868175860351,0.0467096616824468,0.056715127518948388,0.067069066067536667,0.091035434177943644,0.10707119639430728,0.096961990531001768,0.06910611130297184,0.038654287079615254,0.031487171227733292,0.040222703789671264,0.032847911796786568,0.005199060620119174,-0.024722160849099357,-0.041186390444636345,-0.050820466596633196,-0.08282441894213359,-0.098000697791576386,-0.074405231113944731,-0.05961444741114974,-0.08130987609426181,-0.11600328050553799,-0.13118814863264561,-0.12894760724157095,-0.12851997837424278,-0.1500426560640335,-0.17218869552016258,-0.18752448757489523,-0.19410699605941773,-0.19105417281389236,-0.16509336233139038,-0.1148846298456192,-0.12351822356383006,-0.11500854045152664,-0.10621254146099091,-0.096750125288963318,-0.087946023792028427,-0.10940104722976685,-0.11998634785413742,-0.14466419816017151,-0.18793566524982452,-0.21965742111206055
0.020873481511241861,0.049024976541598639,0.057209182297810912,0.059351954076971324,0.062295883607405886,0.069442113240559891,0.06653210119559215,0.048263672400604592,0.033556857870684728,0.032997539266943932,0.04752211314108637,0.046470988914370535,0.019704109494341537,-0.016457955663402874,-0.045070037618279456,-0.0641908511519432,-0.087698269635438919,-0.10845026906047549,-0.11021019797772169,-0.096315339952707288,-0.098631377849313945,-0.12199577037245035,-0.13662119706471762,-0.13618145883083344,-0.1454441100358963,-0.15356613695621491,-0.16691186651587486,-0.18855599065621695,-0.21796291321516037,-0.21310463547706604,-0.22582843403021494,-0.20222574472427368,-0.18961553275585175,-0.13953183591365814,-0.13519515097141266,-0.11105717718601227,-0.099944666028022766,-0.14984472095966339,-0.16599683463573456,0.0,-0.21368506550788879,-0.24448768794536591
0.022932445548255655,0.043010961016019186,0.039626346731727775,0.038441963121294977,0.040194721147418025,0.045456733140680522,0.044072191748354167,0.036058186553418636,0.03010076005011797,0.032445547836167474,0.039747839172681175,0.047895746926466622,0.026464337483048439,-0.017620037639062502,-0.0529550738632679,-0.069408400782517018,-0.086941314595086236,-0.11598345530884606,-0.13210519775748253,-0.13303527608513832,-0.13211082773549215,-0.13368992879986763,-0.13483625352382661,-0.13327744603157044,-0.133894681930542,-0.13917498290538788,-0.16067898273468018,-0.18493713438510895,-0.21869752556085587,-0.24136519432067871,-0.26841112971305847,-0.25568577647209167,0.0,-0.196145161986351,0.0,-0.15475045144557953,-0.1430523619055748,-0.17462022602558136,-0.2011704295873642,-0.1927136704325676,0.0,-0.24628207087516785
0.013780125707853586,0.020580341993731315,0.016857536742463708,0.021176879061385989,0.026921287178993225,0.03817196350012507,0.03954934266706308,0.030997423455119133,0.024714815989136697,0.016826532781124115,0.016204979852773249,0.018640055786818266,0.0085164763537856434,-0.015999149344861508,-0.051535596698522569,-0.08001621812582016,-0.10161463320255279,-0.12844817340373993,-0.14523605406284332,-0.14699550345540047,-0.14183466881513596,-0.13463320210576057,-0.12650061895449957,-0.1252200702826182,-0.12293453887104988,-0.14387457072734833,-0.16470093280076981,-0.18759334087371826,-0.20894354581832886,-0.2313707172870636,-0.26535564661026,-0.26740506291389465,-0.26038988679647446,-0.2534770593047142,-0.19455093890428543,-0.23007643967866898,-0.19469712674617767,-0.19613826274871826,-0.20993102341890335,-0.20796017348766327,-0.20880277454853058,-0.22927380353212357
-0.02002662280574441,-0.018554501119069755,-0.0083889060853315246,0.00092109977101374947,0.011582880601054058,0.03312259837985039,0.045181152410805225,0.03693724051117897,0.024438204243779182,0.0032584971282631158,-0.00773074384778738,-0.012202415848150849,-0.014879509806632996,-0.027942252345383167,-0.050321195274591446,-0.07855602353811264,-0.10908185442288716,-0.13586185872554779,-0.15444500744342804,-0.16102246195077896,-0.14942326645056406,-0.12944614390532175,-0.11037135496735573,-0.11041256040334702,-0.12908934056758881,-0.15261801332235336,-0.17608518898487091,-0.18950945138931274,-0.17933227121829987,-0.21027742326259613,-0.22234712541103363,0.0,-0.27284000813961029,0.0,-0.270842507481575,0.0,-0.26165103912353516,-0.22234191745519638,-0.20254790782928467,-0.19590015709400177,-0.20997461676597595,-0.20891016721725464
-0.052109541105372567,-0.054259617502490677,-0.038492289238742421,-0.024706875439733267,-0.007138959423173219,0.010442598897498101,0.031313154846429825,0.043727504710356392,0.025148332118988037,-0.00497563563597699,-0.020486937835812569,-0.026989946762720745,-0.022439588482181232,-0.029981059332688648,-0.050336960703134537,-0.078023623675107956,-0.10169309005141258,-0.13054649531841278,-0.15631425380706787,-0.16910633444786072,-0.16473548114299774,-0.14455016702413559,-0.13217943906784058,-0.11858185008168221,-0.13867266476154327,-0.17081138491630554,-0.18686848878860474,-0.19055062532424927,-0.17468821257352829,-0.16455866396427155,-0.19190569967031479,-0.23505015671253204,-0.25864994525909424,-0.28735890984535217,-0.31481990218162537,-0.30374936759471893,-0.28785088658332825,-0.23839091509580612,-0.20021074265241623,-0.19141396880149841,-0.19644390046596527,-0.20302499830722809
-0.048703677952289581,-0.06936514998475711,-0.061005187531312309,-0.041644804179668427,-0.027240077033638954,-0.0075757764279842377,0.010418118001931967,0.025926714763045311,0.018484886735677719,-0.0058907099300995469,-0.025630848482251167,-0.031974871332446732,-0.026064428811271984,-0.029785463586449623,-0.036776097491383553,-0.057558053483565651,-0.08862409243981044,-0.13700996339321137,-0.16848589479923248,-0.18657442927360535,-0.18322763592004776,-0.17860378324985504,-0.15417654812335968,-0.15707672387361527,0.0,-0.17516237497329712,-0.20370229333639145,-0.20196232944726944,-0.16817518323659897,-0.13977614045143127,-0.15530745685100555,-0.17688167095184326,-0.22574357688426971,-0.26760527491569519,-0.29874441027641296,-0.31778225302696228,-0.27660065889358521,-0.23922830820083618,-0.211950421333313,-0.18427696824073792,-0.19455059617757797,-0.20027802884578705
-0.028767511993646622,-0.061185579746961594,-0.066055916249752045,-0.059083787103494011,-0.046984136570245028,-0.026235196118553478,-0.0023268098011612892,0.013861372601240873,0.010529459454119206,-0.0026539639802649617,-0.026891340501606464,-0.036342812702059746,-0.033620286732912064,-0.020690141245722771,-0.016554014757275581,-0.027735321782529354,-0.058682112954556942,-0.11470255628228188,-0.1623050719499588,-0.20247510820627213,-0.20038612186908722,-0.20378118753433228,-0.195700503885746,-0.21284469962120056,-0.18877186626195908,-0.20476691424846649,-0.21339549124240875,-0.22163672745227814,-0.17874771356582642,-0.14232102036476135,-0.11754206568002701,-0.14836420118808746,-0.17524026334285736,-0.22922965884208679,-0.2673780620098114,-0.30900900065898895,-0.25876817107200623,-0.21560083329677582,-0.18885316699743271,-0.15471959114074707,-0.17428968846797943,-0.17874789983034134
-0.015674713533371687,-0.044963234663009645,-0.054714356549084187,-0.066545881330966949,-0.05543227307498455,-0.03078855387866497,-0.01114419661462307,0.0025551076978445053,0.0063968453323468566,-0.00085092068184167147,-0.026909581385552883,-0.04487040638923645,-0.035779427736997604,-0.015589547343552113,-0.0050821900367736816,0.0022943990770727396,-0.026678392663598061,-0.067073699086904526,-0.1537310779094696,0.0,-0.21590328961610794,-0.22114414721727371,-0.21392148733139038,-0.21953925490379334,-0.21774373203516007,-0.23115791380405426,-0.22923440486192703,-0.22238257527351379,-0.21287742257118225,-0.14866067469120026,-0.12095336616039276,-0.11949654668569565,-0.13864393532276154,-0.18473374843597412,-0.233578160405159,-0.26802375912666321,-0.2638186514377594,-0.21289445459842682,-0.18016141653060913,-0.1468406617641449,-0.12671474367380142,-0.11037903279066086
-0.007329325657337904,-0.028616700321435928,-0.037337440997362137,-0.046812921762466431,-0.039114441722631454,-0.032607279717922211,-0.030728446319699287,-0.015297034755349159,-0.0016641358379274607,-0.012525801546871662,-0.021475255023688078,-0.035048073157668114,0.0,-0.027032468467950821,-0.0056613823398947716,0.00914864894002676,0.005266598891466856,-0.061842359602451324,0.0,-0.15433160215616226,-0.21453982591629028,-0.20156297087669373,-0.20768751949071884,-0.20152290165424347,-0.20780723541975021,-0.22623172402381897,-0.21526184678077698,-0.22127558290958405,-0.20159540325403214,-0.1671585887670517,-0.134383425116539,-0.11934139952063561,-0.11687448620796204,-0.13500550761818886,-0.18548348546028137,-0.21800177544355393,-0.24277225136756897,-0.19658951461315155,-0.15027523040771484,-0.082629095762968063,-0.06268145889043808,-0.089831121265888214
-0.0040579448759672232,-0.014717727589110533,-0.010027065174654126,-0.010974259086651728,-0.00790567168345054,-0.018558403011411428,-0.036890422304471336,-0.040632137097418308,-0.036361295729875565,-0.037344345822930336,-0.0431373231112957,-0.042209744453430176,-0.033950965851545334,-0.027380088344216347,-0.011024593375623226,0.0097079239785671234,0.013381057186052203,-0.00365692179184407,-0.058591064065694809,-0.14690488576889038,-0.18612642586231232,-0.18986170738935471,-0.19340413808822632,-0.18645532429218292,-0.17203299701213837,-0.18727964907884598,-0.18767247349023819,-0.19429902732372284,-0.17708562314510346,0.0,-0.12706726789474487,0.0,-0.10657753422856331,-0.11037717759609222,0.0,-0.16398175060749054,-0.19931168854236603,-0.19176968932151794,-0.14709353446960449,-0.087481580674648285,0.0,-0.0255634393543005
