SouthSea_Web/demo/jsonfile/2017-12-16-20.json
{"header": {"parameterUnit":"m.s-1","parameterNumber":3,"dx":0.1,"dy":0.1,"parameterNumberName":"Northward current","la1":29.0,"la2":12.0,"parameterCategory":2,"lo2":131.0,"nx":250,"ny":171,"refTime":"2017-12-16T19:58:07.5","lo1":106.0}, "data":
[rows 133 to 151 of 171, columns 129 to 171 of 250]
-0.040937078651040792,-0.0047610889499386149,0.030828654843692977,0.057550526224076748,0.078083691271868622,0.10499931871891022,0.12083292338583204,0.1122522774551596,0.053040273917409092,0.026653552914715627,0.016048044919826726,0.0,0.0,0.0,0.0,0.0,0.0,0.0,0.0,0.0,0.0,0.0,0.0,0.0,0.0,0.0,0.0,-0.070858454952637359,0.0045306389643387365,0.060809522587805989,0.0094858362339437,-0.087062787678506642,-0.12510235793888569,-0.093842988461256022,-0.072996075368589819,-0.070396747440099716,-0.040927862606218293,0.015629163783160038,0.042534363145629563,0.02067071566125378,-0.0099319746077526361,-0.015713122606809651,0.032352453912608325
-0.056487622360388436,-0.039854930403331913,0.016414694226114079,0.045174349927239947,0.057526605203747749,0.071652881801128387,0.071687703444199127,0.076124043965881516,0.027143806607152026,0.017665660973372205,0.024593266658484936,0.0,0.0,0.0,0.0,0.0,0.0,0.0,0.0,0.0,0.0,0.0,0.0,0.0,0.0,0.0,0.0,-0.20772970281541348,-0.010538249848071824,-0.016536048147827387,-0.1060400242832574,-0.17643905634229834,-0.20745931814114252,-0.18622570688074286,-0.15699371621012687,-0.14300119504332542,-0.058715762686915696,0.016481994604691862,0.025390024413354695,-0.0087815457206618566,-0.026082356576807797,-0.021485679782927036,0.0058219716156600043
-0.037899957348903023,-0.025427387095987797,0.025359940781657184,0.042934573358959623,0.05066406809621387,0.0567322394086255,0.065464958962466985,0.066085353493690491,0.017513714963570237,0.008569412038195879,0.050213746726512909,0.0,0.0,0.0,0.0,0.0,0.0,0.0,0.0,0.0,0.0,0.0,0.0,0.0,0.0,0.0,-0.31184523552656174,-0.12477136242281024,0.018962810281664133,-0.041892246004532681,-0.13081366817156473,-0.1912010203708302,-0.26616360924460669,-0.25675196945667267,-0.2264313492923975,-0.19395476430654526,-0.084807431014875576,-0.0018772768235066906,0.0042005248396890238,-0.024976083892397583,-0.043629076704382895,-0.03366889556248983,-0.023294932105475
0.0069125505106057972,0.018428012554068118,0.035395036684349179,0.046770076267421246,0.047361222406228386,0.045403601093725723,0.05226323836379581,0.060046685652600393,0.012157277530059218,-0.024510982239411935,0.017846657584110897,0.0,0.0,0.0,0.0,0.0,0.0,0.0,0.0,0.0,0.0,0.0,0.0,0.0,0.0,-0.11135896295309067,-0.26595318913459776,-0.0541429475415498,0.050093960110098125,-0.025576968329215351,-0.12760342471301556,-0.21742010282145607,-0.2798985516031583,-0.272658418525349,-0.24537380310622128,-0.17893285718229082,-0.10967498943209648,-0.040944262097279228,-0.03044185838662088,-0.059695947915315628,-0.091616575088765889,-0.10320796196659406,-0.092891615298059255
0.042456454783678058,0.047799738124012947,0.054527832461254935,0.046000216156244278,0.034351585200056434,0.033316671020454831,0.027476188167929648,0.028000258907143558,-0.024515287103978069,-0.069672422749655585,-0.0266868833762904,0.019384733090798061,0.0,0.0,0.0,0.0,0.0,0.0,0.0,0.0,0.0,0.0,0.0,0.0,0.0,-0.18335931561887264,-0.24810918569564819,-0.14333440534149608,0.0074733819152849419,0.00076351511395639845,-0.10926826189582546,-0.23317415846718681,-0.25425552162859177,-0.23362282961606978,-0.23752461042669085,-0.21328580826520921,-0.14266872406005859,-0.10030013546347619,-0.11197215649816725,-0.14503755047917366,-0.17063240872489083,-0.15135299211198633,-0.11556787043809891
0.047380226850509646,0.040758552402257918,0.051337404176592827,0.035576445516198874,0.013588262163102627,0.00032761928014224395,-0.011051826033508405,-0.017225749441422522,-0.066675837151706219,-0.092462971806526184,-0.046932041179388762,0.031765649281442168,0.0,0.0,0.0,0.0,0.0,0.0,0.0,0.0,0.0,0.0,0.0,0.0,0.0,-0.13266925513744354,-0.22989274561405182,-0.19159675836563112,-0.072761324899537225,-0.019213340850546955,-0.048829854745417831,-0.12150762230157852,-0.17238615453243256,-0.19228738993406297,-0.23516601459546524,-0.24326785653829575,-0.19942371411757034,-0.152352437376976,-0.14896332058641645,-0.15565869398415089,-0.14751946739852428,-0.12494432015551461,-0.08913604708181487
0.030795968428719789,0.0077184596098959449,0.018714159594050477,0.011896452648215927,-0.0013293981435708701,-0.025022454699501394,-0.046409543137997389,-0.062230417335575279,-0.082009718649917185,-0.096190259924956736,-0.094674525516373773,0.040160810419668756,0.0,0.0,0.0,0.0,0.0,0.0,0.0,0.0,0.0,0.0,0.0,0.0,0.0,0.0,-0.10878177313134074,-0.084444737217078611,-0.093568264817198113,-0.083037342876195908,-0.031090773409232497,-0.038031654246151445,-0.14299526539715854,-0.21780444383621217,-0.2639854047447443,-0.26710062026977538,-0.22909068316221237,-0.16435519191953871,-0.13318665549159051,-0.13014348447322846,-0.13178090751171112,-0.10765327513217926,-0.072390186041593557
-0.028473832737654449,-0.031785761471837759,-0.030653028615883419,-0.033727500321609635,-0.023885062313638628,-0.029997768811881542,-0.050457570329308511,-0.06690303748473525,-0.080560696125030515,-0.095727802067995069,-0.098774340003728867,0.0206759510827916,0.0,0.0,0.0,0.0,0.0,0.0,0.0,0.0,0.0,0.0,0.0,0.0,0.0,0.0,0.0,0.053156405780464412,-0.12218723027035594,-0.16683203354477882,0.0,0.041384328156709671,-0.11794801695006234,-0.24896607398986817,-0.26576309502124784,-0.25375519421967591,-0.22214720398187637,-0.16929243369535965,-0.14390186965465546,-0.14342943876981734,-0.13951514826880562,-0.11560670435428619,-0.094187016598880291
-0.0732627585530281,-0.072393473237752914,-0.077909366538127259,-0.0836173789575696,-0.0467827501706779,-0.045765700025690928,-0.05265468917787075,-0.058676921659045748,-0.072277766962846116,-0.094382736831903458,-0.13190394030375915,-0.077994751976802945,-0.15142753720283508,-0.01075837854295969,0.0,0.0,0.0,0.0,0.0,0.0,0.0,0.0,0.0,0.0,0.0,0.0,0.0,0.1072674027333657,-0.0095711118608180958,-0.053759565751533955,0.0,0.0,0.0,-0.27054505348205565,-0.29701143875718117,-0.25557030290365218,-0.25378169119358063,-0.21730478785254739,-0.21276527643203735,-0.18253512308001518,-0.166441281636556,-0.15222111675474379,-0.1356399589114719
-0.10521742701530457,-0.10525446012616158,-0.12257495075464249,-0.11864517735583442,-0.081866833484835089,-0.068262224085628986,-0.0704829953610897,-0.070843999460339549,-0.087797137243407111,-0.12345290742814541,-0.19973969211181006,-0.2181029501888487,-0.18450124002993107,0.015233160558788464,0.0086670615128241479,0.0,0.0,-0.045362052818139396,0.0,0.0,0.0,0.0,0.0,0.0,0.0,0.0,0.0,0.044022013433277607,-0.0703394742579096,-0.12763584107160569,-0.19333915909131369,-0.021491795778274536,-0.063120500816564479,-0.074487708508968353,-0.1283367857336998,-0.20007329744597277,-0.32856996357440948,-0.31332067151864368,-0.32214496352455835,-0.25877056744965637,-0.23986684944894579,-0.20382907851175827,-0.17942008376121521
-0.14273171375195184,-0.13424673490226269,-0.14165667444467545,-0.14844716526567936,-0.12107076421380043,-0.10347520653158426,-0.10753602907061577,-0.10824188441038132,-0.13530432358384131,-0.16290667559951544,-0.24059753119945526,-0.2918447222974565,-0.2156613360751759,-0.063408995712442059,0.0,0.0,0.0,-0.021563779562711716,-0.070031023052121916,-0.021827070810832083,-0.011910908971913159,0.0,0.0,0.0,0.0,0.0,0.0,0.037436984479427338,-0.0456098381962095,-0.10805480755292453,-0.26062325537204745,-0.0471610389649868,-0.10136911234903065,-0.15910599877436957,-0.16242336730162302,-0.13743523880839348,-0.53914657936376686,-0.41914579570293425,-0.36457052495744491,-0.29496348202228545,-0.28498494293954635,-0.23405531980097294,-0.19680388271808624
-0.1713216334581375,-0.16501915454864502,-0.17022079229354858,-0.18484310805797577,-0.17164523601531984,-0.15105431340634823,-0.1729515701532364,-0.17403280884027481,-0.19908113032579422,-0.23565188646316529,-0.26936017804675633,-0.30837258324027061,-0.28168880343437197,-0.1472300487485799,-0.056078575202263892,-0.040910057723522186,0.0,-0.13967667271693549,-0.099087273702025414,-0.049048151990229431,-0.032047551497817038,0.014716867357492447,0.0,0.0,0.0,0.0,0.0,0.1524051403005918,0.058855927445822291,-0.12834374690428377,-0.26832311302423478,-0.12398672923445701,-0.2253732830286026,-0.29191617803140119,-0.24195482995775011,-0.27898295968770981,-0.47467128526080737,-0.39846412837505341,-0.38577509588665432,-0.40094528496265414,-0.37365384565459359,-0.3596952736377716,-0.358997605741024
-0.18237673491239548,-0.20387357100844383,-0.21828043247972215,-0.22142089690480912,-0.21514045695463815,-0.20336860120296479,-0.24341343177689445,-0.24104948176278007,-0.26768726652318781,-0.28865731755892438,-0.30080064237117765,-0.3259196471084248,-0.3565470841195848,-0.27821008612712222,-0.14544100397162968,-0.090962144235769912,0.0,-0.18763652443885803,-0.14740221109241247,-0.10025018453598023,-0.051301466094122991,-0.02746073086746037,0.0,0.0,0.0,0.0,0.0,0.1900886744260788,0.14338168427348136,-0.071418940174308693,-0.21232472525702584,-0.22849168018861252,-0.32185891541567718,-0.36058904230594635,-0.35151272118091581,-0.34570870399475095,-0.35882411599159242,-0.33918203819881787,-0.37504783272743225,-0.41423529684543609,-0.41982780562506783,-0.49483683705329895,-0.49413182586431503
-0.21274139881134033,-0.23612511903047562,-0.24932141974568367,-0.25113066534201306,-0.24738063290715218,-0.23932198186715445,-0.26995249390602111,-0.26871957480907438,-0.28367327153682709,-0.3011531856927005,-0.31818813898346643,-0.34246868436986749,-0.36929841505156624,-0.3320905798011356,-0.22863429950343239,-0.12306486209854484,-0.091061238944530484,-0.09258303915460904,-0.088710473477840418,-0.11250931471586227,0.0,0.0,0.0,0.0,0.0,0.0,0.0,0.0,0.14349554266248429,-0.080646703680395143,-0.23975186608731747,-0.2644704282283783,-0.35707560181617737,-0.38886334002017975,-0.39025451838970182,-0.3306636720895767,-0.18119550835002551,-0.1479214971885085,-0.19956857959429422,-0.30301362005147064,-0.40755784180429244,-0.51953504085540769,-0.47499918639659883
-0.22334019094705582,-0.24644210934638977,-0.27258683953966412,-0.28993115574121475,-0.29001797735691071,-0.28527913391590121,-0.27967461198568344,-0.25597559213638305,-0.26261530952020123,-0.28077214583754539,-0.29655198888345197,-0.31705666581789654,-0.32891780138015747,-0.33957400918006897,-0.34092400595545769,-0.24832974560558796,-0.18939819600847033,-0.1352639004588127,-0.051281410579880081,0.0,0.0,0.0,0.0,0.0,0.0,0.0,0.0,0.0,0.065977403894066811,-0.091982741778742314,-0.2075181259558751,-0.26096474582498724,-0.362939531604449,-0.37765779097874957,-0.3571692903836568,-0.36049548909068108,-0.14021073281764984,0.0772860050201416,-0.14780237572267652,-0.11973843723535538,-0.35109661519527435,-0.48809660598635674,-0.42495782077312472
-0.20873470604419708,-0.23461864391962686,-0.27746114879846573,-0.30206465721130371,-0.30817700283867971,-0.29440382719039915,-0.27052977018886143,-0.23718066811561583,-0.24417772723568809,-0.26490044842163724,-0.28709368904431659,-0.31116840243339539,-0.37478648532520642,-0.43713703751564026,-0.50334329406420386,-0.35447764065530563,-0.24568250775337219,-0.19159197062253952,0.0,0.0,0.0,0.0,0.0,0.0,0.0,0.0,0.0,0.0,0.0,-0.1509772308848121,-0.19098267365585675,-0.14235527440905571,-0.30499782330460018,-0.30771409533917904,-0.12507987726065847,0.0,0.0,0.0,0.0,0.0,-0.42724287509918213,-0.42597804665565492,-0.38646800443530083
-0.18705657124519348,-0.21171707908312479,-0.25876689453919727,-0.29550480842590332,-0.291919007897377,-0.26629999279975891,-0.25704356200165218,-0.24583726227283478,-0.26152674853801727,-0.28786591688791913,-0.30809298845437855,-0.357865286724908,-0.4702958528484617,-0.59180623690287271,-0.60903620261412406,-0.38678446743223405,-0.19859671220183373,-0.014549745246767998,0.0,0.0,0.0,0.0,0.0,0.0,0.0,0.0,0.0,0.0,0.0,-0.16405092924833298,-0.19232307103547183,-0.19990502595901488,-0.16975215449929237,-0.12026790156960487,-0.060019228607416153,0.0,0.0,0.0,0.0,0.0,0.0,-0.47050347924232483,-0.41881890459494159
-0.16390250126520792,-0.17278300225734711,-0.21123130619525909,-0.25951646864414213,-0.24325333748544967,-0.24436166243893759,-0.26487411856651305,-0.28394220934973824,-0.31492234170436861,-0.3527336150407791,-0.39709165233832139,-0.46918847411870956,-0.59617636884961811,-0.706471410062578,-0.61917144373843547,-0.29665584117174149,-0.032984730694442986,0.11172822676599026,0.0,0.0,0.0,0.0,0.0,0.0,0.0,0.0,0.0,0.0,0.0,0.0,-0.1297396719455719,-0.13520849695325726,-0.14385404852995029,-0.0746664609760046,-0.038451768457889557,0.0,0.0,0.0,0.0,0.0,0.0,0.0,-0.36857167184352874
-0.15650998800992966,-0.172239501029253,-0.19885693490505219,-0.22508234282334647,-0.21266474723815917,-0.22721582092344761,-0.27542971240149605,-0.31855370932155186,-0.35758589953184128,-0.44390996373616731,-0.54839679774116068,-0.49558169997180812,-0.53482847684063017,-0.6398345968302559,-0.45385005883872509,-0.17813256735864438,0.0221986947581172,0.14550773675243059,0.0,0.0,0.0,0.0,0.0,0.0,0.0,0.0,0.0,0.0,0.0,0.0,0.0,0.0,-0.0071572596207261086,-0.067148568108677864,0.0,0.0,0.0,0.0,0.0,0.0,0.0,0.0,-0.27975203655660152
