SouthSea_Web/demo/jsonfile/2017-12-16-23.json
{"header": {"parameterUnit":"m.s-1","parameterNumber":3,"dx":0.1,"dy":0.1,"parameterNumberName":"Northward current","la1":29.0,"la2":12.0,"parameterCategory":2,"lo2":131.0,"nx":250,"ny":171,"refTime":"2017-12-16T22:58:07.5","lo1":106.0}, "data":
[rows 76 to 94 of 171, columns 43 to 85 of 250]
0.0,0.07194597529717088,0.0,-0.023723890661801163,-0.032057034850004128,0.022099677880552636,0.0083136247886550548,0.031114846541313454,0.10148664958730429,0.14125130238871828,0.034352239392957049,0.047079927886468947,0.070300899893045429,0.07804313771999799,0.0831551903433967,-0.021917805495981095,-0.046609425412801407,0.013652110912218751,-0.032665228747435424,-0.047530970871448516,-0.040340230241417883,-0.047760399231122116,-0.071785281965698028,-0.10747992407817107,-0.14303523507803234,-0.14891051555025406,-0.13587061602335709,-0.1315432226946277,-0.10879186250395694,-0.10952258135302592,-0.096506841859575046,-0.096971342083195161,-0.027615220038322889,-0.014254906963580684,-0.0164200899550148,0.015466203817101032,0.06842459978188499,0.0646161176264286,0.066064853221178055,0.029439861827995628,0.0477896282869962,0.05970984271594456,0.068309654578052714
0.0,0.18564855495136079,-0.022632647919553248,0.19928526694683368,-0.058417202497125287,0.04367439936581162,0.0696338448997425,0.097631173863731047,0.11322837473329055,0.11593563695039068,0.12966990023851394,0.12959383308355296,0.075931176721739269,0.038423817515083149,0.059909488352244362,-0.059484141031432833,-0.12315441630149292,-0.10023824534108562,-0.10243633319623768,-0.04149380841237657,-0.05612869576684066,-0.043744684636453021,-0.029020497154917068,-0.0092691902339584742,-0.018858342488797811,-0.0357058169611264,-0.05589355772635976,-0.0789567951540478,-0.11315593520800273,-0.097169140161111431,-0.16178117431700229,-0.060061607709420581,0.018144441791810094,0.041988767047102256,0.053938911117326752,0.070112848454820256,0.0794462488481292,0.074936308525502676,0.067549066514604628,0.049530809084253925,0.047934065219657172,0.035547173616510851,0.04626560526398512
0.0,0.23269204944760227,0.068120513804226346,0.050277083102336945,-0.055608743966428287,0.10476666353642941,0.13577925176062483,0.15035957293584942,0.15891636174458723,0.16450368911027907,0.15170764111514604,0.13423519755403202,0.028657937123327804,-0.062882363685738227,-0.021963264267410961,-0.025268336593430359,-0.12596443133248436,-0.15568480330208936,-0.14418617286013835,-0.056483032895618533,0.010155857109180723,0.034051679868753126,0.041710271360352637,0.0070916686626763918,-0.0008153207945051017,-0.019100535469183118,-0.057550253796166385,-0.080220118622507969,-0.15495255892559634,-0.13340390128669916,-0.068358396447948971,-0.020382366832703926,0.040171384960764424,0.072374001807636687,0.093191850497279058,0.090888963080942631,0.092207896346981455,0.099845375368992489,0.089333023996122418,0.065747877183769426,0.049040559679269791,0.046824404820799831,0.029117649793624877
-0.10640547253612263,0.094603529372436337,0.166342996239081,-0.061361726822926559,0.064186572887274057,0.16278827546371355,0.18567893473487912,0.18982836174762854,0.18524611400345625,0.1643803228261107,0.13452213170627753,0.062903534542074646,0.070320216799570651,-0.019145537088271731,-0.091011353708193479,-0.058944800154616436,-0.06126459805915753,-0.076324097109866929,-0.0504442797973752,-0.0333636525071791,-0.015148245107286192,0.0068039095988181439,0.036520612777544641,0.030585396645421332,0.018216911124282292,-0.030708877073231874,-0.06158997082652954,-0.089991844460075979,-0.092946313768625263,-0.062830739735585187,-0.011974115132599966,0.0087009937359163389,0.050311843585222962,0.086984485600675857,0.10796679468715892,0.11386955935846675,0.13007551191314573,0.14031808412280575,0.13860904256051237,0.10853730362874491,0.078461813429991409,0.047508417665958404,0.020242321438023021
-0.19275380847830093,0.200360704580888,0.019073102638491841,0.05441777187466524,0.18523410137961893,0.22502005258292862,0.23213424430838947,0.21831992869837241,0.19973126963033513,0.14731941691466741,0.11873900726185006,0.07897437480694082,0.036657396046966488,0.031826587344260242,-0.012521739074145444,-0.050310220294555681,-0.036581917397551615,-0.021570874502261479,-0.028738363235557483,-0.038319735113402892,-0.027246689390657202,0.02479413478759656,0.034756877796447025,0.0354954782144531,0.024836777449520522,-0.00739557346678339,-0.028092340100556612,-0.035048083535262516,-0.039129973878152667,-0.0088866599820137619,0.00061945849433363439,0.032564723417368331,0.054542862840237155,0.090790308771594871,0.10920364524309452,0.11196530769978251,0.13888287315001854,0.147411712065891,0.10684451604118714,0.0898209912357507,0.075731900675843164,0.050247509256005289,0.05429944545030594
0.069530803913150127,0.21476625653342807,0.1466143472942224,-0.15330921095407124,0.21035181058840335,0.27407943324318956,0.2670304806608903,0.21859785142753804,0.1898257707135152,0.19588653768523265,0.13756934244115399,0.10074459708162717,0.056861100382492188,0.0064678957356152063,0.0048111748086133348,-0.010679708957149271,-0.012509535075371444,-0.0054776211924801926,0.0068859492050744276,0.00608465285166491,0.007429565627562796,0.022101671832691256,0.01400409931583064,0.041244205660544909,0.030946624073150911,0.015961223134869022,0.0055898197509426,-0.012633997887196774,-0.0079053954475305291,-0.0021192862600400986,0.010843640800885623,0.046031516494935955,0.046107156918599054,0.071081609864320078,0.078574153560179258,0.11698540889968474,0.11637679487466812,0.13658506092098025,0.15061348254481952,0.14811865813457048,0.12473520237420287,0.0840915660891268,0.035727833849915229
0.15258590835664007,0.15608497301042176,0.27237140380650421,0.16438982240173389,0.20968527874272119,0.3190017595887184,0.30383910451616558,0.23555535026665392,0.19518880520836782,0.17945681126980945,0.14360077356298764,0.099562278364674517,0.061315860567164829,0.035146570795526105,0.018319268952365273,0.012703406769011555,0.017086439740590074,0.025524304248392582,0.030243332691068919,0.037575899376248827,0.033685414889908352,0.00676437517466137,0.014520167845434376,0.033727124881218463,0.030515205623074013,0.033388355069539764,0.02048745249031168,0.014537011968301764,0.0067651183775591633,0.0061323860987882927,0.026488898588078364,0.034378640282039456,0.030171323912563146,0.056689951285395931,0.094166407982508346,0.11009582017476742,0.15782023459672928,0.17291605046817235,0.13819916158914566,0.11707340956976016,0.073381106714131658,0.0031637111333785235,-0.049616720863223933
-0.045926526464998375,-0.13913719555785065,0.12570032693127181,0.32970651620771829,0.32191397718020848,0.39051712670568695,0.33804335285510334,0.26124865025804755,0.19947667625443688,0.13307503989692462,0.1201270560509172,0.10613697290909095,0.07590470338861148,0.053410199570602605,0.035541477014443705,0.022914792252880224,0.02775604456015255,0.035470279886625537,0.045033815254767733,0.0543382613964024,0.040374912924188024,0.012417766402270927,0.030309766943433455,0.034890790159503617,0.0382737684994936,0.035588754276777136,0.029042316986055208,0.023991940612042392,0.016330189662627302,0.022671144025830123,0.021038477968735,0.013075759617744811,0.027751489422091533,0.067447962382665053,0.11277287185192109,0.18160089277304137,0.18935942248656199,0.16537002846598625,0.10614099270767635,0.06124936008396057,0.0078268653639868169,-0.03162812072640428,-0.084922104940882745
0.0,0.15342619579330513,0.23743164515533385,0.57185824668655794,0.72461952022680143,0.58617901681242768,0.40310843001332197,0.27431238368153571,0.18733995239580831,0.12859562527937968,0.11929863103126225,0.11052653441826503,0.086966249815843721,0.062690207585692409,0.040942142903804782,0.03366716006504638,0.031573044040646307,0.035149263528486095,0.046402049768302173,0.051783008557377441,0.041865184782974178,0.032027384394715572,0.03513171410720263,0.042502234024660926,0.044988989692043374,0.043500454202294349,0.04119455241239988,0.036638948851479933,0.028819757943543103,0.022696137285003297,0.013802201034895215,0.033748537224406995,0.05247061205064428,0.10911619906815198,0.17230732567035234,0.15123696310015825,0.12110632985830307,0.11354214015106361,0.079643272377293683,0.0327850208185347,-0.023329483105044346,-0.050763689360960769,-0.060669879040991269
0.0,0.0,0.65643780496385362,0.86567536222676167,0.90657599708613223,0.71767215746821778,0.57854898462832816,0.27104967736428781,0.17295755205615873,0.14589198811778,0.12393845341823719,0.11199531612955795,0.083908180164736376,0.05893928812522637,0.042862836168044142,0.034467540681362152,0.026769819821118181,0.021589125843782878,0.044082210624012456,0.053926438231159141,0.045032840911988857,0.0399594667295997,0.040240397246984333,0.047969892919063568,0.045415651483031422,0.041178603226748794,0.043550155609846118,0.0413584138911504,0.030732447654008864,0.030266570160165429,0.0320703625284995,0.033793507537876182,0.050336293910664541,0.15072880914578071,0.12630325983519908,0.094504410263012956,0.045491633071963279,0.0021188414086484248,-0.0069497376926637329,0.01162109209690243,0.010467157289635256,0.019290060871363885,-0.040742347806891691
0.0,0.0,0.83848419746795255,0.70005306583993576,0.7884938629234538,0.4890576958119332,0.51202863185520631,0.2657234070201715,0.15205229254018876,0.10685943693868698,0.1090913928217358,0.096985089846632691,0.0765163280069828,0.048209957533368937,0.027285623561703796,0.020924833137542009,0.0025428211128410813,0.0293643508765464,0.041653022583987981,0.03538080987830957,0.031067868173122407,0.041258972005120347,0.053490663233857885,0.046360355284478932,0.039745839089155195,0.038074397353519654,0.020594958592062958,0.012633413980858257,0.010449123542962803,0.0060120000187173272,0.020970291943880372,0.054561436797181763,0.11219592999528956,0.099233145106284476,-0.0022083766572177409,-0.034300323135943875,-0.019781425460958138,-0.011630469229270669,-0.028116964173085731,-0.016110282408286974,0.03254604867210479,0.022917985860008878,-0.0647959929026131
0.13561719797294716,0.4292406378398565,0.54721550881862635,0.41196866967174767,0.21709428104804829,0.32824055689315385,0.21325640639897142,0.15901380990232741,0.099613942332186942,0.08100355789065361,0.09703111487860773,0.074370415792578748,0.055282138394457954,0.032653048874870423,0.015626316818480309,0.00810703449921372,0.02610203308156795,0.029769158277374048,0.043387729674577713,0.050760444785867422,0.051524581244358651,0.049902196175285747,0.0524148266017437,0.052343033944015148,0.03478199103847146,0.0073281701258599277,0.020663251548453613,0.028544745193077967,0.031199343709482089,0.047314308790696993,0.06787997058459691,0.086400636304169887,0.037595453134809546,-0.069710211344779685,-0.138866107112595,-0.079901085700839758,0.022952790336502302,0.085218027532100671,0.10306702836834152,0.09270168151016589,0.046335097057102571,-0.054830359027255325,-0.1639289324482282
0.28341754050381535,0.35247955851110757,0.25921376713504179,0.26348163551020043,0.077859440696065443,-0.14215638008402678,-0.036187626389987966,0.039156851545739613,0.031904427685820663,0.050282545215277759,0.057372233227771872,0.061514303878401268,0.048936459626401627,0.017045858475655592,0.015170010437000671,-0.012537240825342732,-0.00017662953124036667,0.018293391809695296,0.029156877521287511,0.041644881375961833,0.04597640809203897,0.047414402211351056,0.0654344093799591,0.04182332857615418,0.015226672220576023,0.017190134859885329,0.040835976887207762,0.041043660155049073,0.0728740431368351,0.0859697382324017,0.020026264992473577,-0.104090281624209,-0.16985501376567064,-0.14649624267110117,-0.061739281900227067,0.0692355668730231,0.12481310606002807,0.095814494485104526,-0.0038063174850928288,-0.043950554520751424,-0.064868290916470311,-0.10071078923841317,-0.12110685530517783
0.22697233416450521,-0.04914707901612432,0.011509777229070902,0.1920791642551194,-0.30210753583482336,-0.31674288870080519,-0.10139723448846184,-0.034070642316275893,-0.0023988261027918798,0.0045111021449234356,0.0187650342185017,0.018254632201616564,0.01333353806425024,0.0016447440764211395,-0.0048324401006818963,0.0019146164133282447,0.021375971054658292,0.032392217467228569,0.056418864588652341,0.077602522447705269,0.083540838487722258,0.077444136408822875,0.049043348258627315,0.016282381274289003,0.019727248313406911,0.0046325404955833045,0.043802734363082518,0.11879175614852172,0.077363718282431368,-0.084877532042030773,-0.18974454811325781,-0.22350010046592125,-0.19005904089787912,-0.093207454165587053,0.041854497564669982,0.087199902596573037,0.081260931938886644,0.026410210156777445,0.03659730655886835,0.023263895293124594,-0.027010254601399147,-0.11046412137561831,-0.21411082286525657
0.0078997814646419636,-0.13339926302433014,-0.017074897980064827,-0.12822899160188475,0.0,-0.11118964516361685,-0.053913053792381434,-0.12930414198882997,-0.057909001428633929,-0.042248578763312915,-0.040691057466236608,-0.02773907727428845,-0.031486364713470848,-0.018600073144105927,-0.0082922274856988727,-0.0079440607479572753,0.021041912729209609,0.065198384482285071,0.09307901484185252,0.10109465127741849,0.085451596216963868,0.059179461914403687,0.013856254289678942,-0.0098927705739383937,-0.022313252734702787,0.060095722493888053,0.15240166819205991,0.002335474109839134,-0.16975882150179061,-0.26474986639287734,-0.27402102887630464,-0.20196826645621546,-0.085951399566450468,0.029119755087706905,0.0675567969403885,0.019345811971176703,-0.026488335586951246,-0.054050194461726479,-0.058298236380020775,-0.0918961634238561,-0.1633886331319809,-0.20503575813311797,-0.230921586509794
0.0,0.0,0.0,-0.033483030286906461,0.0,0.0,0.0,-0.13302879926620745,-0.11750930606980216,-0.11014340221881866,-0.065249847780380926,-0.060297335498034954,-0.05674276269715408,-0.02422454096977749,-0.028996617984816883,0.0085670864084802043,0.055064073914001067,0.094518683850765228,0.072744959098254819,0.019155694392573988,-0.00089171102652991455,-0.022540313865257695,-0.04004246519235171,-0.042515650132877961,0.08587833692749533,0.1309825491958431,-0.038141304412140295,-0.21002441572566186,-0.24928265810012817,-0.26457466847366756,-0.22795815655478724,-0.082802925707289463,0.01575555804551446,0.035540710651100829,-0.049198982860096815,-0.11048955128838618,-0.16677307577005454,-0.16913691676896195,-0.15108965426683427,-0.16917452402412891,-0.17383548184748618,-0.18144869059324265,-0.17335857823491097
0.0,0.0,0.0,0.0,0.0,0.0,0.0,-0.17650661748998306,-0.18691751603037118,-0.11896551293986184,-0.0899449331065019,-0.088125083944760263,-0.055056766465757835,-0.047190296463668346,-0.024670271984031125,0.038068646525061922,0.089889547691263,0.059115924832314766,0.0089387113588725638,-0.019880425013752756,-0.051060926104927885,-0.040082294502868675,0.022346285039431327,0.11350306316873887,0.048999535514869623,-0.19328033864690825,-0.28293116071394514,-0.23771934264472552,-0.23071799541895205,-0.1960145171199526,-0.1254530020191201,0.0039877987777193384,-0.000907507466359271,-0.10433522490698292,-0.19498012065887452,-0.19941040873527527,-0.20389703584128413,-0.19015753628878757,-0.16821949280077411,-0.14550000402544225,-0.14377157445307132,-0.16189699247479439,-0.1549016816748513
0.0,0.0,0.0,0.0,0.0,0.0,0.0,-0.20737483060878256,-0.24451408796012403,-0.11422112832466762,-0.10557657502153341,-0.091820267205302786,-0.073628270012490893,-0.044574181756211653,0.0032666317248881303,0.068441972485743463,0.05294621066423133,0.030879305785193163,0.017882912377586012,-0.010275482335278103,0.026812760111201425,0.10572872444152318,0.08731257987754612,-0.048576955373088516,-0.16730993489424387,-0.23755658684032305,-0.2413553457569193,-0.20399198222618836,-0.17904164355534774,-0.10530874650511476,0.007283596737709429,0.015674811555072665,-0.023538688663393259,-0.091009886866366421,-0.14627369272488136,-0.15301559805870058,-0.16295909495265395,-0.17153829667303297,-0.14610346627456169,-0.10480753635918652,-0.1106674216155495,-0.13065960926228556,-0.12591756273199012
0.0,0.0,0.0,0.0,0.0,0.11380462351253012,-0.047581669163592882,-0.099788925063988509,-0.24292484033798825,-0.12954348873118965,-0.12293708713158318,-0.0950812759195886,-0.087209342047572136,-0.036379912421398333,0.01895156603208498,0.004203756067641627,-0.010875160787587187,-0.01050353071106405,-0.032845838688081129,0.061318349296925589,0.091537437587976458,0.021329181129112841,-0.09349517710506916,-0.13900513122124331,-0.18957358598709106,-0.216545220464468,-0.18093628960627098,-0.10066160320171289,-0.034760786806819613,0.060211544945979349,0.078376506641507152,0.0080073587790442016,-0.026281887665390968,-0.078591241836547851,-0.078290573383371032,-0.097238514721393582,-0.12167280995183522,-0.14691718971287762,-0.10506588130675514,-0.058204530451733336,-0.073802503308764214,-0.099451337275760512,-0.094880918184152022
