SouthSea_Web/demo/jsonfile/2017-12-16-15.json
{"header": {"parameterUnit":"m.s-1","parameterNumber":3,"dx":0.1,"dy":0.1,"parameterNumberName":"Northward current","la1":29.0,"la2":12.0,"parameterCategory":2,"lo2":131.0,"nx":250,"ny":171,"refTime":"2017-12-16T15:00:00","lo1":106.0}, "data":
[rows 114 to 132 of 171, columns 86 to 128 of 250]
-0.016611829050816596,0.0010784307572369774,0.0035787010371374586,0.0037444634363055229,0.0018580070172902197,0.011092340263227621,0.023460215423256159,0.035586747030417122,0.0431155264377594,0.039703619976838432,0.0767919309437275,0.076136481016874313,0.099072828888893127,0.098125840226809188,0.094315484166145325,0.085866749286651611,0.0,0.028898739255964756,-0.00034105204395018518,-0.019350962713360786,-0.041456945240497589,-0.047501197084784508,0.0,-0.049775347113609314,-0.05289926752448082,-0.028704970143735409,-0.017121580196544528,-0.0085924128070473671,0.0,-0.011616123840212822,-0.022620443254709244,0.0,-0.034482672810554504,-0.039068829268217087,-0.047524629160761833,-0.0654047280550003,-0.078186579048633575,-0.10017257928848267,-0.040250492282211781,0.018553727306425571,0.063151061534881592,0.12452798336744309,0.175423726439476
-0.014782190090045333,0.014169886941090226,0.019979421049356461,0.021319751162081957,0.026378485560417175,0.034925189241766928,0.046992616107066475,0.050136522948741914,0.041114017367362976,0.026793178791801136,0.032172937567035355,0.055332580581307411,0.07902202382683754,0.087153986096382141,0.0853150263428688,0.088367335498332977,0.070216059684753418,0.027829632163047791,0.0063451367896050215,-0.020650837570428848,-0.051677074283361435,-0.056965306401252747,-0.087418854236602783,-0.088766850531101227,0.0,-0.073015265166759491,0.0,-0.029205979779362679,-0.033314134925603867,-0.019051856361329556,-0.024188550189137459,-0.023412153124809265,-0.031705502420663834,0.0,-0.031472522765398026,-0.033133350312709808,-0.069616459310054779,-0.040866282768547535,0.0068601891398429871,0.032625839114189148,0.0,0.094794254750013351,0.12088416144251823
-0.00757277496450115,0.022515171766281129,0.01909914892166853,0.0079222221858799464,0.019461626652628183,0.040094038471579552,0.0557598665356636,0.062413492240011692,0.055463466793298721,0.042127526365220547,0.033181434497237206,0.039903087168931962,0.052636805921792984,0.06785975769162178,0.077664606273174286,0.082896701991558075,0.074291152879595757,0.062624089419841766,0.046951988711953163,0.0089513184502720833,0.0,-0.081616528332233429,-0.10731403157114983,-0.11503922194242477,-0.11340751498937607,0.0,-0.095903076231479645,-0.0888051800429821,-0.054537203162908554,-0.059843495488166809,-0.024147866293787956,-0.014057782012969255,-0.0066872588358819485,-0.01536388136446476,0.00511879101395607,0.00879243016242981,-0.00450868986081332,0.0351033341139555,0.073890343308448792,0.066920386627316475,0.029838173650205135,0.02998131699860096,0.070753950625658035
-0.0075952196105693775,0.0095712445327080786,-0.0039469296849953634,-0.013779457891359925,0.003551312445779331,0.023125736974179745,0.035718650370836255,0.043020919896662235,0.053395175685485206,0.056312211789190769,0.054514297097921369,0.048793223996957145,0.049357776840527855,0.050030209124088287,0.069216493517160416,0.08434479683637619,0.09048762172460556,0.0903247557580471,0.090495087206363678,0.022739419713616371,-0.021391617134213448,-0.051115132868289948,-0.081044189631938934,-0.13184769451618195,-0.13780885934829712,-0.13795469701290131,-0.14449179172515869,0.0,-0.12335216999053955,-0.070012681186199188,-0.06863170862197876,-0.0139814717695117,0.0,0.017209921032190323,0.0,0.04653489962220192,0.064529821276664734,0.08761461079120636,0.084320630878210068,0.034071836620569229,0.036868676543235779,0.0,0.022239764221012592
-0.044163569808006287,-0.0356404062670966,-0.037289928644895554,-0.0376345407217741,-0.029692673124372959,-0.0070545397077997523,0.0083141354843974113,0.023732253350317478,0.036413120571523905,0.054632699489593504,0.050405803136527538,0.041104177944362164,0.031622425653040409,0.027638966217637062,0.0356438122689724,0.067965522408485413,0.0,0.10809742659330368,0.095814831554889679,0.0639834925532341,0.037577278912067413,-0.00074263196438550949,-0.05874499399214983,-0.09754510223865509,-0.1069667711853981,-0.13091453909873962,-0.15025679767131805,-0.16049053519964218,0.0,-0.13524831831455231,-0.10850231349468231,-0.060424115508794785,-0.0052303704433143139,0.0034877067082561553,0.035430707037448883,0.042805271223187447,0.071936555206775665,0.075878061354160309,0.043348725885152817,0.057128164917230606,0.045145401731133461,0.016974207013845444,0.049868278205394745
-0.12433758626381557,-0.09903203944365184,-0.085880078375339508,-0.085894182324409485,-0.082572415471076965,-0.0588476387783885,-0.023384307433540624,-0.00717583327786997,0.014660391677170991,0.026753339450806379,0.019494702666997911,0.008747779531404376,-0.0014375252649188042,-0.0133700892329216,0.01135335979051888,0.032121956348419189,0.073454823344945908,0.071062751114368439,0.10745186731219292,0.095704711973667145,0.073743127286434174,0.067499689757823944,-0.028543531894683838,-0.030133187770843506,0.0,-0.086685121059417725,-0.13584788143634796,-0.16351602971553803,-0.17970812320709229,-0.17520618438720703,-0.14046706259250641,-0.0842313077300787,-0.040127884596586227,0.0,-0.0015508282231166959,0.0098720770329236984,0.072728767991065979,0.057539485394954681,0.051044613122940063,0.04442206397652626,0.0,0.074139200150966644,0.10472550988197327
-0.16645613312721252,-0.14686981588602066,-0.13785172626376152,-0.13018671671549478,-0.088649162401755646,-0.0444691464304924,-0.034878709167242047,-0.020422754809260368,-0.0020412864541867748,0.0014328362158266828,-0.01947037021163851,-0.029954292811453342,-0.037926731631159782,-0.043252302333712578,-0.029641401022672653,-0.0081836455501616,0.013877399265766144,0.066680807620286942,0.055016424506902695,0.0791548602283001,0.0,0.046210311353206635,0.053329207003116608,0.023309121839702129,-0.00034856051206588745,0.0,-0.060598094016313553,-0.11649581789970398,-0.17043961584568024,-0.19696009159088135,-0.15909950435161591,-0.091515079140663147,-0.092504747211933136,-0.044941756874322891,-0.047304444015026093,0.036150146275758743,0.062210984528064728,0.065130118280649185,0.056987177580595016,0.076952815055847168,0.090372818211714431,0.13369370996952057,0.12437118589878082
-0.20638236155112585,-0.20348922908306122,-0.1949864434344428,-0.17013261147907802,-0.1010815149971417,-0.053353210112878253,-0.037019560113549232,-0.025206156075000763,-0.0071137910708785057,-0.021729243220761418,-0.039832093752920628,-0.057127751410007477,-0.055540284141898155,-0.061910580843687057,-0.058582121506333351,-0.04262494295835495,-0.020110637880861759,0.0076950788497924805,0.03528420627117157,0.031539347022771835,0.074960403144359589,0.092473216354846954,0.099533483386039734,0.079739011824131012,0.068050511181354523,-0.0090215839445590973,0.023047149181365967,-0.06352870911359787,-0.11421271786093712,-0.16447848081588745,0.0,-0.12076853215694428,0.0,-0.10015939921140671,-0.080572379752993584,-0.040147546678781509,-0.0031887367367744446,0.061715729534626007,0.076352782547473907,0.08678048849105835,0.11479149013757706,0.129983052611351,0.13044072687625885
-0.23394367098808289,-0.21416166176398596,-0.16509440913796425,-0.13743740568558374,-0.094128354142109558,-0.056114593893289565,-0.025443976434568565,0.00019952437529961267,-0.0032984223507810384,-0.027260712347924709,-0.061160088516771793,-0.071175095935662583,-0.072903923690319061,-0.069213047623634338,-0.069172665476799011,-0.067193739116191864,-0.048561947420239449,-0.0074942442588508129,-0.013930353336036205,0.037028495222330093,0.048037491738796234,0.086151029914617538,0.10823661834001541,0.12982553988695145,0.098069824278354645,0.073085203766822815,0.0,-0.004888542927801609,-0.075041495263576508,-0.092831946909427643,-0.12471821904182434,-0.1122305765748024,-0.12796732783317566,0.0,-0.13619755953550339,-0.0961759090423584,0.0,0.028240755200386047,0.057176223024725914,0.072892405092716217,0.099936008453369141,0.116731658577919,0.12168062726656596
-0.22651625871658326,-0.20208636564867838,-0.16076925065782335,-0.10999163240194321,-0.084539654664695263,-0.0451502302395446,0.0054947586807732778,0.014269677363336087,-0.0014224969781935215,-0.034799555316567421,-0.061250453814864159,-0.074125401675701141,-0.0888548269867897,-0.088207956403493881,-0.083719328045845032,-0.0734604075551033,-0.062046604230999947,-0.052830934524536133,-0.015752412378787994,-0.014410237781703472,0.060789864510297775,0.0,0.13241356611251831,0.0,0.13208258152008057,0.11207936704158783,0.062818346545100212,0.0,-0.026553366333246231,0.0,-0.085449583828449249,-0.110750962048769,0.0,-0.13664299994707108,0.0,-0.1228860653936863,-0.050309039652347565,-0.018645217642188072,0.013758917804807425,0.048777345567941666,0.066462583839893341,0.091921206563711166,0.1020251139998436
-0.22025526463985443,-0.21668258038434116,-0.1989555921819475,-0.14899482909176084,-0.090695489663630724,-0.032130317471455783,0.015316579840146005,0.025529025588184595,0.0028705558118720851,-0.027765201404690742,-0.050486236810684204,-0.07026468962430954,-0.0975663885474205,-0.10383257642388344,-0.088207609951496124,-0.084994204342365265,-0.0628996454179287,-0.044864092022180557,-0.029731497168540955,0.00075580686097964644,0.021432047709822655,0.093333031982183456,0.0,0.15649794042110443,0.14366993308067322,0.099262349307537079,0.0,0.05830046720802784,0.017932765185832977,0.0,-0.050924139097332954,-0.066197358071804047,-0.098772443830966949,-0.11538419872522354,-0.15194129943847656,-0.13755051791667938,-0.12409931793808937,-0.071981396526098251,-0.040400464087724686,0.0207156534306705,0.0,0.073151223361492157,0.066898036748170853
-0.20384367257356645,-0.20083008813006537,-0.190486316382885,-0.16807078445951143,-0.11607842426747084,-0.051731677060680728,0.017295767995528878,0.043441001015404858,0.025445207332571346,0.00023435013493629717,-0.0352676073089242,-0.063212404027581215,-0.10344455018639565,0.0,-0.11123061552643776,-0.090344808995723724,-0.058353448286652565,0.0,-0.029953055083751678,0.0,0.035454291850328445,0.06992725282907486,0.13096044212579727,0.0,0.14658962190151215,0.12435434013605118,0.0,0.05625317245721817,0.04056302085518837,-5.5827083997428417E-05,-0.018632976338267326,0.0,-0.0724957138299942,-0.10241380706429482,-0.1320195198059082,0.0,-0.12429727613925934,-0.11927513033151627,0.0,-0.026941182091832161,0.024560173158533871,0.054601620882749557,0.057641064748167992
-0.11906327158212662,-0.13351207027832668,-0.14712013304233551,-0.148637789946336,-0.1226001914877158,-0.051680535078048706,0.02982546075197336,0.067092567061384514,0.043463027725617089,0.015356447470063964,-0.029909898526966572,0.0,-0.083438895642757416,-0.12263118103146553,-0.12367074191570282,0.0,-0.090118065476417542,-0.031241632997989655,0.0,-0.0052451458759605885,0.0,0.061156123876571655,0.093878656625747681,0.12601053714752197,0.11599879711866379,0.0,0.10702231526374817,0.091600812971591949,0.0,0.025763612240552902,-0.0074548590928316116,-0.042025692760944366,0.0,0.0,-0.0945834331214428,-0.12325979024171829,-0.13245582580566406,-0.11105981469154358,-0.099104166030883789,-0.070407316088676453,-0.019160777796059847,0.0061149780716126161,0.023616516962647438
-0.038563494903168509,-0.1319871928010668,-0.15702923486630122,-0.13635387324861117,-0.092930761831147332,-0.017202862150346238,0.048915044249345861,0.072039903451999024,0.048195447772741318,0.018454559147357941,-0.02315822895616293,-0.061277523636817932,-0.10368349403142929,0.0,-0.1249229833483696,-0.10142111778259277,-0.063810743391513824,-0.056959092617034912,-0.051065664738416672,-0.032468785531818867,0.0040563526563346386,0.0,0.069605909287929535,0.069387316703796387,0.0,0.0984320119023323,0.0,0.072870440781116486,0.0657186284661293,0.0,-0.010528070852160454,0.0,-0.040720481425523758,-0.06830839067697525,-0.053827185183763504,-0.078121457248926163,-0.10169894248247147,0.0,-0.09581216424703598,-0.087805204093456268,-0.059973377734422684,-0.046274613589048386,-0.030468010654052097
-0.0925508441690069,-0.15672076608125979,-0.18749828104461944,-0.052204141858965158,0.082524926850705269,0.0870249223895371,0.081738779490644287,0.053185371415955682,0.02471202549835046,0.014821925200521946,-0.0031970628187991679,-0.039004892110824585,-0.066169798374176025,-0.098837513476610184,0.0,-0.10028015449643135,0.0,-0.064197484403848648,0.0,-0.06000983715057373,0.0,-0.011136176995933056,0.0133719677105546,0.0,0.036737062036991119,0.054916618391871452,0.0,0.07593458890914917,0.0,0.041555069386959076,0.036035515367984772,0.0,-0.027938496321439743,0.0,-0.040124900639057159,0.0,-0.042469924315810204,-0.080398589372634888,-0.076021779328584671,-0.0778379924595356,-0.08246699720621109,-0.070000153034925461,-0.073324849829077721
-0.0776197395574015,-0.20109773551424345,-0.15440148088293007,0.1087658324977383,0.23997706174850464,0.18109427293141683,0.11098227236005995,0.034957639407366514,0.0053225628410776453,0.00263376176978151,0.0083940345793962479,-0.01060792850330472,-0.029339801520109177,-0.05708584375679493,-0.06303694099187851,0.0,-0.072527468204498291,0.0,-0.071756385266780853,-0.075568519532680511,-0.048993010073900223,0.0,-0.016900256276130676,-0.02581421472132206,0.0,-0.0018214381998404861,0.0,0.054803803563117981,0.053673326969146729,0.0,0.0,0.0076743224635720253,-0.010296834632754326,0.0,-0.0117090605199337,-0.016078589484095573,0.0,-0.030698934569954872,-0.032613649964332581,-0.060591183602809906,-0.0816926583647728,-0.084777231017748519,-0.090532441933949784
-0.11640094486730439,-0.18683420760290964,-0.075192085118032992,0.2007919043302536,0.22051551938056946,0.1387885441382726,0.080795751263697937,0.019029548426624389,9.0949082126220073E-06,-0.003681022091768682,-0.005954788823146373,-0.0074253292987123132,-0.014164948835968971,-0.029090007767081261,-0.028615457005798817,0.0,-0.061696812510490417,-0.064943037927150726,0.0,-0.062443524599075317,-0.05689452588558197,-0.053877424448728561,0.0,0.0,-0.050678275525569916,-0.069598555564880371,-0.0060383197851479053,0.0,0.0,0.0436568483710289,0.037536952644586563,0.0,0.0,0.0060766739770770073,0.0049113915301859379,0.016258306801319122,-0.00041103153489530087,-0.016434261575341225,-0.025904982816427946,-0.050298888236284256,-0.066164400428533554,-0.078872206310431167,-0.080756324032942459
-0.097263925770918525,-0.15042715838977269,0.10431216633878648,0.28804400448615736,0.214748444656531,0.12074559852480889,0.058079762011766435,0.011188459616581289,-0.006663997657597065,-0.012202330399304628,-0.016796918585896492,-0.021310782060027122,-0.030939450487494469,0.0,-0.021647170651704073,-0.026834815740585327,-0.024528851732611656,-0.034836146980524063,-0.041342385113239288,0.0,-0.069913521409034729,0.0,-0.061387024819850922,-0.087548278272151947,0.0,-0.066650815308094025,0.0,-0.021649998147040606,0.0,0.013620630837976933,0.026506867259740829,0.036823952570557594,0.036169767379760742,0.045180737972259521,0.033040136098861694,0.0,0.00974844116717577,-0.000777397770434618,-0.0079908013576641679,-0.017687155865132809,-0.045412629842758179,-0.055732807765404381,-0.067314596225818
-0.17247907618681591,-0.0792092344413201,0.24476135522127152,0.27637122686092669,0.20326200872659683,0.10685513913631439,0.039447057992219925,0.0050251665525138378,-0.014573920052498579,0.0,-0.021222120150923729,-0.027606520801782608,-0.038998777978122234,-0.04365938063710928,0.0,-0.012368480674922466,-0.012657611281611025,0.0,0.012453900650143623,0.0,-0.036927603185176849,-0.06575438380241394,0.0,-0.10017672926187515,0.0,-0.11043649911880493,0.0,0.0,-0.033338878303766251,-0.0242807324975729,0.0,0.0,0.047994274646043777,0.050300400704145432,0.03468666598200798,0.030743120238184929,0.013177827931940556,0.0019543934613466263,0.011075083166360855,0.0010991068556904793,-0.036701594479382038,-0.021479783890148003,-0.031327245407737792
