SouthSea_Web/demo/jsonfile/2017-12-15-03.json
{"header": {"parameterUnit":"m.s-1","parameterNumber":2,"dx":0.1,"dy":0.1,"parameterNumberName":"Eastward current","la1":29.0,"la2":12.0,"parameterCategory":2,"lo2":131.0,"nx":250,"ny":171,"refTime":"2017-12-15T03:00:00","lo1":106.0}, "data":
[rows 114 to 132 of 171, columns 42 to 83 of 250]
-0.47716387775209212,-0.38803996200914737,-0.32625950928087588,-0.30655426007729991,-0.27750838175415993,-0.26917682864047865,-0.24052553444073119,-0.23139397551616034,-0.24454579976471988,-0.24026174076965878,-0.25862037974434932,-0.26989736044129659,-0.24524196116037147,-0.18711243926183038,-0.14894659784824951,-0.17341844957660546,-0.20766581837897716,-0.24458940327167511,-0.2641660231490468,-0.25886935606980938,-0.251990978206907,-0.23678513243794441,-0.22957417624337331,-0.2609529122710228,-0.30944010913372039,-0.33888965419360567,-0.280790975689888,-0.20903665386140347,-0.21448760252931845,-0.18221650943160056,-0.14511807076632977,-0.11077597680000159,-0.074724555636445686,-0.024334893678314984,0.0063648585152501864,0.0036398834652370876,-0.0040078473266476067,0.013443896879575082,0.040881492507954441,0.064736977964639661,0.084653142094612124,0.099373526871204376
-0.43971720337867737,-0.37522417426109311,-0.35203499289659351,-0.3169398388037315,-0.29106682649365179,-0.27259441678013119,-0.24407872365367028,-0.24765704346425604,-0.25097523919410175,-0.22631477387178511,-0.27608229219913483,-0.29125844988417116,-0.24805517246325812,-0.22700875458018532,-0.20708996211660319,-0.24890590202191781,-0.3099860431892531,-0.34688883048036823,-0.35889744393679562,-0.33059571621318656,-0.30618326597743561,-0.31233363197400021,-0.31306003607236421,-0.3552055093082222,-0.41380404267046189,-0.42712937920324262,-0.3315021512763841,-0.24880329643686613,-0.23333611871515,-0.18816653599864558,-0.15372585636727951,-0.1071965740993619,-0.069680022386213139,-0.027970629006934662,-1.3631387529048054E-05,0.003833734275152286,-0.004896759744042356,0.011143287265440449,0.047641992302877564,0.090104240179061892,0.11627242714166641,0.12970783313115439
-0.40341493746508722,-0.34494599589595087,-0.30310961344967718,-0.28038060665130615,-0.26635314027468365,-0.24458233565092086,-0.25206237070022092,-0.275838480251176,-0.2494348742067814,-0.28147272037135229,-0.33015752272172405,-0.29273073623577756,-0.26209111021806114,-0.24981819544183581,-0.23442602764677117,-0.23341263989607494,-0.29423840054825173,-0.33431972113866654,-0.34265322315281838,-0.35413592488601292,-0.38343571548192007,-0.41488363397748845,-0.38093812649066633,-0.36851464550603519,-0.39392157226074032,-0.40961507204416636,-0.36722337404886879,-0.32421511742803788,-0.27134612450997037,-0.2075197911924786,-0.17813764605671167,-0.12344737936343465,-0.081222592187779288,-0.048205376043915747,-0.027757373741931386,-0.016888796351850033,0.0041032022309082095,0.029982807114720345,0.073662028958400086,0.10573844487468402,0.14013389647006988,0.1572188526391983
-0.37774628281593325,-0.31170560479164122,-0.25567769783514516,-0.23083014786243439,-0.24642689973115922,-0.26746304813892613,-0.27889223013605391,-0.2982028588652611,-0.2952648456706557,-0.31153743671921064,-0.31203605409930735,-0.28478871676183881,-0.31236343757778989,-0.28707297233974233,-0.278417464194259,-0.30456351441843016,-0.32276308817021987,-0.35759324815175303,-0.36664859174003062,-0.38550192420033441,-0.44061991324027378,-0.4466414011236447,-0.408595675136894,-0.39445984312172594,-0.40132453766736115,-0.40005748216495957,-0.35896033229249896,-0.29455513686969365,-0.24009706486355176,-0.20202642836068807,-0.19121564048178055,-0.14652322828769684,-0.088370714336633682,-0.0509638422065311,-0.03798361743489901,-0.020148068976898987,0.02343685133382678,0.066958471667021513,0.10786216918911253,0.14803757518529892,0.19060390442609787,0.19341810047626495
-0.32385782649119693,-0.29308845281600954,-0.22784208878874779,-0.20776127012712614,-0.25603483376964448,-0.29558966466874786,-0.29851261957695607,-0.32496888762296633,-0.33592174174609007,-0.3040779587768373,-0.28184454370947443,-0.2908018390095331,-0.37293832478942451,-0.36574122213103155,-0.39934900645007437,-0.41654376962676121,-0.41955172104967964,-0.4219558707783731,-0.41411192662575663,-0.3666917160153389,-0.41630302574120315,-0.42250402159285994,-0.39544164507012619,-0.42413547061956847,-0.43298389450196295,-0.41854664424191351,-0.3676197851697604,-0.27968071152766544,-0.22752186426749596,-0.2052081635123805,-0.18306608585750356,-0.14624375051685742,-0.084902129051360214,-0.049489591643214224,-0.041950016385979123,-0.019228164455853403,0.025575170559542521,0.088195016141980886,0.14917022734880447,0.18993348479270936,0.21694744005799294,0.21959730982780457
-0.266244517495999,-0.232122507567207,-0.19562522459913184,-0.22328734397888184,-0.26757008990933817,-0.28874521454175311,-0.2880385118286784,-0.29474607482552528,-0.33356446027755737,-0.30442193959966118,-0.24418259585010155,-0.27501713979888609,-0.27731355738344154,-0.36583240411203838,-0.42348395981090631,-0.39286722455705914,-0.37361237707488032,-0.36093987990170717,-0.35730091935006258,-0.333431115805708,-0.41183945260097071,-0.45806927444261797,-0.42530332381526631,-0.45954312026038652,-0.44597585067937251,-0.38655914292960869,-0.33990935851698334,-0.26876580622047186,-0.2229253060143927,-0.20691738667942228,-0.17360002743570427,-0.13197374859681496,-0.07504501827061176,-0.052001434481806226,-0.05871472554281354,-0.031418446850563796,0.032955721486359835,0.099067336746624532,0.14731381461024284,0.17968148241440454,0.20813777297735214,0.208631731569767
-0.23739922275910011,-0.19901672626535097,-0.19350174188613892,-0.22672233411243983,-0.20868673830321341,-0.25033480780465261,-0.32535951082096543,-0.31999216327127422,-0.28118411875688115,-0.25651719517567578,-0.24629533657993097,-0.3445638877078579,-0.40250867983298516,-0.32954871643221739,-0.26277106879937528,-0.26711578430099919,-0.25956733869733634,-0.25925084976655133,-0.20286901960981654,-0.25850922749515326,-0.31902330333832651,-0.46631987886993509,-0.50974636908733484,-0.45793878781323388,-0.42959071367979051,-0.3645032928950751,-0.33363531325377671,-0.29372136415661992,-0.23022184620300928,-0.17729740687038587,-0.14987929378237044,-0.1232585683465004,-0.070335665510760412,-0.05234219878911972,-0.052216092745463051,-0.015016954424208962,0.054389897501096129,0.11946268938481808,0.15775262245110103,0.18114986643195152,0.19567622244358063,0.17502032468716303
-0.22403592678407827,-0.18606571972370148,-0.18029340108235678,-0.19272160474900846,-0.1871588475563947,-0.23577645229987609,-0.306736219836318,-0.30261182889603733,-0.273838597536087,-0.23852431061475174,-0.26433345377445222,-0.35823502120950296,-0.35946432846011939,-0.28413826907053591,-0.24785289986872336,-0.25375512533071565,-0.2685507181528452,-0.27467414789495215,-0.23305060865442737,-0.26455307952843266,-0.23257839645944781,-0.332283474534223,-0.4200805886062523,-0.44377849578300371,-0.41239394314654237,-0.340377545423722,-0.2883073551689877,-0.25587558411822026,-0.23484676884066674,-0.19671826958656311,-0.13665740717859828,-0.096019545062021774,-0.049197377637028694,-0.012049806226665774,-0.0067134376615285872,0.028257047431543468,0.088824557140469551,0.14015911022822061,0.15618194391330084,0.15467777103185654,0.15367766320705414,0.14086845815181731
-0.15247568949347451,-0.13964728622332864,-0.13287725406033651,-0.15960812834756716,-0.19370077503845096,-0.20234379704509461,-0.22599892135785551,-0.29408100503496826,-0.32165212985835495,-0.303773953477935,-0.27199059799939646,-0.28290709435560141,-0.27558530960764205,-0.30378051623335023,-0.31277715544852,-0.31093580424785616,-0.30315999229123275,-0.29547849553637207,-0.30166647879078107,-0.35576357188678925,-0.41407521866088692,-0.32308038290392493,-0.3494239237272378,-0.24519422446108105,-0.21608822277728343,-0.28959644507177129,-0.25196280345834537,-0.20212759261261926,-0.22089692875742911,-0.20004088140052298,-0.15631690323352815,-0.100886519998312,-0.043462631085680589,0.013463948287868075,0.037190256640315056,0.0721241906285286,0.10875385573932103,0.1366097867488861,0.11604168762763341,0.112992163002491,0.094458606094121933,0.077859876943486075
-0.082785524427890778,-0.08462087486101233,-0.10813656449317932,-0.14889671036909366,-0.21325854634916461,-0.24002748727798462,-0.24350693713534963,-0.33415876184072757,-0.32533590311095828,-0.30400891308709393,-0.32889688428301012,-0.30770957974287177,-0.28526519895309493,-0.31545394941100052,-0.33303244000495369,-0.31427422063104038,-0.314649648844877,-0.3053236357608245,-0.36661033517605551,-0.37127891220465425,-0.38969578230590152,-0.3673361979547094,-0.31034490279853344,-0.20062480274249206,-0.2174698501302485,-0.20547302571433848,-0.30322420965290436,-0.2622760768796577,-0.2441659000786868,-0.22072837305696388,-0.20989373326301575,-0.15881551802158356,-0.080331552308052778,-0.033253305125981569,-0.0025589117964652055,0.03773067276259618,0.058672270072357993,0.062636057979294238,0.029217504023108631,0.024464071883509558,-0.026498658990021795,-0.037495354190468788
-0.069439778104424477,-0.074269482120871547,-0.10019231658606302,-0.14792759330184371,-0.20592881624515241,-0.23382453481818355,-0.311010326732669,-0.32897194189789852,-0.28011886823253757,-0.29598164119358572,-0.28318164251508754,-0.19271589744039375,-0.13552830019073908,-0.079739054015983926,-0.044937265283410126,-0.20506256840235437,-0.28552619549406677,-0.25236935054076004,-0.23694441801878252,-0.26649120339835192,-0.26265801152063384,-0.2943078251489511,-0.29147703576087952,-0.23295471557961686,-0.21582462261704838,-0.22800502015209673,-0.25197911837536269,-0.287981413628744,-0.33255343845016078,-0.30576070575487047,-0.27036361183438984,-0.2084750197827816,-0.15700039019187292,-0.12210428714752197,-0.0978042408823967,-0.043106869794428349,-0.030604148935526609,-0.026439416937396994,-0.042456442179779209,-0.085025954459394731,-0.17853031413895742,-0.24045176969634163
-0.051979699109991388,-0.082610629871487623,-0.10781287823034369,-0.1415812186896801,-0.18469367469802048,-0.22632258690216325,-0.28068358374053032,-0.31148648186575006,-0.25386125842730206,-0.28520115435707805,-0.31013629004611809,-0.2747215134163844,-0.18570176976621708,-0.066179296410068075,-0.13072892164214184,-0.11290292041782916,-0.20861432159249232,-0.27928673120521791,-0.28538012517842765,-0.31830394962503589,-0.23064596496644568,-0.16495020033382787,-0.3020429232727892,-0.33491571969885864,-0.28247295768189251,-0.2131425404548645,-0.26617367386266039,-0.33508358855505249,-0.37523778941896224,-0.35748618468642235,-0.31442041017792444,-0.25119436532258987,-0.23398490037236894,-0.22294075999941146,-0.17367007434368134,-0.13350503742694855,-0.10780214890837669,-0.12216092025240262,-0.1463814027607441,-0.21021059794085367,-0.31553393602371216,-0.38908200959364575
-0.016807268928352964,-0.082257392583414912,-0.11167572777379643,-0.13116393834352494,-0.17322001124129577,-0.23077687223752338,-0.28115931699673335,-0.29507151075771876,-0.24742730761829176,-0.26332506889433371,-0.38938137904676812,-0.47792647416225531,-0.58485141283897468,-0.50669300159203834,-0.45037265283501021,-0.36257201783318338,-0.21212019570290097,-0.24285010566644352,-0.39061008986606394,-0.45540719877090557,-0.35687867078346946,-0.27812399707230812,-0.2966771789879169,-0.40412982125358887,-0.3049839294475058,-0.20939438589731185,-0.18548057061253173,-0.24808985598030545,-0.3109634376090506,-0.32548094008650097,-0.30699027436120169,-0.28207134774753023,-0.28631655871868134,-0.29733741283416748,-0.26960521638393403,-0.22062605619430542,-0.20059327568326676,-0.20549719929695129,-0.25236726179718971,-0.31810193955898286,-0.3806129235487718,-0.4047646125157674
0.026896742075526465,-0.049766552401706576,-0.10071380862167903,-0.12574592791497707,-0.20110594763838011,-0.2612641210789266,-0.28600264706854095,-0.25962130970334352,-0.20128319108927692,-0.24238191890929425,-0.39587794274241483,-0.50523032660943912,-0.59660465064309154,-0.51485677147284148,-0.47851739735296456,-0.5125633792653268,-0.36450083443703313,-0.3189464918719902,-0.29460063104304562,-0.21282448900673917,-0.35979477489346506,-0.51220285103942631,-0.506136801320049,-0.34747374360739441,-0.22883945264390126,-0.17159912628786905,-0.18088649686366792,-0.2224363739291827,-0.26628248492876688,-0.27773155407472089,-0.2729424387216568,-0.27680909136931103,-0.29833146929740906,-0.32854049801826479,-0.32419406622648239,-0.29119808333260672,-0.26956228911876678,-0.25706847906112673,-0.2756647914648056,-0.33992829460364121,-0.35557211509772707,-0.3158368047545938
0.039896250956437805,-0.029053579371455789,-0.09480790959464179,-0.13048425254722437,-0.18286887649446726,-0.27358676463365555,-0.26010128353600914,-0.22851622236832495,-0.20136736688159762,-0.20690114014219529,-0.35331478678598638,-0.44244460293719934,-0.40739331727332256,-0.33217805300201114,-0.13786995844365546,-0.3142030370789905,-0.1937821378441473,-0.23917054758531176,-0.39414355836584414,-0.33785312271221374,-0.20967393901980955,-0.27186996909994177,-0.30469930169424148,-0.2747470379023757,-0.20844615182051293,-0.18138800219434206,-0.18237944453392388,-0.1922449783275002,-0.21202521398663521,-0.24274471567736733,-0.27092351019382477,-0.29185205201307934,-0.29956460992495221,-0.31785696744918823,-0.342001919235502,-0.32623094982571071,-0.30534819430775112,-0.30303790313856943,-0.2815901476603288,-0.31096971264252293,-0.37465141216913861,-0.38698691328366597
0.040597238450903787,-0.032343839663856976,-0.12338889549885478,-0.159215756588512,-0.19052513635584287,-0.26812705232037437,-0.27235087131460506,-0.27522644590824208,-0.24883494954002966,-0.30300763070583342,-0.3873598922206008,-0.40180727935606436,-0.43306358470473177,-0.4505962933568905,-0.37709945760747438,-0.3022843317829223,-0.27163291669078704,-0.22299687287263703,-0.39404620505622212,-0.49928468763828276,-0.34712975302545152,-0.25534011564421943,-0.10880368623519561,0.034759021440915375,-0.06988037835838995,-0.22700005134810572,-0.19390447031367908,-0.1812850058078766,-0.19230792857706547,-0.21820461501677832,-0.26481699347496035,-0.29160192608833313,-0.2953627159198125,-0.31336666004998343,-0.34322089950243634,-0.3291810989379883,-0.32535749444594753,-0.40901219386320847,-0.38647238810857137,-0.3715197928249836,-0.32822454571723936,-0.39348661211820751
0.0048756035458710455,-0.071882277540862557,-0.17206122267704743,-0.21635880891014547,-0.22082824598659168,-0.208255925843882,-0.22129283029667651,-0.29679777235995491,-0.34346177120660915,-0.36875739914399608,-0.42562174420247134,-0.453627226311107,-0.3561148974630568,-0.25628077470023058,-0.24738165216708402,-0.30445296075030237,-0.27887901816901572,-0.22242981876120155,-0.27827818469069471,-0.35320170484483243,-0.32925500757992265,-0.3373034621022411,-0.33565087078269779,-0.22853562363128566,-0.1665605842993034,-0.17150512128137052,-0.17865144680528081,-0.19429643638432026,-0.21377582848072052,-0.22200314700603485,-0.24535736689964929,-0.26719193160533905,-0.27159995834032696,-0.30643767544201445,-0.33006155822012162,-0.31001592924197513,-0.31329627893865108,-0.40831135710080463,-0.41881657640139264,-0.3339290235723768,-0.25251358403609347,-0.3363316161558032
-0.058606401706735291,-0.11712064919993281,-0.23162564486265183,-0.28073876554315741,-0.26963139325380325,-0.20831293284893035,-0.21383948814361653,-0.21714772590819528,-0.29108382793523935,-0.39295957469138776,-0.4603517270088196,-0.46382455075724743,-0.35284351849857765,-0.26021264114622344,-0.26767408897479378,-0.30137565537639288,-0.28622738493455424,-0.26636189726037041,-0.25524393588304517,-0.30696546828204935,-0.35508846301658481,-0.30319663566170318,-0.25571356754045227,-0.1892893871665001,-0.17135772109031677,-0.20755547049798465,-0.18747339583933353,-0.17953548207879067,-0.18073456982771555,-0.20615137368440628,-0.236257034043471,-0.26250022053718569,-0.27485110504286631,-0.30190112193425495,-0.32237229834903369,-0.30108522943087984,-0.33326026995976765,-0.4186164061228434,-0.45178958560739246,-0.42097777979714529,-0.39124769369761148,-0.418929785490036
-0.11531706473657064,-0.16441236436367035,-0.24494443833827972,-0.31128583020634121,-0.32444677840579639,-0.26981991848775316,-0.26000413649222431,-0.24685360104949386,-0.24926691626509032,-0.4035834998727959,-0.48740644988942811,-0.48428978472319334,-0.36467425525188446,-0.29853158959975612,-0.28078028985432218,-0.27160821412060709,-0.28944983333349228,-0.26161514397929697,-0.27389662208095672,-0.33342385788758594,-0.38832654624149715,-0.32951392178182248,-0.27396822132562337,-0.23786476651827496,-0.22263530109609878,-0.24381956126954821,-0.22234004310199193,-0.20858305479798997,-0.18680794537067413,-0.18831714391708374,-0.20632277677456537,-0.24488175979682378,-0.29039905752454487,-0.30716464916865033,-0.3179699663932507,-0.30475961963335674,-0.31939747503825594,-0.37569240927696229,-0.39373647740909029,-0.367531543970108,-0.48363910615444183,-0.56357650756835942
