SouthSea_Web/demo/jsonfile/2017-12-15-03.json
{"header": {"parameterUnit":"m.s-1","parameterNumber":3,"dx":0.1,"dy":0.1,"parameterNumberName":"Northward current","la1":29.0,"la2":12.0,"parameterCategory":2,"lo2":131.0,"nx":250,"ny":171,"refTime":"2017-12-15T03:00:00","lo1":106.0}, "data":
[rows 152 to 170 of 171, columns 43 to 85 of 250]
-0.31003502011299133,-0.29575026532014209,-0.3049699564774831,-0.29979782303174335,-0.28321961561838788,-0.25463825464248657,-0.23011688515543938,-0.21345162391662598,-0.18442213038603464,-0.1614514857530594,-0.12658390402793884,-0.084041660030682877,-0.050947080552577975,-0.018577719107270241,0.0083265648766731228,0.030642345547676086,0.0443997693558534,0.0931406170129776,0.14487172414859137,0.2011934369802475,0.22120645642280579,0.2177903838455677,0.18329235166311264,0.15489779412746429,0.1222021896392107,0.10602611601352692,0.13105383701622486,0.20912668108940125,0.28446921706199646,0.3326382040977478,0.34058337410291034,0.31604745984077454,0.273476779460907,0.23847576975822449,0.19460805505514145,0.15339936316013336,0.11517989387114842,0.0913851223886013,0.0,0.067407630383968353,0.063819363713264465,0.068437296897172928,0.077536284923553467
-0.31634511947631838,-0.30840545147657394,-0.30327927470207217,-0.29020118713378906,-0.26128843426704407,-0.23283429940541586,-0.20280690193176271,-0.17347291857004166,-0.14446394642194113,-0.11966985650360584,-0.096900893375277519,-0.060460135340690613,-0.039173660799860954,-0.011874391522724181,0.017228871438419446,0.035276840440928936,0.053569348528981209,0.094483882188797,0.1596994586288929,0.19485227763652802,0.19653740525245667,0.16909092168013254,0.1363326370716095,0.12772986441850662,0.13367913663387299,0.14372135140001774,0.18676145374774933,0.25650230050086975,0.31238488107919693,0.34397628158330917,0.33281053602695465,0.30546554923057556,0.26938668638467789,0.22533681243658066,0.18090667575597763,0.134133609632651,0.0,0.0884455144405365,0.0710756853222847,0.052144903689622879,0.046777054667472839,0.054964391514658928,0.057809522375464439
-0.32809969286123913,-0.31306421160697939,-0.30366518348455429,-0.28701052069664,-0.24635525792837143,-0.21394835909207663,-0.18380816653370857,-0.13768245279788971,-0.11018720517555873,-0.089748863130807877,-0.071959073344866439,-0.047037201002240181,-0.024505882213513058,-0.0017211558006238192,0.022342037099103134,0.059341882355511189,0.07044268399477005,0.11429005364576976,0.16860722601413727,0.19703704863786697,0.18299911320209503,0.13879868388175964,0.11098499409854412,0.12831126525998116,0.14668762683868408,0.17843915025393167,0.238116654753685,0.2966865400473277,0.33573657274246216,0.35041953325271608,0.33027555048465729,0.3010450154542923,0.25393644720315933,0.21146105726559958,0.1615157350897789,0.13197608292102814,0.10252359509468079,0.088550438483556107,0.0667605809867382,0.068631879985332489,0.054343739524483681,0.050131391733884811,0.050631899386644363
-0.33711323738098142,-0.31555161376794177,-0.298712690671285,-0.27778202295303345,-0.23779025077819824,-0.19122103229165077,-0.1547365685304006,-0.11712890863418579,-0.090635831654071811,-0.071815816064675644,-0.053743356838822365,-0.030602222308516502,-0.0078870253055356443,0.028452454755703609,0.056714460253715515,0.08674888126552105,0.1170042771846056,0.14591549833615622,0.17777694761753082,0.18769314512610436,0.17300712565581003,0.1308588832616806,0.10594639182090759,0.11604333420594533,0.14300673454999924,0.20474482774734498,0.28787454962730408,0.33656156808137894,0.36362055689096451,0.37118947505950928,0.34219309687614441,0.30205380916595459,0.25211721658706665,0.19744245707988739,0.16549031436443329,0.14034226536750794,0.11976375430822372,0.10073334723711014,0.090901907533407211,0.082735259085893631,0.066538590937852859,0.054109178483486176,0.047144021838903427
-0.35706797987222672,-0.31999611258506777,-0.29339377880096434,-0.26767349243164062,-0.23204636573791504,-0.19110435992479324,-0.13526742458343505,-0.092332653701305389,-0.079470809549093246,-0.067863943676153823,-0.048645331213871636,-0.018214794807136059,0.018607843667268753,0.051810073355833687,0.087930897871653244,0.11939971521496773,0.14340757206082344,0.15772230426470438,0.15997013946374258,0.1629793792963028,0.14393031783401966,0.10781467705965042,0.067328151315450668,0.0852443054318428,0.13508980969587961,0.25558038055896759,0.33503238360087079,0.384723037481308,0.39973264932632446,0.40125160664319992,0.36078409105539322,0.30497880280017853,0.25506208837032318,0.20611387491226196,0.18042375147342682,0.15052265673875809,0.13521568477153778,0.12045088782906532,0.11535296961665154,0.10783533751964569,0.077000506222248077,0.05930585041642189,0.028336135670542717
-0.37355664372444153,-0.32242207229137421,-0.28740935921669009,-0.25681351721286771,-0.217827420681715,-0.16356208423773447,-0.11658441523710887,-0.069744992069900036,-0.061353580405314766,-0.052081545814871788,-0.029812299956878025,0.0021600616552556553,0.022070646402426064,0.070312850177288055,0.10241048038005829,0.13016544282436371,0.14146935194730759,0.1458953708410263,0.14461800828576088,0.13544079661369324,0.12055057287216187,0.077491763047873974,0.040098024532198906,0.0821710154414177,0.18508600195248923,0.28270548209547997,0.3651803731918335,0.41305791338284809,0.43537889917691547,0.40771503746509552,0.37037084996700287,0.32642672955989838,0.27286645770072937,0.21800169348716736,0.18961266428232193,0.15801370888948441,0.15224549174308777,0.14675508439540863,0.13130289316177368,0.11809651553630829,0.074993491172790527,0.054989706724882126,0.023299587890505791
-0.39321368187665939,-0.33495525717735292,-0.28831870357195538,-0.23930990323424339,-0.16684289649128914,-0.11172129213809967,-0.071712981909513474,-0.054099723696708679,-0.041484092672665916,-0.038442241027951241,-0.0249639879912138,0.0058967437362298369,0.0451979065934817,0.072250679135322571,0.10296926647424698,0.11399803310632706,0.12281050533056259,0.11750737329324086,0.11926232278347015,0.10285129398107529,0.085310593247413635,0.047730552405118941,0.048343228176236153,0.12995490990579128,0.21842699746290842,0.30982553958892822,0.39854322870572406,0.42890772223472595,0.42696425318717957,0.39320408304532367,0.35769861936569214,0.30488970875740051,0.24913213650385538,0.19890245795249939,0.19400829076766968,0.18286140263080597,0.1856030747294426,0.16768744587898254,0.15015672892332077,0.0,0.10854578018188477,0.050810042768716812,0.0
-0.38598390817642214,-0.32746781905492145,-0.26200687140226364,-0.18469814583659172,-0.12002978846430779,-0.0698272908727328,-0.028973408602178098,-0.023336812232931454,-0.020950237289071083,-0.021549031138420105,-0.013991964980959892,0.011742544505978003,0.049175536260008812,0.081260669976472855,0.098094038665294647,0.096475530415773392,0.087352897971868515,0.076031841337680817,0.078805480152368546,0.071861582497755691,0.063654887179533645,0.054412126541137695,0.10390887906153996,0.19438661634922028,0.29469264745712281,0.35936571160952252,0.40027377009391785,0.41717895865440369,0.4031270444393158,0.36445175856351852,0.32394960522651672,0.28418900072574615,0.24448287487030029,0.21289904415607452,0.20369826257228851,0.0,0.20667834579944611,0.18962963670492172,0.16853895783424377,0.14050617814064026,0.0,0.077237166464328766,-0.012900140602141619
-0.39739751070737839,-0.3022417426109314,-0.22101135551929474,-0.14250653237104416,-0.066019832342863086,-0.015538987703621388,0.0096461786888539791,0.0031375869487722716,-0.0088272364810109138,-0.0082724152598530054,0.00537503813393414,0.030186520889401436,0.0603292981783549,0.070682715624570847,0.075202832619349166,0.06429687639077504,0.048189430187145867,0.037064674620827041,0.048165837923685707,0.054092934355139732,0.06344162579625845,0.09327799454331398,0.17012522369623184,0.24662388364473978,0.32684992253780365,0.36527768522500992,0.37411925196647644,0.3836958110332489,0.36870476603507996,0.320488765835762,0.28537858525911969,0.22652393579483032,0.20343783497810364,0.21031457185745239,0.20379088819026947,0.21687968075275421,0.21732571721076965,0.20376899838447571,0.18195430189371109,0.13450518250465393,0.11335079371929169,0.054111244156956673,0.00063401390798389912
-0.37105890512466433,-0.26367076237996417,-0.17294495552778244,-0.0925115558008353,-0.028332579570511978,0.01735993754118681,0.038051605224609375,0.026010117493569851,0.00935064535588026,0.0049365155088404817,0.0023476108908653259,0.0087212369544431567,0.019687832643588383,0.029604595775405567,0.032247957463065781,0.033211449161171913,0.021116807498037814,0.015570065821520984,0.01919617922976613,0.038883619010448456,0.072873221710324287,0.12681097288926443,0.17696233093738556,0.27311493953069049,0.33032284677028656,0.346858873963356,0.35561352968215942,0.35098907351493835,0.33055490255355835,0.28979974985122681,0.22738534957170486,0.17293895781040192,0.17626979202032089,0.18698634207248688,0.19545869529247284,0.22089144587516785,0.2082798182964325,0.19450287520885468,0.1750614196062088,0.0,0.0987832173705101,0.0062670293264091015,-0.052087396383285522
-0.38184243440628052,-0.24410764376322428,-0.1299352670709292,-0.029487404351433117,0.046740835532546043,0.0736234225332737,0.074024830013513565,0.05724407359957695,0.034438982605934143,0.036257091909646988,0.012191799003630877,0.00017479946836829186,-0.009334854781627655,-0.013848622795194387,-0.0016203017439693213,0.008015225175768137,-0.0052557319868355989,-0.0017417235758330207,0.015966394605735939,0.04803191994627317,0.093848284333944321,0.15034956485033035,0.23916727304458618,0.28966592252254486,0.34871388971805573,0.33880665898323059,0.35205966234207153,0.3366524875164032,0.27354051172733307,0.0,0.19846819341182709,0.13798566162586212,0.1359279602766037,0.15428447723388672,0.1705220639705658,0.21131274104118347,0.2107098400592804,0.0,0.18565699458122253,0.12925498187541962,0.0,0.00515084620565176,-0.11896912008523941
-0.32746296127637226,-0.21593216558297476,-0.069944927096366877,0.032366324216127396,0.08115965873003006,0.10194737464189529,0.1014874242246151,0.093841351568698883,0.078010037541389465,0.050705514848232269,0.024660002905875444,-0.00035973847843706608,-0.014651922043412924,-0.024981935508549213,-0.019391620842119057,-0.017512594908475877,-0.020616008900105953,-0.0089525061193853617,0.02011891920119524,0.0546107292175293,0.10923773298660915,0.168147511780262,0.23216874152421951,0.29985639452934265,0.35801151394844055,0.365969181060791,0.35827945172786713,0.32738879323005676,0.27982747554779053,0.19002968072891235,0.0,0.10186215117573738,0.11212054640054703,0.0,0.14153343439102173,0.21229758858680725,0.20334434509277344,0.18859517574310303,0.14894748479127884,0.0803210511803627,-0.0052175726741552353,0.0,-0.10214826464653015
-0.228308896223704,-0.10058114677667618,0.016195311676710844,0.069431658834218979,0.11275455355644226,0.14166450127959251,0.14615986496210098,0.12007264047861099,0.1280757337808609,0.10102275758981705,0.080014226958155632,0.040556055493652821,-0.010606780415400863,-0.048985328525304794,-0.051569569855928421,-0.053135212510824203,-0.037612335756421089,-0.013228452298790216,0.0284105334430933,0.077541861683130264,0.1297595389187336,0.22828011214733124,0.30563940107822418,0.0,0.414035826921463,0.42811882495880127,0.42018193006515503,0.348305881023407,0.29603049159049988,0.19154604524374008,0.08191196620464325,0.0,0.077116928994655609,0.12796957790851593,0.0,0.19880327582359314,0.18413051962852478,0.0,0.12589563429355621,0.0,-0.0081238439306616783,-0.148427352309227,-0.15155573189258575
-0.18854979425668716,-0.037097339518368244,0.083366610109806061,0.14345210790634155,0.17988869547843933,0.18566937744617462,0.19956161826848984,0.18069355934858322,0.16926410794258118,0.13542672246694565,0.077945388853549957,0.0,0.013097250834107399,-0.064294096082448959,-0.0933220386505127,-0.08506949494282405,-0.059166219085454941,-0.0042684385553002357,0.040102850645780563,0.11229336261749268,0.18434012681245804,0.29724010825157166,0.0,0.39101704955101013,0.48461687564849854,0.0,0.48593512177467346,0.3663807213306427,0.0,0.1844419538974762,0.050781913101673126,-0.01806597039103508,0.020768307149410248,0.090329945087432861,0.19700239598751068,0.0,0.21385602653026581,0.18409527838230133,0.0,0.0742933452129364,0.0,-0.074786834418773651,0.0
-0.13248411193490028,0.024070624262094498,0.15469972044229507,0.20846918225288391,0.21375790238380432,0.23988281935453415,0.25591114163398743,0.22005817294120789,0.18150497972965241,0.13968980684876442,0.083980783820152283,0.030961636453866959,-0.028105001896619797,-0.099618315696716309,-0.16879964619874954,-0.15058399736881256,-0.10487480089068413,-0.02416079118847847,0.089614288881421089,0.18032152950763702,0.27264849096536636,0.34534165263175964,0.40386387705802917,0.46808700263500214,0.0,0.53196895122528076,0.0,0.46096131205558777,0.28311461210250854,0.0,0.10366512089967728,0.0,-0.075644448399543762,0.0,0.1388297826051712,0.17118547856807709,0.12317311763763428,0.15607155859470367,0.16850978136062622,0.088436178863048553,0.00554214371368289,-0.24648088216781616,0.0
-0.070712905377149582,0.058881543576717377,0.18698929250240326,0.22323103249073029,0.26746439933776855,0.2417578250169754,0.22151993215084076,0.19186366349458695,0.12012328952550888,0.10610449314117432,0.028407692909240723,0.0,-0.0643981322646141,-0.19235028326511383,0.0,-0.21975111961364746,-0.077462933957576752,0.0,0.18618641793727875,0.0,0.33351245522499084,0.43329590559005737,0.34577152132987976,0.5323631763458252,0.39801108837127686,0.45273825526237488,0.48520433902740479,0.26793566346168518,0.3320527970790863,0.065110042691230774,0.0,-0.12881503999233246,0.080032035708427429,0.0,0.15161493420600891,0.0,0.0,0.0,0.0,-0.067440629005432129,0.0,-0.21187387406826019,0.0
-0.19297727942466736,-0.080726154148578644,0.0025587757118046284,0.073702946305274963,0.11021246761083603,0.095337018370628357,0.0,0.049195460975170136,-0.054923288524150848,0.0,-0.17811296880245209,-0.0060438201762735844,-0.13511447608470917,0.0,-0.22194162011146545,-0.13663274049758911,0.0,0.062517471611499786,0.0,0.20200394093990326,0.25898641347885132,0.0,0.0,0.13564044237136841,0.0,0.14183418452739716,0.020770914852619171,0.0,-0.077373318374156952,0.0,-0.15608209371566773,0.0,-0.0022566451225429773,0.0,0.087864067405462265,0.082391425967216492,0.0690879374742508,0.089820586144924164,0.07080455869436264,0.0,-0.12961922585964203,0.0,-0.25882697105407715
0.0,0.0,0.033033214509487152,0.0898265615105629,0.098244279623031616,0.0,0.0836327075958252,0.035323876887559891,0.0,-0.080136090517044067,0.0,-0.19146798551082611,-0.25458335131406784,-0.31524071097373962,-0.33350828289985657,-0.34941039979457855,-0.27346992492675781,-0.24793033301830292,-0.15205091238021851,-0.12458326667547226,-0.016573270433582366,0.084368437528610229,0.0959589034318924,0.0,0.10149094462394714,0.10490033030509949,0.0,-0.022964766249060631,0.0,-0.12119648605585098,0.0,-0.083962999284267426,0.0,0.040179986506700516,0.0,0.0,0.0,0.0,0.0,0.0,0.0,0.0,0.0
0.0,0.0,0.0,0.0,0.0,0.0,0.0,0.0,0.0,0.0,0.0,0.0,0.0,0.0,0.0,0.0,0.0,0.0,0.0,0.0,0.0,0.0,0.0,0.0,0.0,0.0,0.0,0.0,0.0,0.0,0.0,0.0,0.0,0.0,0.0,0.0,0.0,0.0,0.0,0.0,0.0,0.0,0.0
