SouthSea_Web/demo/jsonfile/2017-12-14-07.json
{"header": {"parameterUnit":"m.s-1","parameterNumber":3,"dx":0.1,"dy":0.1,"parameterNumberName":"Northward current","la1":29.0,"la2":12.0,"parameterCategory":2,"lo2":131.0,"nx":250,"ny":171,"refTime":"2017-12-14T07:01:52.5","lo1":106.0}, "data":
[rows 152 to 170 of 171, columns 43 to 85 of 250]
-0.37386862720761982,-0.3267289400100708,-0.3148389259974162,-0.28697586059570312,-0.22482180347045264,-0.16404868165651956,-0.12629161030054092,-0.10491368174552918,-0.090862614413102463,-0.068286767601966863,-0.035198453441262247,-0.0057791005820035934,0.012667401647195219,0.033652239789565407,0.0573153222600619,0.11255868151783943,0.17743359009424845,0.23119291290640831,0.27031543850898743,0.29934729139010113,0.31376045197248459,0.3220541924238205,0.3320605531334877,0.33143199980258942,0.30334464460611343,0.28136820793151857,0.28541693836450577,0.31921674807866413,0.3446721037228902,0.35481488704681396,0.35454932848612469,0.33200056354204815,0.301168754696846,0.27018053829669952,0.22975654155015945,0.20993012934923172,0.18546839555104575,0.16630546748638153,0.0,0.13651280105113983,0.13153171539306641,0.11511236801743507,0.10590106248855591
-0.37227182388305663,-0.3460833802819252,-0.32408381700515748,-0.29603368043899536,-0.24669384360313415,-0.18842097620169321,-0.1412469357252121,-0.10363886257012685,-0.071193292737007141,-0.0354770109988749,-0.0054042788688093424,0.030483166687190533,0.054311333224177361,0.073005431331694126,0.079274065792560577,0.1003839485347271,0.1530514769256115,0.20023773610591888,0.25021589547395706,0.28209851682186127,0.30247689286867779,0.31647835175196332,0.32341543436050413,0.31561264395713806,0.29947646458943683,0.28922050446271896,0.30917763710021973,0.34310368299484251,0.3629910796880722,0.36828980594873428,0.35230652242898941,0.33213017880916595,0.30393129587173462,0.26843824982643127,0.2359112873673439,0.21318946778774262,0.0,0.19277507811784744,0.17841190844774246,0.17093584686517716,0.14510375261306763,0.13718827068805695,0.12104104086756706
-0.38359317183494568,-0.35334388017654417,-0.32581078261137009,-0.29396607279777526,-0.257394764572382,-0.21060893932978311,-0.15512629598379135,-0.088162367542584733,-0.047104535003503166,-0.013343778642592952,0.02674185112118721,0.064314011484384537,0.085006559888521835,0.097603633999824524,0.094139531254768372,0.090500056743621826,0.11386089399456978,0.16726317505041757,0.21583857238292695,0.25441513955593109,0.2875655949115753,0.302910752594471,0.30891362577676773,0.30539926886558533,0.29709870616594952,0.30619894464810687,0.33876016736030579,0.36266576250394184,0.3743625283241272,0.3688695251941681,0.34774748980998993,0.32970479130744934,0.29734174907207489,0.2623513589302699,0.23373804986476898,0.2309015691280365,0.22142786532640457,0.21790528794129691,0.20243620872497559,0.20939184725284576,0.18694990128278732,0.15703065693378449,0.14484551548957825
-0.38091648221015928,-0.34629916151364643,-0.31888912121454877,-0.29236385226249695,-0.25753721594810486,-0.19816413521766663,-0.13522041340668997,-0.083048433065414429,-0.045328645035624504,-0.0046084933759023743,0.042390402406454086,0.075881596654653549,0.089581927284598351,0.10371600091457367,0.10053803771734238,0.091421598568558693,0.11593076400458813,0.1685802141825358,0.2172987163066864,0.26434701681137085,0.28439322113990784,0.28443699081738788,0.2872457355260849,0.28796166181564331,0.29316016286611557,0.31705850958824155,0.3643822968006134,0.38076967746019363,0.3804544135928154,0.37024107575416565,0.34521582722663879,0.32345239818096161,0.29479554295539856,0.2628580778837204,0.24933351576328278,0.24180358648300171,0.24439189583063126,0.24715778231620789,0.23967307806015015,0.24030724912881851,0.21113156527280808,0.17840009927749634,0.14707662165164948
-0.37185678631067276,-0.33575108647346497,-0.31261417269706726,-0.28291267156600952,-0.25400394201278687,-0.18817926943302155,-0.11633177548646927,-0.0676421020179987,-0.046645745635032654,-0.012123485018188754,0.033223788564403854,0.071049265563488,0.095745076735814408,0.11270189781983693,0.12221118807792664,0.12812046147882938,0.15495140105485916,0.190364936987559,0.23619814713795981,0.25756122668584186,0.25652356818318367,0.25767765939235687,0.23663653805851936,0.26704758405685425,0.2865474323431651,0.34498969465494156,0.38604018092155457,0.40563814838727313,0.39395771423975628,0.3779204785823822,0.3457317128777504,0.31400951743125916,0.28846310079097748,0.26068539917469025,0.24859462678432465,0.2439408078789711,0.24713004380464554,0.25631473958492279,0.26862066984176636,0.26848345994949341,0.243661567568779,0.20741462707519531,0.15807074308395386
-0.35479405025641125,-0.31774749606847763,-0.29294671416282653,-0.26594091653823854,-0.21761055663228035,-0.15573400259017944,-0.097801278034845993,-0.0582091324031353,-0.03765039828916391,0.0031316272215917706,0.052894762406746544,0.10156544297933579,0.11473826691508293,0.14679387956857681,0.15662716329097748,0.19160936772823334,0.19466038793325424,0.20217661559581757,0.22265870869159699,0.22631180783112845,0.21166494488716126,0.19237491115927696,0.19813361018896103,0.24240379333496093,0.30768595139185589,0.36733336746692657,0.41482107837994892,0.43681299686431885,0.42470214764277142,0.38004976511001587,0.34215347468852997,0.31439307332038879,0.27851593494415283,0.24235506355762482,0.23067618161439896,0.23634044826030731,0.2496827095746994,0.27662274241447449,0.27678725123405457,0.28387361764907837,0.24406473338603973,0.21460264921188355,0.16889344155788422
-0.34744824469089508,-0.29534185528755186,-0.26578630010286969,-0.22173143923282623,-0.15596926957368851,-0.1043272502720356,-0.069743680457274124,-0.056519101063410439,-0.025575496256351471,0.017805599636631086,0.08772384375333786,0.14344307780265808,0.173580139875412,0.18356084078550339,0.19892561932404837,0.2226132849852244,0.21430408209562302,0.20379053552945456,0.20170183852314949,0.17235570549964904,0.14525929838418961,0.13072519749403,0.16422579437494278,0.25481968000531197,0.33628181616465253,0.403632752597332,0.47125353415807086,0.48009553551673889,0.4531743347644806,0.38434502482414246,0.34239059686660767,0.29197911421457928,0.25074121356010437,0.22925563156604767,0.23473033308982849,0.23696555197238922,0.27461758255958557,0.29333493113517761,0.29193966090679169,0.0,0.27036236226558685,0.20476068556308746,0.0
-0.322430419921875,-0.26488402485847473,-0.21291715279221535,-0.15667922422289848,-0.10822355374693871,-0.06900998453299205,-0.032949301041662694,-0.01110233980580233,0.027702870778739452,0.078966021537780762,0.13211781531572342,0.18062775582075119,0.21437136828899384,0.22406154498457909,0.2272634357213974,0.23521032184362412,0.21482493355870247,0.18815721074740091,0.17115103825926781,0.12586233764886856,0.10433866580327351,0.10280311604340871,0.18651247521241507,0.29766988754272461,0.41201708316802976,0.47741584976514179,0.510069951415062,0.50598698854446411,0.46450980007648468,0.40321922302246094,0.33641165494918823,0.296513631939888,0.25204590708017349,0.24183322489261627,0.26962113380432129,0.0,0.29846033453941345,0.30616502463817596,0.30535566806793213,0.29154171049594879,0.0,0.2385440319776535,0.13647579401731491
-0.32211244106292725,-0.22343921661376953,-0.16435310989618301,-0.10973980650305748,-0.0524195346981287,-0.01293609882122837,0.019003586377948523,0.045483278731505074,0.087190873920917511,0.14354206994175911,0.21635104219118753,0.24361146986484528,0.24159971376260123,0.24371538311243057,0.24461329480012259,0.2303550293048223,0.19698895514011383,0.16562967499097189,0.14610470831394196,0.10319921560585499,0.080882813781499863,0.12965849414467812,0.25237730642159778,0.35710578163464862,0.45872868597507477,0.50147925317287445,0.52330517768859863,0.49997327725092572,0.4530189037322998,0.39974135160446167,0.33448143800099689,0.27438770234584808,0.24921602010726929,0.24747925996780396,0.28119030594825745,0.30193060636520386,0.33544129133224487,0.32993453741073608,0.31723996996879578,0.27863842248916626,0.2591719925403595,0.21615047752857208,0.15443181991577148
-0.27620750665664673,-0.17393641173839569,-0.10328767821192741,-0.049433658520380654,0.0011200824131568272,0.031632037134841084,0.069111629078785583,0.10216408595442772,0.13975407928228378,0.19576122363408408,0.23778215050697327,0.25770378112792969,0.24925929804642996,0.2399632086356481,0.23025365173816681,0.2071824868520101,0.16184311211109162,0.13241885416209698,0.10739818215370178,0.08496198306481044,0.071355653926730156,0.1514530728260676,0.23426333566506705,0.37420832117398578,0.45157116651535034,0.49137619137763977,0.50475603342056274,0.49832093715667725,0.44041728973388672,0.37293907999992371,0.3149259090423584,0.25798946619033813,0.25608079135417938,0.26620250940322876,0.28921017050743103,0.33654245734214783,0.33513107895851135,0.34997051954269409,0.33491632342338562,0.0,0.26099735498428345,0.19476477801799774,0.13362693786621094
-0.2612006813287735,-0.13585438579320908,-0.042752904817461967,0.037266077784200512,0.093711942434310913,0.12135513871908188,0.14175625517964363,0.15725032240152359,0.16882739961147308,0.21388444304466248,0.24220319837331772,0.25465142726898193,0.22721007466316223,0.19295527786016464,0.17903942614793778,0.15460667759180069,0.10474014282226563,0.087279452383518225,0.078360818326473236,0.06720409418145816,0.086844876408576965,0.16324737171332041,0.2966497540473938,0.3573111891746521,0.42883561551570892,0.45897100865840912,0.47121801972389221,0.44826121628284454,0.38412487506866455,0.0,0.29344484210014343,0.24149072170257568,0.2630755603313446,0.28556931018829346,0.3101845383644104,0.37536200881004333,0.374423623085022,0.0,0.35530659556388855,0.29061484336853027,0.0,0.21406563371419907,0.088314920663833618
-0.19460095961888632,-0.099727618197600051,0.031767265219241378,0.12602312117815018,0.17366312444210053,0.20826348662376404,0.22424189746379852,0.23640395700931549,0.24326455096403757,0.2578575536608696,0.25094518065452576,0.22508744895458221,0.19339811056852341,0.14985740184783936,0.12893742819627127,0.077350758761167523,0.051957795396447182,0.051286648958921432,0.055164309218525887,0.062011826783418655,0.10148108502229054,0.15679690986871719,0.22477716952562332,0.30981799960136414,0.3841109424829483,0.42818009853363037,0.42955130338668823,0.40553027391433716,0.407000869512558,0.32304871082305908,0.0,0.23693302273750305,0.26319921016693115,0.0,0.32435673475265503,0.39904603362083435,0.396960973739624,0.38214963674545288,0.32686087489128113,0.273030549287796,0.21579381823539734,0.0,0.12048157304525375
-0.13038846353689829,-0.012998656059304873,0.11647121235728264,0.18740932643413544,0.24631720036268234,0.29402263462543488,0.30393609404563904,0.28246814012527466,0.29692807793617249,0.28175625205039978,0.25078117847442627,0.20334456115961075,0.14551506191492081,0.085540737956762314,0.055734327062964439,0.0066375685855746269,0.0161988715796421,0.027182785794138908,0.041411541402339935,0.071220673620700836,0.11146898940205574,0.17280618101358414,0.23666351288557053,0.0,0.39324764907360077,0.4082929790019989,0.40285119414329529,0.38119691610336304,0.37417006492614746,0.29876907169818878,0.19893230497837067,0.0,0.2542489767074585,0.32520458102226257,0.0,0.4151756763458252,0.39110636711120605,0.0,0.2975810170173645,0.0,0.19809931516647339,0.10928861051797867,0.0821082592010498
-0.13174283504486084,0.013763467781245709,0.16264451295137405,0.24974952638149262,0.3219536691904068,0.35368379950523376,0.37149366736412048,0.35888651013374329,0.32954806089401245,0.2796718031167984,0.18995067477226257,0.0,0.13699981570243835,0.044806334655731916,-0.0066335166338831186,-0.021275568132599194,-0.0085454394575208426,0.00725207757204771,0.030527655035257339,0.076196417212486267,0.12178401276469231,0.17966845631599426,0.0,0.264121949672699,0.41987329721450806,0.0,0.42134901881217957,0.36644059419631958,0.0,0.27423378825187683,0.16650545597076416,0.15929482877254486,0.27602878957986832,0.3379676342010498,0.42030993103981018,0.0,0.40861478447914124,0.3157791793346405,0.0,0.25085267424583435,0.0,0.10595052689313889,0.0
-0.10652758181095123,0.036949422210454941,0.18947198987007141,0.287668339908123,0.35195636749267578,0.40347200632095337,0.43451184034347534,0.39141026139259338,0.342673122882843,0.25303125381469727,0.15546879172325134,0.14023920893669128,0.0487571086268872,-0.012034332379698753,-0.074837476015090942,-0.067777670919895172,-0.043479172512888908,-0.018897391855716705,0.034121024422347546,0.080254524946212769,0.14003998786211014,0.19408382475376129,0.22033126652240753,0.28543998301029205,0.0,0.45639252662658691,0.0,0.3937690258026123,0.29064047336578369,0.0,0.16078050434589386,0.0,0.21455858647823334,0.0,0.40815019607543945,0.383230984210968,0.31656405329704285,0.31656664609909058,0.27531903982162476,0.2444203644990921,0.24234852194786072,0.01548260822892189,0.0
-0.0829072967171669,0.030934197595342994,0.20394712686538696,0.2650635838508606,0.33238372206687927,0.35672090947628021,0.34557810425758362,0.31674282252788544,0.28425517678260803,0.14792828261852264,0.14277414977550507,0.0,0.0051859347149729729,-0.11615313589572907,0.0,-0.1053168997168541,-0.012698029167950153,0.0,0.096402928233146667,0.0,0.19053363800048828,0.24286732077598572,0.14491680264472961,0.31609073281288147,0.2226828932762146,0.37184157967567444,0.40128526091575623,0.25787895917892456,0.29547876119613647,0.12385710328817368,0.0,-0.015858655795454979,0.35239282250404358,0.0,0.4058133065700531,0.0,0.0,0.0,0.0,0.15684515237808228,0.0,-0.023266224190592766,0.0
-0.19799259305000305,-0.07964702881872654,0.024061230942606926,0.097712293267250061,0.12187310308218002,0.096070796251297,0.0,0.046796988695859909,-0.035370416939258575,0.0,-0.13245449960231781,0.040927637368440628,-0.063218548893928528,0.0,-0.13232822716236115,-0.088818535208702087,0.0,-0.013487953692674637,0.0,0.07642112672328949,0.0927293598651886,0.0,0.0,0.10173068195581436,0.0,0.16979216039180756,0.10485026240348816,0.0,0.044676348567008972,0.0,-0.0073905996978282928,0.0,0.19019107520580292,0.0,0.31271079182624817,0.28542748093605042,0.23852185904979706,0.26050689816474915,0.27012693881988525,0.0,0.083373598754405975,0.0,-0.062580540776252747
0.0,0.0,0.045949272811412811,0.10306759923696518,0.10238543897867203,0.0,0.079061932861804962,0.031227149069309235,0.0,-0.061475161463022232,0.0,-0.1581541895866394,-0.21389500796794891,-0.28641563653945923,-0.29387876391410828,-0.25515116751194,-0.20031799376010895,-0.18553584814071655,-0.12602335214614868,-0.12096558511257172,-0.0529054868966341,0.013028373941779137,0.030608894303441048,0.0,0.096806652843952179,0.1403505802154541,0.0,0.078903891146183014,0.0,-0.00082383386325091124,0.0,0.08104773610830307,0.0,0.24765907227993012,0.0,0.0,0.0,0.0,0.0,0.0,0.0,0.0,0.0
0.0,0.0,0.0,0.0,0.0,0.0,0.0,0.0,0.0,0.0,0.0,0.0,0.0,0.0,0.0,0.0,0.0,0.0,0.0,0.0,0.0,0.0,0.0,0.0,0.0,0.0,0.0,0.0,0.0,0.0,0.0,0.0,0.0,0.0,0.0,0.0,0.0,0.0,0.0,0.0,0.0,0.0,0.0
