SouthSea_Web/demo/jsonfile/2017-12-14-05.json
{"header": {"parameterUnit":"m.s-1","parameterNumber":3,"dx":0.1,"dy":0.1,"parameterNumberName":"Northward current","la1":29.0,"la2":12.0,"parameterCategory":2,"lo2":131.0,"nx":250,"ny":171,"refTime":"2017-12-14T04:58:07.5","lo1":106.0}, "data":
[rows 114 to 132 of 171, columns 172 to 214 of 250]
0.40463793608877396,0.35771866931634788,0.33005901984870434,0.33002801853067737,0.34613800048828125,0.3530326634645462,0.35331081492560251,0.3290965437889099,0.30413369337717694,0.29981101552645367,0.2870049774646759,0.27185694873332977,0.24138716359933218,0.22304537147283554,0.20927813649177551,0.22412727773189545,0.24242211878299713,0.2190849632024765,0.17160321772098541,0.15964420884847641,0.1590113639831543,0.14142616093158722,0.13325002789497376,0.11453724652528763,0.14206461608409882,0.16412414610385895,0.21505166590213776,0.0,0.24457515776157379,0.28651690483093262,0.0,0.31108984351158142,0.0,0.37698978185653687,0.41315290331840515,0.41852280497550964,0.43359187245368958,0.4297623336315155,0.42684283852577209,0.42972469329833984,0.39183419942855835,0.39708107709884644,0.36129641532897949
0.37873532374699909,0.34447632357478142,0.34142065398833332,0.35284659862518308,0.36372773755680432,0.36892165882246836,0.36532167877469746,0.35167855024337769,0.33203994035720824,0.326336532831192,0.28575652092695236,0.25252202649911243,0.2129967138171196,0.17372996360063553,0.15288697183132172,0.15747780352830887,0.19325818121433258,0.19821624457836151,0.14221976697444916,0.09768526628613472,0.089496009051799774,0.11320903152227402,0.13323351740837097,0.13623186945915222,0.15785905718803406,0.0,0.21342304348945618,0.23196248710155487,0.0,0.26426863670349121,0.310829758644104,0.0,0.3459625244140625,0.38889521360397339,0.35900810360908508,0.3832601010799408,0.0,0.372782438993454,0.0,0.36383098363876343,0.34159895777702332,0.0,0.31583890318870544
0.37186402454972267,0.35665784031152725,0.35080811182657878,0.36508719623088837,0.35694079101085663,0.36170667409896851,0.36299107670784,0.35809997717539471,0.33512903253237408,0.3122812807559967,0.25859372814496356,0.22135288019975027,0.17697087675333023,0.12631499022245407,0.10808617621660233,0.11807499080896378,0.12191364169120789,0.086777575314044952,0.062489762902259827,0.040989186614751816,0.051278718747198582,0.090537555515766144,0.12954483926296234,0.14850035309791565,0.1670747846364975,0.19522988796234131,0.21830672025680542,0.25664196908473969,0.28022396564483643,0.29246652126312256,0.30958941578865051,0.3244289755821228,0.0,0.34717506170272827,0.0,0.36415326595306396,0.37911537289619446,0.0,0.3739754855632782,0.0,0.33984488248825073,0.31148684024810791,0.0
0.3830751061439514,0.35243099741637707,0.36013906200726825,0.3680752043922742,0.34567473530769349,0.35243480404218036,0.359000489115715,0.34324363470077512,0.30225092172622681,0.26167221367359161,0.2268119752407074,0.18762457370758057,0.13903629407286644,0.085920501500368118,0.0,0.069388942793011665,0.0718649085611105,0.040710020810365677,-0.0087178545072674751,-0.032507963478565216,0.010831672872882336,0.057755552232265472,0.12274409830570221,0.17745636403560638,0.19311726093292236,0.20205914229154587,0.21218249201774597,0.24964432418346405,0.26363563537597656,0.2708992063999176,0.28840860724449158,0.28889831900596619,0.30060791969299316,0.31282487511634827,0.31579625606536865,0.32205337285995483,0.3198091983795166,0.31338852643966675,0.33257365226745605,0.32251617312431335,0.31486514210700989,0.28752386569976807,0.3018735945224762
0.39120538745607647,0.358377320425851,0.38321824206246269,0.37896896402041119,0.34687319397926331,0.34686365723609924,0.34860666841268539,0.32201459258794785,0.27957083284854889,0.23887540400028229,0.19726788997650147,0.16557430475950241,0.12666330486536026,0.090535398572683334,0.051811294630169868,0.01762272254563868,-0.00047898292541503906,0.0,-0.019685940787894651,-0.045009613037109375,0.0030470010824501514,0.0,0.089326359331607819,0.15578073263168335,0.0,0.20258376002311707,0.20551259815692902,0.0,0.22057837247848511,0.23703658580780029,0.0,0.2481665164232254,0.0,0.25989076495170593,0.27344930171966553,0.0,0.2705954909324646,0.0,0.276592493057251,0.29014915227890015,0.0,0.29084548354148865,0.0
0.38160627335309982,0.35954984596797396,0.36605098098516464,0.35717078546682995,0.33658477663993835,0.32163205742836,0.33311328291893005,0.30159533023834229,0.25571134686470032,0.21707009524106979,0.18042503297328949,0.14097508043050766,0.10681481659412384,0.067787002772092819,0.018076663836836815,0.012931521050632,-0.03218946885317564,-0.04360516369342804,-0.058896642178297043,0.0,-0.05607897974550724,0.040797382593154907,0.0,0.1277109831571579,0.17637185752391815,0.0,0.19943276047706604,0.20138339698314667,0.0,0.22880271077156067,0.23598866164684296,0.0,0.25126096606254578,0.0,0.25900983810424805,0.27236303687095642,0.0,0.26632222533226013,0.0,0.27351906895637512,0.28697624802589417,0.0,0.26539987325668335
0.36711659133434293,0.34308783213297528,0.34351207315921783,0.33710822463035583,0.33070850372314453,0.32410189509391785,0.32598404586315155,0.29468167573213577,0.25841181476910907,0.22514874239762625,0.1792825311422348,0.13235375285148621,0.085309773683547974,0.03242763876914978,0.049496009945869446,-0.0096666393801569939,-0.053585521876811981,-0.06461305171251297,0.0,-0.085832893848419189,-0.062372192740440369,0.019297304796054959,0.091090507805347443,0.12048730254173279,0.15055640041828156,0.17973123490810394,0.15530416369438171,0.16100183874368668,0.0,0.17114448547363281,0.19148483872413635,0.18001864850521088,0.20170019567012787,0.22787587344646454,0.21243062615394592,0.2366771325469017,0.0,0.2357187420129776,0.27161753177642822,0.0,0.29110318422317505,0.0,0.27385804057121277
0.3696308434009552,0.35417458415031433,0.3554936597744624,0.34299426525831223,0.31931955218315122,0.31308940052986145,0.31194177269935608,0.30319581925868988,0.27565178275108337,0.22699075937271118,0.18142911295096079,0.13805917650461197,0.081570181995630264,0.037302140146493912,-0.0052995225414633751,-0.024634577799588442,-0.034872982650995255,-0.041894209571182728,-0.081805918365716934,-0.070008926093578339,-0.030801723652984947,0.033491559326648712,0.074636176228523254,0.099302403628826141,0.13092038035392761,0.0,0.13937613368034363,0.13304829597473145,0.0,0.14541980624198914,0.14839074015617371,0.0,0.16473707556724548,0.0,0.1895986944437027,0.0,0.0,0.0,0.0,0.26709729433059692,0.0,0.28861278295516968,0.0
0.38088162243366241,0.37471131980419159,0.36814035475254059,0.33718524575233461,0.30982329249382018,0.3038627952337265,0.29861553510030109,0.28521417826414108,0.26214344426989555,0.21472741663455963,0.15146750956773758,0.086163414021333054,0.032521389424800873,0.0,0.0085667693056166172,-0.02274044556543231,-0.037521451711654663,-0.050744783133268356,-0.06320631131529808,-0.0674939900636673,-0.0241437666118145,0.0,0.0633694976568222,0.11173864454030991,0.0,0.12673460692167282,0.11871093139052391,0.0,0.13489425182342529,0.14634309709072113,0.0,0.13069121539592743,0.0,0.15149594843387604,0.16875855624675751,0.19761520624160767,0.1746797114610672,0.20700947940349579,0.21709628403186798,0.26631557941436768,0.29220804572105408,0.29631432890892029,0.29959389567375183
0.39738486707210541,0.38873005509376524,0.36917924384276074,0.33609872311353683,0.30189697444438934,0.28749288121859234,0.26003710180521011,0.23275623222192129,0.19576625029246011,0.1832953616976738,0.12424151599407196,0.070634922012686729,0.036374472081661224,0.0051622970495373011,-0.005781260784715414,-0.015880072955042124,-0.024736454710364342,-0.038728352636098862,-0.024935101624578238,0.00872116070240736,-0.0089555056765675545,0.040894040837883949,0.0943266972899437,0.0,0.10030694305896759,0.10563144087791443,0.0,0.096356786787509918,0.10313064977526665,0.10342995822429657,0.087005488574504852,0.087456364184618,0.11981161683797836,0.0868108943104744,0.12443690747022629,0.10395914316177368,0.15857655555009842,0.20847500860691071,0.0,0.28155013918876648,0.0,0.30511516332626343,0.0
0.398104652762413,0.36985895782709122,0.34705175161361695,0.30422601848840714,0.27951829135417938,0.22904239594936371,0.19942443072795868,0.166152094801267,0.14496394991874695,0.11970125635464986,0.076461844146251678,0.037280840799212456,0.012496651150286198,0.011195056373253465,0.011370570282451809,-0.00033546620397828519,0.01025875099003315,0.021149193868041039,0.054085057228803635,0.031086983159184456,0.05938347615301609,0.0,0.10343683511018753,0.10035689920186997,0.10416227951645851,0.10901577770709992,0.0875057801604271,0.067880474030971527,0.074882842600345612,0.063130185008049011,0.06990458071231842,0.044455334544181824,0.0,0.056551437824964523,0.08513253927230835,0.0,0.15497349202632904,0.0,0.23701830208301544,0.0,0.29717999696731567,0.30423375964164734,0.0
0.3630060652891795,0.32611890882253647,0.292019659280777,0.26379533484578133,0.20586240887641907,0.16288670897483826,0.14215293526649475,0.13060077031453451,0.11655992021163304,0.10742348805069923,0.075450946887334183,0.044085416942834854,0.035258504872520767,0.043424870818853378,0.031735088676214218,0.045377710834145546,0.058350777253508568,0.090899929404258728,0.0910848081111908,0.085641734302043915,0.126003697514534,0.13172538578510284,0.11485100537538528,0.11486394703388214,0.11822622269392014,0.0980604775249958,0.081002064049243927,0.052983880043029785,0.0,0.0552881620824337,0.024393342435359955,0.0,0.022156341001391411,0.0,0.022048069164156914,0.085269726812839508,0.0,0.17304062843322754,0.23755272477865219,0.28992059826850891,0.28664368391036987,0.282789409160614,0.28615850210189819
0.33223308409963337,0.27243573466936749,0.23455404639244079,0.19521305561065674,0.16092710196971893,0.12609014473855496,0.09943012148141861,0.088825429479281112,0.089437024667859077,0.089452639222145081,0.08695009847482045,0.0817900151014328,0.088826388120651245,0.0748823694884777,0.085920070608456925,0.095361456274986267,0.11643198132514954,0.12137776985764504,0.12659117579460144,0.15344610810279846,0.14270733296871185,0.16908414661884308,0.15196772664785385,0.13683634996414185,0.13555309176445007,0.0,0.091795638203620911,0.0613879282027483,0.047735165804624557,0.0,0.003412928432226181,-0.014599238522350788,0.013451032340526581,-0.010190242901444435,0.028647043742239475,0.084664508700370789,0.10371182858943939,0.16843363642692566,0.24976837635040283,0.0,0.265773743391037,0.0,0.0
0.30474843581517536,0.25498682856559751,0.206813246011734,0.16918466488520303,0.13250952710707983,0.10013197362422943,0.065084637142717838,0.053801031162341438,0.065833577265342072,0.091306495169798538,0.1206304058432579,0.14735661447048187,0.15200649201869965,0.1641112913688024,0.16876032948493958,0.14570211619138718,0.16684749722480774,0.17563240230083466,0.19882231950759888,0.21585673093795776,0.20233380049467087,0.19052030146121979,0.19623824954032898,0.0,0.15824824571609497,0.10644857212901115,0.0663396343588829,0.0,0.043752370402216911,-0.000415712216636166,0.017528455704450607,-0.010231826570816338,-0.025240616872906685,0.0063407816924154758,-0.017079830169677734,0.035268783569335938,0.12627074122428894,0.0,0.21795473992824554,0.25986874103546143,0.0,0.26817372441291809,0.28830286860466003
0.27878132959206897,0.23042116065820059,0.19372372701764107,0.14924467355012894,0.11016769210497539,0.092911103367805475,0.073384018987417227,0.066804300993680954,0.078480826690793037,0.10680375744899114,0.14735493063926697,0.18864258627096811,0.21507805585861206,0.25588623434305191,0.25102442502975464,0.23759222030639648,0.26440808176994324,0.285868580142657,0.0,0.27621462444464367,0.24996105581521988,0.24756030738353729,0.22937701642513275,0.18388998508453369,0.13125252723693848,0.0,0.09535796195268631,0.044230546802282333,0.029712265823036432,0.019591998308897018,-0.024002762511372566,0.0016846682410687208,-0.00099059473723173141,0.0,0.0042341030202806,0.049266576766967773,0.0,0.17178414762020111,0.22792096436023712,0.23754687607288361,0.24585928022861481,0.27520343661308289,0.0
0.26414345949888229,0.2162575920422872,0.18713364253441492,0.14124421924352645,0.10204195976257324,0.085293542593717575,0.082885795831680292,0.094019927084445953,0.10334950499236584,0.15206401608884335,0.2128850668668747,0.25207061568895978,0.266533225774765,0.29756200313568115,0.3354777991771698,0.32901722192764282,0.37180629372596741,0.38861870765686035,0.36086922883987427,0.32592606544494629,0.30434428155422211,0.2702384889125824,0.22919308394193649,0.16900112479925156,0.0,0.10984547436237335,0.047488830983638763,0.035066176671534777,0.03484729677438736,0.0,0.0033860155381262302,-0.020675402134656906,0.0,-0.035889048129320145,-0.022537676617503166,0.052326574921607971,0.053899392485618591,0.14933590590953827,0.18241868913173676,0.0,0.24684399366378784,0.0,0.25556352734565735
0.24709525108337402,0.21609881818294524,0.18532816072305045,0.1330576054751873,0.091300326585769656,0.085032351315021515,0.098581971600651741,0.1229392021894455,0.17072677612304688,0.25528256222605705,0.3011578420797984,0.33669963479042053,0.33190427223841351,0.37286926309267682,0.40941664576530457,0.42487204074859619,0.44368569552898407,0.44871003925800323,0.41408580541610718,0.36825089156627655,0.3338746577501297,0.28221842646598816,0.23064470291137695,0.20615626871585846,0.13863009214401245,0.089386798441410065,0.05535733699798584,0.013716727960854769,0.0,-0.0099194562062621117,-0.041974481195211411,0.0,-0.041727088391780853,-0.029307133518159389,0.0013601960381492972,-0.015767931938171387,0.05731668695807457,0.13757835328578949,0.0,0.21187277138233185,0.0,0.22049777209758759,0.228755384683609
0.2364941593259573,0.19812677800655365,0.16255761981010436,0.11085380826677595,0.087286494672298431,0.095978356897830963,0.11376216759284337,0.16126434753338495,0.23845389187335969,0.29092676440874737,0.32938926666975021,0.37619237303733827,0.41237619519233704,0.44672241806983948,0.48613005876541138,0.491308331489563,0.486056849360466,0.49346604943275452,0.45956988632678986,0.4147355705499649,0.37517571449279785,0.35194848477840424,0.25383979827165604,0.20413617789745331,0.14516192674636841,0.075719650834798813,0.0,0.0033893806394189596,-0.029006574302911758,-0.047368831932544708,-0.046570155769586563,-0.0472842026501894,-0.069088481366634369,-0.056229550391435623,-0.012579299509525299,0.0,0.028962540440261364,0.0,0.12166287004947662,0.20382370054721832,0.18908584117889404,0.19995699822902679,0.0
0.21636492945253849,0.16043958316246668,0.12221068676028933,0.10044312157801219,0.0951088232298692,0.0998372125128905,0.12808225623198918,0.19253256320953369,0.26043248176574707,0.30571519831816357,0.36057276129722593,0.40144425630569458,0.44327620665232342,0.4896509200334549,0.523673951625824,0.5422491729259491,0.5184492667516073,0.53259831666946411,0.49510787427425385,0.46606597304344177,0.42909127473831177,0.379697784781456,0.31859269738197327,0.24412304162979126,0.159384585916996,0.0786132737994194,0.013842175714671612,-0.037478674203157425,0.0,-0.076910980045795441,-0.0872298926115036,-0.0795249342918396,-0.046621210873126984,0.0,-0.05088336393237114,-0.012438127771019936,0.0,0.064955046400427818,0.11606495082378388,0.1562490016222,0.15644806623458862,0.0,0.12985742837190628
