SouthSea_Web/demo/jsonfile/2017-12-15-11.json
{"header": {"parameterUnit":"m.s-1","parameterNumber":2,"dx":0.1,"dy":0.1,"parameterNumberName":"Eastward current","la1":29.0,"la2":12.0,"parameterCategory":2,"lo2":131.0,"nx":250,"ny":171,"refTime":"2017-12-15T10:58:07.5","lo1":106.0}, "data":
[rows 57 to 75 of 171, columns 168 to 209 of 250]
0.019977957739805183,0.017107198081378425,0.022860314821203549,0.020717467429737249,0.064121943898499012,0.12041147192940116,0.15358200902119279,0.19517465042216436,0.22961497879945314,0.24274292056049621,0.2534084903697173,0.26139942184090614,0.24233000725507736,0.2150253461939948,0.20346788068612418,0.18504796922206879,0.1732286810874939,0.16260676831007004,0.13573510448137918,0.092547319829463959,0.04933243989944458,0.028366780839860439,0.018121305853128433,0.034847295843064785,0.046327982097864151,0.034043404273688793,0.012840955867432058,-0.006989536399487406,-0.034710759917895,-0.069311607629060745,-0.1116258626182874,-0.14234901964664459,-0.15889908373355866,-0.16498487442731857,-0.16733603676160178,-0.15590882301330566,-0.18172315508127213,-0.18720084925492606,-0.19539821892976761,-0.18276026099920273,-0.15821407735347748,-0.16359386593103409
-0.032161434064619243,-0.0038606730668107048,0.010924371684086508,0.0406937247607857,0.061154024143304141,0.093649302537624657,0.11748137910451208,0.15843759104609489,0.18447913687962753,0.20127837359905243,0.20958714864470743,0.22327020391821861,0.21201957017183304,0.19299609959125519,0.18559674918651581,0.170548427850008,0.16294686496257782,0.15422877172629038,0.11584960420926412,0.0748429149389267,0.021900217980146408,-0.0064228024954597158,-0.017419559881091118,-0.001068346668034792,0.0020625122318354747,-0.0038163089193403721,-0.011855481968571743,-0.021257314831018448,-0.04651513509452343,-0.086959573129812881,-0.11917378380894661,-0.15535294512907663,-0.178203284740448,-0.18568582832813263,-0.20008402317762375,-0.19562201201915741,-0.2149621918797493,-0.23711393773555756,-0.24806279689073563,-0.23695893585681915,-0.22874524195988974,-0.22022724151611328
-0.091328669339418411,-0.057043599363948615,-0.0079846487933537,0.019165639517207941,0.031240101223095104,0.055340167001954148,0.091730324551463127,0.13122464194893838,0.15067176520824432,0.16277821362018585,0.17078981465763515,0.18007318036896841,0.17346750944852829,0.17422418668866158,0.1751755028963089,0.16245878860354424,0.14729086558024088,0.11479723453521729,0.069722052663564682,0.052795385320981346,-0.014943936839699745,-0.037970799952745438,-0.049239354208111763,-0.035776305943727493,-0.028270162642002106,-0.018084532581269741,-0.0196777218952775,-0.031461816281080246,-0.059664571657776833,-0.097399137914180756,-0.13511445373296738,-0.16993912309408188,-0.2011711448431015,-0.21037475764751434,-0.23968449234962463,-0.23231594264507294,-0.25535175204277039,-0.28229732811450958,-0.302382156252861,-0.30249416828155518,-0.28519506752491,-0.25467498600482941
-0.11880060881376267,-0.094189840440566719,-0.050894893581668536,-0.028167456454996551,-0.014368467964231968,0.0047367218150092026,0.042947612741651632,0.092278089995185539,0.12009573262184858,0.1317965779453516,0.14008385605282253,0.14165633703981126,0.1336073080698649,0.14357444196939467,0.15295298099517823,0.14211127161979675,0.11683661863207817,0.080873686820268631,0.057977430522441864,0.02610845142044127,-0.013628650107420981,-0.047350286816557251,-0.067174874246120453,-0.063880415633320808,-0.0524706095457077,-0.031275480364759765,-0.031110578527053196,-0.045527941857775055,-0.073660970975955323,-0.1048724427819252,-0.13807205855846405,-0.17665936797857285,-0.22157834966977438,-0.2468164935708046,-0.26276382803916931,-0.27766036987304688,-0.29578821361064911,-0.31261324882507324,-0.33295795321464539,-0.34517113864421844,-0.3239981085062027,-0.29015381634235382
-0.12679248516048705,-0.11408883505142652,-0.091038425763448075,-0.081479995910610475,-0.066105349992330253,-0.049115035217255354,-0.026218048224109225,0.023094500139863652,0.0838401585817337,0.11252367030829191,0.11655574504818235,0.10393755231052637,0.092583453655242925,0.11933187395334244,0.11864070780575275,0.10225745538870494,0.07293146476149559,0.044469136744737625,0.025467646618684132,0.00162571482360363,-0.024698416935279965,-0.0479446891695261,-0.0717120561748743,-0.069949639340241745,-0.047551076859235764,-0.04302007332444191,-0.043983036652207375,-0.062006082385778427,-0.093591704964637756,-0.12902795150876045,-0.17146929105122885,-0.21884176880121231,-0.25408369302749634,-0.28093388676643372,-0.29344187676906586,-0.30177962779998779,-0.32766270637512207,-0.3371521383523941,-0.36177739500999451,-0.378140926361084,-0.34545275568962097,-0.344283789396286
-0.13968901435534159,-0.11693144403398037,-0.093777901927630108,-0.0913577472170194,-0.092671674986680344,-0.080699338362767145,-0.06768450140953064,-0.018839503478375264,0.048184594901447948,0.076747549697756767,0.0787052350739638,0.057030938565731049,0.055745983868837355,0.080842576920986176,0.082466272016366318,0.0642634816467762,0.0388328954577446,0.01097419997677207,-0.00056303052891356253,-0.00697030033916235,-0.0294187655672431,0.0,-0.066820280005534485,-0.082221448421478271,-0.062453044578433037,-0.054682256653904915,-0.053450636565685272,-0.074747361242771149,-0.11437861993908882,-0.15381015092134476,-0.19663915783166885,-0.23034562170505524,-0.28213520348072052,-0.31767305731773376,-0.32174701988697052,-0.31809534132480621,-0.32756321132183075,-0.35506437718868256,-0.3797801285982132,-0.38973693549633026,-0.38506445288658142,-0.36686006188392639
-0.15006819260971888,-0.10621556692889758,-0.084216161989248722,-0.092084881663322446,-0.10336983834321682,-0.10082097724080086,-0.0989007018506527,-0.062269990099594,-0.016653358153740153,0.0060772283801010674,0.030516086304227689,0.0252107547596097,0.023334039375185966,0.04920617863535881,0.05295215081423521,0.022260245207386713,0.0015548862284049392,-0.019442323905726273,-0.013917793519794941,-0.011642437893897295,-0.017149196627239387,-0.040263673911492028,-0.070997953414916992,-0.0788188986480236,-0.081490308046340942,-0.063097633421421051,-0.061018895357847214,-0.078311488032341,-0.11548462510108948,-0.15753111988306046,-0.20328614115715027,-0.25678971409797668,-0.31366445124149323,-0.34086944162845612,-0.3328624963760376,-0.322162464261055,-0.31984099745750427,-0.34654803574085236,-0.37841224670410156,-0.40309281647205353,-0.41528727114200592,-0.40993458032608032
-0.15265091558297475,-0.1103604637524661,-0.088965225964784622,-0.08455419987440109,-0.1095774881541729,-0.12260823352978779,-0.13049015104770662,-0.11851269528269767,-0.086811916902661324,-0.053785042837262154,-0.010030082494874174,0.010577413253486157,0.0150596818421036,0.0364376325160265,0.030739394947886467,0.010544304735958576,-0.027731789276003838,-0.043259751051664352,-0.02133890800178051,-0.0051544455345720053,-0.0043675531633198261,-0.026657541282474995,-0.061029737815260887,-0.10080535461505254,-0.097035188227891922,-0.076284583657979965,-0.070852842181921,-0.093653444200754166,-0.1325649656355381,-0.17074094712734222,-0.19812227785587311,-0.27206518252690631,-0.33739073574543,-0.35045328736305237,-0.33090703189373016,-0.31177607178688049,-0.30465824902057648,-0.32765011489391327,-0.36499102413654327,-0.40345221757888794,-0.43251776695251465,-0.42758922278881073
-0.15413963887840509,-0.11188688611283022,-0.083181473559566912,-0.067210025512255162,-0.094822936824389872,-0.13210716166279532,-0.16604786068201066,-0.17148095220327378,-0.13659810367971659,-0.085234274289437709,-0.028757823281921446,0.0086143312510102987,0.020016320204983156,0.024031672161072493,0.0016505104431416839,-0.031183465383946896,-0.055813439190387726,-0.05151006206870079,-0.022370603866875172,0.00403264444321394,0.013177846092730761,-0.010699165286496282,-0.0575401708483696,-0.10525119304656982,-0.11171938727299373,-0.0875651091337204,-0.081051617860794067,-0.1075572595000267,-0.13834802806377411,-0.17407500743865967,-0.23552051931619644,-0.29350361227989197,-0.32375699281692505,-0.34984225034713745,-0.32259269555409747,-0.30498450994491577,-0.3001791387796402,-0.345367431640625,-0.40628281235694885,-0.41747759282588959,-0.433853417634964,-0.44069947302341461
-0.17710643368107931,-0.14284406655601092,-0.11643699109554291,-0.084554099943488836,-0.086662139211382189,-0.11622134906550248,-0.1757349818944931,-0.2023797519505024,-0.15335645278294882,-0.084811458364129066,-0.014120318554341793,0.0077691727492492646,0.00973973679356277,-0.011391007341444492,-0.037003538571298122,-0.051616132259368896,-0.074769698083400726,-0.066205263137817383,-0.032924190163612366,0.0089781801798380911,0.018895807676017284,-0.0081957415677607059,-0.0800640918314457,-0.1069638766348362,-0.10275589302182198,-0.097175281494855881,-0.090835310518741608,-0.11812608937422435,-0.15054236352443695,0.0,-0.19471587985754013,-0.25640442967414856,-0.3112911581993103,-0.33332528173923492,-0.30768272280693054,-0.30044384300708771,-0.31773278117179871,-0.34501925110816956,-0.38598570227622986,-0.41289710998535156,-0.4349977970123291,-0.43562862277030945
-0.22032600839932759,-0.19067174459204955,-0.13968109786510469,-0.10750168987682887,-0.084626953303813937,-0.1129152544520118,-0.19535666568712753,-0.22932640090584755,-0.16219713166356087,-0.1014033704996109,-0.036257481900975108,-0.018683467153459789,-0.025214787727842729,-0.052873272448778152,-0.072177457312742874,-0.073495019227266312,-0.081910088658332825,-0.064910726621747017,-0.019904099404811859,0.015182442963123322,0.021121440455317497,-0.020636235727579333,-0.06704295426607132,-0.095787756145000458,-0.10128846392035484,-0.099023673683404922,-0.10368434712290764,-0.11931907758116722,-0.13023030012845993,-0.14947633445262909,-0.19320929547150931,-0.25364923477172852,-0.28347145020961761,-0.30224715173244476,-0.30167347192764282,-0.29928044974803925,-0.31897457440694171,-0.34479498863220215,-0.37735475599765778,-0.41957405209541321,-0.43134436011314392,0.0
-0.26667168537775676,-0.22625571290651958,-0.136396923661232,-0.089942390099167824,-0.080306568316050944,-0.11590775779702446,-0.20955515950918197,-0.25557009024279459,-0.18817628920078278,-0.13265406553234374,-0.088788477437836785,-0.060623306781053543,-0.0637117087841034,-0.091560599704583481,-0.091134329636891678,-0.084807269275188446,-0.078134313225746155,-0.050117671489715576,-0.0048552219523116946,0.024574476294219494,0.032955135218799114,-0.00022376778845985731,-0.034938257187604904,-0.0856717899441719,0.0,-0.10683005799849828,-0.11213057488203049,-0.11601129174232483,-0.11406966298818588,-0.13729486614465714,-0.19243098795413971,-0.23439667373895645,-0.27618312835693359,-0.30122697353363037,-0.29598544538021088,-0.30089148879051208,-0.31918744742870331,-0.35840681195259094,-0.38693389296531677,-0.41376771032810211,-0.42827117443084717,-0.42153128981590271
-0.298280535141627,-0.26887839635213218,-0.16816970100626349,-0.078723179442541938,-0.066994959222418923,-0.10696561566808006,-0.20241385102272033,-0.27376679517328739,-0.23619433678686619,-0.19332245418003627,-0.15380054339766502,-0.11434852456053098,-0.098409529775381088,-0.1113767996430397,-0.092527670164903,-0.081731595098972321,-0.061639698843161263,-0.029022026807069778,0.019585266709327698,0.050389330834150314,0.060417143628001213,0.040397001430392265,-0.0325928662593166,-0.0815231092274189,-0.10299097374081612,-0.11005618423223496,-0.10659017413854599,-0.09708477184176445,0.0,-0.092394221574068069,-0.14260971049467722,-0.21471577882766724,-0.26061155647039413,-0.29271185398101807,-0.29453933238983154,-0.29886162281036377,-0.31137427687644958,-0.35346148908138275,-0.38442225754261017,-0.41073063015937805,-0.42587679624557495,-0.42990201711654663
-0.31084574873630816,-0.30069903698232436,-0.20250418384869892,-0.10789705759712628,-0.081389585775988441,-0.124223761937835,-0.21218489706516266,-0.30036871507763863,-0.28852804218019756,-0.23453272382418314,-0.19018595417340597,-0.1501183807849884,-0.12641601115465165,-0.10128659506638844,-0.072689881548285484,-0.06356905959546566,-0.046308083459734917,-0.015486421839644512,0.0466860868036747,0.08486725389957428,0.085745934396982193,0.051171543076634407,-0.0352066479002436,-0.082076895982027054,-0.10222483798861504,-0.097366705536842346,-0.080644614994525909,-0.097227759659290314,-0.075613508621851608,-0.093592151999473572,-0.11829963698983192,0.0,-0.24279587715864182,-0.28686472773551941,-0.28236891329288483,-0.29488050937652588,-0.30914416909217834,-0.33827915787696838,-0.38916850090026855,-0.4148520827293396,-0.42764392495155334,-0.41118746995925903
-0.3368064224720001,-0.35359955827395123,-0.25750396269209247,-0.17471779137849808,-0.13343039602041246,-0.16165478527545929,-0.23953884541988374,-0.32502137497067451,-0.310308113694191,-0.25863291748932432,-0.22000336349010469,-0.18101990719636282,-0.11701698849598567,-0.0666509959846735,-0.040301010012626648,-0.038034431636333466,-0.030943186022341251,0.0018256694699327152,0.066801203414797783,0.10147272422909737,0.090420056134462357,0.049584457650780678,-0.036391709931194782,-0.075479552149772644,-0.0911673754453659,-0.0753372572362423,-0.068519672378897667,-0.07021963968873024,-0.060984303553899132,-0.073758289217948914,0.0,-0.17178510129451752,-0.250734806060791,-0.27278499801953632,-0.27272379398345947,-0.26851800084114075,-0.30406248569488525,-0.355807363986969,-0.38597439229488373,-0.41536882519721985,-0.41431364417076111,-0.40208238363265991
-0.36899221118758707,-0.41373551768415112,-0.33084936253726482,-0.23593045969804127,-0.19241325433055559,-0.19860709172028762,-0.26522723399102688,-0.33068618840641445,-0.31158236662546795,-0.27276022093636648,-0.22576804459095,-0.16284056007862091,-0.073989041149616241,-0.036574606783688068,-0.016772965434938669,-0.022417366271838546,-0.031078306958079338,0.0072043907518188162,0.0780244842171669,0.10060368105769157,0.090530857443809509,0.051003549247980118,-0.0055131301051005721,-0.060088327775398888,-0.074817679822444916,-0.058794733136892319,-0.066163212060928345,-0.049414299428462982,-0.055318618193268776,-0.08816363662481308,-0.13668028513590494,-0.21143133938312531,0.0,-0.2537183091044426,-0.25708344578742981,-0.27238696813583374,-0.29150165617465973,-0.32464081048965454,-0.3757975697517395,-0.39958435297012329,-0.40512499213218689,-0.38261230289936066
-0.38890741765499115,-0.45915916065375012,-0.384373406569163,-0.2757889266524996,-0.22077402845025063,-0.21482696722854267,-0.26066594819227856,-0.31619097664952278,-0.29689885079860689,-0.24856200069189072,-0.19474631249904634,-0.10255340486764908,-0.031722483457997441,-0.020089704915881156,-0.023285821080207825,-0.03707790312667688,-0.039206188172101974,0.00214141762504975,0.0732928179204464,0.099654115736484528,0.092118725180625916,0.05320245772600174,0.0039586155908182263,-0.047902800142765045,-0.0659470371901989,-0.06611492857336998,-0.046119233593344688,-0.054100235924124718,-0.079547002911567688,-0.085171148180961609,-0.14612840861082077,-0.19956203550100327,-0.22832202166318893,-0.24069537222385407,-0.2366415411233902,-0.23877722769975662,-0.28065347671508789,-0.31067594885826111,-0.34712027013301849,-0.376314178109169,-0.39895933866500854,-0.36283743381500244
-0.3748220105965932,-0.47226539088620079,-0.4271959625184536,-0.3072469766650881,-0.22969876761947358,-0.21478705108165741,-0.26035106994889,-0.30952636525034904,-0.28172746726444792,-0.23512369145949683,-0.1838693730533123,-0.10621083825826645,-0.024120505154132842,-0.020789667343099911,-0.038131805136799812,-0.048325912406047188,-0.042296808212995529,-0.002721357780198256,0.072020329535007477,0.10490726679563522,0.090565621852874756,0.051150757819414139,-0.0020924252457916737,-0.062784161418676376,-0.07854827493429184,-0.10009606182575226,-0.072788164019584656,-0.093912076205015182,-0.12330005690455437,-0.12186894938349724,-0.17404789477586746,-0.21436586976051331,-0.21930825710296631,-0.21655506640672684,-0.20360953360795975,-0.23306885361671448,-0.24824155122041702,-0.29290828108787537,-0.32686346769332886,-0.35748487710952759,-0.37204889953136444,-0.34274572134017944
-0.368195379152894,-0.45528137311339378,-0.45043373533657621,-0.33585812724553621,-0.23782173476435922,-0.22961493134498595,-0.27171029789107187,-0.31319389864802361,-0.28927123546600342,-0.24884631484746933,-0.21211567024389902,-0.13395846076309681,-0.059377811849117279,-0.0373892125984033,-0.043506061658263206,-0.044895796726147331,-0.033690104261040688,-0.0051798024214804173,0.071455605328083038,0.10310522466897965,0.079049095511436462,0.038360521197319031,-0.024472992867231369,-0.070680513978004456,-0.10978939756751061,0.0,-0.11587470769882202,-0.12949128448963165,-0.1440461277961731,-0.15679854899644852,-0.18729393184185028,-0.19853770732879639,-0.20828735828399658,-0.18938183784484863,-0.20780695974826813,-0.1962590292096138,-0.22592125087976456,-0.26763352751731873,-0.31445775926113129,-0.349019393324852,-0.3521994948387146,-0.32569155097007751
