SouthSea_Web/demo/jsonfile/2017-12-15-22.json
{"header": {"parameterUnit":"m.s-1","parameterNumber":3,"dx":0.1,"dy":0.1,"parameterNumberName":"Northward current","la1":29.0,"la2":12.0,"parameterCategory":2,"lo2":131.0,"nx":250,"ny":171,"refTime":"2017-12-15T22:01:52.5","lo1":106.0}, "data":
[rows 114 to 132 of 171, columns 168 to 209 of 250]
0.76929158164608868,0.54537836089730263,0.39257485451905622,0.29344787746667861,0.24080402735206816,0.24931916243889751,0.27632816880941391,0.25993672714513893,0.19548914982722357,0.1388226866722107,0.094078261937413893,0.053917945176362989,0.024669563863426447,-0.01228588167577982,-0.066348505206406116,-0.10225926339626312,-0.12857292344172797,-0.095604114234447479,-0.073625866323709488,-0.043857572600245476,-0.020559223834425211,0.01240968145430088,0.029785774648189545,0.071576979011297226,0.12163306772708893,0.14033687114715576,0.17542026937007904,0.16766378283500671,0.17301005125045776,0.1846044659614563,0.19227616488933563,0.0,0.19832265377044678,0.23093193769454956,0.0,0.27507400512695312,0.0,0.38122034072875977,0.4328187108039856,0.4737260639667511,0.47559216618537903,0.5036090612411499
0.74701933137008125,0.52557957393151744,0.363617608944575,0.25140662714838979,0.18626554889811409,0.2016829838976264,0.23141021325307734,0.21334695915381113,0.16212954846295444,0.11608350489820753,0.0834265872836113,0.04269755631685257,-0.010067330510355532,-0.053637763485312462,-0.10290202498435974,-0.13384119172890982,-0.14494709670543671,-0.13624431192874908,-0.10977035760879517,-0.0853896327316761,-0.046677306294441223,-0.014570551924407482,0.0043675275519490242,0.0479486221447587,0.10153624415397644,0.14820335805416107,0.17936554551124573,0.177582249045372,0.16769544780254364,0.0,0.19620704650878906,0.21073262393474579,0.0,0.22965088486671448,0.28616738319396973,0.0,0.38049449026584625,0.43486720323562622,0.4385637640953064,0.47752487659454346,0.0,0.50369930267333984
0.71180946596207162,0.49683129219781785,0.327952375014623,0.20595799759030342,0.13683227682486177,0.16653451230376959,0.18662843008836111,0.16467514137427011,0.12315384391695261,0.0964675343462399,0.07103063836693764,0.02388150120774905,-0.024434177360186975,-0.065885495394468307,-0.10332388679186504,-0.1239924356341362,-0.13742648810148239,-0.13645611703395844,-0.12812841683626175,-0.09880482405424118,-0.080519698560237885,-0.082695819437503815,-0.056868260726332664,0.0064449533820152283,0.060775027610361576,0.11742659658193588,0.15347908437252045,0.15849436819553375,0.15445259958505631,0.17054043710231781,0.17136989533901215,0.21093724668025971,0.24904492497444153,0.25844365358352661,0.306634858250618,0.38681438565254211,0.0,0.4383295476436615,0.0,0.47528281807899475,0.50422501564025879,0.0
0.710410166669775,0.48556795716285706,0.31005827298289851,0.20334452653632446,0.16178624232610067,0.15188171342015266,0.15940254802505174,0.14206420940657458,0.085316000878810888,0.059380032743016876,0.050108850933611393,0.0130857746116817,-0.033718952909111977,-0.053684156388044357,-0.065973149612545967,-0.083950892090797424,-0.11779299378395081,-0.13316027820110321,0.0,-0.11657432466745377,-0.089770883321762085,-0.089320316910743713,-0.068521209061145782,-0.062697112560272217,0.01025863440008834,0.071434438228607178,0.12372520938515663,0.16208559274673462,0.17481867969036102,0.17390362918376923,0.21252119541168213,0.22589336335659027,0.26312792301177979,0.32658788561820984,0.34535208344459534,0.39930590987205505,0.43081469833850861,0.45533016324043274,0.47503796219825745,0.48425966501235962,0.50866726040840149,0.53787833452224731
0.6485359565071438,0.48053903381029767,0.3571801595389843,0.28650591174761453,0.23945192460502898,0.1939446542944227,0.17420641581217447,0.1492040678858757,0.084818176925182343,0.047038872726261616,0.0296922423876822,0.010279764770530164,-0.012592636689078063,-0.013313790783286095,-0.023903816821984947,-0.04434931930154562,-0.076813274994492531,-0.10959640145301819,-0.12010536715388298,-0.099490616470575333,-0.081806018948554993,0.0,-0.089735653251409531,-0.057923618704080582,0.011931866407394409,0.0,0.10755117237567902,0.14958825707435608,0.0,0.19542939960956574,0.23974886536598206,0.0,0.29820552468299866,0.34848701953887939,0.0,0.41536778211593628,0.0,0.45228949189186096,0.48086449503898621,0.0,0.51001477241516113,0.0
0.57140978087078442,0.45669998316203847,0.38616013278563815,0.34683424830436704,0.28533250093460083,0.2294518713440214,0.19254819490015507,0.1464783176779747,0.093191252648830408,0.051601134240627289,0.029660025238990785,0.00990072085793751,0.0023307491355808452,0.0010979282087646425,-0.014719989616423845,-0.042607774958014488,-0.06951877661049366,-0.089314054697752,-0.08621833473443985,-0.092094026505947113,-0.079889796674251556,-0.088296540081501007,-0.089546062052249908,0.0,-0.052064660936594009,0.053589828312397,0.0,0.13408233225345612,0.18263626098632813,0.0,0.22413218021392822,0.28445222973823547,0.0,0.34968933463096619,0.40514340996742249,0.0,0.44336926937103271,0.0,0.47594475746154785,0.52012383937835693,0.0,0.54156893491745
0.49872704063143047,0.4075676771727475,0.35617832704023883,0.31728235781192782,0.26169508695602417,0.21956421434879303,0.17898016919692358,0.12863778748682567,0.084525336821873978,0.061691428534686565,0.040428431704640388,0.017242746893316507,0.0054031026472027106,-0.014228414123257002,-0.029532730579376221,-0.044915108010172844,-0.0571006890386343,-0.055647660046815872,-0.060950979590415955,-0.059016648679971695,-0.079324178397655487,-0.10465896874666214,0.0,-0.12482550740242004,-0.035070568323135376,0.063416954129934311,0.14567448198795319,0.16931913793087006,0.2245628833770752,0.25248801708221436,0.27404814958572388,0.31529098749160767,0.0,0.36438527703285217,0.41432732343673706,0.4114614725112915,0.44469846785068512,0.48223865032196045,0.501505970954895,0.53961008787155151,0.0,0.54675233364105225
0.46779487861527336,0.39643387496471405,0.35214419662952423,0.31201130151748657,0.25517992302775383,0.20631734281778336,0.14823005845149359,0.0966242328286171,0.0576432466506958,0.036077891476452351,0.029065727566679318,0.0105350436642766,-0.024131054369111855,-0.051272237673401833,-0.045876873036225639,-0.046030769124627113,-0.050925459712743759,-0.045175827108323574,-0.05621742457151413,-0.064245028421282768,-0.0651584342122078,-0.076162558048963547,-0.09570065513253212,-0.022984281182289124,0.045814903918653727,0.11787602305412293,0.1736544668674469,0.20921825617551804,0.25723627209663391,0.0,0.29079663753509521,0.33285394310951233,0.0,0.3890664279460907,0.42186415195465088,0.0,0.45856738090515137,0.0,0.52086347341537476,0.0,0.0,0.0
0.45044567684332532,0.37120139971375465,0.32846345835261875,0.28202529748280841,0.22398033986488977,0.16653905312220255,0.099352231249213219,0.044302320852875707,0.00062472522258758543,-0.0034142934018746018,-0.012731374629462758,-0.0224183791433461,-0.051088828127831221,-0.066500201821327209,-0.053215112537145615,-0.038102836658557258,-0.023892516735941172,0.0,-0.020242283353582025,-0.050849361345171928,-0.066097058355808258,-0.077839996665716171,-0.05586705170571804,-0.013323226012289524,0.072530126199126244,0.0,0.20174513757228851,0.26139301061630249,0.0,0.29894161224365234,0.3297208696603775,0.0,0.37331423163414,0.40479075908660889,0.0,0.42662009596824646,0.0,0.47528493404388428,0.53828567266464233,0.54932034015655518,0.54691410064697266,0.53846240043640137
0.40230936353856867,0.33215704134532381,0.29915732807583278,0.23959956637450627,0.18892706433931986,0.13724064528942109,0.0675712392355005,0.00564183306414634,-0.03730754554271698,-0.037336206684509911,-0.047898385673761368,-0.057286118467648826,-0.073669783771038055,-0.073693744838237762,-0.055861163884401321,-0.032809455879032612,-0.022929389961063862,-0.0034060364123433828,3.4228905860800296E-05,-0.015292749740183353,-0.0242094649001956,-0.030089017003774643,0.0075543089769780636,0.07260238379240036,0.086906604468822479,0.17376809567213059,0.24388067424297333,0.0,0.27239677309989929,0.31561660766601562,0.0,0.36471456289291382,0.40436457097530365,0.42437517642974854,0.43322321772575378,0.45453079044818878,0.49897530674934387,0.49650394916534424,0.53362470865249634,0.52165120840072632,0.522564709186554,0.50948607921600342
0.37531857405390057,0.31029240190982821,0.26753295958042145,0.21807088330388069,0.17029878000418344,0.10824904777109623,0.055108964815735816,-0.012489716056734324,-0.042605327907949686,-0.061347812414169312,-0.067742511630058289,-0.068805302182833358,-0.068274621851742268,-0.0736599713563919,-0.055852796882390976,-0.03421857301145792,-0.011547749629244208,0.025481559336185455,0.037253785878419876,0.03041459247469902,0.04169662669301033,0.067204669117927551,0.1122923418879509,0.11414419114589691,0.16976117342710495,0.0,0.23237283527851105,0.24437208473682404,0.28351286053657532,0.33722594380378723,0.34771859645843506,0.39733599126338959,0.44039347767829895,0.45375731587409973,0.45556113123893738,0.47081303596496582,0.0,0.50272071361541748,0.52239131927490234,0.0,0.50852346420288086,0.0
0.33270493447780608,0.2753683891561296,0.23319638893008232,0.19600141545136771,0.15459123005469641,0.10835519246757031,0.0552186444401741,0.0073335118649993092,-0.051095785200595857,-0.062898212112486362,-0.061208070566256843,-0.064740944653749466,-0.065500501543283463,-0.07027125358581543,-0.057966334124406181,-0.036209166049957275,0.018804918043315411,0.069355934858322144,0.0711027979850769,0.097431618720293045,0.12229901179671288,0.16212689876556397,0.17283596098423004,0.17866264283657074,0.22767521440982819,0.22023487091064453,0.22492271661758423,0.23490390181541443,0.26098963618278503,0.30863673985004425,0.35904848575592041,0.42812377214431763,0.0,0.45897325873374939,0.45382337272167206,0.0,0.46347588300704956,0.0,0.4787222146987915,0.47690925002098083,0.0,0.4555017352104187
0.31563419848680496,0.26449388536539947,0.23271535502539742,0.2000369057059288,0.16280109754630498,0.11261973281701405,0.060953807085752487,0.0074977017939090729,-0.030894520382086437,-0.055147926323115826,-0.057063168535629906,-0.063373635212580368,-0.06134968064725399,-0.053247254341840744,-0.030220532168944676,0.0068291882053017616,0.055129284039139748,0.070734456181526184,0.11005189766486485,0.14482276886701584,0.17797189950942993,0.18935871869325638,0.19992218911647797,0.22499755024909973,0.22665414214134216,0.23237670958042145,0.22247407585382462,0.23132182657718658,0.264726959168911,0.0,0.32718315720558167,0.38463366031646729,0.44235542416572571,0.0,0.440245658159256,0.44578036665916443,0.45811817049980164,0.43640542030334473,0.45918834209442139,0.46209579706192017,0.42961588501930237,0.45164003968238831
0.30975347095065647,0.25998725742101669,0.23122594691812992,0.19324817880988121,0.16390104591846466,0.12747329175472261,0.080394664779305458,0.035265808925032616,-0.013940300482014814,-0.049958066083490849,-0.059224744327366352,-0.067180301994085312,-0.031442896152536072,-0.01879121083766222,0.026328612118959427,0.072328132887681321,0.095673609524965286,0.12178983787695567,0.14434251189231873,0.16649492830038071,0.19783134758472443,0.21750520169734955,0.23404532670974731,0.24426010251045227,0.22802945226430893,0.22700755298137665,0.22625810652971268,0.0,0.249924898147583,0.28126879036426544,0.34216007590293884,0.0,0.40990850329399109,0.40685456991195679,0.43156266212463379,0.41370318830013275,0.39367911219596863,0.41477265954017639,0.3798905611038208,0.39964714646339417,0.40588957071304321,0.0
0.25726988166570663,0.21794003413783181,0.19044438997904459,0.15497131858553206,0.12919640665253004,0.10184338440497716,0.071491748094558716,0.025568156037479639,-0.0090393583911160622,-0.023486504890024663,-0.027559025958180428,-0.020472710176060598,0.0098187411203980446,0.047046748921275139,0.078500114381313324,0.11274816344181697,0.13857706636190414,0.1692153587937355,0.1821686327457428,0.19613570719957352,0.21516308933496475,0.24236421287059784,0.0,0.23166176676750183,0.21146541088819504,0.2122858464717865,0.21038194000720978,0.21737370640039444,0.23022406548261643,0.0,0.3148961067199707,0.30443423986434937,0.34364931285381317,0.37136891484260559,0.32793638110160828,0.37279701232910156,0.35549193620681763,0.0,0.33717671036720276,0.37542152404785156,0.0,0.3890221118927002
0.19681099243462086,0.15596644394099712,0.15076144933700561,0.11113014941414197,0.091246059164404869,0.075457217171788216,0.043569385694960751,0.0091552768048131835,-0.0061582691851072013,-0.0042081786377821118,-0.0028096683206968011,0.017750271285573643,0.04351853858679533,0.096653503365814686,0.14993834495544434,0.1655976821978887,0.18082976341247559,0.20460571348667145,0.2347337951262792,0.23730060458183289,0.2586996927857399,0.26575900614261627,0.24916191399097443,0.23506784439086914,0.22037038952112198,0.20528848469257355,0.20528870075941086,0.19948156923055649,0.0,0.24455832690000534,0.22316619753837585,0.26107366383075714,0.28819429874420166,0.0,0.30049633979797363,0.30990931391716003,0.0,0.3066563606262207,0.30834287405014038,0.34032833576202393,0.307996541261673,0.35221517086029053
0.15713931061327457,0.1205783018044063,0.10640453547239304,0.077973607395376482,0.065589302778244013,0.05353919565677643,0.023818999218444031,0.0012091474006107699,-0.0013664175756275653,0.016002801809615146,0.038807830307632685,0.066671767830848688,0.10352061440547307,0.18384619802236557,0.21961380541324616,0.22417135536670685,0.23811840017636618,0.28844905893007916,0.30240011215209961,0.29850270350774127,0.3023151308298111,0.30781053006649017,0.28298774361610413,0.262043297290802,0.25478972494602203,0.20978455245494843,0.20562635362148285,0.20756037533283234,0.19650073349475861,0.19532795250415802,0.21520449221134186,0.21238338202238083,0.0,0.22297683358192444,0.2307216227054596,0.0,0.23792466521263123,0.25517924875020981,0.27170270681381226,0.23771017789840698,0.27460944652557373,0.28700527548789978
0.16722742716471353,0.11721562274864741,0.079110261052846909,0.057001598924398419,0.046512411907315254,0.037181974699099861,0.023430434986948967,0.016535896275724684,0.023655967414379121,0.052879966174562774,0.090009090801080063,0.12925316393375397,0.18657927513122558,0.24224470555782318,0.27592045813798904,0.29840148687362672,0.31543414791425067,0.35646374026934308,0.37663912773132324,0.35627027352650958,0.34022173285484314,0.34218057990074158,0.34390857815742493,0.32014662027359009,0.29784539341926575,0.31232865154743195,0.26216891407966614,0.2462504655122757,0.2068793997168541,0.19470592588186264,0.0,0.17630703747272492,0.16520640254020691,0.14063803851604462,0.19423326849937439,0.1742793545126915,0.14271382987499237,0.19428160786628723,0.20746365189552307,0.0,0.21155194938182831,0.0
0.18051272879044214,0.10723771154880524,0.061528814690453668,0.040919172444513867,0.039546776562929153,0.034524982795119286,0.035462865339858193,0.04009540246001312,0.052081881711880364,0.08622933427492778,0.14546879061630794,0.19284413754940033,0.23844818770885468,0.28313304980595905,0.33476213812828065,0.36446736007928848,0.37560429175694782,0.38721899688243866,0.3911418616771698,0.37575480341911316,0.36028194427490234,0.3916383683681488,0.40075087547302246,0.38685457408428192,0.38964901864528656,0.36913366615772247,0.32266712188720703,0.30020490288734436,0.23659887909889221,0.18848391622304916,0.1527014896273613,0.13208645582199097,0.0,0.0938485600054264,0.054001465439796448,0.085630431771278381,0.10741603374481201,0.0,0.16009528934955597,0.17828269302845,0.0,0.19124655425548554
