SouthSea_Web/demo/jsonfile/2017-12-16-23.json
{"header": {"parameterUnit":"m.s-1","parameterNumber":3,"dx":0.1,"dy":0.1,"parameterNumberName":"Northward current","la1":29.0,"la2":12.0,"parameterCategory":2,"lo2":131.0,"nx":250,"ny":171,"refTime":"2017-12-16T22:58:07.5","lo1":106.0}, "data":
[rows 38 to 56 of 171, columns 172 to 214 of 250]
0.44022904833157855,0.4179054264511381,0.37114661373198032,0.3057931766790502,0.22498933505266905,0.14965800096591314,0.093835463623205814,0.089426556136459112,0.13203487917780876,0.18519612971474142,0.23789278311388834,0.25649861246347427,0.24233273509889841,0.23434124567678996,0.21973448027582729,0.2210202435652415,0.265954637352158,0.22914879549952114,0.18457601083950562,0.1326833620019581,0.13391349200780192,0.22691885559331804,0.23523666482904684,0.1937582165002823,0.12691129801365045,0.044550220815775296,0.0876514301635325,0.29317886233329771,0.36198442903431977,0.35773501992225648,0.39256409141752457,0.4014723151922226,0.33455243706703186,0.25343354046344757,0.23109118640422821,0.20131528936326504,0.12376665430409568,0.079050332928697273,0.0452556029583017,0.045931647531688213,0.036308893468230963,0.010132855619303882,-0.0266176919976715
0.442848985011761,0.42561945669791279,0.39397457428276539,0.3150235508617602,0.23810679772320917,0.17124554188922048,0.12986058642466863,0.12188971089199185,0.14999145695141383,0.14839347771235875,0.1590798320248723,0.16938061118125916,0.16988664652620042,0.17973575847489492,0.20197098155816395,0.22601592261344194,0.21373810453547371,0.12633528834895083,0.15270163004214948,0.0045400417746148175,0.004306928944532518,0.1407589261178617,0.16448655999020526,0.19653098109890432,0.15190202556550503,0.14149030527243248,0.19455488713888022,0.28153918087482455,0.338796772740104,0.34715567664666608,0.36930148899555204,0.32758118212223053,0.24676146358251572,0.19715017718928202,0.17614380802427018,0.14615829661488533,0.092325933277606964,0.023832799789185326,-0.01997773750917986,-0.00896109912234048,-0.034220418240875,-0.0524586612979571,-0.069168776273727417
0.41040531732141972,0.38797189032330232,0.35997826331540156,0.29587309851365928,0.23421060666441917,0.18985737860202789,0.15996760781854391,0.15880386779705683,0.147117202098553,0.1231116047129035,0.11268755154950279,0.10620409863836625,0.10902037258659091,0.19268127903342247,0.22810289760430655,0.20709609641478613,0.1870316956192255,0.15906576575203377,0.11936017343153556,-0.03275598626350984,-0.14840946204798378,-0.02562397911970038,0.14217033176324689,0.25676628684296326,0.20845542754977942,0.16217934985955557,0.2035230410595735,0.28060048818588257,0.29029213041067126,0.28219020813703538,0.26346346073680454,0.23210146597453527,0.1723876049121221,0.14266767246382578,0.12338664755225182,0.10704216733574867,0.071954706683754921,-0.024344766396097839,-0.076505030505359173,-0.081933605670928958,-0.11006081849336624,-0.10965254716575146,-0.073454481860001877
0.37321972846984863,0.34328880435542058,0.33583289735457478,0.2863736082525814,0.24270219686958525,0.21669521752525778,0.18095825711886088,0.15219675302505492,0.1138305168818025,0.08864359706640243,0.049288057453500539,0.02949887959818755,0.11593060653943282,0.27261984224120778,0.21347635984420776,0.15980521818766227,0.24186471563119155,0.22824005583922069,0.11992349103093147,-0.023923077377612175,-0.13954955435151029,-0.12631811380481239,0.049696314046386539,0.34510079974477942,0.23706657439470291,0.27387779951095581,0.3288333309548242,0.29290349036455154,0.28039568993780351,0.22797468602657317,0.17512335876623789,0.14323086943477392,0.098730064462870359,0.073475572591026619,0.061239950358867645,0.0640801802277565,0.015183759077141682,-0.061671478673815727,-0.10946493595838547,-0.13396301617225012,-0.15034749110539755,-0.1128797506292661,-0.067506370445092514
0.38766750693321228,0.34516596943140032,0.31552068275563855,0.27199564543035293,0.26409451166788739,0.24897668013970056,0.1927341415601618,0.13002778440713883,0.07397056567984131,0.0017748191021382809,-0.04497019269814094,0.045469086581411272,0.14268906489014627,0.23852952445546785,0.16603266734343308,0.179348799917433,0.29809920738140744,0.29827006459236144,0.158179122954607,0.077245482217727438,-0.214145017153435,-0.26588536323979495,-0.0992963861162756,0.28453896170784088,0.33944327086210252,0.40922187169392904,0.370509535074234,0.2877356873618232,0.23992192894220352,0.16561651726563773,0.12329518877797657,0.0833008090655009,0.037844435622294746,0.019238568687190611,0.0056996089639142159,-0.012663456262089312,-0.026105578988790512,-0.083896189307173089,-0.13212094083428383,-0.15375840291380882,-0.13692076752583185,-0.083661004900932312,-0.074898272752761841
0.40830581296573987,0.3837200328707695,0.34153994090027279,0.29844176603688133,0.28777194519837695,0.23975689616054297,0.15204183459281923,0.070605303914121842,-0.029094313537435874,-0.11186689347960055,-0.093017287695637121,0.0478753693475339,0.23102398748908723,0.21293004070009505,0.16875057853758335,0.12896581167199958,0.21818272450140544,0.28418848720880657,0.20406682161908402,0.18908125229857184,0.0681435292946142,-0.066446717551801926,-0.14153995986138893,0.075116571382386615,0.30251976034858008,0.33202824162112343,0.27963458214487347,0.2231141969561577,0.17644823590914407,0.14162987718979517,0.099909200200012746,0.052534575973238261,0.0096010451670736074,-0.015087795676663518,-0.044457082450389859,-0.0700801561276118,-0.099309717118740079,-0.13227850695451102,-0.14735881984233856,-0.15241397668917975,-0.11673977722724278,-0.10842681427796681,-0.086913753300905228
0.4562037175609952,0.451147573068738,0.39286632504728103,0.33841000234379487,0.274790682643652,0.168957097189767,0.10894173346459865,0.048790127038955688,-0.049089522042777389,-0.10147472790309361,-0.13018330838531256,-0.00087833819644791739,0.3114820122718811,0.28638157993555069,0.21808380207845143,0.063825657373753425,0.16659932397305965,0.21258237957954407,0.15834620308417541,0.075035892426967621,0.0088265261248401967,0.044762494014797823,0.10435877412202813,0.1511166865790361,0.25956451810068554,0.23119384050369263,0.18395118912061056,0.15143591394791237,0.13634190211693445,0.10730926692485809,0.067557274763073244,0.028558899803707998,-0.0052273538429290058,-0.042225073712567486,-0.068216515084107712,-0.11251983419060707,-0.1451980322599411,-0.16047612577676773,-0.15294666588306427,-0.12191194295883179,-0.12902010977268219,-0.12366874516010284,-0.11419584229588509
0.50649212996164961,0.48024215896924338,0.38022822141647339,0.29886010856855483,0.19382158294320107,0.12599969406922659,0.1506081899361951,0.13842043006106428,0.03256563867696307,-0.016471386715281932,-0.11687562591396272,-0.018649107690802531,0.28562426838007843,0.33420035513964569,0.2905205252269904,0.20622260620196661,0.16638794243335725,0.14136271579907492,0.16972553730010986,0.15324953026496446,0.15895285010337829,0.18146866027797973,0.19966316024462383,0.19932059446970621,0.18795868639762586,0.16556531763993776,0.12487010719875495,0.11163956020027399,0.0847876756452024,0.060916558972426822,0.040392748080193996,0.016498892956102889,-0.023934934055432677,-0.062549826999505356,-0.083763560652732855,-0.11169692128896713,-0.14072321852048239,-0.14917559425036112,-0.10913417302072048,-0.12036360055208206,-0.12882418185472488,-0.13395292311906815,-0.13517145812511444
0.47415846410919638,0.43646922893822193,0.35226659663021564,0.2726227926171344,0.14416932468784266,-0.0032816012316043415,-0.060499982872239219,0.05497070021160385,0.034409032502610772,-0.083453495169655889,0.0,-0.051621405192865774,0.26374875009059906,0.30479660961363053,0.26659264912207919,0.21874845855765873,0.19378790665756573,0.16780965775251389,0.13190318569540976,0.11462628394365311,0.16501503838942602,0.19131318728129068,0.18218806173120225,0.15008233487606049,0.14510386775840412,0.11870907023549079,0.097599906846880913,0.075781296007335186,0.046324850991368294,0.032894912486275039,0.0051657788280863315,-0.018714378915319685,-0.043298865668475628,-0.039615086745470762,-0.064878307282924652,-0.096338560183842972,-0.080271709710359573,-0.077388676504294082,-0.085404366254806519,-0.097397118806838989,-0.11998902757962544,-0.14414382725954056,-0.1650080680847168
0.299629749620662,0.311056457898196,0.27359386752633486,0.23483709677269585,0.25690882521517139,0.043402252237622937,0.033766494676092405,-0.17110557242523175,0.097863724253450829,0.07706612197992703,-0.20680855228393166,-0.035713090561330318,0.1989130215211348,0.23431596308946609,0.22718921032818881,0.21427180767059326,0.18854840235276657,0.15227423337372867,0.13064751997590066,0.15565725333160824,0.17575787278738889,0.14618982076644899,0.12376964911818504,0.11576391756534576,0.10873196108473672,0.0947505533695221,0.074227083060476512,0.046987800548473992,0.032157558575272562,0.0092880619224160917,-0.023028713651001453,-0.030823692306876184,-0.02369610988534987,-0.018643795046955347,-0.037023060023784637,-0.0037060710601508617,-0.0013178926892578602,-0.024960841052234173,-0.048343157395720482,-0.077638711780309677,-0.12105577935775121,-0.14695584774017334,-0.18260528892278671
0.2570080000620622,0.22066308820948882,0.15987992426380515,0.11407419122182406,0.12563909327282624,0.11888837108486577,0.018843414160073735,-0.10199653253389093,-0.16003030199076859,-0.11965234980315846,0.025738839898258446,0.1303519325123893,0.18575658897558847,0.20914281904697418,0.21066939383745192,0.19739345212777457,0.16363465413451195,0.14436106383800507,0.15398392081260681,0.17585692740976811,0.15511946711275312,0.11674267715877956,0.096806105640199452,0.091830813325941563,0.090486766770482063,0.084295039065182209,0.0653339410200715,0.043525578454136848,0.025166657567024232,0.00670257955789566,-0.0082805996178649359,-0.0079961327525476609,0.020277356961742043,0.0158084649592638,0.052604772771398224,0.057684198021888733,0.034366499011715256,0.0055275545455515385,-0.029697273237009842,-0.075581345707178116,-0.1227249912917614,-0.16826079289118448,-0.20687419176101685
0.24217649835806626,0.19410924706608057,0.12206752548615138,0.056608061131555587,-0.029861598415300249,-0.029302188293322137,-0.033729530181735752,-0.054905541116992633,-0.0052833356894552708,0.11357148816265787,0.17210543900728226,0.17199449918486856,0.17207930833101273,0.18339705169200898,0.18677520379424095,0.16874992251396179,0.12707025888893339,0.11683466498340879,0.1354431981841723,0.14567560205856958,0.12479893366495769,0.10105184093117714,0.088391368587811783,0.08511650562286377,0.086600417892138168,0.070343572646379471,0.060263809437553086,0.045817562068502106,0.011639000847935677,-0.00060071206341187156,0.000379682460334152,0.029325292445719242,0.054076587160428367,0.10387701044480006,0.10952502737442653,0.083026900887489319,0.070946647475163147,0.020601617366385955,-0.037530962377786636,-0.083378754556179047,-0.1309158205986023,-0.18646857887506485,-0.2132518986860911
0.1579309696952502,0.0737443852548798,0.044801678148690953,0.0057559332344681025,-0.0709004554276665,-0.19365577995777131,-0.17533688604831696,-0.070080108797320947,0.053118293044260807,0.15694089233875275,0.17237404319975111,0.16500709354877471,0.14900842010974885,0.1396375373005867,0.13035152181982995,0.12045398035219737,0.092122538813522878,0.072208781260997057,0.09768834816558021,0.11352625582367182,0.10164457559585571,0.087295622875293091,0.090317235461303172,0.0795473928252856,0.061015979945659639,0.05532129667699337,0.040747429244220257,0.019301385246217252,-0.0029045216894398132,0.0091169248335063457,0.046934993316729866,0.12148331850767136,0.14611492305994034,0.1385921984910965,0.12747276574373245,0.098690552016099289,0.051206996664404869,0.001119438442401588,-0.0476219579577446,-0.10139016062021256,-0.14084568619728088,-0.17948592205842337,-0.21151608228683472
0.081888404889748648,0.00786431080972155,-0.0090230723771338277,-0.050376415252685547,-0.10319468379020691,-0.17061028257012367,-0.14659556204622443,-0.043147823695714273,0.062309394590556622,0.13461676463484765,0.16568784912427267,0.15565149858593941,0.13117617666721343,0.10545399319380522,0.08056052880627769,0.071775973464051887,0.053654924500733614,0.03365445788949728,0.044311982978667529,0.07004512548446655,0.070534364879131312,0.07028549537062645,0.069565337151288986,0.0571755550801754,0.041249233298003674,0.040100663900375366,0.040687393397092819,0.039194993209093809,0.0314716644740353,0.092985227704048157,0.16490117460489273,0.18505111833413443,0.1807551234960556,0.15805331617593765,0.11926157027482986,0.093011710792779922,0.0464799590408802,-0.0041977297514677048,-0.049952071160078049,-0.093332380056381226,-0.12955327332019806,-0.16308778524398804,-0.19330356021722159
0.060819318890571593,-0.026819547919634108,-0.0589845644739958,-0.093304180074483156,-0.11140247186024983,-0.1315069399200953,-0.13376521949584669,-0.083108970387415451,0.0079913968220353127,0.074739289470016956,0.12349225987087596,0.13703014142811298,0.0983079398671786,0.061070073395967484,0.036844082549214362,0.0338019789972653,0.015111530972977303,-0.0021777860121801494,0.018592305760830641,0.038251587810615696,0.032341314014047384,0.012397757673170418,0.031305922567844389,0.029935658909380436,0.042521318886429071,0.056473507545888424,0.099109765142202377,0.14258028318484625,0.17267970989147821,0.20173404365777969,0.22417153418064117,0.21566185355186462,0.183795727789402,0.14136388897895813,0.11263891557852428,0.07307666540145874,0.045483974739909172,-0.0062754438258707523,-0.049171625326077141,-0.087763730436563492,-0.12154671549797058,-0.15517203509807587,-0.18321190774440765
0.070494488005836811,-0.018092329828785017,-0.075878220843151212,-0.10542058249314626,-0.10403010481968522,-0.11165034522612889,-0.11883170406023662,-0.09699245765805245,-0.05283516221162346,-0.0034920622294355944,0.036120993725489825,0.062872781418263912,0.064175318512651652,0.032013263863821827,0.0083309298691650237,-0.0080113722011446956,-0.0236942085204646,-0.020848697423934935,0.022471094654974877,0.044324006885290146,0.022380994400009513,0.010561469895765185,0.040026748863359295,0.062956768088042736,0.096169379850228623,0.14650352299213409,0.21150325238704681,0.23187891145547232,0.24864162504673004,0.24343501031398773,0.23326826095581055,0.20342534780502319,0.17856490115324655,0.13783774524927139,0.10031162699063619,0.056876961141824722,0.02700312901288271,-8.97975914995186E-05,-0.0463081281632185,-0.081250247855981186,-0.11459097638726234,-0.13544311001896858,-0.16620249301195145
0.046639604369799297,0.00078764625633245009,-0.051510033837985247,-0.10126948303409986,-0.12513507386812797,-0.10272901902596156,-0.06858790572732687,-0.070733087509870535,-0.078589980180064842,-0.070103257480594844,-0.039915331354778677,-0.0092453997848289358,0.019456699723377824,0.018765625730156898,-0.0046677046921104193,-0.027420471111933391,-0.047732121497392657,-0.011119017687936625,0.024947415105998516,0.036961362697184086,0.036483227275311947,0.057533055543899536,0.094552720586458847,0.12929403968155384,0.176081120967865,0.22899752110242844,0.26027208566665649,0.2685600419839223,0.2501993402838707,0.22660182416439056,0.20092093944549561,0.18179214000701904,0.163714237511158,0.14402264853318533,0.1053139790892601,0.070186374709010124,0.032034579664468765,-0.016908199603979785,-0.061871219426393509,-0.090991124510765076,-0.10368431359529495,-0.12620269507169724,-0.15272422879934311
0.061315829920418119,0.01943406500088583,-0.020093401565271264,-0.040820516025026642,-0.05820573540404439,-0.038538609631359577,-0.030925403473277886,-0.047963955439627171,-0.069662240644296,-0.0787018621340394,-0.0670730923967702,-0.033135531470179558,-0.020330141484737396,-0.028816659934818745,-0.045667336011926331,-0.084417232622702912,-0.0875689685344696,-0.042964370300372444,0.018691122182644904,0.043135346844792366,0.057073935866355896,0.095037490129470825,0.12502552196383476,0.15945522487163544,0.21411462128162384,0.25281214714050293,0.27898973226547241,0.26960454881191254,0.24575908482074738,0.21937157213687897,0.18914967775344849,0.17872406542301178,0.17246177792549133,0.16457958519458771,0.1305769644677639,0.076745219528675079,0.035111172124743462,-0.012263373704627156,-0.057722011581063271,-0.093786422163248062,-0.11173664778470993,-0.12896523624658585,-0.16417015343904495
0.054884738022727628,0.0075177493614747241,-0.023856020599071468,-0.044742638511317115,-0.032442636912067731,-0.03041489006808171,-0.0314876539632678,-0.042418148707259788,-0.044513648841530085,-0.051033708666052134,-0.050630855063597359,-0.037318544834852217,-0.046639816214640938,-0.0677033681422472,-0.098876766860485077,-0.13122221827507019,-0.106175996363163,-0.040251402650028467,0.026351526690026123,0.0694238692522049,0.09587617963552475,0.11865851283073425,0.13667207211256027,0.1641027182340622,0.21117524057626724,0.25530799229939777,0.27426448464393616,0.26763324936230976,0.23901241024335226,0.21717742085456848,0.1979438066482544,0.19434057176113129,0.18618583679199219,0.16225415468215942,0.12878843769431114,0.084797967225313187,0.029977814294397831,-0.020312661305069923,-0.0656510517001152,-0.092664957046508789,-0.10641747464736302,-0.13433608412742615,-0.15714012086391449
