SouthSea_Web/demo/jsonfile/2017-12-14-18.json
{"header": {"parameterUnit":"m.s-1","parameterNumber":3,"dx":0.1,"dy":0.1,"parameterNumberName":"Northward current","la1":29.0,"la2":12.0,"parameterCategory":2,"lo2":131.0,"nx":250,"ny":171,"refTime":"2017-12-14T18:00:00","lo1":106.0}, "data":
[rows 95 to 113 of 171, columns 0 to 42 of 250]
-0.3395865476793713,-0.24699475128075171,-0.19754092974795234,-0.15394711723694435,-0.1464640193364837,-0.097319237887859344,-0.050605900792611971,0.00560030248016119,0.057049186527729036,0.11469317724307378,0.17659072577953339,0.23355731864770254,0.28020887076854706,0.305924654006958,0.31423473358154297,0.31082865595817566,0.31708656251430511,0.32973949611186981,0.33839353919029236,0.36343200504779816,0.0,0.36660696566104889,0.35779518882433575,0.32112157344818115,0.32144733518362045,0.31984353727764553,0.29043322801589966,0.24279282755892853,0.16940142275335449,0.078971814050091488,0.041077025592900239,0.0,0.0,0.0,0.0,0.0,0.0,0.0,0.0,0.0,0.0,0.0,0.0
-0.28872212514813456,-0.1908463116349845,-0.17889072932302952,-0.1557807500163714,-0.15355941111391241,-0.11592341214418411,-0.054294370735685028,0.02060114243067801,0.081109108775854116,0.14777432382106781,0.19925045967102051,0.24265872438748679,0.28444342315196991,0.0,0.30460260808467865,0.30615197122097015,0.31877923011779785,0.32270804047584534,0.3588898777961731,0.37701644500096637,0.35873003304004669,0.36831241846084595,0.33358979225158691,0.30882862706979114,0.3361026167869568,0.36185917630791664,0.31810664886333906,0.16836988929582064,0.11593724906976734,0.0,0.0,0.0,0.0,0.0,0.0,0.0,0.0,0.0,0.0,0.0,0.0,0.0,0.0
-0.3148943732182185,-0.21676184361179671,-0.21368879973888397,-0.17840795467297235,-0.17343651254971823,-0.10418425826355815,-0.0044982298942548892,0.056875541806221008,0.11411988735198975,0.13734719902276993,0.19526851922273636,0.25074083358049393,0.28163598477840424,0.30563011765480042,0.29018479585647583,0.32886475324630737,0.32378667593002319,0.34625256061553955,0.36631672084331512,0.37855076789855957,0.39783337712287903,0.38574130833148956,0.3232971578836441,0.27480215047086987,0.38573552171389264,0.38276331887600268,0.21980555614653793,0.097559989316828757,0.0,0.0,0.0,0.0,0.0,0.0,0.0,0.0,0.0,0.0,0.0,0.0,0.0,0.0,0.0
-0.26951409450599123,-0.31973232328891754,-0.27313430607318878,-0.22147907775181991,-0.17083734070712869,-0.048687552368002276,0.017891056932664167,0.06849058270454407,0.11147813871502876,0.15538644045591354,0.20594333112239838,0.24161618947982788,0.27001306414604187,0.28157737851142883,0.2732887864112854,0.2924828976392746,0.3095373660326004,0.3275061696767807,0.34648516774177551,0.38658444086710614,0.37814857562383014,0.35213248928387958,0.26580395735800266,0.26099863309751858,0.38999079574238171,0.3676094120821437,0.16478263042837926,0.0054387043928727508,0.0,0.0,0.0,0.0,0.0,0.0,0.0,0.0,0.0,0.0,0.0,0.0,0.0,0.0,0.0
-0.36246333044508228,-0.37724662944674492,-0.28878979980945585,-0.24598933880527815,-0.11175552606582642,-0.038151854416355491,0.012192565685836598,0.065484520047903061,0.12036620825529099,0.16695676743984222,0.20113125443458557,0.0,0.25081995129585266,0.25059553980827332,0.25383127480745316,0.24697721004486084,0.28087353706359863,0.29128870368003845,0.32837435603141785,0.34530923763910931,0.3533797562122345,0.32826198140780133,0.25457900527276489,0.26860790183910954,0.31534082069993019,0.24643910730757365,0.096907718928304271,-0.036006253057469927,0.0,0.0,0.0,0.0,0.0,0.0,0.0,0.0,0.0,0.0,0.0,0.0,0.0,0.0,0.0
-0.4338036264692034,-0.35009532954011646,-0.29966685970624291,-0.22117708954546186,-0.10928004917999108,-0.052580952112163813,0.0030126350931823252,0.047006712760776281,0.10615693032741547,0.14964369684457779,0.16991141438484192,0.21385235339403153,0.20907372236251831,0.22637827694416046,0.22050744295120239,0.24908839166164398,0.2360936775803566,0.28811992704868317,0.28989128768444061,0.32263105114301044,0.31562610467274982,0.29743968627669592,0.2336285182020881,0.25861988961696625,0.26993525190197903,0.18456386126901792,0.083707971584046609,0.0,0.0,0.0,0.0,0.0,0.0,0.0,0.0,0.0,0.0,0.0,0.0,0.0,0.0,0.0,0.0
-0.42754712182542554,-0.28895112233502523,-0.285134508059575,-0.21789622455835342,-0.13134287365458228,-0.0774612066646417,-0.030692687258124352,0.018941864720545709,0.083148377637068435,0.12410906329751015,0.15382929146289825,0.18289930373430252,0.18941742181777954,0.19371283054351807,0.19300641119480133,0.21564812958240509,0.21495553106069565,0.25181868672370911,0.26118389268716174,0.28055596351623535,0.27405014634132385,0.24591546825000218,0.21721924940745035,0.22630682458048282,0.22237791493535042,0.1338418539915536,-0.0068323872186929775,-0.040013203583657744,0.0,0.0,0.0,0.0,0.0,0.0,0.0,0.0,0.0,0.0,0.0,0.0,0.0,0.0,0.0
-0.33887511134147646,-0.2550671258393456,-0.26288406338010517,-0.24887261291344962,-0.18106317644317946,-0.13125810772180557,-0.062964722514152527,-0.0023959451355040073,0.04471198283135891,0.10080085694789887,0.14557027816772461,0.14440146833658218,0.15223325788974762,0.1603880375623703,0.18061889708042145,0.18039842694997788,0.16953831911087036,0.20571915308634439,0.21601157883803049,0.23727592080831528,0.24159859865903854,0.21415493956633977,0.19554923176765443,0.17078634113073349,0.17499257392353482,0.096724450877941723,-0.14799973350680115,-0.13629831873181064,0.0,0.0,0.0,0.0,0.0,0.0,0.0,0.0,0.0,0.0,0.0,0.0,0.0,0.0,0.0
-0.26688762108484904,-0.28484822731269033,-0.26889887132814955,-0.29672130197286606,-0.23850516229867935,-0.16280077397823334,-0.097894411001886644,-0.03860625512897968,0.024582998128607869,0.068869141240914658,0.10729096829891205,0.11112302169203758,0.11706274747848511,0.13008828088641167,0.12625497207045555,0.15447679907083511,0.13942255824804306,0.14996130764484406,0.15807400643825531,0.20269746085007986,0.20243067666888237,0.17347864806652069,0.16581010156207615,0.1385465111760866,0.12451574870863476,0.11406333513764871,-0.14118205324879715,-0.15782374816222322,0.0,0.0,0.0,0.0,0.0,0.0,0.0,0.0,0.0,0.0,0.0,0.0,0.0,0.0,-0.03311564028263092
-0.32240520079027524,-0.31862807273864746,-0.29495389097266728,-0.32422346373399097,-0.27715673404080526,-0.1908163387667049,-0.13998733626471627,-0.062398312613368034,-0.0014008797976809244,0.045129461834828057,0.079906519502401352,0.081484567373991013,0.091147315998872117,0.0936528816819191,0.088984709233045578,0.10800149291753769,0.071202406659722328,0.10794415324926376,0.12522619962692261,0.16216001907984415,0.15080541372299194,0.14318566210567951,0.12536130100488663,0.12876506228195994,0.10926485108211637,0.0889008453534916,-0.103989016865241,-0.26776372522793035,0.0,0.0,0.0,0.0,0.0,0.0,0.0,0.0,0.0,0.0,0.0,0.0,0.0,-0.0840724336781672,0.012781220909286467
-0.32384418828465117,-0.29558590551217395,-0.34862447619438169,-0.33983880082766216,-0.29420492053031921,-0.24983565310637157,-0.1949256405234337,-0.078534838640027582,-0.021663107016744714,0.016914183584352333,0.042161836599310241,0.052429720759391785,0.054737696424126625,0.066981641575694084,0.057093145325779915,0.060529465476671852,0.0492398738861084,0.064759766062100724,0.091917600482702255,0.11193054914474487,0.092049349099397659,0.098111797869205472,0.083295263350009918,0.079158487514807627,0.087401894005862152,0.069009185391699979,-0.049067569998739173,-0.14457557147501834,-0.11021194847360734,0.0,0.0,0.0,0.0,0.0,0.0,0.0,0.0,0.0,0.0,0.0,0.0,-0.039145824843601823,0.0084189210692413412
-0.2660559493761796,-0.31621676087379458,-0.33515976175017981,-0.37812413771947223,-0.26971273045790822,-0.2992313951253891,-0.23845482965310413,-0.13019234463572502,-0.078294240403920412,-0.023443635320290923,0.011206810362637043,0.020378516986966133,0.026456997729837894,0.045108506456017494,0.032308365218341351,0.020180820487439632,0.0094953649677336216,0.02659815875813365,0.030483168549835682,0.052739495411515236,0.052870012198885284,0.056349807418882847,0.061810520788033806,0.046453061380556653,0.040390278150637941,0.058513899926434861,0.049535638602849631,-0.027683858675376732,-0.1966023409846597,-0.16924238362533398,-0.12804660663219555,-0.048411843568001961,0.0,0.0,0.0,0.0,0.0,-0.027863429593188421,-0.00097424626982636,-0.011140261515178393,-0.036833903965914072,-0.030240558464738405,-0.053280564949165193
-0.16056199040677813,-0.15076169993339494,-0.23782507449388504,-0.33745487959220494,-0.25916742160916328,-0.37262140028178692,-0.28234362667021545,-0.18512378633022308,-0.12031058284143607,-0.059260406717658046,-0.036531922221183774,-0.0064536468125879765,0.010958713479340076,0.017725023285796244,0.0079736118980993833,-0.00824422761797905,-0.0045590405352413654,-0.00211779261007905,-0.0021006411407142878,0.012147062458097935,0.016390420962125063,0.026627667248249054,0.037517296771208443,0.029252817233403523,0.019022621317870088,0.031682880222797395,0.077007108367979527,0.053286903555272144,-0.014548578093469631,-0.082225511316210032,-0.071535067662644461,-0.14062418093342291,-0.015257603247007427,-0.051077345671164322,-0.054613001998766404,-0.0714609342994112,0.0,-0.018095711808620345,0.00047957124365798076,-0.0014249582560489104,-0.043445649604815229,-0.124296345615994,-0.16139461982149567
0.0,-0.013385581783950329,-0.16696818282121215,-0.24836435449905084,-0.29181088902512375,-0.39213116218646366,-0.40060110948979855,-0.24813559403022131,-0.17126096555819878,-0.12235115551286274,-0.079935342073440552,-0.042925378928581871,-0.015960947144776583,-0.016002612188458443,-0.0079100496950559318,-0.019376358948647976,-0.027791187167167664,-0.023592221084982157,-0.040006923954933882,-0.016007631551474333,-0.003623460594099015,0.014964528381824493,0.030436720078190167,0.038317328939835228,0.032463467990358673,0.029956275783479213,0.069904902683837075,0.098946203078542433,0.043232573172281262,-0.012243070954268444,-0.019236225264778892,-0.048960001816829808,-0.025005203802720644,-0.070852280257123021,-0.12588217128737997,-0.10275807920143151,-0.015798524438427955,-0.032373635737009035,-0.023137637599182078,-0.13228909859865023,-0.085384638952069825,-0.10434864887840906,-0.14261145817940657
0.0,0.0,0.0,-0.051681638090446104,-0.13643738464061672,-0.38430086698602228,-0.56335252354729848,-0.42441766685055149,-0.23462740989292369,-0.14899706095457077,-0.10905807465314865,-0.076156714931130409,-0.049865449468294777,-0.028762849047780037,-0.026092656888067722,-0.041245652362704277,-0.05033126100897789,-0.056931298226118088,-0.055077464630206428,-0.017023702152073383,0.017522155307233334,0.025468836538493633,0.048696994781494141,0.055824939161539078,0.052711859345436096,0.04138981861372789,0.055077873170375824,0.13991610386541911,0.079426468305644538,0.026342211682349445,-0.0026864408256577527,-0.031047090144467451,0.040747824498746345,0.083912218840108535,-0.053741954315707767,-0.18287450590251406,-0.0678371532465912,-0.016072642753751559,-0.068658454269080335,-0.20710046807889804,-0.092709933744833592,-0.021236181191312563,-0.084179554204235466
0.0,0.0,0.0,0.0,-0.16193281610806784,-0.24172123556422909,-0.47531326067063118,-0.61484303382726813,-0.31200493685901165,-0.172023809949557,-0.14049947900431498,-0.10791168361902237,-0.0878501608967781,-0.061828502764304481,-0.041155237704515457,-0.045265447348356247,-0.05972958542406559,-0.066713664680719376,-0.054915007203817368,-0.014037663117051125,0.022859037543336552,0.038131991401314735,0.064671320840716362,0.0921478308737278,0.10247607777516048,0.061412148177623749,0.066077352811892823,0.15721016526222228,0.089076658400396511,0.035156558550495119,-0.017456508244827598,0.075457016851654957,0.18205154913923013,0.079716612923551686,-0.066554616116696885,-0.17159372094002637,-0.13217720463871957,-0.047126857026551776,-0.12186628293947897,-0.20638052684897407,-0.1026363899400017,-0.010001716469028015,-0.13900511461745185
0.0,0.0,0.0,0.0,-0.016805534623563288,-0.05290733466603488,-0.27006701974905739,-0.55337796321040711,-0.48513923108577728,-0.25355712870756786,-0.18639443679289383,-0.13238590396940708,-0.11172851671775182,-0.09366541604201,-0.063411582261323929,-0.057096516713500023,-0.068942386656999588,-0.055842675268650055,-0.025414531429608662,0.015343560837209225,0.040519172325730324,0.060850528379281364,0.083425089716911316,0.13575515647729239,0.14085777476429939,0.10531654767692089,0.075757215420405075,0.13344557831684747,0.089869520626962185,0.035376044106669724,0.016304536256939173,0.19940697997808457,0.15477190663417181,-0.026664755586534739,-0.12580044940114021,-0.094612771878018975,-0.034220792865380642,0.0065568750724196434,-0.083296715524857456,-0.17656816473161732,-0.095846383202643617,-0.15146755738364112,-0.1218348263288275
0.0,0.0,0.0,0.0,-0.064845230430364609,-0.046062869431571687,-0.17288680454971744,-0.38130176346749067,-0.58599767923355106,-0.33450116713841754,-0.23326311707496644,-0.1624116525053978,-0.14197217424710593,-0.12640789523720741,-0.093298815190792084,-0.0769495815038681,-0.072121960421403244,-0.049024973064661026,-0.00073432945646345615,0.035162787263592087,0.066258409060537815,0.08375866711139679,0.0950663648545742,0.12621161490678787,0.15809262295564017,0.15487650334835051,0.11137848794460296,0.12766444434722266,0.10002238024026156,0.048529484442302158,0.10454797092825174,0.16919603198766708,0.064167421459305013,-0.068545225205727756,-0.10967781801115382,-0.043375056236982346,-0.0021023841109126806,0.071537290140986448,0.020536206973095734,-0.0694285713446637,-0.10534459040374369,-0.19192706620586769,-0.18974233145515124
0.0,0.0,0.0,0.0,-0.030627944991994258,-0.060493287099830685,-0.1101386776074357,-0.24445625593264897,-0.5030596325794856,-0.43564752453849431,-0.27736807780133355,-0.19809971864406878,-0.16497279703617096,-0.14861964186032614,-0.11573145166039467,-0.0878997469941775,-0.066564013560612992,-0.035972757885853447,0.010675057613601288,0.045749542613824211,0.0856232891480128,0.10356270074844361,0.11229311488568783,0.11507466807961464,0.14040803611278535,0.174387189745903,0.17354251742362975,0.18282166421413421,0.14444167805569513,0.11753623506852559,0.1361451491713524,0.12315471190959215,0.058689877390861511,0.0026154755614697933,-0.026974201085977256,-0.046622805031282563,-0.031486572076876961,0.031092431551466387,0.025795877932316878,-0.044010075957824787,-0.208380663200565,-0.35412262020439939,-0.37126456759870052
