SouthSea_Web/demo/jsonfile/2017-12-15-19.json
{"header": {"parameterUnit":"m.s-1","parameterNumber":3,"dx":0.1,"dy":0.1,"parameterNumberName":"Northward current","la1":29.0,"la2":12.0,"parameterCategory":2,"lo2":131.0,"nx":250,"ny":171,"refTime":"2017-12-15T19:01:52.5","lo1":106.0}, "data":
[rows 95 to 113 of 171, columns 129 to 171 of 250]
0.13764525577425957,0.11961055121251515,0.09331744909286499,0.070107841243346528,0.02845802647061646,0.0096831175809105243,0.029631408862769604,0.0574595940609773,0.05999416671693325,0.090217822231352329,0.20159944395224252,0.38117296099662779,0.47079354524612427,0.4806361198425293,0.47231374308466911,0.47109195258882308,0.43961568176746368,0.43560264578887392,0.38708636300130322,0.31444918557449625,0.14784917607903481,0.020613665042522673,-0.022974383222627574,-0.10065442477711119,-0.24464336883377386,-0.10983351089555818,0.43179468740709126,0.54778371548110794,0.42578624007178517,0.25586920812726022,0.135039422561089,0.010252560205448059,0.2306095942550776,0.25307965469666016,0.25271338750334349,0.30225858188444571,0.32427162170410156,0.3281112325688203,0.31317464301460668,0.27110920768035085,0.26376768698294956,0.20743699158940995,0.14566510858444068
0.11769996732473373,0.12118409760296345,0.10101899355649949,0.042522283736616373,-0.0014746029628440738,-0.019243309157900512,0.013886363323157033,0.034350173315033317,0.028685419509808224,0.053164856508374214,0.21576809386412302,0.36279925107955935,0.41196993589401243,0.39936695098876951,0.39044896039095794,0.38283060739437741,0.3511308530966441,0.31706573423885165,0.26281908089699951,0.22953956574201584,0.1363805283147555,-0.0080362237463502788,0.043367243419528349,0.048648516647517681,-0.22329560617605845,-0.11734342045228308,0.12320553804319287,0.29145542818766373,0.28973437066782604,0.30669589747082104,0.32793998055987889,0.32660135572606869,0.26361982718757959,0.24553792064006513,0.26142468955367804,0.37132344674319029,0.42493608381067005,0.3990182566146056,0.40945552945137026,0.364011708058809,0.29232369363307953,0.19182509556412697,0.12373534636572003
0.085134953260421753,0.085616106167435646,0.091635219752788544,0.051781858627994858,-0.022190859541296959,-0.049612694109479584,-0.04545978270471096,-0.014096164144575596,-0.036304334178566933,0.035041507420828566,0.20136779795090357,0.34249630570411682,0.3739723066488902,0.3560901798985221,0.36574231386184691,0.38972169558207193,0.37246955600049758,0.30644899950577664,0.22773742489516735,0.177307457835586,0.12992873449217191,0.036623924782144879,-0.011142740751473377,0.10874561490808529,0.15563096744396412,0.067246712311102519,-0.15341845320992517,-0.11629978932195612,0.0629530946131457,0.21184013175721073,0.38800498552438689,0.45199183306910773,0.38766933398114312,0.32526604607701304,0.33582037596991565,0.37608958142144339,0.39564629324844908,0.3890065241743017,0.40580367364666681,0.38769692324456717,0.34088968379156931,0.2589215375483036,0.15954945385456085
0.043377830646932125,0.044488685205578804,0.048567033372819424,0.032073729361097016,-0.019690118264406919,-0.0866404299934705,-0.12915996462106705,-0.11339267467459042,-0.10151331375042598,-0.015272440078357855,0.21279232576489449,0.321547269821167,0.37774532702234054,0.43465107679367065,0.45661327013602626,0.46454798181851703,0.45344892373451817,0.40151261568069457,0.26916056353112927,0.14896190308389209,0.10102058337493376,0.10251108944416046,-0.01673112354742793,0.0092317191163255354,0.030640576385938732,-0.031389690380400188,-0.20596864769856135,-0.32778052190939583,-0.095364081987374741,0.1575879241724539,0.30245874999534517,0.40391395579684863,0.38788365018673432,0.36563811898231507,0.33054757030571208,0.308084424585104,0.34134845222745624,0.38720351113722873,0.39207367350657779,0.33381024570692153,0.30592427598802668,0.27899999585416579,0.23795005865395069
0.0030017581302672625,0.00079439224100497086,-0.001092763151973486,-0.00726648629643023,-0.053123359102755785,-0.12890458106994629,-0.18251732587814332,-0.19747861226399741,-0.16797245045502982,-0.017261465080082417,0.16361097743113837,0.28031319379806519,0.3626428296168645,0.45537620969116688,0.48822633133215065,0.52633610935438246,0.53128977962162183,0.44639111186067265,0.29084201706083196,0.097930075614082554,0.02321369530082765,0.0545167077065411,-0.10800788219379218,-0.36305428671293222,-0.2734690928612562,-0.27658252005881451,-0.22891693917058764,-0.13385507894886864,-0.12316416857971085,-0.17561332424342327,0.084818875942003436,0.50838057024806149,0.47669274238652959,0.49051701716887647,0.42391127269519,0.34374422123355253,0.3542678452307178,0.36331505199958536,0.34529477109511691,0.30746991997179779,0.25840636874948231,0.2320309446046227,0.23305155424510732
-0.02251129224896431,-0.018577635288238525,-0.015212983824312687,-0.024404511786997318,-0.062379336605469383,-0.13597437739372253,-0.19908534735441208,-0.23759797463814417,-0.21956996321678163,-0.0767187056131661,0.079537627039826475,0.18272450442115465,0.26932703796774149,0.37532219456301796,0.4441533915021203,0.51172374248504637,0.49330567320187885,0.40150350183248518,0.21431574262678624,0.024672320267806452,-0.10132117480749175,-0.10575638312314238,-0.12925481523365476,-0.29338916278276073,-0.47864860019732997,-0.34057921171188354,-0.30673635073006156,0.14382822078201868,-0.07936923198608889,-0.33099611421100428,-0.24910037661902607,0.4655185920186341,0.64033370980849635,0.64172111806415377,0.56232089931900442,0.45210146511855881,0.36284703016281128,0.3050120751063029,0.26389353894270384,0.25556760119355243,0.22024727506296976,0.20422185722150302,0.22791448831558228
-0.0059662861749529839,0.023242441471666098,0.015957022085785866,-0.018904984404798597,-0.058863338083028793,-0.086907344559828445,-0.16275678277015687,-0.20226395130157471,-0.1884099468588829,-0.1072381626475941,-0.043845144307447806,0.10953097831871775,0.22289456948637962,0.33870339664545929,0.40496094822883605,0.426228366792202,0.40045370658238727,0.34521016792247172,0.17859306965361943,-0.054730372680794628,-0.19605984022984138,-0.22765917739560526,-0.18683126978576184,-0.081415883745207931,-0.0785428471786625,-0.14158658285520342,-0.0731069890848037,0.25692362313048317,-0.080863225482860387,-0.42064428848347496,-0.3022882991052907,0.029148566275630353,0.48544123113155363,0.62256434695287188,0.62642386704683306,0.4966514650228861,0.37880399823188782,0.29376788591516428,0.25720910783167239,0.22891321943865883,0.23124404127399126,0.23826455121690576,0.26478314399719238
0.051015285775065422,0.058896075934171677,0.038911037147045136,0.0011177533306181431,-0.014965155976824462,-0.038811087980866431,-0.084855901449918752,-0.094248848967254162,-0.10931656057281154,-0.11502606536333378,-0.06537241509067826,0.053575333447143852,0.21461195405572653,0.32305717840790749,0.37010404840111732,0.36355355630318326,0.35074047608809039,0.29885509920616943,0.14041710375198002,-0.053127293122198549,-0.15758484279787219,-0.20219015181064606,-0.14656950999051333,0.080963890473808975,0.0057018513673647627,0.18885408762313696,0.3155058444435917,0.28329647928476331,-0.04003545931074768,-0.36259652898450823,-0.51200063834079057,-0.15052784435046873,0.37316420765699082,0.70370750736307219,0.70291076752604276,0.58671604435552249,0.47162199490948725,0.36596797592937946,0.30274328699818365,0.2305932893202855,0.23647563585213252,0.27916192582675387,0.31006537306876408
0.0,0.044564064592123032,0.040357086807489395,0.014957355801016092,0.019774217158555984,0.02559226759088536,0.017026814499071667,0.0010526031920952456,-0.017010102989540126,-0.038190515921451153,-0.00595800236462512,0.072902106531811034,0.19190099209547043,0.26549648523330688,0.28947253465652467,0.33358525094531832,0.36133866508801776,0.21137152593105268,-0.030350573369089449,-0.049263936411751946,-0.20041176515171327,-0.0871358784691741,-0.092234596344750633,-0.12472580863501538,-0.11036719913439204,0.14852894511073828,0.11085195426578419,-0.016089692387891853,-0.24399300139397384,-0.4992686241865158,-0.45393060499971566,-0.1137091862990267,0.062973823403741261,0.53627985203638673,0.88088518832669116,0.709116646876702,0.53467582125921509,0.45482479123508229,0.36317465951045352,0.26538588285446169,0.25569223096737492,0.30631445472439128,0.31479193568229674
0.012516676972154528,-0.023658240213990211,-0.014380474589415826,-0.00988544151186943,0.024943031603470445,0.05425671190023422,0.047488199813025336,0.027713385596871375,0.033670233429542611,0.075991400641699638,0.13562941483475946,0.20036435841272274,0.23547541081905365,0.26414965770461341,0.28474554845264982,0.39531889352305183,0.48994464100452889,0.1405321449586531,-0.038036590247245025,0.15977050576205412,-0.10106545460362931,0.03793923253887678,0.0075635085302179286,-0.15694075258684226,-0.41114959691185504,-0.19679792302849819,-0.080495753276504975,-0.2188606342444053,-0.37481674849987029,-0.39854056578056485,-0.13973189315758647,0.27421848563666362,0.27291189722810494,0.11834370821762304,0.983717272890375,0.87075247466564176,0.72628396997849143,0.62508943142035067,0.485816071110387,0.34239116081824672,0.28509261287175691,0.29213969338507878,0.29483902924939204
-0.0569751150906086,-0.059068243950605392,-0.073696233332157135,-0.060671873390674591,-0.035209013149142265,0.028610442019999027,0.032812858000397682,0.049941279366612433,0.1092181248324258,0.18915071887405296,0.260670331509217,0.32448143050784156,0.34405744888565759,0.35770533743657562,0.3762946689128876,0.45135847283037084,0.51000092597234814,0.25343921587925283,0.0013048145749674338,0.0735729955136776,0.0,0.0,0.0,0.0,-0.43965092585200355,-0.11752250674941571,-0.10031022165361563,-0.15683102656969394,-0.28744680354228386,-0.28889243115078317,-0.0690168778253895,0.19385432137106812,0.077788273024372065,0.023731508747858489,0.711362161943804,0.86845516317929972,0.79883445373603279,0.66315031778521649,0.49313565662928988,0.36898308899253607,0.27122804121329236,0.23523071543736893,0.23540408412615457
-0.13393916189670563,-0.15765547752380371,-0.13580655306577683,-0.12988109886646271,-0.087404737249016762,-0.031378021862890036,0.017884099985369377,0.074476867914199829,0.16176142862864903,0.24161505699157715,0.34823372571364691,0.42205853462219239,0.46212734517298248,0.42367874021115509,0.43217915928725043,0.50111222550982526,0.41521840892275985,0.095171740412355418,0.0,0.0,0.0,0.0,0.0,0.0,0.0,0.073210342121975761,-0.029248273687419266,-0.10653054567283797,-0.131938752246561,-0.15457530356943608,-0.060225328394874662,0.0737385763175912,0.027822529610588034,0.0,0.68890643237574289,0.8298873063946558,0.788552415190321,0.62163013090258057,0.43428347011407215,0.32879836136294949,0.23491855160049771,0.18357425668965216,0.1695829594419116
-0.1457538902759552,-0.18791806697845459,-0.19478742033243179,-0.17383032292127609,-0.12233555316925049,-0.047242153435945511,0.022412140362171665,0.059045122793087594,0.16656498908996581,0.31832875781937647,0.41135016342867975,0.48732951134443281,0.50154218912124637,0.45686083038647968,0.48606245940731418,0.4971586148890238,0.32295222391114858,0.028624103677981166,0.0,0.0,0.0,0.0,0.0,0.0,0.0,0.0,0.0,-0.0376914863341621,-0.081745144080471344,-0.0851035373551505,-0.061600481485753943,-0.023156914105146642,-0.0043123371026013045,0.0,0.59810517420028819,0.63537047197078833,0.69111331199344839,0.5921297433475653,0.42453153745124217,0.320964149359999,0.24677633723387352,0.19558209722692316,0.16087170938650766
-0.12840258826812109,-0.19124820828437805,-0.19484309479594231,-0.18716055527329445,-0.11642936865488689,-0.023940213800718386,0.03084437162257158,0.10038962481277329,0.26542663477037265,0.39046107232570648,0.4400155118533543,0.49452830412808585,0.51967664406849789,0.57652077078819275,0.60314089205206889,0.55068140251691955,0.11984559204602772,-0.018281416967511177,0.0,0.0,0.0,0.0,0.0,0.0,0.0,0.0,0.0,0.0,0.0,0.0,0.0,0.0,0.0,-0.12933118599984381,0.0044761065559291192,0.46581116653218563,0.65614946347016556,0.60267120732201473,0.4647868950116007,0.33661240432411432,0.25971093416213992,0.20311574459075929,0.17200208861719479
-0.06815674901008606,-0.11485874404509862,-0.14756367852290472,-0.16878029704093933,-0.1100123643875122,-0.013400916409279619,0.081324515577692255,0.21029396553834279,0.361309350956054,0.42800240147681462,0.47790996581315992,0.514975110689799,0.53578071181590736,0.60917255096137524,0.6124729611152826,0.56651784314049614,0.2781848254096177,0.0,0.0,0.0,0.0,0.0,0.0,0.0,0.0,0.0,0.0,0.0,0.0,0.0,0.0,0.0,0.0,-0.256984891237127,-0.017559471000409263,0.43438707529634668,0.645118181435567,0.63615921275182208,0.51867689192295074,0.3520643413066864,0.24599481511999061,0.20553228010733923,0.21504495767029849
-0.032138519920408726,-0.056709110736846924,-0.080013481279214219,-0.11419628858566285,-0.057650444097816944,0.022550669498741627,0.11396349593997002,0.26108702591487337,0.38495489177496539,0.44326062156603885,0.5075773298740387,0.55146411895751957,0.541249366743224,0.55372287545885357,0.57745766744279026,0.41746820404425561,0.10441549105329041,0.0,0.0,0.0,0.0,0.0,0.0,0.0,0.0,0.0,0.0,0.0,0.0,0.0,0.0,0.0,0.0,-0.33439090871435451,-0.0925389684459849,0.3284151746254218,0.67306668559710181,0.74190483093261717,0.6335263974738844,0.46728941713060651,0.33093568903428539,0.29531019342982251,0.2772377438165925
0.015769547782838345,-0.011594547890126705,-0.032697190841039024,-0.037715975195169449,-0.010499828320462257,0.037281352328136563,0.13722772208543924,0.29468109745245713,0.38915448679643516,0.45826119184494019,0.52946686035110835,0.56349682807922363,0.56333130796750386,0.60893679989708793,0.59319305247154785,0.33263491098308073,0.012777483207173646,0.0,0.0,0.0,0.0,0.0,0.0,0.0,0.0,0.0,0.0,0.0,0.0,0.0,0.0,0.0,0.0,-0.41970239635520556,-0.23788563213430536,0.17811188018614693,0.63701850970586138,0.87105526265345123,0.77372588172103418,0.60022662281990047,0.43208726896689487,0.340867983798186,0.29222369464960968
0.05833718366920948,0.02601842675358057,0.0054520112644240726,0.013727176585234702,0.042603344656527042,0.072969953839977578,0.18319443706423044,0.326711006462574,0.37807098229726155,0.44107926078140736,0.49710214273496106,0.530006250509849,0.52285110950469971,0.606659373132194,0.56350272765723608,0.15886302958738224,-0.018346751108765602,0.0,0.0,0.0,0.0,0.0,0.0,0.0,0.0,0.0,0.0,0.0,0.0,0.0,0.0,0.0,-0.14179209992289543,-0.40823025811977426,-0.33179001241922379,0.076305175804568887,0.54833132161034481,0.93163080956484823,0.85307587683200836,0.66746596274552517,0.466132620206246,0.3284145268526944,0.26005405390804465
0.053420998156070709,0.044390501454472542,0.034120410680770874,0.049127888555328049,0.10159244760870934,0.15216480661183596,0.23134333193302153,0.34876214216152829,0.3746107319990794,0.43170842900872231,0.45124866813421249,0.4740211327870687,0.49162146352952524,0.600380677729845,0.504835371778706,0.060499522387403852,0.0,0.0,0.0,0.0,0.0,0.0,0.0,0.0,0.0,0.0,0.0,0.0,0.0,0.0,0.0,0.0,-0.19464588910341263,-0.42780423975948778,-0.37266183823724336,0.0015759592071913605,0.45320984689479177,0.951913534104824,0.95219152669111884,0.71741771697998047,0.50124125927686691,0.32450235883394879,0.22051631410916647
