SouthSea_Web/demo/jsonfile/2017-12-14-07.json
{"header": {"parameterUnit":"m.s-1","parameterNumber":2,"dx":0.1,"dy":0.1,"parameterNumberName":"Eastward current","la1":29.0,"la2":12.0,"parameterCategory":2,"lo2":131.0,"nx":250,"ny":171,"refTime":"2017-12-14T07:01:52.5","lo1":106.0}, "data":
[rows 0 to 18 of 171, columns 168 to 209 of 250]
-0.26699013542383909,-0.20607926696538925,-0.20055433575596129,-0.19520667653817397,-0.23465693226227394,-0.24634628775327103,-0.26950024565060932,-0.26098883861587163,-0.34909896891225467,-0.28996440532960388,-0.29312375767363441,-0.24165933672338724,-0.257347731905825,-0.29506195502148735,-0.29079999774694443,-0.27469533185164136,-0.35192985273897648,-0.39184241848332541,-0.37515352240630556,-0.32839046604931355,-0.27673372129599255,-0.22095844149589539,0.0,0.0,0.0,0.0,0.0,0.0,0.0,0.0,0.0,0.0,0.0,0.0,0.0,0.0,0.0,0.0,0.0,0.0,0.0,0.0
-0.27615933073684573,-0.2239648811519146,-0.21291111250008857,-0.24636521296841757,-0.25439982240398723,-0.31362790841123334,-0.26722596844901209,-0.3398134381998153,-0.27426866306500003,-0.32162327840924265,-0.29034115374088287,-0.3542640472159666,-0.33102562112940681,-0.25966665148735046,-0.3104805827140808,-0.30725505761802197,-0.255787942558527,-0.267069740096728,-0.24604138433933259,-0.24328936104263579,-0.26981183588504792,-0.2978221465434347,-0.27316631004214287,-0.28758934140205383,-0.21390314400196075,0.0,0.0,0.0,0.0,0.0,0.0,0.0,0.0,0.0,0.0,0.0,0.0,0.0,0.0,0.0,0.0,0.0
-0.26291343000005274,-0.26394605944896565,-0.22447017552676024,-0.31011139104763669,-0.30820973277091979,-0.3222165224344834,-0.29662273079156876,-0.32933349836440312,-0.40371536215146381,-0.35730049759149551,-0.34658887119669662,-0.26163479189078015,-0.32001986886773792,-0.34418557998206878,-0.31967509165406227,-0.32580197602510452,-0.27460731653606191,-0.29059322079022726,-0.31483267545700072,-0.29572224936314989,-0.2870616652071476,-0.32713225696768078,-0.29840710546289173,-0.26591696590185165,-0.25063548179773182,-0.27520368844270704,-0.25117704644799232,0.0,0.0,0.0,0.0,0.0,0.0,0.0,0.0,0.0,0.0,0.0,0.0,0.0,0.0,0.0
-0.23357640206813812,-0.18912783342188802,-0.20888108358933374,-0.32177712440490724,-0.33312076718910882,-0.33221034502441232,-0.31673593372106551,-0.26977753232825885,-0.29866795398687063,-0.37768603563308717,-0.36609885262118447,-0.35321977420857076,-0.28650306258350611,-0.29774240321583217,-0.256943146387736,-0.26837417669594288,-0.28317584935575724,-0.25008886493742466,-0.26540534595648446,-0.31121457275003195,-0.27733475182737621,-0.28972566553524565,-0.28595583885908127,-0.29310377348553052,-0.23545306601694652,-0.2219646263581056,-0.22054992043055022,-0.22341946569772866,-0.22793097794055939,-0.22988373041152954,0.0,0.0,0.0,0.0,0.0,0.0,0.0,0.0,0.0,0.0,0.0,0.0
-0.14741097688674926,-0.19168725237250328,-0.15620841945593172,-0.27006549064231955,-0.35665257895986241,-0.32262276113033295,-0.37794607381025952,-0.3147785009249397,-0.23351884023709732,-0.29923908020320694,-0.31309803575277328,-0.30108708221661418,-0.34669473022222519,-0.33976637274026872,-0.31702231988310814,-0.25188544972075355,-0.26032033662001292,-0.21585512757301331,-0.24165155168841868,-0.25897875986993313,-0.1967576272212542,-0.24232705256768636,-0.24951505890259376,-0.26467794867662281,-0.27142577957023273,-0.23318010975014081,-0.27824210996429127,-0.25422024230162305,-0.22652888596057891,-0.20971011668443679,-0.224318141117692,-0.28564447909593582,0.0,0.0,0.0,0.0,0.0,0.0,0.0,0.0,0.0,0.0
-0.20410041113694508,-0.20904974896332312,-0.25662880423276319,-0.16802615510380786,-0.20816125382076611,-0.28528567509991781,-0.25181875495534195,-0.26805677853132548,-0.29087037946048538,-0.24506582758005926,-0.27515208307239747,-0.35912647317437563,-0.29943354614079,-0.30482232371966045,-0.28480029437277055,-0.28729812707751989,-0.3151381304487586,-0.30131454486399889,-0.21492806263267994,-0.26380189107014584,-0.24657520545380457,-0.24501161683689465,-0.22230262185136476,-0.19680252112448216,-0.23956998735666274,-0.2629896021551556,-0.31148889660835266,-0.28890384361147881,-0.28274832665920258,-0.25973160117864608,-0.200505022298206,-0.1817879095673561,-0.19582737169482492,-0.20383541285991669,-0.20406299084424973,0.0,0.0,0.0,0.0,0.0,0.0,0.0
-0.19900091146600657,-0.20140401176784351,-0.2360259328376163,-0.3043258005664462,-0.1818806000408672,-0.17802928909659385,-0.17465622942237294,-0.184470219047446,-0.19046955462545157,-0.21767465378108777,-0.27161334542667165,-0.29602692723274232,-0.32747022018713112,-0.36375962893168129,-0.30605246312916279,-0.2819232255220413,-0.33691222593188286,-0.29345601424574852,-0.268587064743042,-0.27483915005411419,-0.27855750345266783,-0.23597363669138688,-0.26420263573527336,-0.24669082276523113,-0.24985622697406346,-0.27619429305195808,-0.28693855802218121,-0.27779788374900816,-0.24068170289198557,-0.26415335200726986,-0.27857710048556328,-0.29605177586728876,-0.24001568149436603,-0.19427564740180969,-0.18620961227200247,-0.13101780497365528,-0.055509855970740318,0.0,0.0,0.0,0.0,0.0
-0.18008736046877774,-0.19586726342854294,-0.18106376819989897,-0.20656521957028995,-0.1972561102164419,-0.16255936418709002,-0.1522793511026784,-0.19678220252195994,-0.17425991594791412,-0.16007034811708662,-0.18393890559673309,-0.21394492288430531,-0.20491525729497273,-0.28438869956880808,-0.34283986155475887,-0.28076174154001121,-0.22545473452876597,-0.24054247240225474,-0.27935126672188443,-0.23037613828976949,-0.28963519288943362,-0.29655246978456323,-0.25187142789363859,-0.23395865990055931,-0.23997901380062103,-0.2611442543566227,-0.26170470317204791,-0.2685909817616145,-0.25369408130645754,-0.24032806108395258,-0.29296575635671618,-0.26650375723838804,-0.2952293664216995,-0.24609974399209023,-0.22990363429893146,-0.19249082830819217,-0.19069730788469314,-0.202505583771401,-0.038356981240212917,0.0,0.0,0.0
-0.17917475787301859,-0.17832038030028344,-0.20361511586677461,-0.18319561226027353,-0.17460240248371572,-0.16569725506835514,-0.1992777232080698,-0.20495304382509655,-0.25933749097235065,-0.20415102876722813,-0.16028339547269485,-0.13483019758548057,-0.20670129458109537,-0.21358834405740101,-0.21443465308231466,-0.23931465510811126,-0.25819632517439978,-0.268112656660378,-0.24205788740744957,-0.24459718819707632,-0.2571233203013738,-0.21737076789140702,-0.23677391558885574,-0.2391385861805507,-0.2243502140045166,-0.25409054197371006,-0.260893714427948,-0.2618081271648407,-0.24625607686383383,-0.23573335073888302,-0.208216592669487,-0.21373744681477547,-0.18264593846268123,-0.18271797285838562,-0.13262159749865532,-0.082435515646163068,-0.083966230507940054,0.022975738231952373,0.062656764354970723,0.11849982581204838,0.21216002106666565,0.0
-0.153504912342344,-0.189801986515522,-0.18591175936162471,-0.19543180849991346,-0.22144253344999421,-0.18157669389620423,-0.24597520753741264,-0.22673818841576576,-0.16249361932277678,-0.15331197579701741,-0.14137827008962631,-0.15450653930505118,-0.11472717885460172,-0.12722901577750842,-0.12851429358124733,-0.1217882031431565,-0.12544072419404984,-0.15161903078357378,-0.22379762679338455,-0.18046584477027258,-0.17340784817934035,-0.15469088157018027,-0.16024355590343475,-0.16951054760387965,-0.18555464276245662,-0.21219823261102042,-0.20654281477133432,-0.2079664965470632,-0.21389850477377573,-0.19879169017076492,-0.15824095997959375,-0.10211005285382271,-0.030347120761871339,0.018886865421126667,0.094234426350643233,0.21547080172846714,0.30083746176499587,0.35407858292261757,0.30615960197015241,0.22745132988149469,0.21160849597718981,0.20660902094095945
-0.13003278915819369,-0.16998093575239182,-0.16755018466048771,-0.12180594156185785,-0.067998323446282968,-0.097366611659526828,-0.15812045289203525,-0.15414455107280187,-0.2062221821397543,-0.16551825900872549,-0.15854978263378144,-0.23445117760163087,-0.21245090090311491,-0.13241793800677573,-0.069749531735266962,-0.0884049728512764,-0.16301550486913094,-0.12434299662709236,-0.18799997407656449,-0.18070423901081084,-0.19484633845942362,-0.21117312274873257,-0.22479906039578573,-0.16175639842237746,-0.18437024056911469,-0.19538382813334465,-0.20204948137203851,-0.20027633011341095,-0.18691421486437321,-0.087506910519940514,0.0078537496738135815,0.067046565329656,0.13671751009921232,0.18232769722288306,0.20082766046890846,0.23882683898721421,0.26479399630001615,0.24579970166087151,0.21316957359130567,0.18392426106664869,0.17344065879782042,0.18271634065442616
-0.17478901265483154,-0.16626768310864767,-0.14475073358591864,-0.15019292384386063,-0.11219563521444798,-0.12739087985112116,-0.075980457909671326,-0.0814421523162829,-0.079970943342362127,-0.089213781679670021,-0.17035734788938003,-0.17412256907958251,-0.14663613129120606,-0.15594792515039443,-0.15051663838900053,-0.12779498721162477,-0.148702472448349,-0.1930866926908493,-0.15670805610716343,-0.16523695819907719,-0.18250844095434463,-0.19036938888686045,-0.18597582230965296,-0.22106360395749411,-0.20743964314460756,-0.22975618498665945,-0.22697012623151144,-0.19344320467540196,-0.11255297313133876,-0.013925854316247361,0.042334648004422583,0.0791949617930434,0.095216110348701477,0.076690822451685861,0.066409683786332607,0.10106935652975853,0.096922577358782291,0.098657116293907166,0.10899477327863376,0.12081614285707473,0.14892569872049186,0.2004389004273848
-0.10708282077137162,-0.12170671974308789,-0.095294035172888217,-0.11182328027028304,-0.058535321491460006,-0.0714897159487009,-0.11521939001977444,-0.044610762807468958,-0.065991454292088747,-0.074789865658833429,-0.052463517330276467,-0.059931910046460951,-0.10135678201913834,-0.11154785193502903,-0.0700322580165588,-0.11950147151947022,-0.12410642206668854,-0.11274850451283985,-0.11311991419643164,-0.15815207920968533,-0.17638052403926849,-0.1838566412528356,-0.15982147802909216,-0.1606349895397822,-0.22104085385799407,-0.2648870050907135,-0.22197391731398447,-0.17809384812911352,-0.14420226092139879,-0.13346712705161837,-0.090297088027000427,-0.078945705460177526,-0.070379046329225481,-0.036088676329070167,-0.01105888670177332,-0.013016960091100862,0.029776814585299387,0.083956042161354646,0.10038489238782362,0.13925529892245928,0.13988774567842482,0.18619076907634735
-0.1248606850995737,-0.081882484381397572,-0.07538929643730323,-0.026977057837379668,-0.025994886009191923,-0.012048444800222149,-0.0021727356194917646,-0.022498126856849661,-0.02667164040560072,-0.090220398133775845,-0.12339195609092712,-0.11627359408885241,-0.15335751175880433,-0.14366714805364608,-0.144321052564515,-0.11639208346605301,-0.12838716639412773,-0.15924502536654472,-0.1194149615863959,-0.14790699950286321,-0.15472587347030639,-0.16869471371173858,-0.19580749571323394,-0.16361574083566666,-0.24933354854583739,-0.26556197553873062,-0.23477445170283318,-0.2246707926193873,-0.27096430957317352,-0.332550011575222,-0.33484060938159627,-0.27317737157528216,-0.17250049610932669,-0.10037288541595141,-0.06421477746750627,0.0052444863582162982,0.097676218415682137,0.13220125126341978,0.1489846368248646,0.16763610679369706,0.15611636638641357,0.17501333626833829
-0.056071170419454572,-0.052371605729254395,-0.006577563687012746,-0.014879412095372876,-0.022116420635332663,0.015126822593932351,0.038689210603479296,0.034380186727503315,0.015235246671363712,0.010349400299177929,0.0069831675529712809,-0.0031156166223809123,-0.010529398173093795,-0.015515832540889582,-0.12900149325529733,-0.1362879853695631,-0.13102886825799942,-0.15855814268191656,-0.13473237199442728,-0.11389686912298203,-0.11212383423532758,-0.16045926809310912,-0.21114137023687363,-0.21192840933799745,-0.26368170976638794,-0.25924978156884509,-0.260652203645025,-0.28354072757065296,-0.30789634883403777,-0.39413211833346973,-0.45471087098121643,-0.40902748703956604,-0.24326983590920767,-0.10738659783133439,-0.033461266991005024,0.0991710407498221,0.18526801963647208,0.20286465608156645,0.20656944190462431,0.20252200690182773,0.17880895733833313,0.20847930014133453
-0.056909094697662761,-0.025810862492237772,-0.00726295838301832,0.0045623351311819124,-0.0029626673373665349,0.0078831171616911885,0.016440453111297555,0.035845038713887334,0.051935421302914619,0.065782681759446862,0.064680087722081225,0.06014752611517906,0.054655088577419519,0.041020654069143347,-0.045789722562767567,-0.0630939073328461,-0.11416940515240033,-0.15044036507606506,-0.143105348944664,-0.11741840094327927,-0.13614019751548767,-0.14581508437792459,-0.18223467220862707,-0.23609960575898489,-0.26697744925816852,-0.27165010198950768,-0.33540487715176176,-0.35199837759137154,-0.26819802448153496,-0.24170977554538034,-0.1567086081274531,-0.045681323545674481,-0.042400512533883251,0.0028848618230161568,0.068950045920376263,0.21212346851825714,0.26991738006472588,0.27392415931591618,0.25698988884687424,0.2377230872710546,0.22930107691458293,0.27036347412146056
-0.050923295319080353,-0.030206636008289125,-0.065006307580254288,-0.067156250588595867,-0.073901902511715883,-0.088620670139789581,-0.068391624139621854,-0.045914435060694814,-0.02226209279615432,0.0053468408295884728,0.027319391490891576,0.035406900336965919,0.059739034425648346,0.055885964738471169,-0.094237568322569132,-0.10349415304760139,-0.10884360875934362,-0.14981623366475105,-0.15801416710019112,-0.15435655415058136,-0.1805065373579661,-0.18711463858683905,-0.17606127262115479,-0.15820338018238545,-0.250514380633831,-0.2949037179350853,-0.34935742345723236,-0.36549791693687439,-0.2355108694596724,-0.10582757444882934,0.023483751055139761,0.10628741766725268,0.10376871291261453,0.10837013732928497,0.1918732225894928,0.29454129590437961,0.32104883591334027,0.31031649453299387,0.28646721518956697,0.29588095148404442,0.31454882025718689,0.34012299589812756
-0.048238681629300117,-0.078289810940623289,-0.073858029312557638,-0.0836093733087182,-0.084139343118295074,-0.088251887820661068,-0.09273317952950795,-0.10868231952190399,-0.11043127346783876,-0.12681328079530171,-0.048939334383855261,-0.085287332268697877,-0.071894100168719888,-0.04358206999798616,-0.094700305412213012,-0.14129033188025156,-0.1003946347960404,-0.10785814523696899,-0.16627843677997589,-0.19402431803090231,-0.16808219254016876,-0.19228514496769225,-0.25925329540457043,-0.12280665958921115,-0.16134859714657068,-0.20511125028133392,-0.19988633609480327,-0.17360840466889468,-0.0738658633781597,0.060282388024709442,0.11208796966820955,0.11922324895858764,0.15327323662738004,0.22940715774893761,0.29605697194735209,0.33044479672725385,0.34231450657049817,0.319128509078707,0.33261207204598647,0.36059117317199707,0.36248790530058056,0.32662691749059236
-0.10091595314443111,-0.12602598033845425,-0.1076890379190445,-0.10082305648497172,-0.12138512837035316,-0.10995770139353615,-0.0916623368859291,-0.072173707932233808,-0.051614680141210553,-0.042780267385145031,-0.0332234190510852,0.028492809007210389,0.062105058808811009,0.10697407834231854,0.066826816781290946,0.025523417784521978,0.029703835025429726,-0.020971104425067704,-0.15202250083287558,-0.20585862298806509,-0.18816256821155547,-0.11264582723379135,-0.29357508011162281,-0.23033816665410994,-0.083777477219700816,-0.044253290630877018,0.07024405399252745,0.17587290026924826,0.18739546361294659,0.14312585042073175,0.16091041840039766,0.1487757126490275,0.22401975293954213,0.30099093119303383,0.32719806107607757,0.34594383197171347,0.32231771697600681,0.3220120295882225,0.3645389171747061,0.37809625764687854,0.3262756375166086,0.24987190216779709
