SouthSea_Web/demo/jsonfile/2017-12-15-15.json
{"header": {"parameterUnit":"m.s-1","parameterNumber":2,"dx":0.1,"dy":0.1,"parameterNumberName":"Eastward current","la1":29.0,"la2":12.0,"parameterCategory":2,"lo2":131.0,"nx":250,"ny":171,"refTime":"2017-12-15T15:00:00","lo1":106.0}, "data":
[rows 152 to 170 of 171, columns 42 to 83 of 250]
-0.17306963886533464,-0.17786062402384623,-0.14509207134445509,-0.11207541450858116,-0.10232645397384961,-0.12742976471781731,-0.16786981125672659,-0.21901265531778336,-0.27574381232261658,-0.2854662338892619,-0.26341160237789152,-0.20350123345851898,-0.14546360075473785,-0.067483974993228918,0.0091765856680770721,0.0603376179933548,0.071073813363909721,0.049487343678871788,0.016646611504256725,0.00038062967360019684,-0.0061887847259640694,0.0029118655947968364,0.032322702929377556,0.06261846236884594,0.077336054295301437,0.071485758759081364,0.069858512282371527,0.081970537081360817,0.10976397494475047,0.13555558025836945,0.15077177435159683,0.15969481070836386,0.14993971586227417,0.13200771808624268,0.10754314064979553,0.089097913354635239,0.081453140825033188,0.10632537553707759,0.15650075674057007,0.0,0.1643968919912974,0.15498004853725433
-0.1514265239238739,-0.13492926359176635,-0.12286518141627312,-0.10386393368244171,-0.087153417989611626,-0.096518810093402865,-0.12775219976902008,-0.18287495374679566,-0.24064884583155313,-0.26108335455258685,-0.251060888171196,-0.208609439432621,-0.13758859038352966,-0.069836752489209175,0.0016174610354937613,0.052765688858926296,0.05310378223657608,0.05145543534308672,0.034336073324084282,0.014107811497524381,-0.002626930559927132,-0.015009917318820953,0.013612148507187763,0.044823986664414409,0.057844311743974683,0.057749407986799874,0.063664934597909451,0.085506007075309753,0.12077747583389283,0.14735417813062668,0.16347509995102882,0.1693483293056488,0.16174980998039246,0.14099822193384171,0.10121476277709007,0.063552927225828171,0.059075161814689636,0.0,0.10315645858645439,0.13555790483951569,0.14554136991500855,0.15289288759231567
-0.11784156163533528,-0.11663115272919337,-0.12284458279609681,-0.11325439997017384,-0.094731277227401739,-0.0934622474014759,-0.10793333500623703,-0.15008124336600304,-0.20591175059477487,-0.21499783794085184,-0.21629453450441361,-0.19532968103885651,-0.14505245784918466,-0.078345733384291336,-0.025389995775185525,0.011112564864257971,0.018185190623626113,0.027662222273647785,0.024907032027840614,0.015818654745817184,0.008329819655045867,-0.00052807242609560485,0.013273403317725752,0.044445568695664406,0.058622263371944427,0.059280679871638618,0.07004065066576004,0.09507413804531098,0.1345443477233251,0.16249090433120728,0.17801424264907836,0.18448679894208908,0.17578158527612686,0.14298485219478607,0.091469538708527878,0.051659973338246346,0.036882221698760986,0.058081448078155518,0.073162472496430084,0.11455018445849419,0.09111563116312027,0.1171780601143837
-0.077324818287576952,-0.11289072781801224,-0.13030008723338446,-0.12168387571970622,-0.10836731493473054,-0.099442839622497559,-0.10824060812592506,-0.13370345532894135,-0.15394151210784912,-0.14913548976182939,-0.14398969958225885,-0.13392802141606808,-0.11617494001984596,-0.081983963958919048,-0.039850557222962379,-0.021083901636302471,-0.016655837534926832,-0.0072933129267767072,0.0058599062419186039,0.016277496702969074,0.018674930557608604,0.025741459180911381,0.042240562538305916,0.054559359326958656,0.067953782776991531,0.073859544470906258,0.081305305659770968,0.10799162089824677,0.14957789331674576,0.18519500270485878,0.20432608326276144,0.20443172752857208,0.18889894336462021,0.14528557658195496,0.090902090072631836,0.051109762862324715,0.033078685402870178,0.028207887895405293,0.031002258881926537,0.065382501110434532,0.064822018146514893,0.073218697682023048
-0.063716594750682518,-0.10956376884132624,-0.13039659857749938,-0.1256687507033348,-0.1096834558993578,-0.09849664568901062,-0.09407975897192955,-0.094251185655593872,-0.08374704048037529,-0.076695568859577179,-0.073728519181410476,-0.057870985319217048,-0.064136050641536713,-0.061897303909063339,-0.048924397677183151,-0.038998547941446304,-0.030090172775089741,-0.011680609226459637,0.0060733111507336917,0.024597460714479286,0.037467469771703087,0.054793062619864941,0.057967410422861576,0.058092333376407623,0.057627420872449875,0.075186868508656815,0.105143366381526,0.14071929454803467,0.18336294094721475,0.21738648911317191,0.23891078680753708,0.22445951774716377,0.19310414791107178,0.14823257178068161,0.09864213690161705,0.054631836712360382,0.02033279649913311,0.0083067989908158779,0.017867091111838818,0.026136248372495174,0.033775769174098969,0.046688780188560486
-0.063447696467240647,-0.10023696968952815,-0.12075706757605076,-0.12515660822391511,-0.10890683978796005,-0.099503494799137115,-0.082424233357111618,-0.064281096061070755,-0.038134584436193109,-0.018983070816223819,-0.0029126147273927927,0.00073248039310177171,-0.0093013432148533557,-0.033749995054677129,-0.040653401985764503,-0.032462251372635365,-0.00037633666458229226,0.0068144274409860373,0.0146434613969177,0.036841193214058876,0.063699293881654739,0.078836997039616108,0.0844087153673172,0.063560504466295242,0.069014583528041837,0.09527394423882167,0.13376460410654545,0.17179559171199799,0.21647756795088449,0.24645121643940607,0.24966574460268021,0.22910965979099274,0.19753488898277283,0.15461629629135132,0.10125962148110072,0.055318376049399376,0.019244949333369732,-0.0010649187606759369,0.0092743560671806335,0.0012189669068902731,0.01107327057980001,0.020979410037398338
-0.0676763211376965,-0.0952686034142971,-0.12320005893707275,-0.1338290274143219,-0.12113922834396362,-0.09280732274055481,-0.058373371139168739,-0.027790405477086704,-0.0077076302841305733,0.036927122312287487,0.046554070431739092,0.044486371800303459,0.031266828067600727,0.0062869439522425337,-0.0063597798580303788,0.0040581094411512213,0.033193336799740791,0.034257004968822,0.039915416389703751,0.052877418696880341,0.090203477442264562,0.1092497855424881,0.11081206798553467,0.11220504716038704,0.12556082755327225,0.13971742242574692,0.1746588945388794,0.22504993279774985,0.23918111994862557,0.24126517772674561,0.22796459496021271,0.21386056393384934,0.17632612586021423,0.13611112534999847,0.090769782662391663,0.06972070224583149,0.030491307377815247,0.035104893147945404,0.016293967142701149,0.0025301055284217,0.0,-0.0080950197298079729
-0.077988306681315109,-0.10657639503479004,-0.1303516129652659,-0.13513158634305,-0.11116446927189827,-0.075779426842927933,-0.030414813508590061,0.037034620158374311,0.080932502945264176,0.11072458326816559,0.10908285900950432,0.098189391195774078,0.075830578804016113,0.056538105010986328,0.046057666186243296,0.043165694922208786,0.067033120431005955,0.073430669493973255,0.075046919286251068,0.083410201594233513,0.11047135541836421,0.1316501647233963,0.14886695146560669,0.16194160282611847,0.17951323837041855,0.19509850144386293,0.21937147279580435,0.23485440015792847,0.23125158250331879,0.22348521649837494,0.20606935769319534,0.19011564056078592,0.17409661412239075,0.15184122323989868,0.11831214278936386,0.094582967460155487,0.0,0.073354385793209076,0.041958551853895187,0.009236067533493042,-0.0044591599144041538,0.0
-0.0971188855667909,-0.11023299768567085,-0.12635692805051804,-0.12148235365748406,-0.092185754328966141,-0.041021973267197608,0.031736512668430805,0.093926038593053818,0.15756506224473318,0.18051273375749588,0.17874343693256378,0.16983592013518015,0.1319464792807897,0.10237794866164525,0.10436541587114334,0.10344497859477997,0.11245230336983998,0.11221517622470856,0.10397274543841679,0.098238430917263031,0.11327478103339672,0.133324034512043,0.1644512414932251,0.18325881163279215,0.18715020020802817,0.19917501509189606,0.21672467514872551,0.2209177240729332,0.21042032539844513,0.20427610725164414,0.18875584751367569,0.18042501310507456,0.16264734417200089,0.13885554671287537,0.14903914928436279,0.13738349825143814,0.1082417368888855,0.11753559112548828,0.064769327640533447,0.029115439392626286,-0.0019160506781190634,-0.026089297607541084
-0.1162177100777626,-0.1121534526348114,-0.10395053277413051,-0.096220273524522781,-0.066113454600175217,-0.026493656740058213,0.045198797558744751,0.1475879947344462,0.22610893845558167,0.25589963048696518,0.2714688628911972,0.24923211336135864,0.20442193746566773,0.17827463150024414,0.16266649961471558,0.152632936835289,0.14901039501031241,0.1386781632900238,0.1224287748336792,0.10095919668674469,0.10815552125374477,0.13052981719374657,0.16151655217011771,0.1786684145530065,0.18751934170722961,0.19887803494930267,0.20747347921133041,0.20432384312152863,0.20464539527893066,0.20144811272621155,0.19809754192829132,0.17729437351226807,0.1682959794998169,0.16059498488903046,0.15432752668857575,0.14999778568744659,0.13074994087219238,0.0881536528468132,0.088952317833900452,0.026883680373430252,0.0,-0.041977211833000183
-0.14026288688182831,-0.11735097318887711,-0.093632159133752182,-0.073979342977205917,-0.0330446045845747,0.046775458380579948,0.12730260565876961,0.21007804572582245,0.27626138180494308,0.29915806651115417,0.32919232547283173,0.30967365205287933,0.25277548034985858,0.23452869057655335,0.20493363589048386,0.17733078449964523,0.16440117359161377,0.14261162777741751,0.11384275704622268,0.09639459103345871,0.10433285435040791,0.12666305899620056,0.14872733751932779,0.17296124249696732,0.18410526961088181,0.20500848442316055,0.21443755179643631,0.23082223534584045,0.22167898714542389,0.22608298808336258,0.0,0.2091871052980423,0.17325481772422791,0.18245334923267365,0.16743309050798416,0.15627944469451904,0.13752652704715729,0.1071651503443718,0.0,0.06240435317158699,0.0041134445928037167,0.0
-0.14840988318125406,-0.11560008178154628,-0.084926888346672058,-0.042703475058078769,0.007676304318010807,0.074408680200576782,0.15435010939836502,0.23683315515518189,0.29748085141181946,0.33380677302678424,0.3453117311000824,0.3171841949224472,0.28078578412532806,0.24795409291982651,0.22763259708881378,0.18281502028306326,0.14888711571693419,0.1175885796546936,0.09084349125623703,0.08457062765955925,0.094505265355110168,0.11728549997011821,0.12495627254247665,0.14951247721910477,0.177738755941391,0.21457194536924362,0.24142132699489594,0.27289192378520966,0.27112287282943726,0.27761411666870117,0.24276623129844666,0.0,0.21115425974130631,0.18608474731445313,0.0,0.16597184538841248,0.13255971670150757,0.10345166176557541,0.087417483329772949,0.023636366706341505,-0.052199847996234894,-0.074687354266643524
-0.15219429135322571,-0.11107803136110306,-0.0641876608133316,-0.028700020629912615,0.018254517111927271,0.082278259098529816,0.16096919029951096,0.24664323031902313,0.30499365925788879,0.3256295919418335,0.35546907782554626,0.33211012184619904,0.30062572658061981,0.26699024438858032,0.19481999427080154,0.14883350767195225,0.1100638173520565,0.08146088818709056,0.049185551702976227,0.050654422491788864,0.070499412715435028,0.094004258513450623,0.13024359941482544,0.17317896336317062,0.0,0.25953188538551331,0.28564053773880005,0.314590722322464,0.32494491338729858,0.30975928902626038,0.28617802262306213,0.25226429104804993,0.0,0.20494478940963745,0.1795114129781723,0.0,0.1418464407324791,0.077088043093681335,0.0,-0.030542682856321335,0.0,-0.12997458875179291
-0.17696749170621237,-0.12903862074017525,-0.075363200157880783,-0.027623688336461782,0.046423998661339283,0.11989759653806686,0.18081457912921906,0.22897998243570328,0.28301370143890381,0.29061707854270935,0.31876976788043976,0.30292221903800964,0.0,0.26019075512886047,0.18263071030378342,0.10165797173976898,0.066973336040973663,0.026002160273492336,0.0001972089521586895,0.020592305809259415,0.046913268975913525,0.097463488578796387,0.16408081352710724,0.0,0.22391100227832794,0.28040900826454163,0.0,0.312374472618103,0.29647216200828552,0.0,0.27941232919692993,0.2846914529800415,0.27202412486076355,0.18538708984851837,0.1610068678855896,0.13096866011619568,0.0,0.093421779572963715,0.017486566677689552,0.0,-0.0861515924334526,0.0
-0.2287677600979805,-0.14892583340406418,-0.083571199327707291,-0.018395949737168849,0.078488929197192192,0.13393735885620117,0.18066494911909103,0.20606175065040588,0.22839458286762238,0.26352885365486145,0.23496443778276444,0.21699526906013489,0.22943894565105438,0.18355581909418106,0.1136193573474884,0.044612911529839039,-0.00642809085547924,-0.028249784372746944,-0.047259703278541565,-0.0073308157734572887,0.064009711146354675,0.12550269439816475,0.19343508780002594,0.17586749792099,0.22761063277721405,0.0,0.26662600040435791,0.0,0.25489294528961182,0.2781054675579071,0.0,0.15193493664264679,0.0,0.06595342606306076,0.0,0.032912667840719223,-0.010129599831998348,-0.053414825350046158,-0.059859640896320343,-0.10472557693719864,-0.11556942760944367,-0.11649556457996368
-0.283714696764946,-0.13215329498052597,-0.057170672342181206,0.004786881385371089,0.052061356604099274,0.10260114818811417,0.09860827773809433,0.089295558631420136,0.12895673513412476,0.15257291495800018,0.090494275093078613,0.14891475439071655,0.0,0.13645914196968079,0.073032081127166748,0.0,0.0047536669299006462,-0.032464012503623962,0.0,0.049741651862859726,0.0,0.10618968307971954,0.11479894071817398,0.073417328298091888,0.11535872519016266,0.070111744105815887,0.10354016348719597,0.1053011566400528,0.01180316973477602,0.13218724727630615,0.15919078886508942,0.0,0.16115094721317291,-0.0011131479404866695,0.0,-0.024511108174920082,0.0,0.0,0.0,0.0,-0.318881094455719,0.0
-0.051625288091599941,-0.035669676959514618,0.022824041545391083,0.056230839341878891,0.061348740011453629,0.083302594721317291,0.11233015358448029,0.0,0.15012755990028381,0.16119557619094849,0.0,0.146522656083107,0.0884648859500885,0.109244205057621,0.0,0.034469660371541977,0.004938522819429636,0.0,-0.03547770157456398,0.0,-0.0026048668660223484,0.070143476128578186,0.0,0.0,0.095526114106178284,0.0,0.017462084069848061,-0.11357398331165314,0.0,-0.067340612411499023,0.0,-0.081818707287311554,0.0,-0.18507753312587738,0.0,-0.18876828253269196,-0.25434157252311707,-0.25786608457565308,-0.28869757056236267,-0.30108436942100525,0.0,-0.33809909224510193
0.0,0.0,0.0,0.05330117791891098,0.061676181852817535,0.072512015700340271,0.0,0.094497360289096832,0.13419641554355621,0.0,0.15028797090053558,0.0,0.16276216506958008,0.19364749640226364,0.2420785129070282,0.25585338473320007,0.25748574733734131,0.26048833131790161,0.27064847946166992,0.270456999540329,0.27976515889167786,0.24786900728940964,0.18640419840812683,0.16866160929203033,0.0,0.079991072416305542,-0.031815432012081146,0.0,-0.15590108931064606,0.0,-0.045824024826288223,0.0,-0.14933580160140991,0.0,-0.15712215006351471,0.0,0.0,0.0,0.0,0.0,0.0,0.0
0.0,0.0,0.0,0.0,0.0,0.0,0.0,0.0,0.0,0.0,0.0,0.0,0.0,0.0,0.0,0.0,0.0,0.0,0.0,0.0,0.0,0.0,0.0,0.0,0.0,0.0,0.0,0.0,0.0,0.0,0.0,0.0,0.0,0.0,0.0,0.0,0.0,0.0,0.0,0.0,0.0,0.0
