SouthSea_Web/demo/jsonfile/2017-12-16-22.json
{"header": {"parameterUnit":"m.s-1","parameterNumber":2,"dx":0.1,"dy":0.1,"parameterNumberName":"Eastward current","la1":29.0,"la2":12.0,"parameterCategory":2,"lo2":131.0,"nx":250,"ny":171,"refTime":"2017-12-16T22:01:52.5","lo1":106.0}, "data":
[rows 19 to 37 of 171, columns 172 to 214 of 250]
-0.433052122592926,-0.38962392807006835,-0.36725270748138428,-0.31611289829015732,-0.26541626453399658,-0.23192136585712433,-0.20071532726287841,-0.15464091300964356,-0.14751653224229813,-0.094648614525794983,-0.11594238753120105,-0.28624196350574493,-0.367621086537838,-0.34906619042158127,-0.29072517653306323,-0.30488332609335583,-0.36565779149532318,-0.364664899451392,-0.27877545729279518,-0.29749550484120846,-0.18094136267900468,-0.070539916442199188,-0.033860697411000729,-0.0792846754193306,-0.10871669203042984,-0.076005383261612477,-0.0094315122363955849,0.088727013422892645,0.21463871374726296,0.22027118160174444,0.12782216186706835,0.11388394064628162,0.081935171286265054,0.12635108541983825,0.15103326837221781,0.074872334810117111,-0.015646429349934415,-0.046063760295510292,-0.10891880802810192,-0.24260255595048269,-0.27571116288503011,-0.34208400089007157,-0.36132601648569107
-0.45659928917884829,-0.4402463287115097,-0.39803591370582581,-0.33146870732307432,-0.26688203854220255,-0.20912541076540947,-0.17088220516840616,-0.14365899413824082,-0.14094220722715059,-0.15765864700078963,-0.081800613552331924,-0.14724260643124582,-0.26264099776744843,-0.23014016875198909,-0.2390763291290828,-0.24667443831761679,-0.34005997010639738,-0.32403924316167831,-0.33921881020069122,-0.25961276888847351,-0.15895995091308246,-0.15080243349075317,-0.16445351454118887,-0.129546898488815,-0.0928396215396268,-0.037021585742227865,0.047758078352282088,0.15217781353455323,0.21077957110745565,0.14534244889562781,0.0858507789671421,0.071110058265427753,0.075646029909451809,0.13617869839072228,0.098325566642041159,-0.027554871675630029,-0.094886194914579391,-0.13142514400757277,-0.20526866156321305,-0.33894454057400042,-0.39883804817994434,-0.46101905405521393,-0.44466583545391375
-0.45934427976608277,-0.40033037960529327,-0.37513370513916017,-0.33708863258361815,-0.28061309456825256,-0.22990427613258363,-0.19511994932379043,-0.19341439008712769,-0.168623436242342,-0.23402092456817628,-0.16120171248912812,-0.063991324976086617,-0.080336297551790878,-0.12690577035148939,-0.19321959714094797,-0.2455269992351532,-0.29084498435258865,-0.31444362076846039,-0.27696113423867658,-0.2009440747400125,-0.17774714873387262,-0.17677724063396455,-0.15050986138257114,-0.10188490631324905,-0.04701353528847297,0.056967955575181313,0.11876518119658742,0.1523738790016908,0.11562009129141058,0.074595538756022081,0.042903535921747483,0.013479142563786203,0.035947749713579051,0.10145032157500585,0.0054589417510821176,-0.097013610415160656,-0.16555670304940298,-0.22735117748379707,-0.26731184927316815,-0.3655588545582511,-0.43870291926644067,-0.52848392995921045,-0.52395884692668915
-0.4433753490447998,-0.40680532157421112,-0.39173015100615366,-0.38596838712692261,-0.35686233143011731,-0.3514159619808197,-0.3008705496788025,-0.296813029050827,-0.30481043954690296,-0.39903499484062194,-0.36698691759790691,-0.26537040372689563,-0.16663059312850237,-0.1958261047090803,-0.27039505541324615,-0.353071928024292,-0.31774776486250073,-0.31129779036228472,-0.2455616295337677,-0.22588054971261459,-0.20443944174509782,-0.16913788119951884,-0.10366020124820352,-0.036401294606427353,0.034076607029419392,0.069133906492165151,0.089773609088017389,0.082628465759066433,0.040824627193311848,0.0372776832121114,-0.016798174707219005,-0.064525836679552279,-0.020985344453947619,0.042743163948346465,-0.083140720054507261,-0.1294039472937584,-0.20496103446930647,-0.29230980460460371,-0.32644570332307082,-0.3888431028886275,-0.44769185450341964,-0.51607672870159149,-0.53495421734723181
-0.444800799091657,-0.41848070025444029,-0.43181069408144268,-0.44811994263104032,-0.40458451211452484,-0.41324587166309357,-0.41194324408258709,-0.34769984583059949,-0.34405562778313953,-0.41151883453130722,-0.39022617538770038,-0.37758587673306465,-0.31069325096905231,-0.26293035490172251,-0.34439505501226947,-0.37911170721054077,-0.32105392416318257,-0.20478895213454962,-0.18130520482858023,-0.18614492352519715,-0.15749563849889314,-0.10666659691681464,0.018911432319631178,0.094357896596193314,0.072447555760542556,0.035268287795285382,0.035847245599143207,-0.0058157878811471164,0.01282548884462033,-0.012506717156308392,-0.088489042470852528,-0.12138219773769379,-0.075320670237907991,-0.05663255590479821,-0.14891634371719861,-0.17541464461999781,-0.24758246739705403,-0.32934547387636626,-0.375285471479098,-0.45299203991889953,-0.47216677207213181,-0.45511708160241443,-0.40785024166107176
-0.45971642136573793,-0.44411067451749531,-0.48925923023905071,-0.50435225293040276,-0.46114007383584976,-0.3939959928393364,-0.41984561085700989,-0.40312023673738751,-0.38045668974518776,-0.44131037592887878,-0.4767618216574192,-0.52430809395653866,-0.44705343517390167,-0.3534766986966133,-0.42370581130186719,-0.339909886320432,-0.29659587144851685,-0.31235117522569805,-0.3310350100783741,-0.19666009609188354,-0.17236570588179997,-0.097235720737704215,0.016026673981776603,0.062401235963289552,0.040893631014374217,0.010893216077238321,-0.044909123397831409,-0.050203250792737193,-0.049667882947967604,-0.11322961550425081,-0.16155057187591279,-0.17656879822413127,-0.14170306254374354,-0.18955616565311656,-0.21207058926423392,-0.23972335644066334,-0.26607069460784688,-0.30739367859704153,-0.33867554664611815,-0.34406670395817074,-0.3396057938890798,-0.32571257426239114,-0.29883705973625185
-0.42332854866981506,-0.44369630515575409,-0.4891354093949,-0.4946703128516674,-0.47023533071790424,-0.44634381788117544,-0.36876899376511574,-0.34542809054255486,-0.36912305653095245,-0.37134732306003571,-0.4162440299987793,-0.41433657407760621,-0.48499610647559166,-0.5108174847231971,-0.43778807563441141,-0.29187562635966707,-0.31491881608963013,-0.36866577466328937,-0.36949975887934366,-0.26697038220507757,-0.13483599544717714,0.003188313844685371,0.054326830555995305,0.058165450795338705,0.006631723333460589,-0.0080811375276728849,-0.071854544182618454,-0.095698967002905339,-0.1293099851657947,-0.19039849363840544,-0.22993207854383133,-0.2564469538629055,-0.22606604590135462,-0.29606839021046955,-0.30086565375328062,-0.34703437983989716,-0.32997398891232232,-0.31509385903676351,-0.29403110742568972,-0.20503162931312213,-0.1782956930498282,-0.19336424997219673,-0.17456545574324472
-0.332280781533983,-0.36525251468022663,-0.415439385920763,-0.39705180376768112,-0.41152315669589573,-0.43678257986903191,-0.40495123134719,-0.34187887609004974,-0.2878895781256936,-0.293833853168921,-0.34261269867420197,-0.42853503227233886,-0.35455030004183452,-0.43043364699070269,-0.295988990501924,-0.32793885895184111,-0.35219450933592661,-0.33952551831801731,-0.27833436181147891,-0.21437317247574145,-0.094333623177730114,-0.014413212891668081,0.0419519942253828,0.011090272831180218,-0.015994711205936395,-0.01970334438031868,-0.0684727114935716,-0.13631462102586572,-0.19719233683177403,-0.22872122426827748,-0.2715274840593338,-0.32458404407781716,-0.33126951361957352,-0.37832935509227572,-0.34612311474208174,-0.32632305877549306,-0.30820665632685024,-0.29858650125208352,-0.23086656744663531,-0.17678665618101755,-0.079222527755932373,-0.11633777144280347,-0.16343153471296484
-0.21441566281848484,-0.22711278001467386,-0.28553883731365204,-0.29057832211256029,-0.31220238208770751,-0.371964242723253,-0.39551078975200654,-0.39113749563694,-0.34234198596742416,-0.266457495590051,-0.24932162910699846,-0.28859064389358868,-0.42590312659740448,-0.39099482943614322,-0.384281325340271,-0.35901695915630888,-0.31668114236422945,-0.25646698262010303,-0.13209541275032929,0.022828144486993551,0.046176917591275506,-0.041321366022412591,-0.010213609139706628,-0.034691811797009517,-0.028662731011326496,-0.0043880885476634528,-0.046675785045538633,-0.11816871338165723,-0.21886707749217749,-0.25787077285349369,-0.31146281431703005,-0.34670926630496979,-0.34801265754197774,-0.43914371614272779,-0.33599682152271271,-0.32811331003904343,-0.18887328675149806,-0.11452036750103746,-0.19753475257983574,-0.24336172640323639,-0.23998002593333906,-0.06966882229740308,-0.13376503116696289
-0.12821503058075906,-0.14595898782665079,-0.15738418863879311,-0.17559345960617065,-0.24522645026445389,-0.30126159787178042,-0.38646738976240158,-0.35270723471274745,-0.31982065950121197,-0.3072687525015611,-0.29559731368835157,-0.22659944370388985,-0.30985609613932097,-0.35086371898651125,-0.35246522831065313,-0.26863604883352915,-0.23542127708594005,-0.13875655896429504,-0.051836766069754958,0.0051322600338608027,0.016845411679241806,-0.015167224803008139,-0.027975636268300668,-0.075461097348194853,-0.026722390491825839,-0.0005101354715103904,-0.038978570939174721,-0.097082548907824931,-0.21400742133458456,-0.26070256034533185,-0.31481261463726268,-0.36851361228360069,-0.30260885546081945,-0.40879881630341214,-0.44333194459185882,-0.49668364392386544,-0.43116427659988404,-0.25241207256913184,-0.19473070864166533,-0.24543977230787278,-0.29882419258356097,-0.090441085843612323,-0.048412704461952671
-0.048245480097830293,-0.047110745310783388,-0.067934142736097172,-0.0948945554819974,-0.16273986751383002,-0.21587489669521651,-0.31124371019276703,-0.33344360498281628,-0.354907757960833,-0.26326924065748852,-0.25479166954755783,-0.24105920021732649,-0.18425050164972032,-0.19491838434567818,-0.19725462335806626,-0.1013152743379275,-0.071257130108558789,0.018265752142972567,0.044738899952230543,-0.0021643268099675577,-0.015004690927030011,-0.014028062811121345,-0.068735758858648216,-0.0969675169326365,-0.025051383068785071,-0.022241062414832414,-0.076326085684391171,-0.12904560640454293,-0.23407476345698039,-0.27611436293675351,-0.30192869551041546,-0.40224491673357349,-0.308839350938797,-0.333073727786541,-0.36196855505307518,-0.37033979594707489,-0.34875880554318428,-0.29984686695612395,-0.30120841413736343,-0.31933239764637417,-0.39516517519950867,-0.30017524856058037,-0.25426116806489452
-0.018302194230879348,-0.028571158986199986,-0.013831606304103678,-0.055238909088075161,-0.12435552552342415,-0.19226346164941788,-0.2827115465294231,-0.29741702725489932,-0.36656422416369122,-0.2793070872624715,-0.19288823123161608,-0.165317598481973,-0.120640538011988,-0.083764187725526948,0.030941369052535656,0.057552634139678309,0.071927198549159438,0.11338652024666468,0.041493033846983544,-0.011204734260293966,-0.0353504874344383,-0.056257016584277154,-0.13005928294016764,-0.12498428087149348,-0.057753111701458693,-0.090765334399683137,-0.18086897262505122,-0.25836377165147234,-0.35544617871443429,-0.39598938028017677,-0.40316896713696992,-0.4507411479949951,-0.3954169750213623,-0.384440874059995,-0.38227582403591703,-0.34903528140141415,-0.33418507738546893,-0.28812280839139764,-0.3072473555803299,-0.3176145652929942,-0.32476000081409107,-0.4226337139095579,-0.35412707112052222
-0.03359158208163885,-0.023023287739223717,-0.00536939213052392,-0.067487779880563412,-0.15697961300611496,-0.2009506126244863,-0.22062106643404281,-0.2049848368534675,-0.17828430846566334,-0.066506800698698493,0.015204903884575917,0.01274108505458571,0.1143084904178977,0.22652420500914255,0.29215391553365266,0.17164369729849008,0.15210551138107592,0.0806423952182134,-0.0079212610860570111,-0.030324200226459652,-0.07803328434626261,-0.16312109529972077,-0.19222114235162735,-0.15269712458054224,-0.11889611663562912,-0.17568025877699256,-0.30529720549072537,-0.43465853333473203,-0.53744856161730625,-0.57180087268352509,-0.54552033085089469,-0.53902417070725384,-0.49820235913450067,-0.42357694605986279,-0.380861025590163,-0.32579344052534837,-0.29880565404891968,-0.26751169438163441,-0.25952324271202087,-0.2910194993019104,-0.34753243029117586,-0.37092636525630951,-0.35954212248325346
0.0072446127388892433,0.022362989140674472,-0.0082071139613011223,-0.047891407149533431,-0.091349860653281212,-0.10030888182421525,-0.14196666862283433,-0.1097652834973165,0.010619722969400195,0.069870438077487051,0.070129208018382391,0.15578180877491832,0.25276263058185577,0.27533782789340389,0.23912997437374933,0.20039289494355519,0.11427100598812104,0.015437885486919965,-0.047134904856128354,-0.058133274755057168,-0.13221163196223124,-0.20798660814762116,-0.2306602703673499,-0.20271278123060862,-0.1939747603610158,-0.26917089202574324,-0.40079966783523557,-0.560364905744791,-0.62698729974882939,-0.638594274009977,-0.62593678236007688,-0.56824124776400053,-0.48725238900918227,-0.35375143181193958,-0.3103562866648038,-0.29569947719573975,-0.2658020569519563,-0.2527147748253562,-0.25819367832607693,-0.30518826097249985,-0.26921464949846269,-0.24443963997893864,-0.24281460605561733
-0.031190490948834589,-0.04675000545879205,-0.048008766533298927,-0.033155952779842277,-0.063313591209324921,-0.034856981904401133,-0.077334211083749924,-0.082856623455882072,0.010128501584404148,0.11417395646373431,0.11673731766641141,0.16992974807234371,0.17021196736739233,0.1595607969377722,0.15159743130207062,0.13828636476626763,0.072991299380858743,-0.010560818404580155,-0.0730544953710503,-0.07715837806463241,-0.12801892161369324,-0.135561940073967,-0.21137283742427826,-0.23572789017970747,-0.27693291859967367,-0.35328849963843822,-0.4674232006072998,-0.58894317064966473,-0.66532314618428545,-0.63804840544859565,-0.575154447555542,-0.50779226151379675,-0.43510111669699353,-0.37308271825313566,-0.30662329494953156,-0.25367040796713397,-0.26684044003486634,-0.26127396523952484,-0.27120825979444718,-0.30233199728859794,-0.28020112050904167,-0.28709251019689774,-0.26695166155695915
0.053806797275319694,0.07638320821122481,0.04361171304481104,0.0422859099926427,0.06124431963871757,0.071968962653325155,0.07024946585297584,0.034475280887757739,0.057172511791577563,0.11159191174166543,0.11995834559202194,0.07703191931876871,0.072847982635721564,0.079734023427590728,0.090363009832799435,0.088390628642895638,0.033388606335323021,-0.036018500150021282,-0.12174328072712971,-0.15061912685632706,-0.21012032883507864,-0.2195197120308876,-0.25337405782192945,-0.28008579276502132,-0.38372482856114704,-0.4409732977549235,-0.516753247151008,-0.61202305555343628,-0.660856714615455,-0.59201222116296937,-0.4510287344455719,-0.35670211762189863,-0.37181493341922761,-0.33636073903603986,-0.2759741296370824,-0.25398486852645874,-0.26230442027250928,-0.28604510852268766,-0.29756948682996964,-0.31554389372467995,-0.29994270205497742,-0.3369903692177364,-0.33634055512292044
-0.08120850203558802,-0.013993365332550769,0.013104936093441211,0.089489149550596878,0.13225642095009485,0.1535824281828744,0.16649859079292842,0.166787792245547,0.16221255596194947,0.13716801116243005,0.072995341782058992,0.04084230735898018,0.042704692110419273,0.0508333037679012,0.053914051270112395,0.046380690112709996,0.0010026180689843992,-0.067656790721230209,-0.1612559227006776,-0.19642386585474014,-0.23541505985400257,-0.28455164233843483,-0.33167898830245524,-0.39199402928352356,-0.46668665409088134,-0.49117356188157024,-0.57715759178002679,-0.65940925249686611,-0.63635567518380975,-0.56895375793630432,-0.37666146755218505,-0.2414668703621084,-0.30056793491045636,-0.31906092166900635,-0.27048193911711377,-0.29852177202701569,-0.36449971795082092,-0.32905750721693039,-0.32674626840485466,-0.30840183049440384,-0.308001309633255,-0.3426654040813446,-0.38267164925734204
-0.26473612524569035,-0.1973153774936994,-0.14876478967758325,-0.016395066434947345,0.059291637789171472,0.12998557765968144,0.18525302410125732,0.21701079010963439,0.21212975680828095,0.16861633211374283,0.0683952646329999,0.036438148755293623,0.045061574043596495,0.046660194173455238,0.016036216681823135,-0.002395795510771374,-0.043966646684566513,-0.12639049519049495,-0.20851535656872919,-0.25276565468973583,-0.28457468168603051,-0.32265596354708953,-0.41490663290023805,-0.45505219172028932,-0.46993519791534971,-0.38097231433941769,-0.32874091807752848,-0.40883455138940078,-0.4244312047958374,-0.4777158366309272,-0.364130285653201,-0.27204198638598126,-0.33264461821979946,-0.35240747673170908,-0.35855681598186495,-0.37389218434691429,-0.40809082612395287,-0.40259804725646975,-0.38347520572798593,-0.33294973274072009,-0.33264199271798134,-0.3784834325313568,-0.41706609129905703
-0.22371174307430491,-0.25159425567835569,-0.2084520778485707,-0.1003548689186573,-0.010328770149499178,0.049414093534533791,0.1118306557337443,0.15325277646382648,0.16245955388460839,0.11981379007920623,0.059238736828168236,0.049993666509787239,0.065086971436228075,0.04821548958802048,-0.0023742361798732808,-0.057944572393727654,-0.1150578202214092,-0.16887329124352513,-0.23789840159208878,-0.30217898975719104,-0.34671892679255939,-0.4374252364039421,-0.536377845538987,-0.52837718725204463,-0.49472441568094139,-0.44394499521989089,-0.31937492224905228,-0.35355239418836742,-0.36991265416145325,-0.29602397978305817,-0.24742615818977357,-0.29588015377521515,-0.3460034467279911,-0.4060955171783765,-0.452289205044508,-0.45094019174575806,-0.44156783393451143,-0.44470045467217761,-0.44062707324822742,-0.39650848880410194,-0.38110290467739105,-0.39737768967946369,-0.42353221774101257
