SouthSea_Web/demo/jsonfile/2017-12-15-01.json
{"header": {"parameterUnit":"m.s-1","parameterNumber":3,"dx":0.1,"dy":0.1,"parameterNumberName":"Northward current","la1":29.0,"la2":12.0,"parameterCategory":2,"lo2":131.0,"nx":250,"ny":171,"refTime":"2017-12-15T01:01:52.5","lo1":106.0}, "data":
[rows 95 to 113 of 171, columns 86 to 128 of 250]
0.065751890341440841,0.048797964152914507,0.022986496436513133,0.02312956705489861,0.042553354986011982,0.022862496165606868,0.00026530934285671847,-0.02136166576591287,-0.030132674066157175,-0.01257969654398039,0.035380078654270619,0.086451064795255661,0.14431208516320876,0.17032723625500998,0.2116147808490261,0.22429693418164406,0.20891325874254108,0.18713270127773285,0.2175924303856763,0.25472474296887715,0.26903468556702137,0.24946186194817224,0.20439555549195834,0.16248882508703641,0.11915678948163987,0.08262496846525566,0.043861840127242938,0.027558860798867848,0.028641867666290358,0.031632995931431651,0.025802420917898417,0.039407712221145627,0.061986747508247696,0.0820604892713683,0.091196151450276375,0.10616629322369893,0.18190872371196748,0.21043622121214867,0.16262200102210045,0.10543429106473923,0.11193568507830302,0.20788092017173768,0.29995529651641845
0.054110440026436536,0.036229859607724041,0.0330472895542958,0.036200950060177733,0.046069863217848318,0.04911020291703088,0.042941723305445448,0.02099640840703311,0.010594654121194725,0.0040715098274328437,0.014849416416836903,0.070540571649526734,0.14229671657085419,0.17963471015294394,0.21745262320699363,0.2314886676688348,0.24059673527191425,0.22977036843076348,0.22434441838413477,0.22703955502345644,0.25668729738942508,0.25702387041279245,0.22606457052407442,0.20091308194857377,0.17644786596298218,0.14682511339584986,0.11076632256691273,0.075392147836585835,0.06381035058034791,0.05661159629623095,0.051813755184412,0.056960420683026314,0.0881209596991539,0.12630127929151058,0.14688501320779324,0.18965735137462617,0.24644341071446738,0.25996298715472221,0.20805827776590982,0.14902686824401221,0.12890506908297539,0.19189245402812957,0.25986132770776749
0.03812558776033776,0.016492259052868646,0.010063602330370082,0.033144793542170967,0.046190348453819752,0.05933774855953676,0.057485272974840233,0.05109292737863682,0.034051002870345938,0.027911045898993809,0.027949606933231865,0.071315662357313875,0.13899029543002447,0.1861014907558759,0.22262232262512732,0.25110288786477059,0.27301343878110251,0.27565800922888295,0.24818585174424307,0.25797709425290427,0.27164403045618973,0.25258832052350044,0.22173782189687094,0.20903016762299972,0.20105933025479317,0.18773811023968917,0.14687033072113992,0.099028786271810526,0.069586882367730141,0.068089850246906281,0.071104028820991511,0.10189470946788788,0.1293843537569046,0.16125444074471793,0.18782956153154373,0.22332162410020828,0.24540645380814871,0.26260047157605487,0.25510127345720929,0.1834390809138616,0.17668253680070242,0.21754582971334457,0.24642674128214517
0.026778014307772671,0.011551124239340425,-0.021667819711621159,0.020061923949806777,0.0428711584267708,0.05296746324057932,0.058038315520836756,0.064059634826013026,0.050338976351278167,0.0497590511638139,0.062841302404801055,0.0834982384134222,0.13185869019340585,0.16390773600765637,0.19618555235451665,0.26032499281259686,0.30706320959946204,0.31740786521523084,0.29428226475057928,0.29012297838926315,0.28621118598514134,0.25082378490613055,0.21844306134659311,0.20947558805346489,0.20955771580338478,0.20850581743500449,0.16448586881160737,0.12100568910439809,0.094329101343949631,0.097169376909732819,0.11277047917246819,0.12325181625783444,0.15073199570178986,0.17350136116147041,0.2158811092376709,0.24139286080996195,0.25196514278650284,0.26585988700389862,0.25895622372627258,0.24670170247554779,0.2142615964015325,0.22768866022427878,0.22424583633740744
0.012480297978036105,0.0046813050586414261,-0.013719204157866814,-0.0068200518097728492,0.013026609857791169,0.033325149032932058,0.045829067900776864,0.05950598818836389,0.069877061027067686,0.08095171440530706,0.097724803619914591,0.10943239812667553,0.12987103020506247,0.1632194127197619,0.1921252864599228,0.25002924086792128,0.3105136671891579,0.33595479086593344,0.32884117846305555,0.31885826366919057,0.28804644090788706,0.25947348708691803,0.24797136916054618,0.23766754035438811,0.22702529695298937,0.21043107244703505,0.17405448853969574,0.14467316865921021,0.13914630686243376,0.14310030266642571,0.15331101914246878,0.14984715357422829,0.1579301655292511,0.17728166282176971,0.20093197375535965,0.22553615272045136,0.2546020895242691,0.26899313926696777,0.28629985451698303,0.28289957344532013,0.26362565159797668,0.25148844718933105,0.22921450436115265
0.017851122034838997,-0.00047399393392529769,-0.0218489951695557,-0.025820531667425081,-0.0067638654794651438,0.015632586419367447,0.047021891635197863,0.077755236653266127,0.0928526446223259,0.10144910681992769,0.11332953801112515,0.1228794504243594,0.13727253331587866,0.17727389718805039,0.21441376553131983,0.24793371502999906,0.28803083962864345,0.30753702269150662,0.30108914441532558,0.28701168850616171,0.26004400372505188,0.24329950511455536,0.23528867761294048,0.23596357636981541,0.2184285968542099,0.19542805353800455,0.17897431924939156,0.16041486859321594,0.15045624226331711,0.1587904617190361,0.16286157568295798,0.16234637796878815,0.165917806327343,0.17625568310419718,0.19821330904960632,0.22897088527679443,0.26087270677089691,0.28629779815673828,0.28945291042327881,0.30887670814991,0.313518226146698,0.29655319452285767,0.2654726505279541
0.0088574053016990152,-0.010636197123676538,-0.028748965320678856,-0.029102761298418045,0.0018732428085058927,0.041144408950848241,0.076758121450742081,0.10592240926164848,0.1094445464015007,0.11200628666715189,0.11635517222540719,0.11488682260880104,0.13042171150445939,0.18522000885926759,0.21798761126895747,0.23005408621751344,0.24721674727542059,0.251380439561147,0.23643589317798613,0.23068668010334173,0.22321750615772448,0.219415511403765,0.21100482073697177,0.20091992119948068,0.1889757439494133,0.18074769030014673,0.16991855204105377,0.14681058625380197,0.13045852879683176,0.12954098731279373,0.14322174092133841,0.15785137812296549,0.16987233608961105,0.19732660055160523,0.21664680540561676,0.23956756293773651,0.0,0.29507793486118317,0.31849938631057739,0.33123646676540375,0.33376364409923553,0.30402538180351257,0.26272252202033997
-0.00994419328829584,-0.013945278468663279,-0.015678527258822451,-0.014016252383589745,0.0024148657834494338,0.039726109846549874,0.076634480015319931,0.10563039078431971,0.11311765917037663,0.11610321239346549,0.12219267294687383,0.11991601708260449,0.13785586844791065,0.17821036617864261,0.20127153769135475,0.20202422328293324,0.20898341415105043,0.21290968747242636,0.2070695279786984,0.20245818793773651,0.19817577417080218,0.19904524646699429,0.19520714382330576,0.18912996351718903,0.1792770822842916,0.16722283139824867,0.14226958751678467,0.11645990858475368,0.10580783089001973,0.10904716327786446,0.10864803194999695,0.15038250386714935,0.18680755794048309,0.22075869143009186,0.23358047753572464,0.25402842462062836,0.27431517839431763,0.30326740443706512,0.31453675031661987,0.31695063412189484,0.3307548463344574,0.32881689071655273,0.27610048651695251
-0.019486660904744092,-0.017057937880357105,-0.014293254286582981,-0.014937546636377062,-0.0024712801397462109,0.020334146509412676,0.060129327167357714,0.10148229139546554,0.12569097491602102,0.13646575943990189,0.15513141155242921,0.16223611434300742,0.17033407730715616,0.18431884050369263,0.19477808376153311,0.18449195424715678,0.174814088003976,0.16799483634531498,0.16832161943117777,0.16372223322590193,0.15729453600943089,0.1702185869216919,0.18503289669752121,0.1856936275959015,0.17084053903818131,0.15755974253018698,0.13255719467997551,0.12077139690518379,0.097699061036109924,0.090720854699611664,0.10962232450644176,0.15644443780183792,0.20266182720661163,0.22364836186170578,0.24605072289705277,0.26584124565124512,0.29467117786407471,0.30928586423397064,0.31405404210090637,0.33289693295955658,0.0,0.29038095474243164,0.28581961989402771
-0.0070088982010929612,-0.0011448200426197477,-0.016703344988994874,-0.026570456257710855,-0.011497116773031078,0.022279592315581711,0.064703584545188486,0.11289882021290916,0.14237479865550995,0.15195477902889251,0.16375182382762432,0.17983577317661709,0.18704282194375993,0.19442028403282166,0.19240272790193558,0.1757408572094781,0.163936335593462,0.15064456015825273,0.14131716390450796,0.13860757648944855,0.14439518501361212,0.16746552288532257,0.1849767342209816,0.18374036252498627,0.16468356922268868,0.1487398644288381,0.13220077753067017,0.13232257962226868,0.12510443975528082,0.096491895616054535,0.093911975622177124,0.12931178510189056,0.15689130127429962,0.21533563733100891,0.22953258454799652,0.25897690653800964,0.27572351694107056,0.0,0.31886550784111023,0.31671679019927979,0.3219083845615387,0.3279455155134201,0.29388622939586639
-0.010843720869161189,-0.0019770926097407936,-0.01290962384082377,-0.031303690125544868,-0.022795235841638513,0.014752566450624727,0.059275688603520393,0.099371029862335744,0.12257296591997147,0.14001957823832831,0.15300353722912924,0.17256223037838936,0.19727524220943452,0.2052176935332162,0.19561489990779332,0.16323656908103398,0.14627467840909958,0.14018387595812479,0.13277437005724227,0.13962333276867867,0.15114676952362061,0.16584379971027374,0.17333043366670609,0.16735795885324478,0.15395265817642212,0.13988212496042252,0.13283797353506088,0.13424317538738251,0.11163143813610077,0.11535599827766419,0.0,0.095030438154935837,0.0,0.15036353468894959,0.18510738760232925,0.22018440812826157,0.24391700327396393,0.27546477317810059,0.0,0.31767848134040833,0.31804576516151428,0.31181088089942932,0.0
-0.059472535271197557,-0.030759109416976571,-0.031298057874664664,-0.0433873033949307,-0.050632479290167488,-0.023849904886446893,0.019869670365005733,0.058325856924057007,0.0854918397963047,0.10614202916622162,0.13074374571442604,0.15452780723571777,0.17692477703094484,0.18552973121404648,0.17645550966262819,0.15053870528936386,0.13091921955347061,0.12168713472783566,0.11632470041513443,0.128153707832098,0.1404425303141276,0.16110173861185709,0.1743798702955246,0.16586504131555557,0.15431264042854309,0.13728140294551849,0.12692366540431976,0.12960483133792877,0.12866047024726868,0.13162301480770111,0.095005974173545837,0.089559730142354965,0.097685135900974274,0.09216240793466568,0.13151870667934418,0.1559058427810669,0.22159106284379959,0.27438542246818542,0.27051654458045959,0.28679634630680084,0.30941535532474518,0.3042009174823761,0.29760724306106567
-0.090628819806235175,-0.068154793232679367,-0.052895805332809687,-0.054049862921237944,-0.056455418467521667,-0.046096469275653362,-0.016104976336161297,0.026155557110905649,0.061872556805610657,0.083673344925045967,0.10930620692670345,0.13927827775478363,0.15795082598924637,0.16337038204073906,0.15132689972718558,0.13951335847377777,0.12425031264623006,0.11820068955421448,0.11424395938714345,0.1183075134952863,0.1388080045580864,0.15808526426553726,0.16812388598918915,0.16769880801439285,0.164861299097538,0.14508593082427979,0.15275368094444275,0.13470397889614105,0.1546580046415329,0.0,0.14095412194728851,0.0,0.081422958523035049,0.0,0.089060001075267792,0.14015742018818855,0.21301095187664032,0.21954680979251862,0.24397111684083939,0.25432050228118896,0.29254518449306488,0.29668363928794861,0.27918443083763123
-0.076386088239295144,-0.071137990802526474,-0.058480070903897285,-0.047762993723154068,-0.039563555642962454,-0.027469594652454059,-0.01727717462927103,0.013872663723304868,0.053444144626458488,0.078936176995436355,0.10176940262317658,0.11303393294413884,0.12750370502471925,0.14598219841718674,0.14967630803585053,0.14152507980664572,0.12440943345427513,0.11287776380777359,0.10699013993144035,0.10781602934002876,0.12007124349474907,0.14310155063867569,0.15022724866867065,0.16030199825763702,0.16659511625766754,0.17156409472227097,0.1685260534286499,0.17919887602329254,0.18708103895187378,0.18140383809804916,0.17907366156578064,0.13230999559164047,0.11655037105083466,0.0910210981965065,0.083079695701599121,0.12086048349738121,0.16950201988220215,0.18371663242578507,0.19004745781421661,0.23795795440673828,0.23935697972774506,0.23027274012565613,0.261654257774353
-0.0356764110426108,-0.048342015594244,-0.041714070985714592,-0.02968509743611018,-0.020303008457024891,-0.016309531405568123,-0.013172686565667391,0.011064349208027124,0.042186524718999863,0.078166219095389053,0.090160210927327469,0.09730277955532074,0.10464292019605637,0.1216949075460434,0.13703825076421103,0.13669488579034805,0.12300897389650345,0.11645706370472908,0.10271044448018074,0.10995424538850784,0.12746782600879669,0.13402059674263,0.0,0.16005054861307144,0.16747093200683594,0.18486393988132477,0.20076051354408264,0.21012769639492035,0.20786873996257782,0.21662715077400208,0.19783186912536621,0.16242983937263489,0.14591532200574875,0.095100861042737961,0.1052163690328598,0.11495397984981537,0.12707899510860443,0.13534678518772125,0.14665079489350319,0.16712068021297455,0.16557998955249786,0.1935635432600975,0.21331624686717987
-0.014351751375943422,-0.026723363126317661,-0.031096394173800945,-0.023799701904257137,-0.010991248767822981,-0.0064019015990197659,-0.0026426430558785796,0.01754719577729702,0.042525408789515495,0.051167517900466919,0.0696064941585064,0.079050008207559586,0.10617627948522568,0.13511791825294495,0.15236517786979675,0.15749640017747879,0.16562557220458984,0.15674102306365967,0.12227737903594971,0.11887537688016892,0.13398077338933945,0.15521201491355896,0.15970057994127274,0.19445179402828217,0.19464896619319916,0.1951458603143692,0.22634577751159668,0.22800466418266296,0.23592822253704071,0.22650596499443054,0.20204204320907593,0.17050008475780487,0.15563236176967621,0.12752062454819679,0.11050756275653839,0.11303426325321198,0.12396536022424698,0.092249736189842224,0.10312502086162567,0.091044805943965912,0.12518873810768127,0.15233580768108368,0.16892246156930924
-0.0078750341781415045,-0.015804300550371408,-0.024113666266202927,-0.027538178488612175,-0.019660133868455887,-0.011995017994195223,-0.009936024434864521,-0.0026785086374729872,0.0066502909176051617,0.026823364198207855,0.033246959559619427,0.069321069866418838,0.10568007826805115,0.1285620927810669,0.17606829106807709,0.18209908157587051,0.18301744759082794,0.0,0.16706465184688568,0.14613288640975952,0.15931278467178345,0.17365151643753052,0.18371090292930603,0.19736440479755402,0.21424239128828049,0.21867656707763672,0.22409062087535858,0.23384008556604385,0.22884178161621094,0.22442027926445007,0.20871777087450028,0.18158947676420212,0.15530068427324295,0.13914148509502411,0.11280088126659393,0.098281338810920715,0.088863607496023178,0.0689016729593277,0.049959279596805573,0.047824427485466,0.083624094724655151,0.11599631607532501,0.14706237614154816
-0.024231923744082451,-0.021479698829352856,-0.023372645489871502,-0.028460869565606117,-0.037958240136504173,-0.039882244542241096,-0.0387731846421957,-0.025977645069360733,-0.011334513546898961,0.010784820886328816,0.0,0.042685443535447121,0.09192303940653801,0.12949275225400925,0.15479123592376709,0.19115231931209564,0.0,0.18314884603023529,0.16791389882564545,0.15870301425457,0.16045064479112625,0.1817454919219017,0.19491137564182282,0.20251531898975372,0.23683732748031616,0.22728653252124786,0.22959434241056442,0.23013399541378021,0.23231805860996246,0.22170496731996536,0.19746837019920349,0.17260053753852844,0.14344125986099243,0.12542227655649185,0.11238712817430496,0.051420077681541443,0.036128995940089226,0.0031987675465643406,0.0077461432665586472,0.033873412758111954,0.057115606963634491,0.0,0.13857971131801605
-0.033684905618429184,-0.027402105741202831,-0.0064909444966663914,-0.0033911312930285931,-0.022076517964402836,-0.030699669383466244,-0.023859039880335331,-0.010651315562427044,0.0068606692366302013,0.0318086976185441,0.03126230463385582,0.068391494452953339,0.078467443585395813,0.13082475960254669,0.14994502812623978,0.16576552391052246,0.17929361015558243,0.17559690773487091,0.16533441841602325,0.15980780124664307,0.16534611582756043,0.17516516149044037,0.21272489428520203,0.21609131991863251,0.22731336206197739,0.24546760320663452,0.2311522513628006,0.0,0.22062193602323532,0.0,0.19602213799953461,0.16417522728443146,0.0,0.10684353113174439,0.080715775489807129,0.038376140873879194,-0.020463222870603204,-0.02569250576198101,0.0,0.0015070547815412283,0.020605750381946564,0.088288988918066025,0.086648032069206238
