SouthSea_Web/demo/jsonfile/2017-12-16-19.json
{"header": {"parameterUnit":"m.s-1","parameterNumber":2,"dx":0.1,"dy":0.1,"parameterNumberName":"Eastward current","la1":29.0,"la2":12.0,"parameterCategory":2,"lo2":131.0,"nx":250,"ny":171,"refTime":"2017-12-16T19:01:52.5","lo1":106.0}, "data":
[rows 76 to 94 of 171, columns 168 to 209 of 250]
-0.46093169731252331,-0.46213576197624207,-0.44088930077850819,-0.456742348415511,-0.52838404883037915,-0.5075317919254303,-0.38464977675014073,-0.30662218161991667,-0.28867286443710327,-0.29494328583989826,-0.31817510724067688,-0.3232218126455943,-0.3114247679710388,-0.30264264345169067,-0.30212290088335675,-0.25291932125886279,-0.22960303723812103,-0.25498528778553009,-0.31491605937480927,-0.37712295353412628,-0.40665930509567261,-0.3888346254825592,-0.34237949550151825,-0.28598009049892426,-0.22541037698586783,-0.16887804120779038,-0.12277680635452271,-0.081429474055767059,-0.068603835999965668,-0.093023218214511871,-0.11366729065775871,-0.1009821929037571,-0.11570630222558975,-0.15460583567619324,-0.17888356000185013,-0.210532084107399,0.0,-0.19335643947124481,-0.13277800381183624,-0.067779563367366791,-0.048948448151350021,-0.040808338671922684
-0.42642487419976127,-0.51130136847496033,-0.4489754672561373,-0.44028013547261557,-0.5198436650362882,-0.51586893471804529,-0.38018625602126122,-0.29973658919334412,-0.284553062915802,-0.2775091699191502,-0.29855239391326904,-0.31010944644610089,-0.2771906356016795,-0.260299414396286,-0.27299147844314575,-0.26190488040447235,-0.24104650318622589,-0.25533732771873474,-0.30716310441493988,-0.359530970454216,-0.38454437255859375,-0.36407236754894257,-0.321138933300972,-0.27093376219272614,-0.21835978329181671,-0.17565929144620895,-0.12668952345848084,-0.09293963760137558,-0.078155603259801865,-0.11049081385135651,-0.15529365837574005,-0.13201138377189636,-0.1546991840004921,-0.19819816946983337,-0.20402982085943222,-0.21554604172706604,-0.22324037551879883,-0.17817135155200958,-0.12213511019945145,-0.0485260933637619,-0.029476700350642204,-0.034319881349802017
-0.41455090571852293,-0.51545581922811623,-0.45427788235247135,-0.45612291097640989,-0.52377647161483765,-0.54120903834700584,-0.4282432533800602,-0.31745263437430066,-0.29953080415725708,-0.26840173701445263,-0.27551229298114777,-0.28534369667371112,-0.25443195104599,-0.23297169307867685,-0.2496342808008194,-0.25830645859241486,-0.23598586022853851,-0.24310090144475302,-0.29532967507839203,-0.34487664699554443,-0.359248623251915,-0.33562721312046051,-0.29414591193199158,-0.24963262677192688,-0.20079874992370606,-0.17107415199279785,-0.12526536360383034,-0.10510232299566269,-0.10628699883818626,-0.15220867097377777,-0.13685528934001923,-0.17002531141042709,-0.18847531825304031,-0.17962951958179474,-0.22064546495676041,0.0,-0.21335889399051666,-0.19171043485403061,-0.13180610537528992,-0.067433331161737442,-0.026900462806224823,-0.019418921321630478
-0.40810333981233482,-0.50559892724542055,-0.46312861570290159,-0.46948503809315817,-0.534015816450119,-0.54658152461051945,-0.4407537505030632,-0.343728382140398,-0.30168431997299194,-0.25956662595272062,-0.25213638196388882,-0.27959509690602619,-0.2610999196767807,-0.21707302331924439,-0.24223773926496506,-0.24429177244504294,-0.21140133589506149,-0.22245526810487112,-0.28432482481002808,-0.33565381169319153,-0.34666547179222107,-0.31761413812637329,-0.27381403744220734,-0.23394254595041275,-0.18633163472016653,-0.15376300364732742,-0.11517316102981567,-0.1039932519197464,-0.13139235228300095,-0.18092771619558334,-0.18496959656476975,-0.19853883981704712,-0.20445352792739868,-0.20828694850206375,-0.22089910507202148,-0.21822169423103333,-0.2285878136754036,-0.20320186018943787,-0.14255424588918686,-0.0844346135854721,-0.035727301612496376,-0.016052458435297012
-0.3492194382767928,-0.48850755095481874,-0.44153215736150742,-0.45350984590394156,-0.525834721326828,-0.53000946640968327,-0.43797901935047573,-0.3575111244406019,-0.3104455087866102,-0.26016097515821457,-0.2530161440372467,-0.27623587846755981,-0.25398914515972137,-0.21392101049423218,-0.23301953077316284,-0.22149805724620819,-0.18572703748941422,-0.20991721749305725,-0.2840496152639389,-0.34023706614971161,-0.34974433481693268,-0.31488731503486633,-0.2609240859746933,-0.2196899950504303,-0.19032195210456848,-0.13685911521315575,-0.1013900637626648,-0.1065564900636673,-0.14080078527331352,-0.20419870316982269,-0.20481996983289719,-0.20573537796735764,-0.20248724520206451,-0.21457391977310181,0.0,-0.21467921137809753,-0.22931345552206039,-0.21460710465908051,-0.15610194206237793,-0.095733921974897385,-0.045715942978858948,-0.018988495692610741
-0.3359180741450366,-0.48367171175777912,-0.42305458656379152,-0.45145384470621747,-0.5059815482659773,-0.49890650974379647,-0.41828883811831474,-0.36007536734853474,-0.31192222982645035,-0.26829266548156738,-0.25621628512938815,-0.27939847856760025,-0.24052077531814575,-0.20413492123285928,-0.22353550046682358,-0.20623309910297394,-0.17983830720186234,-0.21551857888698578,-0.29319192469120026,-0.35416027903556824,-0.362037718296051,-0.31830815970897675,-0.25462224334478378,-0.20375364273786545,-0.16811478137969971,-0.12073202431201935,0.0,-0.094581909477710724,-0.12286511063575745,-0.16147087514400482,-0.19832734763622284,-0.19278828799724579,-0.20477133244276047,-0.21483716368675232,-0.21644707024097443,-0.22931522876024246,-0.23992025852203369,-0.21795111894607544,-0.16568143665790558,-0.1035553440451622,-0.048821128904819489,-0.024032892659306526
-0.35669402542867157,-0.46553828435785632,-0.42271614074707031,-0.447088564435641,-0.49080118995446426,-0.47580154612660408,-0.39968594536185265,-0.34922030195593834,-0.29285321633021039,-0.26096484065055847,-0.261834775408109,-0.2655269682407379,-0.22269556671380997,-0.19882965087890625,-0.22474762300650278,-0.20965837438901266,-0.19525725394487381,-0.23367301623026529,-0.3109651654958725,-0.36882206797599792,-0.37402991950511932,-0.32331082224845886,-0.24898111820220947,-0.17478104680776596,-0.14721188694238663,-0.096182074397802353,-0.078460408374667168,-0.061866087839007378,-0.082267427816987038,-0.15932199358940125,-0.17437175661325455,-0.19322618842124939,-0.189558707177639,-0.19032427668571472,-0.21027393639087677,-0.22831865400075913,-0.23764652758836746,-0.21495141088962555,-0.17198395729064941,-0.10185755044221878,-0.05115484818816185,-0.0205012746155262
-0.32657978336016336,-0.40415683388710022,-0.39953732887903848,-0.43516346315542859,-0.4717864006757736,-0.45075679156515336,-0.37547152382986887,-0.31010218560695646,-0.25641250982880592,-0.23875822722911835,-0.2641175240278244,-0.26154660185178119,-0.22173572580019632,-0.20383252948522568,-0.22998103996117911,-0.21488617360591888,-0.22245914240678152,-0.26433752477169037,-0.32502074539661407,-0.373966783285141,-0.3813806027173996,-0.31572034955024719,-0.25760915875434875,-0.17546194295088449,-0.13055555149912834,-0.073285721242427826,-0.041912788525223732,-0.015397575683891773,-0.049397356808185577,-0.11640918254852295,-0.13414202630519867,-0.16937157511711121,-0.16176168620586395,0.0,-0.19200405478477478,-0.20991712808609009,-0.2265380471944809,-0.21633731573820114,-0.16743984073400497,-0.10243681073188782,-0.051958378404378891,-0.020114433020353317
-0.33267193535963696,-0.36677858047187328,-0.3781078870479877,-0.42436126958240161,-0.43914120727115208,-0.41162598133087158,-0.33674831092357638,-0.26474069058895111,-0.21116408109664916,-0.23083898425102234,-0.27067288756370544,-0.25899351388216019,-0.21869523823261261,-0.21130374073982239,-0.23584106067816416,-0.22573327024777731,-0.23272856076558432,-0.27445048093795776,-0.32037857174873352,-0.3610273003578186,-0.37495912611484528,-0.33156001567840576,-0.25047821551561356,-0.17323375244935355,-0.12329911068081856,-0.057614367455244064,-0.0078765973448753357,0.024829575791954994,-0.010527194477617741,-0.063409330323338509,0.0,-0.133631132543087,-0.12683798372745514,-0.14488016813993454,-0.16622158885002136,-0.19589518755674362,-0.21757056564092636,-0.20529706031084061,-0.16162838786840439,-0.097989924252033234,0.0,-0.028834052383899689
-0.36629598670535618,-0.36746966663528891,-0.37639901500481826,-0.41365599090402777,-0.39976039799776947,-0.36072179675102234,-0.32344403011458261,-0.26508696377277374,-0.19758220762014389,-0.23455921709537506,-0.27987068146467209,-0.23831768035888673,-0.18553217748800913,-0.20973849296569824,-0.22761171559492746,-0.21848741173744202,-0.23107283314069113,-0.26467497646808624,-0.29901359975337982,-0.32938477396965027,-0.366786390542984,-0.31957370042800903,-0.24346967041492462,-0.16864408552646637,-0.1157291866838932,0.0,0.016629512887448072,0.048968985676765442,0.010805614874698222,-0.024538083001971245,-0.086846709251403809,-0.09019944816827774,-0.0927063524723053,-0.12853144109249115,-0.15512621402740479,-0.18639853596687317,-0.20694150030612946,-0.20217700302600861,0.0,-0.12015451118350029,-0.082293242216110229,-0.021691815927624702
-0.37794186963754539,-0.3823147714138031,-0.40520630528529483,-0.44003682786768133,-0.40549185872077942,-0.34822385178671944,-0.32746324539184568,-0.2773421811206,-0.22038394957780838,-0.23927025794982909,-0.26532205939292908,-0.21912723282972971,-0.17882836237549782,-0.19343627244234085,-0.19947746396064758,-0.21318869292736054,-0.21204734841982523,-0.24490582942962647,-0.262921005487442,-0.29450365900993347,-0.32708330452442169,-0.29141037166118622,-0.22002844512462616,-0.17435463517904282,-0.10825188457965851,-0.042920316656818613,0.034140268922783434,0.067962273955345154,0.03209246788173914,-0.00017164647579193115,-0.049079552292823792,-0.046422656625509262,-0.072252748534083366,-0.10258014500141144,-0.1437559500336647,-0.17986098676919937,-0.1960812509059906,-0.17962782829999924,-0.14760340750217438,-0.13257503509521484,-0.079337939620018,-0.033759534358978271
-0.39257493242621422,-0.40325417742133141,-0.43607440590858459,-0.46061457859145272,-0.4087496047670191,-0.3399955663416121,-0.32349323232968646,-0.2973838249842326,-0.24518564095099768,-0.24300113320350647,-0.24288749694824219,-0.1987907700240612,-0.13650005124509335,-0.14618972937266031,-0.15789141754309335,-0.15709550182024637,-0.18204917758703232,-0.21175151566664377,-0.23995757102966309,-0.26667460799217224,-0.28617258369922638,-0.25789837539196014,-0.19996237754821777,-0.17024302482604981,-0.11537088950475057,-0.030866516288369894,0.047256160527467728,0.060194209218025208,0.049842286854982376,0.0,-0.0070691602304577827,-0.028226964175701141,-0.045273404568433762,-0.076270505785942078,-0.12078229710459709,-0.16526749730110169,-0.17477062344551086,-0.15976215898990631,-0.12618076801300049,-0.0852205902338028,-0.075588233768939972,-0.037729546427726746
-0.34964016430518208,-0.373919706259455,-0.41205408275127409,-0.44331978261470795,-0.3933974537584517,-0.32808970659971237,-0.32601103186607361,-0.30298668146133423,-0.24752172082662582,-0.22502486035227776,-0.19939647614955902,-0.13361608386039733,-0.096174245079358414,-0.092425797134637833,-0.092671729624271393,-0.10986675322055817,-0.15418519079685211,-0.19661703705787659,-0.21924629807472229,-0.23172420263290405,-0.24649441987276077,-0.22141949832439423,-0.18153636157512665,-0.17173522710800171,-0.13800200074911118,-0.024387372036774952,0.045095063745975494,0.082707842191060379,0.08721587061882019,0.05264694057404995,0.013417872134596109,-0.007240090926643461,-0.031904864124953747,-0.061701860278844833,-0.11008138954639435,-0.14740893989801407,-0.15646785497665405,-0.14994628727436066,-0.12900423258543015,-0.10358851030468941,0.0,-0.056809615343809128
-0.2738388404250145,-0.29017377893129986,-0.34830149759848911,-0.39212516492063348,-0.34629390016198158,-0.29310492106846403,-0.29101917147636414,-0.25460153605256763,-0.20528179705142974,-0.16772998869419098,-0.12793489992618562,-0.06855643168091774,-0.056724033008019127,-0.049286862835288048,-0.042152857407927513,-0.065300981824596718,-0.12899443507194519,-0.19959650933742523,-0.19935920834541321,-0.2019963413476944,-0.20437698811292648,-0.17910271137952805,-0.16700756549835205,-0.16483081132173538,-0.12880543619394302,-0.035340037196874619,0.052676655352115631,0.099946007132530212,0.11219974979758263,0.085570055991411209,0.043059676885604858,0.015343758743256331,-0.022092631086707115,-0.057570423930883408,-0.095481447875499725,-0.12457713484764099,-0.14141938090324402,-0.13347142189741135,-0.11004701256752014,-0.093680586665868759,-0.077522918581962585,-0.063587181270122528
-0.26290550362318754,-0.25532093537705286,-0.31686140482242292,-0.32695953796307248,-0.26052570177449119,-0.20780621841549873,-0.18998905830085278,-0.14624390006065369,-0.10991970747709275,-0.073819571733474726,-0.031476424261927607,-0.0068400124873733148,-0.012184850871562958,-0.011405381839722395,0.0030252892756834626,-0.027422954017917316,-0.099682692438364029,-0.1762398382027944,-0.18033416569232941,-0.17331287264823914,-0.15693701803684235,-0.13474661111831665,-0.13807135820388794,-0.1419517993927002,-0.11295903474092484,-0.019787935074418783,0.072637617588043213,0.11767839640378952,0.13390199840068817,0.099352352321147919,0.079575195908546448,0.017705626785755157,-0.013117527589201927,-0.05994691327214241,-0.084853991866111755,0.0,-0.12308886647224426,0.0,-0.12642991542816162,-0.10508549213409424,-0.080778703093528748,-0.078298620879650116
-0.2421171334054735,-0.2503078356385231,-0.31676811873912814,-0.2843568961728703,-0.2050246921452609,-0.14051530286669731,-0.10744988545775414,-0.062198809161782262,-0.029736051708459853,-0.00073661340866237879,0.02308221086859703,0.026222370797768235,0.00869142853965362,0.021436840295791626,0.0390460304915905,0.0070034675300121307,-0.057690242305397987,-0.13943291703859964,-0.15158775448799133,-0.13563065975904465,-0.10150646418333054,-0.093127340078353882,-0.082884658128023148,-0.088117014616727829,-0.074445972219109535,0.017947432585060596,0.097455538809299469,0.13553211838006973,0.14321029931306839,0.12184660509228706,0.084761902689933777,0.031396095640957356,-0.020971985068172216,-0.059402160346508026,-0.085124567151069641,-0.11337776482105255,0.0,-0.13871940970420837,-0.12741309404373169,-0.10768395662307739,0.0,-0.10327582061290741
-0.21484173751539654,-0.24148939351240795,-0.29954412579536438,-0.27439494099881911,-0.17619847953319551,-0.11203509718179702,-0.075258241345485047,-0.042322582254807152,-0.036890072748064995,-0.012896593124605716,0.018510167486965656,0.00940022780559957,0.0020140096312388778,0.035924717783927917,0.06165981044371923,0.033478701875234641,-0.020378021290525794,-0.09046950563788414,-0.1018468588590622,-0.081014193594455719,-0.035909947007894516,-0.025159931741654873,-0.017096044146455824,-0.018340887036174536,-0.00656531099230051,0.069336855784058571,0.11807700246572495,0.14164019376039505,0.14218743145465851,0.12430620566010475,0.090829551219940186,0.036871610209345818,-0.03257429227232933,-0.069245120510458946,-0.094103708863258362,-0.10563193634152412,-0.12080002576112747,-0.13922706246376038,-0.13563187420368195,-0.12038248777389526,-0.11064170673489571,0.0
-0.17766308877617121,-0.23236690035888127,-0.28816723135801464,-0.24431960582733153,-0.14526185542345046,-0.076041343621909618,-0.039631679861081973,-0.032394075067713857,-0.04606481045484543,-0.024823985062539577,-0.0066531244471358759,-0.028418253486355145,-0.020163676817901433,0.038023103028535843,0.063922801986336708,0.04077161972721418,-0.0036297449842095375,-0.05093991756439209,-0.056563299149274826,-0.022043768549337983,0.027193246409296989,0.037433454766869545,0.04308811854571104,0.026731405407190323,0.059394912794232368,0.10535440593957901,0.12670064717531204,0.13900145888328552,0.12712574005126953,0.12526169419288635,0.074747048318386078,0.04310053214430809,-0.031511112116277218,-0.072391301393508911,0.0,-0.10420111566781998,-0.13012626767158508,0.0,-0.13790757954120636,-0.12790237367153168,-0.12086662650108337,-0.12901778519153595
-0.13509685506946162,-0.22624051570892334,-0.26152391596273944,-0.18446806392499379,-0.11285803392529488,-0.0638816311955452,-0.026675653747386403,-0.033049463915328182,-0.05144798755645752,-0.031328647211194036,-0.02656951081007719,-0.061400536447763443,-0.048857343072692551,0.022745831636711955,0.061247177422046661,0.034830710540215172,0.0044962861575186253,-0.027643611188977957,-0.019644246747096378,0.026450670324265957,0.0712965726852417,0.088194854557514191,0.08605678379535675,0.07007923349738121,0.0986442118883133,0.11573312059044838,0.1201535239815712,0.11921149864792824,0.11289184540510178,0.10112376883625984,0.07535887323319912,0.019890538416802883,-0.027753217145800591,-0.068013550713658333,-0.094971518963575363,-0.10486377030611038,-0.12024027854204178,-0.13176511228084564,-0.1334586888551712,-0.13435183465480804,-0.12609107792377472,-0.14099743962287903
