SouthSea_Web/demo/jsonfile/2017-12-16-12.json
{"header": {"parameterUnit":"m.s-1","parameterNumber":3,"dx":0.1,"dy":0.1,"parameterNumberName":"Northward current","la1":29.0,"la2":12.0,"parameterCategory":2,"lo2":131.0,"nx":250,"ny":171,"refTime":"2017-12-16T12:00:00","lo1":106.0}, "data":
[rows 114 to 132 of 171, columns 172 to 214 of 250]
0.44775069256623584,0.42663723230361938,0.39993340894579887,0.32380917493034811,0.24119821190834045,0.21241582483053206,0.21309028140136174,0.20359218120574951,0.18043161928653717,0.1568498263756434,0.11724159307777882,0.089271329343318939,0.079075912634531662,0.085851877927780151,0.057111829519271851,0.056382624432444572,0.07195962592959404,0.10730651766061783,0.12183675915002823,0.16103921085596085,0.19870792329311371,0.21073222160339356,0.22724764049053192,0.21086052060127258,0.22542405128479004,0.23396065831184387,0.25510764122009277,0.0,0.26729854941368103,0.26120045781135559,0.0,0.2610422670841217,0.0,0.32209712266921997,0.36489015817642212,0.38263699412345886,0.38940852880477905,0.38538695871829987,0.35280314087867737,0.34471228718757629,0.30162727832794189,0.29533040523529053,0.23976194858551025
0.41734815968407524,0.40105636417865753,0.36794469637029309,0.29581943750381468,0.23255084725943478,0.22244781468595778,0.2370713927916118,0.22625409066677094,0.20588809847831727,0.18162684887647629,0.14133423008024693,0.10237026462952296,0.07039424404501915,0.057931818068027496,0.029697222635149956,0.020283073652535677,0.037902286276221275,0.0689389705657959,0.07158193551003933,0.11206309869885445,0.15489974617958069,0.19800850749015808,0.2198084369301796,0.22224541008472443,0.22136993706226349,0.0,0.255176842212677,0.26035818457603455,0.0,0.26434603333473206,0.26603060960769653,0.0,0.28814776241779327,0.3487648069858551,0.32096067070961,0.352414071559906,0.0,0.35331735014915466,0.0,0.32108834385871887,0.28227505087852478,0.0,0.22302348911762238
0.35512054152786732,0.368104949593544,0.332549524307251,0.27978704869747162,0.25517015531659126,0.25911124689238413,0.26373697519302369,0.23839034140110016,0.21423879762490591,0.18723808725674948,0.14069518446922302,0.10351493457953136,0.068023871630430222,0.033561732620000839,0.014644076582044363,-0.00173382053617388,-0.0031477732118219137,-0.0032227481715381145,0.0083289784379303455,0.0524323433637619,0.10348131507635117,0.15946125984191895,0.1922387108206749,0.20634981989860535,0.21136057376861572,0.22056284546852112,0.22934612631797791,0.24022432416677475,0.23211903870105743,0.23443551361560822,0.23529137670993805,0.26512601971626282,0.0,0.29932507872581482,0.0,0.33711522817611694,0.36569857597351074,0.0,0.33395341038703918,0.0,0.29092568159103394,0.22449980676174164,0.0
0.32975490689277648,0.31147701106965542,0.29990013688802719,0.27720538775126141,0.2595480501651764,0.26814338564872742,0.26068954914808273,0.23347479104995728,0.20393542448679605,0.1748819425702095,0.14655584096908569,0.1201443870862325,0.0671771876513958,0.013380735646933317,0.0,-0.0062648190651088953,-0.004331158590503037,-0.0039364905096590519,-0.0078340992331504822,-0.0043708295561373234,0.072324875742197037,0.12978655099868774,0.18820995837450028,0.20537105202674866,0.22424319386482239,0.20319562405347824,0.18900902569293976,0.19480212032794952,0.18118799477815628,0.18780453503131867,0.19805373251438141,0.225032776594162,0.25318223237991333,0.28885924816131592,0.29206424951553345,0.31314566731452942,0.31957599520683289,0.30339685082435608,0.31049650907516479,0.27272140979766846,0.28029152750968933,0.20977748930454254,0.19777081906795502
0.34869409246104105,0.308875988636698,0.29750558071666294,0.26685923834641773,0.2455987274646759,0.25785151869058609,0.24613973498344421,0.21919163689017296,0.20376995578408241,0.19029645621776581,0.16905716558297476,0.14441809803247452,0.096358489245176315,0.035638337954878807,0.00064110243692994118,-0.00652451952919364,-0.00773760222364217,0.0,-0.014836523216217756,0.014455476775765419,0.085623927414417267,0.0,0.17653511464595795,0.19263482093811035,0.0,0.18999852240085602,0.1671573668718338,0.0,0.14583523571491242,0.15259277820587158,0.0,0.19564585387706757,0.0,0.23739373683929443,0.26156678795814514,0.0,0.27615863084793091,0.0,0.26409867405891418,0.22934427857398987,0.0,0.16931094229221344,0.0
0.33591553568840027,0.30838372451918467,0.29817470535635948,0.26338202009598416,0.24749666154384614,0.24685898919900259,0.23896597325801849,0.21829578777154288,0.19859709590673447,0.18254814296960831,0.14996174722909927,0.114486213773489,0.0642069112509489,0.021003250032663345,-0.0081950509920716286,-0.00039011926855891943,-0.0235226359218359,-0.036538512445986271,-0.032695621717721224,0.0,0.023827808909118176,0.12931975722312927,0.0,0.17911066114902496,0.17861112952232361,0.0,0.16420580446720123,0.14319299161434174,0.0,0.16319525241851807,0.17907275259494782,0.0,0.21963503956794739,0.0,0.24256174266338348,0.26490980386734009,0.0,0.26460236310958862,0.0,0.23105578124523163,0.17868390679359436,0.0,0.097530841827392578
0.3189203768968582,0.31700169543425244,0.31253059208393097,0.28650449854987009,0.27833719054857892,0.27763959020376205,0.25498759746551514,0.21816212311387062,0.18859568238258362,0.15987237791220346,0.125365749001503,0.097673747688531876,0.065806470811367035,0.03869377076625824,0.027508800849318504,-0.0048039196990430355,-0.044113751500844955,-0.053217127919197083,0.0,-0.03478645533323288,0.026612589135766029,0.10808579623699188,0.16990458965301514,0.13763299584388733,0.15907998383045197,0.16386404633522034,0.1139167994260788,0.12290847301483154,0.0,0.13342928886413574,0.16122521460056305,0.13977876305580139,0.16740888357162476,0.19330233335494995,0.16949954628944397,0.21287573128938675,0.0,0.20786432921886444,0.19040234386920929,0.0,0.1438867598772049,0.0,0.064295157790184021
0.3376745767891407,0.33430971205234528,0.32364729046821594,0.31158977001905441,0.30345435738563536,0.30174241960048676,0.27368318041165668,0.23370838165283203,0.184959277510643,0.15086240321397781,0.14135529597600302,0.12413260713219643,0.11110597103834152,0.087914079427719116,0.017042584717273712,-0.0096104346885113046,-0.0096158608794212341,-0.020810842979699373,-0.032165481708943844,-0.0020866638515144587,0.022996647283434868,0.076611451804637909,0.058534730225801468,0.0860072411596775,0.11151352524757385,0.0,0.10678872466087341,0.090518400073051453,0.0,0.11404243856668472,0.1240171417593956,0.0,0.11781566590070725,0.0,0.13522225618362427,0.0,0.0,0.0,0.0,0.15664553642272949,0.0,0.10416369140148163,0.0
0.35009085138638812,0.344891682267189,0.33275216072797775,0.32582337260246275,0.32879894375801089,0.31579938530921936,0.28604086240132648,0.24119063839316368,0.19002101942896843,0.16795174032449722,0.17277316749095917,0.15978056689103445,0.13253121823072434,0.0,0.085804510861635208,0.01610601763240993,-0.0066093248315155506,-0.024055821821093559,-0.028287917375564575,-0.02685057744383812,-0.0186193878762424,0.0,0.025048039853572845,0.046957150101661682,0.0,0.049050113186240196,0.04995541088283062,0.0,0.090912811458110809,0.11690171808004379,0.0,0.092884153127670288,0.0,0.095795378088951111,0.11820882558822632,0.15793125331401825,0.12864623963832855,0.15517397224903107,0.10940898209810257,0.0988665334880352,0.080297529697418213,0.055704236030578613,0.020094968378543854
0.36935558915138245,0.36515087485313413,0.34624369442462921,0.34378964453935623,0.34313829988241196,0.32739619414011639,0.29379454255104065,0.23867522180080414,0.21464605629444122,0.18995658308267593,0.19487040489912033,0.18283591419458389,0.158559150993824,0.1240827739238739,0.086458824574947357,0.061672693118453026,0.029895910993218422,0.00017866534471977502,-0.017045433865860105,-0.028685972094535828,-0.038748010993003845,-0.02920840959995985,-0.013686115154996514,0.0,-0.0057316934689879417,-0.0026306079234927893,0.0,0.025653734803199768,0.054643014445900917,0.080169111490249634,0.0614725761115551,0.054145044647157192,0.067994296550750732,0.033685903996229172,0.081822030246257782,0.030377980321645737,0.077503377571702,0.095803558826446533,0.0,0.07223578542470932,0.0,0.066950149834156036,0.0
0.36851636568705243,0.37219197303056717,0.36293400526046754,0.34917962551116943,0.34409422427415848,0.33655862510204315,0.3084351122379303,0.29007497429847717,0.25283074378967285,0.21934787929058075,0.20744813978672028,0.18998108059167862,0.16342888027429581,0.14759133756160736,0.12908924371004105,0.10161862522363663,0.089567948132753372,0.043136457912623882,0.020677218213677406,-0.01768036000430584,-0.047029953449964523,0.0,-0.053721453994512558,-0.070858113467693329,-0.060988841578364372,-0.041461613029241562,-0.05373726412653923,-0.0174636198207736,0.01361486129462719,0.015752905979752541,0.043754875659942627,0.025562463328242302,0.0,0.015281484462320805,-0.0022227694280445576,0.0,0.042661275714635849,0.0,0.042410019785165787,0.0,0.047047644853591919,0.065558247268199921,0.0
0.36296953757603961,0.37138375639915466,0.37242764830589292,0.36024092137813568,0.34742963314056396,0.35934314876794815,0.34663580854733783,0.31374937295913696,0.29044859608014423,0.25387224555015564,0.23264217873414358,0.20884149521589279,0.19365321596463522,0.17350689321756363,0.15599082410335541,0.14626476913690567,0.10840017348527908,0.085620135068893433,0.045918287709355354,-0.016433808723377297,-0.056095894426107407,-0.072802945971488953,-0.083695851266384125,-0.1181170716881752,-0.13670065999031067,-0.11793704330921173,-0.08923514187335968,-0.058737192302942276,0.0,-0.022458355873823166,-0.00511764083057642,0.0,-0.01247851736843586,0.0,-0.03862415999174118,-0.022211555391550064,0.0,-0.0064007467590272427,0.026250733993947506,0.063464164733886719,0.086162269115448,0.087034374475479126,0.0831269696354866
0.35633360913821627,0.37049946685632068,0.37149301767349241,0.36565902233123782,0.3619246979554494,0.36811578273773193,0.3714797894159953,0.34790911277135211,0.32727509737014771,0.28915701309839886,0.27356749773025513,0.24912003427743912,0.23063133656978607,0.19932010769844055,0.15229936440785727,0.12141669541597366,0.10605791211128235,0.082376018166542053,0.050293132662773132,0.01468324102461338,-0.02631839457899332,-0.063886426389217377,-0.10525106638669968,-0.12175949662923813,-0.13146975636482239,0.0,-0.13214613497257233,-0.10656037926673889,-0.060124162584543228,0.0,-0.043186526745557785,-0.05029977485537529,-0.03932948037981987,-0.068993620574474335,-0.068701697513461113,-0.052520152181386948,-0.0751718282699585,-0.037690509110689163,0.02903507836163044,0.0,0.098900556564331055,0.0,0.0
0.3348143994808197,0.34374910593032837,0.36007095128297806,0.36189871033032733,0.36734440922737122,0.37170541286468506,0.37796909362077713,0.37279395262400311,0.37742967406908673,0.34576201438903809,0.32096435626347858,0.29303672909736633,0.25065937638282776,0.21892275909582773,0.18045487999916077,0.13753988221287727,0.12783686071634293,0.09862547367811203,0.086817685514688492,0.045681539922952652,0.0047606378211639822,-0.041665412485599518,-0.057370824739336967,0.0,-0.10390444844961166,-0.13948988169431686,-0.14219650626182556,0.0,-0.11142393574118614,-0.11775895208120346,-0.088861264288425446,-0.10886987671256065,-0.13252264261245728,-0.11091410368680954,-0.14823161065578461,-0.12810030579566956,-0.090498588979244232,0.0,-0.019039766862988472,0.068137109279632568,0.0,0.10774128884077072,0.13191264867782593
0.30239787201086682,0.30990834534168243,0.32931508123874664,0.340005986392498,0.36338160435358685,0.37134004235267637,0.37452247738838196,0.38331607977549237,0.38488424569368362,0.37903783718744916,0.36464297771453857,0.33409535884857178,0.29700630903244019,0.28884498775005341,0.25125444680452347,0.20481614768505096,0.21899345517158508,0.20359850923220316,0.0,0.13868526369333267,0.072614233940839767,0.06633310765028,0.0069806897081434727,-0.055490970611572266,-0.0906013622879982,0.0,-0.13682717829942703,-0.14909970760345459,-0.15725770592689514,-0.15517398715019226,-0.19328595697879791,-0.16688856482505798,-0.17814499139785767,0.0,-0.18115754425525665,-0.13532912731170654,0.0,-0.057351753115653992,0.0046867085620760918,0.063135024160146713,0.11565443873405457,0.16252660751342773,0.0
0.26150944456458092,0.26792365560928982,0.28041363259156543,0.31164414286613462,0.33682186404863995,0.35189162194728851,0.37148164510726928,0.387555996576945,0.39728625118732452,0.40315259248018265,0.4115583598613739,0.41214002172152203,0.38383756081263226,0.38640519976615906,0.38657325506210327,0.31498849391937256,0.33850453794002533,0.32654260098934174,0.26974762231111526,0.2131475955247879,0.17291156202554703,0.13127391040325165,0.049545560963451862,-0.0010482091456651688,0.0,-0.090439219027757645,-0.13809086382389069,-0.18311022967100143,-0.19847056269645691,0.0,-0.22803010046482086,-0.23085304349660873,0.0,-0.2156362384557724,-0.20385806262493134,-0.15402808785438538,-0.16047202050685883,-0.074736416339874268,0.0047199390828609467,0.0,0.16034267842769623,0.0,0.19951355457305908
0.21348369121551514,0.22968408167362214,0.25943338374296826,0.29112346470355988,0.32787910699844358,0.36694504817326862,0.39895248413085938,0.41829963922500613,0.43375407656033832,0.46772556751966476,0.48585676153500873,0.4983719140291214,0.486815224091212,0.52148227890332544,0.50599668423334754,0.44055647651354474,0.41118906438350677,0.4033428281545639,0.35098564624786377,0.28155776858329773,0.251042403280735,0.20052790641784668,0.15012969076633453,0.080832034349441528,0.035427749156951904,-0.02433366235345602,-0.0966944694519043,-0.16329232603311539,0.0,-0.24145501106977463,-0.2733711302280426,0.0,-0.28980386257171631,-0.26756535470485687,-0.23137782514095306,-0.22351819276809692,-0.15041624009609222,-0.052044030278921127,0.0,0.095989681780338287,0.0,0.18997533619403839,0.22584806382656097
0.17581351846456528,0.21209665636221567,0.24161670207977296,0.28530008878026691,0.33811943531036376,0.39105805257956189,0.43009907007217407,0.46562695999940235,0.496800833940506,0.52742232879002893,0.56379960477352142,0.59872741699218746,0.582744300365448,0.59744230906168616,0.59469574689865112,0.56698807080586755,0.488719180226326,0.47864004969596863,0.42926852405071259,0.36580966413021088,0.32432430982589722,0.32433091104030609,0.23637273162603378,0.17769481241703033,0.093522924929857254,0.038684281054884195,0.0,-0.10525479167699814,-0.23474518954753876,-0.3060874342918396,-0.31418901681900024,-0.34853100776672363,-0.36237514019012451,-0.34598955512046814,-0.27334517240524292,0.0,-0.1563822403550148,0.0,-0.016214326024055481,0.10915795713663101,0.17174507677555084,0.20571175217628479,0.0
0.14271766506135464,0.1950598731637001,0.24394184138093675,0.29350791232926504,0.35684120158354443,0.41853025058905285,0.47358207191739765,0.516715145111084,0.55857963363329566,0.59166021148363745,0.63017437458038328,0.67052088677883148,0.65148216485977173,0.63546088337898254,0.63367835680643714,0.61623817682266235,0.5604521632194519,0.544253408908844,0.50657592713832855,0.45889350771903992,0.4340810328722,0.41235214471817017,0.32923182845115662,0.26626187562942505,0.1831340417265892,0.084775831550359726,-0.033930449746549129,-0.16183991730213165,0.0,-0.30304495990276337,-0.36505943536758423,-0.39898191392421722,-0.38816994428634644,0.0,-0.345826119184494,-0.23093168437480927,0.0,-0.0950774047523737,0.013620957732200623,0.10766548663377762,0.1813175231218338,0.0,0.1916131004691124
