SouthSea_Web/demo/jsonfile/2017-12-14-01.json
{"header": {"parameterUnit":"m.s-1","parameterNumber":2,"dx":0.1,"dy":0.1,"parameterNumberName":"Eastward current","la1":29.0,"la2":12.0,"parameterCategory":2,"lo2":131.0,"nx":250,"ny":171,"refTime":"2017-12-14T01:01:52.5","lo1":106.0}, "data":
[rows 38 to 56 of 171, columns 168 to 209 of 250]
0.29813558980822563,0.26368317859513418,0.27677938118577006,0.32453925410906476,0.36235505739847818,0.36667772914682117,0.35129485838115215,0.29828401172862334,0.2146884948015213,0.17687981426715851,0.18320194383462271,0.234775148332119,0.27614095168454306,0.28680882033179789,0.28061239208493916,0.26321715116500854,0.23551366664469242,0.201858646103314,0.10742316789486829,0.05565798381964366,0.076889486216446937,0.082984145511599147,0.025918140967736359,-0.015157762535280832,-0.040387018510955386,-0.17779346661908285,-0.28684372746426129,-0.36439591050148012,-0.35040580997100246,-0.27018363177776339,-0.081340467122832452,0.095691107260063288,0.1396004008975896,0.12254020869731903,0.15469460520479414,0.14517282508313656,0.0921711646951735,0.045659985659377914,0.027853500031466995,0.002151098771719262,-0.039599996326225143,-0.069163835917909935
0.35518025048077106,0.34036818497321186,0.28923662565648556,0.27868377914031345,0.30608534583678615,0.32780817151069641,0.33639654703438282,0.30620469701917546,0.26910221050767336,0.21610469557344914,0.18240839540958403,0.23944313824176788,0.27951560275895254,0.25687698807035175,0.24043800681829453,0.238821945587794,0.2245490774512291,0.15769647381135396,0.16669484873612722,0.13626228366047144,0.11783935874700546,0.054955237545073032,0.044325270134812363,-0.012598768450078313,-0.018249089219521179,-0.038848824251477641,-0.1494412030044355,-0.23034009162117453,-0.22234645113348961,-0.14410816190334466,0.0069363184291153,0.10591453369706869,0.14720972288738599,0.17630521004850214,0.17525998950004579,0.1551674846559763,0.072551094461232424,0.010699540376663208,-0.037148781586438417,-0.056857097273071609,-0.08226064033806324,-0.0960199348628521
0.32918466958734727,0.34871199727058411,0.25300116257535088,0.19154108354919835,0.23160528391599655,0.26779685300939221,0.27914126452646759,0.28216607781017528,0.2753125075250864,0.23232643218601451,0.21140833012759686,0.2527039705051316,0.24597099308784193,0.20684480387717485,0.21048900272165025,0.19877180018845728,0.19526126448597228,0.12516242871060967,0.11780924039582412,0.12638084303874236,0.090159494196996093,0.028015045052267273,0.057385776735221349,-0.062484096821495576,-0.11161429106014902,0.088315745536237958,-0.023752518660890367,-0.073394479558748352,-0.10359415865968913,-0.079600305544833341,0.035676428310883544,0.15677854884415865,0.16068871393799783,0.17721014022827147,0.15487611128224266,0.12866020521947316,0.0559590378155311,-0.011471124498971872,-0.071040709813435868,-0.093720224996407822,-0.11667038748661678,-0.13345017097890377
0.28839983940124514,0.30203151371743941,0.20922225243166873,0.16781066007473888,0.18487461507320405,0.20867964546931417,0.22842826212153716,0.25705640368601856,0.24552934368451437,0.21990574282758377,0.20550639728705089,0.21318063338597615,0.17283225497778723,0.14048055112361907,0.11972780582996515,0.10565883852541447,0.11880391033796164,0.13866363962491354,0.09022611179030858,0.046342157373706311,0.065711820068267673,0.0002676279206449787,-0.040416392739504,-0.072519923211075366,-0.06078086442216267,0.071365949597474013,0.031647167832976796,0.04498919040832499,-0.022809533078947827,-0.029736217477225831,0.080623129914913855,0.15391028175751367,0.15000995828045738,0.11109834313392639,0.091747471441825226,0.090882728807628155,0.030957096631027525,-0.033987651579082012,-0.0667488444596529,-0.098557622730731959,-0.14652488629023233,-0.153330747038126
0.23970994353294373,0.26142247224395926,0.18014024056139447,0.14153409451246263,0.10132998807562722,0.12172518968582154,0.19488470343982473,0.23107946167389551,0.217595574259758,0.19999883655044767,0.1703085531206692,0.149771219988664,0.096843044488475874,0.025706047673399249,-0.0017069344408810138,0.013974178940630876,0.043825422879308462,0.024855674050437909,-0.0038361955577364336,0.017816247935924266,0.08750256973629196,0.011644988724340995,-0.13043300131041752,-0.088916787963912447,-0.12191851223790276,-0.034002198860980569,0.0010672617594108863,0.010852827102172415,0.093562965886667376,0.089830962599565592,0.12127390331946887,0.091569255209631384,0.062174524739384653,0.039360451822479568,0.04070061662544807,0.037465760484337807,0.0060629116390676545,-0.023856218593815964,-0.041483115404844284,-0.075546742727359131,-0.14306405186653137,-0.16668118784825006
0.2718051955103874,0.28222742250987459,0.16738831488923592,0.11228221623847882,0.099886143749410461,0.15644642189145089,0.22545302493704689,0.22312010659111869,0.17571851362784705,0.13751372136175633,0.090802553575485945,0.062607618130962633,0.0018820754942550724,-0.05174399574752897,-0.057353246957063675,-0.06599534263736323,-0.042692367918789387,-0.0623081572619932,-0.16419395618140698,0.01677513731022676,0.042908481621582596,0.019695362844056666,-0.036407590427092816,-0.095992889212952418,-0.013113174655907705,0.0083080399709825337,0.056063331875272772,0.22905174246334353,0.25639034062623978,0.18104167696502474,0.11833293948854719,0.047227486036717892,0.00997237405843205,-0.012688810316224894,-0.020678587590477297,-0.018065970746517581,-0.019858553850402434,-0.017236785031855106,-0.0299132265150547,-0.050606414675712585,-0.082528316974639887,-0.084150535364945725
0.27603158354759216,0.24307839732084954,0.11642265012082846,0.10664845243096352,0.180646531638645,0.26058126054704189,0.2855178432332145,0.22775691922973185,0.16633358113467694,0.064188812016731212,0.0037361950380727649,-0.077672620232288658,-0.10881005121128899,-0.11129556064094816,-0.15125903040170668,-0.12228461424154895,0.022726355493068694,0.041846333479043096,-0.03947933829788651,-0.049219969935991148,-0.075956993348275617,-0.021499007688059162,0.015927478223322675,0.029666629910934716,0.032936559332048761,0.13135634850533234,0.20941377892380669,0.24971091904138265,0.2350134402513504,0.17179718064634422,0.096320535987615585,0.019512492858876403,-0.026188224191880889,-0.045999482806239812,-0.049559454832758219,-0.049903738001982369,-0.03836091049015522,-0.030650377584000427,-0.031402993947267532,-0.027057607813427847,-0.00797224065172486,-0.0074855952989310026
0.2148648474527442,0.14817090882835063,0.11102879133735162,0.21667229520777862,0.30324627955754596,0.29334282676378887,0.26978843100368977,0.21408870674314953,0.13508039914692441,-0.01205226790625602,0.035955055334073095,-0.04982369831812225,-0.084364578127861023,-0.11528899641762976,-0.17913725413382053,-0.0964952004264648,0.018207989125089211,0.12007706951011311,0.2120714026192824,0.20079635021587214,0.10282449852675199,0.035122680549438186,0.078561638082776747,0.10136407728378589,0.11276899725198745,0.13765319543225424,0.15646099646886189,0.15421104828516644,0.13573493407322809,0.10860107036737296,0.060997536716361843,0.0080171941081061959,-0.016452291547466302,-0.019196939854217426,-0.030178699331978958,-0.041835726549228035,-0.039631537161767483,-0.026109088833133381,-0.019508784568097327,0.0052298153750598431,0.042437958220640816,0.047607652842998505
0.13019305941733447,0.11638934343742828,0.26409367163318631,0.39648336491414476,0.33155960721128125,0.253814117051661,0.23484887834638357,0.18251581101313882,0.086354352537831608,-0.13417039520388085,0.056883239283643923,-0.038970320432460591,-0.087146741851251958,-0.016165217799425591,0.0,-0.021655131149320647,0.0539294242238005,0.13822013553645876,0.18324604257941246,0.19538211325804392,0.17125844142653726,0.1233793780207634,0.10056915953755378,0.097839027643203735,0.085022081835911825,0.086176395105818912,0.089130701231104989,0.074213760718703267,0.044600335232892328,0.01497730888222577,0.019678557961015031,0.018102501286193728,0.018470073584467173,0.020375881576910615,0.0200649177422747,-0.0082794911771391835,-0.012742047430947423,-0.014424971072003245,0.009721762064145878,0.045957001857459545,0.091037895530462265,0.12692864487568537
0.14869184605777264,0.16597150198437952,0.24925636025992307,0.33583313936278936,0.30793117775636558,0.30033952874295849,0.25468086144503427,0.17202843960962796,0.060924645785074547,-0.046993961719433881,-0.041977078095078467,-0.13710093665616335,-0.12950069634243847,-0.014998749449538688,0.012199430691975134,-0.02466722556318228,0.10617577885700898,0.14193525910377502,0.16943600231950934,0.17297500967979432,0.14779910038818012,0.11127235469492999,0.077826729416847235,0.071813348680734634,0.04582045269622044,0.016636824049055577,0.016258901171386241,0.011322363823031386,-0.016958317952230573,-0.031161025787393253,-0.0064517522955106366,0.010375664375411967,0.026602765172719957,0.046038269996643066,0.054856068454682827,0.035371761210262774,0.014132924865407404,-0.013718526577576995,0.039686834439635277,0.095005026087164879,0.14300425350666046,0.16601764410734177
0.23361632511729286,0.18697493062132881,0.25267806542771204,0.30012807775946226,0.28914426725644332,0.34878376476904926,0.35904472507536411,0.2135670528962062,0.14690593410940731,0.14555756688902252,0.044690851536415721,-0.06391759886621283,-0.0390701392785676,0.011833133504671209,0.12974581960588694,0.17484774357742733,0.17651214036676619,0.17471164166927339,0.17681085020303727,0.16185330351193747,0.127605140209198,0.097592141893174916,0.074837282299995422,0.056201622821390629,0.0065832003019750118,-0.032034740007172026,-0.017372449187354908,-0.016952906371443532,-0.029248763341456652,-0.049113027285784483,-0.036966800922527909,0.0013500971253961325,0.024733338877558707,0.043592031113803387,0.068790394812822342,0.06963627288738887,0.0360931612085551,0.0226445139075319,0.056177392601966858,0.088903367519378662,0.12645396838585535,0.16245197504758835
0.37747391561667126,0.26337336401144662,0.22499050199985504,0.26766092862401691,0.2529054501881966,0.2659055283293128,0.3209205210208893,0.33983427400772387,0.27844533920288084,0.21164605786141597,0.19491228066384791,0.21262019773324331,0.24430388347669083,0.293985774119695,0.27815247575442,0.27097369595007464,0.24690008461475371,0.22757752984762192,0.19894532486796379,0.15858082175254823,0.13038101543982825,0.0974350603563445,0.066609494388103485,0.027391416641573112,-0.040746016117433705,-0.056065191049128771,-0.039392627465228237,-0.045630712683002152,-0.035630107236405216,-0.052285031725962959,-0.048917293548583984,-0.029892296530306339,-0.013864546740660445,0.028723875681559246,0.071867856197059155,0.073528491891920567,0.076028116047382355,0.077583968639373779,0.081755054493745163,0.092300735414028168,0.099420731266339615,0.12193140884240468
0.41128822498851353,0.38297603838145733,0.30393317540486653,0.28759528164352688,0.26147587498029073,0.2462014009555181,0.26787912845611572,0.31122720241546631,0.31372790783643723,0.26129220525423685,0.1126464432477951,0.14452594289412865,0.2103395015001297,0.30063629746437071,0.35041250122918022,0.34876700341701505,0.30187381207942965,0.25238697230815887,0.19985920339822769,0.14215679466724396,0.11551779402153832,0.074482255149632692,0.033198943893824308,0.002934688440291211,-0.043416715040802953,-0.047074999660253525,-0.030991457136613981,-0.034992541089498751,-0.037173873372375967,-0.038488136604428291,-0.046617857180535793,-0.064831723272800443,-0.055593285709619522,-0.014693181651333967,0.0502447783946991,0.10185476765036583,0.10674498230218887,0.098974134773015976,0.094461727887392044,0.085628087321917221,0.0874635676542918,0.10174043104052544
0.34750390218363869,0.35809547410291787,0.34295247920921873,0.31549624460084097,0.28006842732429504,0.262975483139356,0.24579438337912926,0.2522716705615704,0.26570644974708557,0.27149890922009945,0.2954749966209585,0.29620678226153058,0.31268346607685088,0.3486462116241455,0.35382016830974156,0.33271851018071175,0.29204689562320707,0.24760792963206768,0.19509736342089518,0.14139491940538088,0.096989547833800316,0.037759605795145035,0.004937335349885481,-0.016082686604931951,-0.031585608795285228,-0.012225412833504378,0.00036801228998228908,-0.012181844562292099,-0.028745039366185665,-0.040303799013296761,-0.051246535032987595,-0.037129949821974151,-0.0448488254720966,0.0099867709213867784,0.054833680391311646,0.093475853403409317,0.11032958328723908,0.10742712579667568,0.098222870379686356,0.093644957989454269,0.085129056125879288,0.07885327935218811
0.306682997279697,0.30251514911651611,0.29434999028841652,0.30431736392133374,0.25679010550181069,0.24847643276055653,0.25071726051660687,0.23722440004348755,0.23692981402079263,0.23177320452836844,0.26752041509518254,0.30800742181864654,0.32751171968199988,0.34546585753560066,0.34042129462415521,0.29964997619390488,0.23762845744689307,0.19846664741635323,0.17397087514400483,0.13847610602776209,0.083978798772607527,0.025894762016832829,-0.015947523823706435,-0.039921470607320465,-0.040512277744710445,-0.032228699885308743,-0.036766603216528894,-0.053547676652669907,-0.04922462347894907,-0.038017387501895428,-0.025369437295012176,0.0069131793764730292,0.020813619097073872,0.030898382887244225,0.036787220587333046,0.072683233767747879,0.088223859667778015,0.089790873229503632,0.093057026465733841,0.080913219600915909,0.071237945929169655,0.057650369902451835
0.26548805584510166,0.22876438032835722,0.24705368718680212,0.26700494355625576,0.24403250515460967,0.229745470560514,0.2360271317884326,0.21666919489701589,0.20269029960036278,0.18045860901474953,0.20496876537799835,0.23840677589178086,0.27147677044073742,0.2829378287900578,0.28082956224679945,0.23383128456771374,0.19233342508474985,0.16089737912019095,0.1565747931599617,0.12783032953739165,0.0826987773180008,0.030547141283750533,-0.016553687863051891,-0.04354892298579216,-0.03473418764770031,-0.026680388301610947,-0.031508331497510277,-0.044322319328784943,-0.0319512157390515,-0.0022907791038354239,0.0078784000749389325,0.0057415857445448637,0.013290453236550093,0.019262796578307945,0.018980188916126888,0.040845077484846115,0.065428330252567932,0.074855867773294449,0.06108987952272097,0.051935033872723579,0.046227984130382538,0.037563808262348175
0.2252998610860423,0.17932132910937071,0.21287421646871066,0.24726768465418564,0.2258164405822754,0.21236266809351304,0.22880425211042166,0.19080588753734315,0.15086933168081138,0.15841361880302429,0.17530077695846558,0.17602899074554443,0.19937978933254877,0.20682251122262743,0.19093168940809038,0.16971488722733089,0.1470097929239273,0.14223487675189972,0.15447869300842285,0.13496188322703043,0.082136759161949152,0.020204121285739046,-0.030033209671576817,-0.055550685152411461,-0.056874116882681847,-0.046184945851564407,-0.035732959707578026,-0.0269649182446301,-0.014094605227001011,0.0032569710165262222,0.00076983495091553777,-0.001515313982963562,0.00060179486172273755,0.0078550789039582014,0.016996047459542751,0.030713984742760658,0.044526787474751472,0.047747819374005,0.037832067658503853,0.021068989764899015,0.010846921941265464,0.0091210243602593746
0.20789777531343348,0.16827361022724824,0.19324826317674973,0.20304190553724766,0.19676045547513402,0.20231060790164129,0.2050981267410166,0.19970405797163646,0.17358572408556938,0.16663996316492558,0.17949561973412831,0.15729454691920961,0.15154304107030234,0.15455863066017628,0.13932424996580398,0.11863364651799202,0.1169887661933899,0.11251540233691533,0.11782187968492508,0.097857917348543808,0.047352004796266556,0.0064787163864821196,-0.041077166795730591,-0.065566945821046829,-0.074045959860086441,-0.056191213428974152,-0.044235805049538612,-0.036870289593935013,-0.035843645222485065,-0.0281328484416008,-0.037495114840567112,-0.031902747228741646,-0.019647499546408653,0.0046230956213548779,0.020302550867199898,0.029988138936460018,0.0363174881786108,0.040399711579084396,0.020449728239327669,-0.0014891682658344507,-0.021452862769365311,-0.029324846342206
0.18804067723891316,0.1778827239485348,0.17765839304775,0.13270605048712561,0.1476195225758212,0.19059083216330586,0.19572021492889949,0.17609996348619461,0.15607170760631561,0.13963672977227432,0.13049984297582082,0.11858522959730843,0.12539172079414129,0.12813730537891388,0.1163691058754921,0.09833464324474335,0.08495795726776123,0.0777795584872365,0.074654000500837966,0.060975160449743271,0.039170405827462673,-0.0026170480996370316,-0.044170568386713661,-0.07008206844329834,-0.071728093549609184,-0.061000732704997063,-0.049653651192784309,-0.053883897140622139,-0.0638045221567154,-0.069543899347384766,-0.066393876448273659,-0.054487951099872589,-0.036174593182901539,-0.017947714310139418,0.0014293398708105087,0.016613373067229986,0.021853719837963581,0.014396893403803309,-0.011817844351753593,-0.024151444900780916,-0.052447792142629623,-0.061677739024162292
