SouthSea_Web/demo/jsonfile/2017-12-16-00.json
{"header": {"parameterUnit":"m.s-1","parameterNumber":3,"dx":0.1,"dy":0.1,"parameterNumberName":"Northward current","la1":29.0,"la2":12.0,"parameterCategory":2,"lo2":131.0,"nx":250,"ny":171,"refTime":"2017-12-16T00:00:00","lo1":106.0}, "data":
[rows 76 to 94 of 171, columns 126 to 167 of 250]
0.079062486236745666,0.15593847632408142,0.225654575559828,0.22862692177295685,0.19381191900798253,0.1332989005105836,0.0819680956857545,0.056500459622059553,0.02682307952394088,0.012981620046775787,0.027160050613539561,0.053463166579604149,0.054711369331926107,0.0090415591374039643,-0.012968657571036601,0.012441721535287798,0.011880585496934751,0.0090369815464198065,0.035303968032274174,0.12566951995617465,0.31344202378143865,0.44453352441390354,0.33409074154393426,0.28169571028815377,0.22208696217448623,0.20337807966603172,0.25270652819064354,0.21320210167994866,0.063066409601430812,-0.045448665532083918,-0.094749792116797626,0.17795263343224568,0.49216240415206325,0.608783021569252,0.49120852999065234,0.38067714869976044,0.3144319221377373,0.22791667878627778,0.17902076078785789,0.12173372112652835,0.0170673303318357,-0.038094738125801088
0.067621296478642359,0.15294835513288324,0.19803469441831112,0.19758567214012146,0.19646367430686951,0.18112050659126705,0.15171459764242173,0.13562207172314325,0.11056150827142927,0.0841192458756268,0.080251154955476522,0.086064509116113186,0.071625347352690161,0.033167093681792416,0.00813864267224239,0.0089819431465002712,0.0163614740774322,0.062578107696026564,0.16768404841423035,0.28410680592060089,0.433070509206681,0.43392340974374249,0.25341979414224625,0.16415785904973745,0.17749218808280098,0.20435995936393739,0.2658190682530403,0.20072858439137539,-0.0019885488026947888,-0.13608128471033915,-0.21244735643267632,0.032956390658876407,0.34726186869321046,0.4781456653560911,0.4418993365764618,0.38221366951862973,0.31891293376684188,0.21055449971130916,0.15526986743013063,0.10208109962312799,0.02086833946625976,-0.021904917154461145
0.10390735146674243,0.15539052523672581,0.17281296683682335,0.17710353221212113,0.21292346715927124,0.23135821947029658,0.21519820817879268,0.19332457582155863,0.1720921430322859,0.12902913335710764,0.10381673382861274,0.099509147661072869,0.083259737119078636,0.040240068919956684,-0.0015727950842119754,0.0018395527841019227,0.061413631464044251,0.17540029665598503,0.31404560431838036,0.36671311013838825,0.31366476687518036,0.21083748766354152,0.1064340563920828,0.14970135778188706,0.19204372229675451,0.25920416987859285,0.24873516234484586,0.081710011018440123,-0.0805656607761713,-0.20052886119595281,-0.317290228924581,-0.04997672113003554,0.22083630154912287,0.429243911589895,0.43072721362113953,0.39118051032225293,0.306397994980216,0.20734405943325587,0.13889284006186894,0.076936037838459009,0.023330718076689856,-0.034934400022393675
0.17194201052188873,0.18638037331402302,0.17194658145308495,0.17590713649988174,0.23195197619497776,0.26684300415217876,0.25621087849140167,0.23975749065478644,0.20479550398886204,0.146278182665507,0.10525763221085072,0.0836649863049388,0.068312101811170575,0.034260335596627556,-0.0014417801337133693,0.037746640051611595,0.14485816222925982,0.22379314204057058,0.29376296003659569,0.309726033359766,0.20351144336163998,0.067348745921136516,0.014310401264557859,0.053276624652512726,0.1537724451294967,0.27102287457539487,0.17916509735843408,0.0069658550666645168,-0.10244928538799286,-0.26096060446330477,-0.36882396402030154,-0.1718678968928514,0.11438962566511085,0.41165498750550406,0.44090753177116659,0.36880473613739012,0.29207771062850951,0.20184048686338507,0.13274666454110826,0.079903338290750983,0.0095385335152968764,-0.031006277881954845
0.27410741299390795,0.26848832269509632,0.24232961051166058,0.27434335649013519,0.31372452278931934,0.31394763787587482,0.28604358860424589,0.24572848422186716,0.19834137175764358,0.13467765897512435,0.084154806498970308,0.049962289897458892,0.04568905383348465,0.034028329265614353,0.036191682517528537,0.092819977551698685,0.1887243464589119,0.19510077971678513,0.19626250167687734,0.19023465613524118,0.10693558897165691,-0.010540709656197578,-0.023695420897142452,0.002205728078261018,0.14492743772765002,0.22173399994006524,0.11222577957730544,0.0054846022588511305,-0.13370436631763974,-0.33122869001494515,-0.43430895606676739,-0.27996836646514778,0.033305075577862393,0.35490455958578321,0.365854116777579,0.33375615746744219,0.26686093211174011,0.17050038039684295,0.11683456988438316,0.071473985063758766,0.016757286513562907,-0.048821264549213296
0.34514484893191943,0.33633449673652649,0.34056892618536949,0.3885653018951416,0.40746905654668808,0.37586457654833794,0.31240953292165485,0.24286512037118277,0.17131213630948747,0.12089664613207181,0.05790034464250008,0.02524231808880965,0.017640095204114914,0.04898193957550185,0.0911047849804163,0.15145023465156554,0.14143829233944416,0.1296719821790854,0.15698378284772238,0.16892461013048887,0.12778463445249058,0.0328442039393849,-0.03382729011354968,0.038230787725686763,0.16750407746682564,0.21039267856141794,0.11037508948218255,-0.031041585048660635,-0.1816397789451811,-0.45967773634653825,-0.60165759921073914,-0.40622410364449024,-0.028386237217168625,0.11077129160067145,0.26641542677368435,0.29125472114366646,0.26356122051847392,0.14050742387771606,0.095442672683434052,0.059566192166960755,0.029719441407360138,-0.042989256610679955
0.3732903003692627,0.376962896850374,0.39989397923151654,0.44801371296246845,0.46659801403681439,0.40487053990364075,0.2907346437374751,0.19022476460252488,0.11424042036135991,0.076402123086154461,0.02576670004054904,0.0018322800990842683,0.011085572390584275,0.0620154682546854,0.13036174625158309,0.12444040675957997,0.075504933173457786,0.0860379779090484,0.13031346971789995,0.14562676058096044,0.15373186022043228,0.086774231756434728,0.032740356045819465,0.12017328206163186,0.20488884138024371,0.24073663234710693,0.16879012889188269,-0.037550851846754087,-0.24990645566811928,-0.48447572227035252,-0.62960586945215857,-0.51489918898133669,-0.30894816581390261,-0.052838479835624272,0.19308696084834159,0.22514458256108419,0.23503608604272205,0.13313962326005654,0.065928210074511856,0.02616353166376939,0.014720374348689802,-0.029409211882877918
0.4039069679048326,0.41561347618699074,0.4439974512372698,0.50312004238367081,0.51705852150917053,0.44665015240510303,0.32471046845118207,0.19349320019994462,0.10625337809324265,0.062996421940624714,0.030823127366602421,0.019165017874911427,0.049489048542454839,0.10708445558945338,0.13745539883772531,0.10392619172732036,0.0396785456687212,0.0817525361975034,0.14063350794215998,0.19297135907870072,0.23371966358493357,0.18853775287667909,0.18103872700816109,0.18210602065791254,0.1692588496953249,0.17647206810889421,0.11471510475332086,-0.085707176941055382,-0.28236810603867407,-0.41925958331142155,-0.46129092574119568,-0.43330656751146857,-0.412208802370208,-0.33006882950943967,0.13198488974012435,0.22606779085962395,0.20568822324275971,0.1280627173504659,0.044576096952099492,-0.011416386309844841,-0.021002171871562798,-0.032442265680353889
0.40952295809984207,0.42665741965174675,0.47711296379566193,0.54343190363475258,0.55443346500396729,0.49717298150062561,0.40026272088289261,0.25531207025051117,0.14203374832868576,0.099901072680950165,0.07735265915592511,0.065875510871410373,0.099405117332935333,0.15368528664112091,0.13826915994286537,0.029015690553933382,-0.019923554422954719,0.02482449630042538,0.12972009588371625,0.25167514284451803,0.29673023025194806,0.25624151304364207,0.22852881476283074,0.19340013202868009,0.14060330086133696,0.035748413749970495,-0.03257752741438498,-0.12268725936027135,-0.29299790479920129,-0.364087238907814,-0.31622875087401447,-0.38507900919233051,-0.46037869360940209,-0.14884843702848052,0.24524995433736821,0.23772579674110855,0.1763452295871342,0.10647595766931772,0.013238706028250117,-0.021328893409151096,-0.018811118154024534,-0.03525819620117545
0.39651663303375245,0.44034778220312937,0.51309918505804875,0.5372818027223859,0.52459325109209332,0.48510994513829547,0.404604366847447,0.28103401618344442,0.16951674222946167,0.12384769072135289,0.10393324680626392,0.091857882837454483,0.1037031002342701,0.12810744096835455,0.09273052029311657,-0.01480859395232983,-0.068613162264227867,-0.015705239679664373,0.11306420117616653,0.25513391332192853,0.24076088116719172,0.17664696119333567,0.17410477889435633,0.15969100018793886,0.14495534923943607,-0.0074553714506759277,-0.076552460491657259,-0.043562189132596053,-0.1250725774309383,-0.25158821684973581,-0.261664941906929,-0.24119683020260363,-0.15327198502247133,0.054281347491980894,0.22697029228914867,0.22700774188964598,0.14860072197058263,0.072106810410817471,0.021328342179286069,-0.025927406056628872,-0.023596294177696108,-0.045319331437349321
0.40364727079868318,0.44779903069138527,0.47832822799682617,0.48565289803913664,0.45401036739349365,0.41076028772762846,0.35629752874374387,0.24869628889220102,0.16127121235643113,0.12427322566509247,0.099263530756746016,0.076099906861782071,0.067788179963827133,0.073036625981330872,0.032947487803176044,-0.033002626290544866,-0.072361085563898087,-0.030843393256266911,0.11142907043298085,0.19768825173377991,0.168997623026371,0.061304047641654806,0.037636294068458177,0.027403648977633567,0.036493514738970625,-0.042769329176972744,-0.07003320332454599,-0.0017067641116833936,0.094164116593839775,0.088983460763019731,0.010638697960530408,0.096592986389017213,0.16398433373043581,0.19338905516391,-0.054056335934447593,0.25736990093060258,0.16283947390479012,0.081352328998036683,0.043220548239852566,-0.019899499893654138,-0.041231078392064031,-0.035788516793400046
0.39852782232420786,0.41778303044182913,0.42797409494717914,0.4198167969783147,0.38808167974154156,0.34935444593429565,0.27928555650370462,0.20116482675075531,0.13460030034184456,0.0939805805683136,0.081446424126625061,0.051233434783560891,0.030998209491372108,0.044308184087276457,0.03656894043087959,-0.020631442001710337,-0.052040994167327881,-0.0062241051346063614,0.082435040920972827,0.15465732131685531,0.12201416221531955,0.010409428089457964,-0.018825643695890903,-0.012049064505845308,-0.0294861242933809,-0.036808886109729821,-0.038484247580457195,0.012838139869820546,0.12016343280673027,0.25080735981464386,0.20747505268082023,0.23218929249307382,-0.001312266798207469,0.05862400988192578,0.0153741477693938,0.17362251981746318,0.150090702103846,0.085814362267653141,0.015595886938032121,-0.014185529262961252,-0.029919939647827829,-0.067179605756935323
0.38063869731766836,0.38455643753210705,0.37960408131281537,0.36473534007867175,0.33376601338386536,0.29302304131644114,0.22768275439739227,0.14612662196159362,0.079144737993677453,0.048363217817885537,0.05969534367322922,0.044929415732622144,0.033214972820132971,0.066616767086088657,0.067246312275528908,0.0222016716375947,-0.0279057843668852,-0.012191508198156953,0.064716326538473368,0.12978777786095938,0.080770986361636057,-0.0015327725559473038,0.019613422796522315,0.098107365401167615,0.08876595106956206,0.022307577580213546,-0.0042282696919177069,0.074192900210618973,0.14957411642427798,0.14560144008309753,0.07527698888032533,0.072644151982967739,-0.058793528232391985,0.071812115832610782,0.18925113446182676,0.16123049221932889,0.086614029153304947,0.032277916657871435,0.001193842090995329,-0.0139438721165061,-0.046436053833791187,-0.090405605378605064
0.313949499811445,0.33680674433708191,0.33328763927732197,0.31555380565779551,0.28430783748626709,0.25310268104076383,0.19281551490227381,0.10055743033687274,0.026609398424625397,0.018518332205712796,0.048451097992559276,0.072441170612970993,0.075054080039262769,0.11203874051570892,0.13473409414291382,0.099264034380515412,0.015567442712684473,-0.0096414982108399272,0.0330467646708712,0.078112388029694557,0.034569459827616812,-0.03309477038251666,0.011825164492406389,0.11958235466764086,0.13245632068107002,0.11891373633234589,0.096813756000736481,0.094056506951649979,0.11166502380122741,0.10137822378713352,0.035988041698666554,-0.044538514871099916,-0.044677532294632068,0.11139294837052241,0.13114149164822367,0.11151635601665035,0.065559069131268188,0.0016294991003413652,-0.025842206311170703,-0.058702058751474724,-0.087937112365450182,-0.10019390520296599
0.22599810659885405,0.30181048597608295,0.30171996951103208,0.29461870590845746,0.27715339064598082,0.24777494619290033,0.18701510429382323,0.10136926621198654,0.033539410308003427,0.026026628135393064,0.0797442626208067,0.10980651341378689,0.13279749701420465,0.19751566275954247,0.25210317969322205,0.22421337167421976,0.0828081876039505,0.014125225774478167,-0.0041114839065509541,-0.020939870877191423,-0.048233796888962385,-0.11951359787157603,-0.1042063597791746,0.032620037347078322,0.094702651491388679,0.21328149735927582,0.22481343209743498,0.26175844811257865,0.186326552182436,0.15064816762294089,0.10519926147214298,0.010252226745554557,0.058579278671566176,0.12421234861454543,0.040475181973306462,0.12019538446780174,0.0402172073892351,-0.0087787847927150633,-0.064141181504560843,-0.098012985885143275,-0.11964787223509379,-0.10222506299614906
0.21162860691547394,0.2863352696100871,0.29913899302482605,0.29645907878875732,0.2977310674531119,0.27233044306437176,0.20721293985843658,0.11221033334732056,0.05404516371587912,0.061789249628782274,0.10780172049999237,0.14161449968814849,0.20015196005503336,0.26640394926071165,0.3358461856842041,0.29378201812505722,0.17955964803695679,0.058276793686673045,-0.053144284896552561,-0.13969547301530838,-0.18915891647338867,-0.24628299130843237,-0.27391884828868668,-0.10432657029014081,0.028425657681436858,0.18258209615621879,0.23176665293673673,0.3420676721466912,0.40439408520857495,0.26022317906220754,0.10177852290457692,0.033264779456658289,0.081564727380420227,0.086966831769262037,0.072072131384629756,0.057507657274982193,0.081050189705017733,-0.037316640963157018,-0.12358319938182831,-0.1054690307514234,-0.1137701002034274,-0.10572000357665513
0.22011591990788779,0.28411300480365753,0.30594928065935773,0.307928466796875,0.32261121769746143,0.28037258051335812,0.18435925543308257,0.12616655826568604,0.091330578550696373,0.089646534373362854,0.10604576617479325,0.17124234512448311,0.25331655144691467,0.34796426445245743,0.3660748228430748,0.31482327729463577,0.21287738904356957,0.0819815844297409,-0.10032674595713616,-0.21139367587036556,-0.25003978610038757,-0.28904686254613537,-0.346700098953749,-0.32901435270905494,-0.16347914224920365,0.0981557698989356,0.23960508600525235,0.31983559454480809,0.50261994754826578,0.45941520056554247,0.27700759680010378,0.16583703118650353,0.10956078176112737,0.19472523358387825,0.23357339525544965,0.19029574220379195,0.10947149186845749,-0.010064695379696786,-0.067602058074304042,-0.086365982114026948,-0.078605130669616524,-0.07180478193220638
0.20989767834544182,0.26084152609109879,0.27709309756755829,0.28136589527130129,0.29536936879158021,0.24104376509785652,0.15577737241983414,0.10835645198822022,0.094291210174560547,0.076712374885876969,0.090437084436416626,0.18025689385831356,0.29942929744720459,0.3855254550774892,0.3421096384525299,0.25557231903076172,0.17174073457717895,0.012652865378186107,-0.15412407120068869,-0.23318759419701315,-0.20187583565711975,-0.18051755647448933,-0.27210475876927376,-0.35287110778418457,-0.28056018551190692,-0.10350877996534109,0.13302023999392987,0.29468651447031236,0.48482548709838619,0.59663326243559522,0.444896152790855,0.35268665126391818,0.17037971206009389,0.19217610644533278,0.30503799218051836,0.22332208112199256,0.13580797314643861,0.048846686564502306,-0.0014782505011400925,-0.025675886008819496,-0.054987931786024055,-0.046115500249369584
0.16084737703204155,0.19735231250524521,0.22001305222511292,0.21367906406521797,0.22807780653238297,0.1886653850475947,0.14469080169995627,0.090981317063172654,0.04695003991946578,0.03547099903225899,0.073125357429186508,0.15256144851446152,0.29965931177139282,0.35381878167390823,0.28306614980101585,0.20175687596201897,0.10792559757828713,0.0059978655248414722,-0.10950011480599642,-0.18236065655946732,-0.20753755019261286,-0.1846729289740324,-0.18272079592165741,-0.23427648731955775,-0.22042586482488191,-0.12737510945986619,-0.0027680681820999344,0.12121549682811864,0.38914848557289911,0.56575362767492021,0.43294986518653661,0.43706414989522985,0.34848484164103866,0.010251029394567013,0.23526232726483917,0.28423307296530953,0.21171276545838305,0.10906068214348384,0.063777442872524265,0.026428086012601854,-0.023479017344388096,-0.017541224615838888
