SouthSea_Web/demo/jsonfile/2017-12-16-06.json
{"header": {"parameterUnit":"m.s-1","parameterNumber":3,"dx":0.1,"dy":0.1,"parameterNumberName":"Northward current","la1":29.0,"la2":12.0,"parameterCategory":2,"lo2":131.0,"nx":250,"ny":171,"refTime":"2017-12-16T06:00:00","lo1":106.0}, "data":
[rows 133 to 151 of 171, columns 42 to 83 of 250]
-0.34447307884693146,-0.33678663628441946,-0.35807392001152039,-0.28889313936233518,-0.23492243885993958,-0.23665944593293325,-0.27296242930672387,-0.33896214514970779,-0.28320704826286863,-0.13792452897797239,-0.16842545771304471,-0.17934507299005315,-0.18353446731061646,-0.12819728404283523,-0.081063677213693924,-0.057836688270694332,-0.033033828301995527,-0.019705824711404842,-0.051119618294963046,-0.051905364778481032,-0.032579608727246523,-0.020224839264033911,-0.0055554687132826075,0.031434251368045805,0.072367641660902232,0.11061347462236881,0.13562719989567995,0.16205698251724243,0.17132940888404846,0.17121329406897226,0.14474695672591528,0.0947295395391328,0.043391849431726665,-0.019705991654728468,-0.13808755343779922,-0.31374665030411314,-0.31237533369234632,0.039956594100938395,0.15535595427666391,0.0091797504865098745,-0.015467764188845953,0.094907920234478443
-0.39836025834083555,-0.39885017275810242,-0.37569763263066608,-0.31118189543485641,-0.30359723738261629,-0.333979532122612,-0.36606102585792544,-0.36410925984382631,-0.26149450428783894,-0.16129052639007568,-0.1575313001871109,-0.1848684074357152,-0.20768444892019033,-0.17318831113251773,-0.13645736529276922,-0.098566037602722645,-0.067890944962318123,-0.063119271397590632,-0.087368396243878779,-0.093317573765913639,-0.045596541464328767,0.016792886461674546,0.0313588333212667,0.0682201733191808,0.12221164682081767,0.14927754870482854,0.18161887228488921,0.20739684104919434,0.21204514801502228,0.2061882197856903,0.18910199652115503,0.14968609884381295,0.082431502108063021,-0.00981020973995328,-0.14183169316786987,-0.21729720147469869,-0.060979186623756378,0.096633270382881165,0.061653536061445871,-0.075085043194121681,-0.085771539647664347,0.15731595775910787
-0.43929574638605118,-0.42726973444223404,-0.39819319546222687,-0.36109409332275388,-0.38167683780193329,-0.4031879663467407,-0.4045451283454895,-0.34886450072129566,-0.25090946070849895,-0.21830373576709203,-0.21074153110384941,-0.20821657627820969,-0.22686786390841007,-0.21778827756643296,-0.161195570230484,-0.098918860778212547,-0.059245292097330093,-0.04642567004669796,-0.073346853256225586,-0.082515527804692582,-0.037344666261395272,0.025949743214166827,0.058028080811103187,0.0918971619435719,0.13819076617558798,0.18091420643031597,0.22259873151779175,0.26122114956378939,0.25320673286914824,0.23294675598541895,0.22036470472812653,0.21015100606850215,0.15956281953387791,0.09171377743283908,0.008788045573358735,0.00089799884396294749,0.076495765176202574,0.070239627185989834,0.0046754043119458053,-0.07743464157517467,-0.057185815274715425,0.28941396027803423
-0.45015105108420056,-0.43641228228807449,-0.42772942185401919,-0.41886767745018005,-0.42858320474624634,-0.43042886853218076,-0.38585148453712464,-0.33166977763175964,-0.28348588570952415,-0.27382084727287292,-0.25937178917229176,-0.24142426086796653,-0.25665575824677944,-0.230293451084031,-0.14948888309299946,-0.0916264836083759,-0.078149517687658474,-0.070913010835647577,-0.045168629537026085,-0.009775948964736679,0.0044112873147241771,0.031425753194424838,0.060070710722357035,0.0951349614188075,0.16134108006954193,0.22833147006375448,0.25799790024757385,0.2709355482033321,0.277574489514033,0.28576190272967023,0.2822888195514679,0.25179100675242289,0.20822073093482427,0.16812589019536972,0.12820712273771112,0.13281597445408502,0.13948932600518069,0.11425252205559186,0.083145275246351957,0.068754393374547362,0.1022984065542308,0.31616904054369244
-0.45497106313705443,-0.45479275286197662,-0.44363324131284443,-0.42282942682504654,-0.40619679689407351,-0.38347958773374557,-0.35747391581535337,-0.31002108965601238,-0.3026324042252132,-0.29845631122589111,-0.2858721911907196,-0.28452363610267639,-0.26571326454480487,-0.19515013830228287,-0.13860410783025953,-0.095848626033826309,-0.093526020113910951,-0.093938423868487858,-0.048642300069332123,-0.0025864778594537215,0.025198568190847124,0.0561047438532114,0.079913904890418053,0.13202151531974474,0.18508283297220865,0.23939287414153418,0.26478809118270874,0.28423901796340945,0.29337943593660992,0.31127278506755829,0.29879021644592285,0.27309668489864897,0.24681577512196132,0.21966892729202905,0.19079039245843887,0.1701723113656044,0.1639526550258909,0.15333331269877298,0.14418093673884869,0.13400573283433914,0.16020773351192474,0.21551714241504669
-0.47559399902820587,-0.46157978971799213,-0.42775096744298935,-0.39054890615599497,-0.3681030347943306,-0.34061867992083233,-0.30013443032900494,-0.27777105569839478,-0.30025838315486908,-0.30834129026957918,-0.313499104231596,-0.29709692512239727,-0.23792768683698443,-0.1620361939072609,-0.12334638213117917,-0.096366408467292788,-0.072720192993680641,-0.056257929762496668,-0.015326942027968471,0.021920886822044849,0.054524397244676948,0.088633927206198379,0.12883383656541506,0.158169686794281,0.19789636347975051,0.25098915646473569,0.28734111785888672,0.30625977118810016,0.3063384175300598,0.3065150320529938,0.29831160392080036,0.28037482500076294,0.2605404257774353,0.23910788943370184,0.2158083493510882,0.18685300896565119,0.17377583980560302,0.1579762746890386,0.14153925826152167,0.13740421334902445,0.14852351198593775,0.16792040467262268
-0.49983881413936615,-0.45791273564100266,-0.39559164047241213,-0.34539684653282166,-0.33463312685489655,-0.30305793881416321,-0.25415488084157306,-0.25736271440982816,-0.30073543105806622,-0.30948417633771896,-0.3036305159330368,-0.27829502310071674,-0.2149726778268814,-0.14623779058456421,-0.11091097369790078,-0.0732640961650759,-0.054292740300297737,-0.014915861494955607,0.03695883803690473,0.074818671991427735,0.1054022004827857,0.13798938691616058,0.15325546860694886,0.16042805463075638,0.20838620513677597,0.26249541838963825,0.30106842943600248,0.31743413209915161,0.31806954244772595,0.31809903681278229,0.30752906799316404,0.28587505718072254,0.26034955680370331,0.25250188112258909,0.24507366716861725,0.22909978032112122,0.20206307371457419,0.17571551352739334,0.14734014372030893,0.14595037698745728,0.14832513531049094,0.141373161226511
-0.48025933504104612,-0.43606991072495777,-0.34347849090894061,-0.33000085353851316,-0.34605730772018434,-0.2975485424200694,-0.25499988794326783,-0.2664863956826074,-0.30464808642864227,-0.30599172711372374,-0.287849597632885,-0.25126863270998,-0.20195633385862624,-0.12327807810571459,-0.083500693241755172,-0.0664133841637522,-0.0558699497487396,-0.00888010043806086,0.043634934506068625,0.082013064788447484,0.1240003377199173,0.17468477040529251,0.19337375089526177,0.19830547273159027,0.24764087796211243,0.29765737553437549,0.32022317498922348,0.33133244017759961,0.34119796752929688,0.34434592723846436,0.33809496959050495,0.31479564905166624,0.29493938088417054,0.27964173754056293,0.26353379338979721,0.24650163054466248,0.22080745398998261,0.18764426931738854,0.15610150247812271,0.143213152885437,0.14001394435763359,0.13333454231421152
-0.44895806908607483,-0.37210602313280106,-0.31383496522903442,-0.32844216227531431,-0.34784266352653503,-0.310114582379659,-0.27638838291168211,-0.28423894445101422,-0.30240035057067871,-0.29096726576487225,-0.2772196829319,-0.24941107879082361,-0.19449176639318466,-0.12368398532271385,-0.0767044547945261,-0.02943106519524008,-0.0035389060969464479,0.0263424182517661,0.053652687463909388,0.083723795600235462,0.14141979813575745,0.20057744532823563,0.237983800470829,0.25960947573184967,0.29865561425685883,0.32412078976631165,0.34397212862968446,0.36173847913742063,0.36376326779524487,0.37279129624366758,0.382187420129776,0.34801895618438722,0.32229528427124021,0.29977012425661087,0.27100717425346377,0.25312018394470215,0.23294930160045624,0.20941703915596008,0.1666739247739315,0.14267918467521668,0.12798545695841312,0.12428063899278641
-0.43567314743995667,-0.33976120352745054,-0.30706033110618591,-0.33488389104604721,-0.34776429533958436,-0.320540984471639,-0.30200905459267752,-0.3025054931640625,-0.308862383166949,-0.29964442253112794,-0.28742770212037222,-0.2443486824631691,-0.19193793833255768,-0.13949996020112718,-0.070482998465498284,0.0178025732230809,0.067224859126976552,0.096138189945902147,0.10606979131698609,0.1494828462600708,0.20185627043247223,0.2504572868347168,0.29211480617523194,0.30545359424182345,0.33048153916994732,0.34653072953224184,0.34646604458491009,0.34636470675468445,0.3719688355922699,0.38710390031337738,0.38881369680166245,0.37265217304229736,0.34656735062599181,0.32735137343406678,0.30649154633283615,0.28411729137102765,0.251893716553847,0.22008244693279266,0.17293200890223184,0.12673242390155792,0.10873125493526459,0.11129426583647728
-0.4005498170852661,-0.34161036014556884,-0.33736772835254669,-0.37301573654015857,-0.36295169591903687,-0.34957120815912884,-0.33398169775803882,-0.32792083919048309,-0.30955490469932556,-0.28989893694718677,-0.26108228862285615,-0.2334366798400879,-0.1618367305823735,-0.093941487371921539,-0.021507130420650354,0.029977414718208212,0.081403644489390511,0.11849725991487503,0.152304137746493,0.20957108267716,0.28221824765205383,0.32092727224032086,0.34784324963887531,0.34963047007719678,0.36180964857339859,0.3667605072259903,0.36034427881240844,0.35358868241310121,0.38895090421040851,0.40264534950256348,0.39623219519853592,0.38412573933601379,0.35842575877904892,0.33487414320309955,0.32636558264493942,0.298743836581707,0.26330899198849994,0.21792208651701608,0.15803563222289085,0.11075889319181442,0.089310362935066223,0.0908782109618187
-0.4030827482541402,-0.3752597510814667,-0.3917410473028819,-0.39525165408849716,-0.38313283026218414,-0.39234707752863568,-0.38307357827822369,-0.35593893527984621,-0.31715617775917054,-0.26773522049188614,-0.22941473126411438,-0.17208330581585565,-0.13360038213431835,-0.10330978656808536,-0.063400696963071823,-0.018396618543192744,0.039542440325021744,0.10122305216888587,0.17933914065361023,0.25803723931312561,0.33006151020526886,0.3756849815448125,0.36571787794431049,0.35650956630706787,0.36037243405977887,0.37447633345921832,0.38112007081508636,0.3927168995141983,0.40393949300050735,0.40866224467754364,0.40334969758987427,0.39677541454633075,0.38080612818400067,0.36179904143015545,0.339806504547596,0.30451162904500961,0.26883533596992493,0.22002831399440764,0.16188763454556465,0.11109344909588496,0.080523427575826645,0.066601749509572983
-0.35557770729064941,-0.3783572216828664,-0.41144007444381714,-0.41296045482158661,-0.40962858001391095,-0.41873122255007428,-0.41022923163005282,-0.3723791589339574,-0.32393418252468109,-0.25236749276518822,-0.20302059749762216,-0.16638560344775519,-0.14623028536637625,-0.12968165576457977,-0.094040801748633385,-0.05409151464700699,0.011494271270930768,0.10997793078422546,0.20689596235752106,0.30058999856313068,0.38750942051410675,0.41452141106128693,0.39723034203052521,0.40092480182647705,0.41245044022798538,0.42060436308383942,0.41766873002052307,0.43828544020652771,0.43194916844367981,0.415651539961497,0.4031820222735405,0.40316947102546691,0.39592223614454269,0.3895001808802287,0.35896126429239911,0.32695485651493073,0.28003406524658203,0.22802656143903732,0.15926520898938179,0.10465865954756737,0.073255226016044617,0.049024641513824463
-0.34586080312728884,-0.39098607003688812,-0.4162252962589264,-0.41144323945045469,-0.40912010669708254,-0.40786996980508167,-0.38159383336702984,-0.34316267569859821,-0.284314493338267,-0.22277628183364867,-0.18780483677983284,-0.1744849719107151,-0.15849901239077249,-0.12885241955518723,-0.089928073808550835,-0.02730462301406078,0.054940592031925917,0.16708086729049682,0.27185258766015369,0.3433205783367157,0.39709459990262985,0.42846835255622862,0.45500879734754562,0.46048229932785034,0.46191328763961792,0.45999535918235779,0.46323023438453675,0.45523088425397873,0.43862720330556232,0.42389472723007204,0.41853006929159164,0.41953761378924054,0.41057079037030536,0.40626550714174908,0.38294198513031008,0.34269658724466961,0.2932652160525322,0.2292395643889904,0.17855777963995934,0.12332244813442231,0.08489629253745079,0.053411903480688729
-0.39349230130513507,-0.39383242279291153,-0.3797907829284668,-0.38091863691806793,-0.36838061610857648,-0.35584940229143414,-0.31960428506135941,-0.28817321360111237,-0.22216637432575226,-0.19011203050613404,-0.17189363017678261,-0.16149173974990844,-0.14274252454439798,-0.11020923902591069,-0.0789800938218832,-0.026523654512129725,0.07753869891166687,0.19059991836547852,0.27596594020724297,0.37232348819573718,0.43433761596679688,0.4588756337761879,0.47637102007865906,0.48222345113754272,0.4749622717499733,0.46941717465718585,0.45737058917681378,0.4426126629114151,0.4357637047767639,0.43552735447883606,0.44429429620504379,0.439186026652654,0.43915721774101257,0.43111293762922287,0.403991237282753,0.34562262892723083,0.30617155631383258,0.25114662200212479,0.19798286259174347,0.13057095805803934,0.0694953128695488,0.070569772273302078
-0.38382881879806519,-0.37433065176010133,-0.34063573394502911,-0.33826491981744766,-0.32243482470512391,-0.27552564442157745,-0.24641105905175209,-0.18838570515314737,-0.15673807635903359,-0.16089806556701661,-0.14070761700471243,-0.11835904605686665,-0.097835219154755279,-0.064629650861024859,-0.029675512264172237,0.018881664145737886,0.093064742535352712,0.18225300610065459,0.28851449489593506,0.37909422318140668,0.46152359843254087,0.4831809401512146,0.48900093436241149,0.47887331992387772,0.46870836615562439,0.45647546052932741,0.4467795968055725,0.43554911017417908,0.43573351949453354,0.444691260655721,0.45287474393844607,0.45544747511545819,0.44904538244009018,0.42347275217374164,0.4009183943271637,0.36205288022756577,0.30267210304737091,0.256952740252018,0.20933084189891815,0.15489477415879568,0.10344554111361504,0.08019612729549408
-0.36376345654328662,-0.32154481410980224,-0.3019496276974678,-0.28041704297065734,-0.25700913071632386,-0.20456831529736519,-0.16445660293102266,-0.11186456494033337,-0.11812571994960308,-0.12033131346106529,-0.11656443774700165,-0.089828522875905037,-0.066248500719666481,-0.038014344405382872,0.0029355765320360659,0.041236600279808043,0.089802237848440811,0.17805370191733042,0.2945433184504509,0.39474115520715714,0.46605647355318069,0.50147825479507446,0.51617096364498138,0.50288287401199339,0.48038868606090546,0.46925458312034607,0.45459305495023727,0.44360438734292984,0.44060381054878234,0.44992164522409439,0.45626102884610492,0.45425654053688047,0.43919097383817035,0.42031848430633545,0.39229264110326767,0.34237032135327655,0.2897426386674245,0.24110725522041321,0.19591590017080307,0.15478818118572235,0.11323198924462001,0.074186854064464569
-0.32597537338733673,-0.29008722802003223,-0.26979468464851381,-0.25064566358923912,-0.19910017549991607,-0.14984679967164993,-0.10337442035476367,-0.090899085998535162,-0.0952825527638197,-0.098797601958115891,-0.088959942758083346,-0.073653112351894381,-0.051819896946350731,-0.016918307053856552,0.01039661475806497,0.041211185355981193,0.097689410671591759,0.17620951235294341,0.28149976581335068,0.37390448649724323,0.446547769010067,0.50920313596725464,0.53943667809168494,0.526632159948349,0.4945368270079295,0.46785397529602052,0.450167216360569,0.44392560919125873,0.44292437434196474,0.45394457131624222,0.46423490842183429,0.45958931744098663,0.44225406646728516,0.41103534698486327,0.3730042576789856,0.3266702989737193,0.27240379899740219,0.2206328958272934,0.17618950456380844,0.13480094447731972,0.093707452217737838,0.056787190958857536
-0.32773843904336292,-0.29349080224831897,-0.25794121871391934,-0.22909093896547952,-0.18344029411673546,-0.13660119622945785,-0.10095163248479366,-0.087446575984358788,-0.085971683263778687,-0.090534397711356476,-0.081544434030850724,-0.067269959797461823,-0.0443694032728672,-0.020733596524223685,0.019878154247999193,0.062190714292228222,0.12227271124720573,0.18583931028842926,0.26778062060475349,0.34809849411249161,0.42788967490196228,0.49267385403315228,0.52379882335662842,0.52155935764312744,0.49096246361732482,0.45372299353281659,0.43150982260704041,0.43246185183525088,0.4503941337267558,0.46389845758676529,0.47488287687301634,0.47038607597351073,0.43995528419812518,0.39824649691581726,0.35087804992993671,0.31443107128143311,0.26861032843589783,0.22234119474887848,0.1569422110915184,0.11201991885900497,0.069820398464798927,0.051054492592811584
