SouthSea_Web/demo/jsonfile/2017-12-16-08.json
{"header": {"parameterUnit":"m.s-1","parameterNumber":2,"dx":0.1,"dy":0.1,"parameterNumberName":"Eastward current","la1":29.0,"la2":12.0,"parameterCategory":2,"lo2":131.0,"nx":250,"ny":171,"refTime":"2017-12-16T07:58:07.5","lo1":106.0}, "data":
[rows 76 to 94 of 171, columns 168 to 209 of 250]
-0.47277430927052216,-0.43873121961951256,-0.39073783159255981,-0.36265018582344055,-0.39915399659763684,-0.46161796748638151,-0.43324793047375149,-0.32828663928168161,-0.25950316588083905,-0.21073135733604431,-0.14195659756660461,-0.10434714456399281,-0.088995504379272464,-0.12868216633796692,-0.13354400793711344,-0.15625476340452829,-0.18971069157123566,-0.22978208959102631,-0.26354673504829407,-0.28076373040676117,-0.27559134364128113,-0.24462638795375824,-0.20002010464668274,-0.15413682162761688,-0.11246724178393681,-0.083340298384428024,-0.08288964256644249,-0.0810658372938633,-0.092687889933586121,-0.11511077731847763,-0.11677597090601921,-0.12727490812540054,-0.13073037192225456,-0.16786140203475952,-0.22526195645332336,-0.27524789422750473,0.0,-0.29617622494697571,-0.24142631888389587,-0.19516769051551819,-0.14427909255027771,-0.099702294915914536
-0.41861237585544586,-0.47680360476175943,-0.41637469615255085,-0.36943841179211934,-0.40512297912077472,-0.46484800631349738,-0.44393576681613922,-0.34054151674111682,-0.27979633808135984,-0.2305338489157813,-0.16712593138217927,-0.12562251587708792,-0.10573076705137889,-0.1071082167327404,-0.10901877284049988,-0.14862901469071707,-0.19110511243343353,-0.21768243114153543,-0.24915787577629089,-0.26332953572273254,-0.2591264471411705,-0.23387181013822556,-0.19621837139129639,-0.15343604981899262,-0.11459191391865413,-0.094965707510709763,-0.084687158465385437,-0.078294724225997925,-0.084874249994754791,-0.10202553495764732,-0.13531981408596039,-0.12121101841330528,-0.1438615545630455,-0.19937023520469666,-0.23093695193529129,-0.25494644045829773,-0.288546085357666,-0.25585034489631653,-0.22992906719446182,-0.15226973593235016,-0.10956961661577225,-0.0674245972186327
-0.39776382376165953,-0.44828432447770061,-0.41359351947903633,-0.37910272777080534,-0.42332085470358533,-0.49341193214058876,-0.47104662656784058,-0.35174238185087842,-0.29671099781990051,-0.26449954509735107,-0.19362729042768478,-0.14984656373659769,-0.11965717673301697,-0.087225730220476791,-0.079027492552995682,-0.13646450142065683,-0.17379593849182129,-0.18270722528298697,-0.21452563256025314,-0.23388629406690598,-0.23696187138557434,-0.22316925972700119,-0.19355288147926331,-0.15025867521762848,-0.10647603621085484,-0.0944870337843895,-0.084415819495916367,-0.085632048547267914,-0.090442825108766556,-0.12503573298454285,-0.11502925306558609,-0.15153227746486664,-0.17497559636831284,-0.17346486449241638,-0.24585907161235809,0.0,-0.26986041665077209,-0.26252549886703491,-0.22469720244407654,-0.16730941087007523,-0.10387095808982849,-0.065771155059337616
-0.40643768801408653,-0.43808412902495442,-0.40972458890506197,-0.38105019288403646,-0.43151878416538236,-0.51104483306407933,-0.48397649452090263,-0.36597879230976105,-0.30707455873489381,-0.27602377533912659,-0.2096578006943067,-0.16590007642904917,-0.13290863186120988,-0.07020275667309761,-0.0520354900509119,-0.11115563412507375,-0.13471006602048874,-0.13133086264133453,-0.17124725133180618,-0.20409461855888367,-0.22488947212696075,-0.22298398613929749,-0.19927138090133667,-0.15714345127344132,-0.10742495208978653,-0.0880504809319973,-0.081818811595439911,-0.07922816276550293,-0.10414143651723862,-0.1454932913184166,-0.1598852276802063,-0.18493449687957764,-0.20409582555294037,-0.208827406167984,-0.256312295794487,-0.261324405670166,-0.28555168211460114,-0.26333236694335938,-0.21781209111213684,-0.1772858053445816,-0.13165272027254105,-0.0973459854722023
-0.39319772939932973,-0.43644239703814186,-0.39883783087134361,-0.373134617294584,-0.4344834625720978,-0.51954531371593471,-0.50064240892728173,-0.37597517456327167,-0.31875211000442505,-0.27424393594264984,-0.2134911889831225,-0.16137123852968216,-0.12925508059561253,-0.064546741545200348,-0.034360751509666443,-0.077600834270318345,-0.091456007212400436,-0.093991495668888092,-0.14426938444375992,-0.1897369921207428,-0.2248682975769043,-0.23599818348884583,-0.21416933834552765,-0.16981478035449982,-0.12035754323005676,-0.085795890539884567,-0.081576313823461533,-0.087654419243335724,-0.10819381847977638,-0.15898683667182922,-0.17650816589593887,-0.20063549280166626,-0.20201046764850617,-0.23085252195596695,0.0,-0.27181339263916016,-0.29283921420574188,-0.27890363335609436,-0.23300214111804962,-0.1946365088224411,-0.15745127201080322,-0.11924269795417786
-0.40846908969037671,-0.46030872501432896,-0.38707089637007031,-0.37788023551305133,-0.43783040751110425,-0.52860356701744926,-0.50746729224920273,-0.39656407492501394,-0.32185313478112221,-0.27423962354660036,-0.20971210052569708,-0.1531485952436924,-0.11995142996311188,-0.06106803690393766,-0.025138335302472115,-0.055202352503935494,-0.0680923406034708,-0.083872226377328232,-0.14221366494894028,-0.18772850185632706,-0.22845038026571274,-0.25097061693668365,-0.23515983670949936,-0.18444254249334335,-0.11661139378945033,-0.088971361517906189,0.0,-0.084069423377513886,-0.095390759408473969,-0.12135029584169388,-0.16793433576822281,-0.21297489106655121,-0.22027215361595154,-0.25476066023111343,-0.25804734230041504,-0.29338450729846954,-0.31391727924346924,-0.28910146653652191,-0.2561599463224411,-0.2278226763010025,-0.18399021774530411,-0.13293999433517456
-0.43773761862202692,-0.48494477833018584,-0.40023955932030308,-0.39679799973964691,-0.458066674379202,-0.52484001219272614,-0.49841132387518883,-0.4028424471616745,-0.31504155695438385,-0.25684041529893875,-0.20104430864254633,-0.13946253955364227,-0.10610673390328884,-0.064415968954563141,-0.029798859109481175,-0.054052363460262619,-0.071436144411563873,-0.098195657134056091,-0.15457616746425629,-0.19597861915826798,-0.23352804780006409,-0.26453410089015961,-0.25309157371520996,-0.1670839786529541,-0.11492955684661865,-0.088002212345600128,-0.078467428684234619,-0.068649496883153915,-0.072542525827884674,-0.11820676177740097,-0.15404614806175232,-0.18347072601318359,-0.22995495051145554,-0.26268079876899719,-0.28415662050247192,-0.31704999506473541,-0.31920148432254791,-0.30323001742362976,-0.27891135215759277,-0.24112275242805481,-0.20756994932889938,-0.15674634277820587
-0.44664711952209474,-0.46542076865832011,-0.40337243080139162,-0.41656074921290082,-0.47168627977371214,-0.506006098455853,-0.46743812305586679,-0.365011927485466,-0.29846201092004776,-0.24959602952003479,-0.18640354524056116,-0.13645607233047485,-0.10390486319859822,-0.057753771543502808,-0.050767611712217331,-0.066040044650435448,-0.0915486713250478,-0.13356159627437592,-0.17720697820186615,-0.20632143318653107,-0.23872308433055878,-0.26497140526771545,-0.2666219174861908,-0.19381289184093475,-0.12435631081461906,-0.090157940983772278,-0.066544635221362114,-0.047004839405417442,-0.063659206032752991,-0.099203266203403473,-0.14599089324474335,-0.196291983127594,-0.23404014855623245,0.0,-0.30207622051239014,-0.32559332251548767,-0.33057472109794617,-0.3216208815574646,-0.29546801745891571,-0.26000729203224182,-0.21440696716308594,-0.15352065861225128
-0.44131948550542194,-0.44949493184685707,-0.4116828189446376,-0.43566626039418305,-0.47382592492633396,-0.4749283989270528,-0.39809843599796296,-0.30562242865562439,-0.26352150142192843,-0.21715060174465178,-0.17064395174384117,-0.1317182295024395,-0.10175642184913158,-0.050243277102708817,-0.060288036863009133,-0.0833077256878217,-0.10912308593591054,-0.15320132672786713,-0.19064009934663773,-0.20679014176130295,-0.23084884881973267,-0.26699298620224,-0.26114484667778015,-0.20584850013256073,-0.14085126668214798,-0.09693024680018425,-0.057069303467869759,-0.038070105016231537,-0.041357938200235367,-0.088440552353858948,0.0,-0.19336700439453125,-0.22232566773891449,-0.25409963726997375,-0.29477426409721375,-0.3314683735370636,-0.34457510709762573,-0.34167623519897461,-0.31571501493453979,-0.2701658308506012,0.0,-0.19875308871269226
-0.46253578033712173,-0.44874301552772522,-0.41377636561026943,-0.4370575791055506,-0.46790878068317066,-0.44925682991743088,-0.37289762496948242,-0.30041901980127605,-0.24985886861880621,-0.19420226216316222,-0.15607500821352005,-0.11555526852607727,-0.064009440441926316,-0.033080200664699078,-0.066687881946563721,-0.10185022279620171,-0.11433056990305583,-0.14926083385944367,-0.17541422694921494,-0.18381179869174957,-0.21172067523002625,-0.24266446381807327,-0.23969525843858719,-0.20100832978884378,-0.15025575459003449,0.0,-0.061183711513876915,-0.052296757698059082,-0.054692978039383888,-0.092875827103853226,-0.13973356038331986,-0.17188803851604462,-0.19798468053340912,-0.26326078176498413,-0.29645875096321106,-0.33966678380966187,-0.35730047523975372,-0.36356592178344727,0.0,-0.29848986864089966,-0.258475661277771,-0.18142065405845642
-0.46053614861824932,-0.42286980152130127,-0.40482273201147717,-0.442126447504217,-0.4894176572561264,-0.45678187741173637,-0.387482738494873,-0.30980703234672546,-0.25445162504911423,-0.18847540915012359,-0.14542365074157715,-0.095975386599699661,-0.04720640555024147,-0.0047055071336217225,-0.062249181792140007,-0.10868383198976517,-0.1003621444106102,-0.133774034678936,-0.15265175700187683,-0.16638703644275665,-0.19096608459949493,-0.21142756193876267,-0.20961623638868332,-0.19255699962377548,-0.15230698883533478,-0.10612008720636368,-0.076615378260612488,-0.0714515745639801,-0.0753355324268341,-0.10601454228162766,-0.13777867704629898,-0.16495242714881897,-0.19847467541694641,-0.25022683292627335,-0.30493542551994324,-0.34562888741493225,-0.36487913131713867,-0.36004605889320374,-0.33880338072776794,-0.31706678867340088,-0.26315852999687195,-0.18576154857873917
-0.4554752092808485,-0.40780063159763813,-0.40644709978784832,-0.45112308197551304,-0.48862444541671057,-0.43825255499945748,-0.36481148501237232,-0.3168056805928548,-0.25762187441190082,-0.18424635753035545,-0.13465411216020584,-0.073264507576823235,0.018513722054194659,0.053821124136447906,-0.0027722031809389591,-0.073080163449049,-0.078317761421203613,-0.097981418172518417,-0.13869684934616089,-0.15166605263948441,-0.17497285455465317,-0.19449038803577423,-0.18808449804782867,-0.17203082889318466,-0.1548754076162974,-0.11635821685194969,-0.09205985814332962,-0.079778425395488739,-0.0950157381594181,0.0,-0.1251179575920105,-0.14781971275806427,-0.1967945396900177,-0.24145397543907166,-0.3027806282043457,-0.34003126621246338,-0.35648283362388611,-0.34437745809555054,-0.33154651522636414,-0.28045472502708435,-0.24561066925525665,-0.16173729300498962
-0.41229759419665618,-0.37803447672298979,-0.39379118084907533,-0.42515714218219119,-0.44688688053025138,-0.40845344588160515,-0.35144207999110222,-0.30151172478993732,-0.23909316708644232,-0.16574882343411446,-0.095758385956287384,-0.01173940144944936,0.067337020610769585,0.10026982426643372,0.044076476246118546,-0.042993941033879914,-0.053205365315079689,-0.079500029484430954,-0.12867628410458565,-0.14709705859422684,-0.1759856641292572,-0.19517997652292252,-0.18076763302087784,-0.15888862311840057,-0.15141111612319946,-0.11840992669264476,-0.10310332477092743,-0.08309173832337062,-0.093410477042198181,-0.10043257474899292,-0.11985815688967705,-0.14891330897808075,-0.18161630630493164,-0.23099711537361145,-0.29685276746749878,-0.33304089307785034,-0.34045672416687012,-0.35086068511009216,-0.31759786605834961,-0.28346067667007446,0.0,-0.16599274426698685
-0.37480833940207958,-0.35245415369669597,-0.37191709131002426,-0.3797787373716181,-0.37850728258490562,-0.35284562621797833,-0.299367090066274,-0.22945059410163335,-0.18073313236236571,-0.091370759904384619,-0.031903363764286041,0.044492216470340885,0.10852411389350891,0.13234233111143112,0.080021914094686508,-0.0067126208062594133,-0.035986077040433884,-0.08779674768447876,-0.11998581513762474,-0.14599531888961792,-0.17929190397262573,-0.1951456144452095,-0.1821058988571167,-0.15839836746454239,-0.14072471857070923,-0.12372148036956787,-0.075672045350074768,-0.075665391981601715,-0.066112706437706947,-0.080380115658044815,-0.11048918962478638,-0.137489952147007,-0.17045034468173981,-0.228683203458786,-0.27965602278709412,-0.30574344098567963,-0.33019545674324036,-0.31368809938430786,-0.28084132075309753,-0.24519138038158417,-0.1867021918296814,-0.091391377151012421
-0.37304245121777058,-0.34139305353164673,-0.35797987305201018,-0.37023976196845371,-0.33783748745918274,-0.27944284304976463,-0.20324979722499847,-0.13450879603624344,-0.0838713824748993,-0.019299849774688481,0.0558296624571085,0.10450497455894947,0.15817660987377166,0.15611015260219574,0.10047688707709312,0.022187764445940655,-0.02287496137432754,-0.06915181254347165,-0.11312281712889671,-0.14373747259378433,-0.17106566578149796,-0.18083406984806061,-0.17468762397766113,-0.15137746930122376,-0.13959604501724243,-0.10658008605241776,-0.0654339212924242,-0.040696747601032257,-0.033070784062147141,-0.058729194104671478,-0.090036623179912567,-0.12981732189655304,-0.1550491601228714,-0.21793632209300995,-0.25865349173545837,0.0,-0.288046732544899,0.0,-0.29068131744861603,-0.24103741347789764,-0.16396945714950562,-0.085361547768116
-0.33407623569170636,-0.31760514713823795,-0.33701520562171938,-0.35274147445505316,-0.325426768172871,-0.24817607253789903,-0.16923503950238228,-0.10849070996046066,-0.0333788363263011,0.03519100951962173,0.10242891311645508,0.16509052366018295,0.19701913992563883,0.16705506046613058,0.10797623544931412,0.040612530428916216,-0.0031870221719145775,-0.0565463143090407,-0.096340667456388474,-0.12876562029123306,-0.14892319589853287,-0.16234351694583893,-0.14236579835414887,-0.12279129400849342,-0.11695176362991333,-0.078841082751750946,-0.034299926832318306,-0.010358686093240976,-0.012369983131065965,-0.034823052585124969,-0.0728941448032856,-0.10616705939173698,-0.14604008942842484,-0.20233877748250961,-0.24251078814268112,-0.26898473501205444,0.0,-0.28353014588356018,-0.2580929696559906,-0.19675001502037048,0.0,-0.055621764622628689
-0.27115723573499256,-0.29031206568082174,-0.30981321732203165,-0.31343255771531,-0.28850417733192446,-0.20881359577178954,-0.14404049515724182,-0.104744137575229,-0.042084630206227304,0.017768568452447654,0.11076850816607475,0.17535810917615891,0.20129852890968322,0.16067609190940857,0.11003205428520839,0.05499305327733358,0.018416327860904858,-0.027339966967701912,-0.057997215539216995,-0.094989925622940063,-0.10335128381848335,-0.11167183890938759,-0.089077495038509369,-0.074926070868968964,-0.073986604809761047,-0.035525724291801453,-0.01335348654538393,0.010403575841337442,0.0047923148376867175,-0.021346850320696831,-0.050515476614236832,-0.08238065242767334,-0.13624578714370728,-0.19449958205223084,-0.2198403924703598,-0.24647153168916702,-0.2546575665473938,-0.26268856972455978,-0.25837761163711548,-0.20633776485919952,-0.11267159879207611,0.0
-0.22942338418215513,-0.25692278678928104,-0.28699062650020307,-0.28538601100444794,-0.24561653584241866,-0.15149141941219568,-0.094899314145247146,-0.063332512509077787,-0.017155662109144033,0.028608727734535933,0.11066039279103279,0.17415541410446167,0.18692464878161749,0.14723093062639236,0.11281301453709602,0.059154576311508812,0.023553571198135614,-0.0056842369958758354,-0.027765469936033089,-0.051472214981913567,-0.052478985860943794,-0.057550050318241119,-0.040334937162697315,-0.036995753645896912,-0.025860737077891827,0.0019304184243083,0.011339660733938217,0.024836674332618713,-0.00062769604846835136,-0.016084661707282066,-0.047551155090332031,-0.073988951742649078,-0.13666507601737976,-0.1890760064125061,0.0,-0.23046688735485077,-0.23785082995891571,0.0,-0.2254086509346962,-0.20004668831825256,-0.12478765100240707,-0.017105520702898502
-0.19152863245261342,-0.23572662046977452,-0.27976244958964264,-0.2661993790950094,-0.20212653279304504,-0.11426063403487205,-0.061777084651920527,-0.034210232086479664,-0.0060746949166059494,0.030862590484321117,0.11208768685658772,0.16617918014526367,0.15743325153986612,0.13185649737715721,0.10807643458247185,0.055145940432945885,0.011063756886869669,-0.0026013161987066269,-0.01171012269333005,-0.014746646862477064,-0.018161537125706673,-0.01270820596255362,-0.012222908437252045,-0.01942024938762188,0.0019504474475979805,0.016446312190964818,0.02119884081184864,0.010137632489204407,-0.0071391703095287085,-0.028099477291107178,-0.044330131262540817,-0.08395535871386528,-0.14216588437557221,-0.16309738904237747,-0.19928734749555588,-0.20516552031040192,-0.21589954942464829,-0.21908839792013168,-0.1892412006855011,-0.12986890971660614,-0.10866410285234451,-0.037396550178527832
