SouthSea_Web/demo/jsonfile/2017-12-15-00.json
{"header": {"parameterUnit":"m.s-1","parameterNumber":2,"dx":0.1,"dy":0.1,"parameterNumberName":"Eastward current","la1":29.0,"la2":12.0,"parameterCategory":2,"lo2":131.0,"nx":250,"ny":171,"refTime":"2017-12-15T00:00:00","lo1":106.0}, "data":
[rows 133 to 151 of 171, columns 126 to 167 of 250]
0.1899365708231926,0.18216841916243234,0.1746867299079895,0.18041593953967094,0.17563187827666602,0.168772262831529,0.1752335000783205,0.16554159467870538,0.16450884772671592,0.15185652838812935,0.10878637965236392,0.049122490920126438,-0.030559550243197009,-0.015468030031402841,0.0,0.0,0.0,0.0,0.0,0.0,0.0,0.0,0.0,0.0,0.0,0.0,0.0,0.0,0.0,0.0,0.00075226362484196818,-0.038364518243311482,-0.0804459597915411,-0.11925937049090862,-0.24084016515149009,-0.32830173149704933,-0.31767549812793733,-0.33801906969812179,-0.35909136012196541,-0.33767418066660565,-0.28275863081216812,-0.28186298906803131
0.15431337803602219,0.15505809088548025,0.16220484177271524,0.1760141005118688,0.17715610563755035,0.16043969988822937,0.17297327352894676,0.17333454824984074,0.15982921015132556,0.147107717665759,0.11392387409101833,0.074322363051275417,-0.021421327654804503,-0.044354923224697508,0.0,0.0,0.0,0.0,0.0,0.0,0.0,0.0,0.0,0.0,0.0,0.0,0.0,0.0,0.0,0.0,-0.0631172270514071,-0.12743630057031458,-0.13440162688493729,-0.23813249441710385,-0.39510114626450971,-0.45859525849421817,-0.43672415614128113,-0.40148078799247744,-0.39406510442495346,-0.36377419158816338,-0.3460066646337509,-0.340303972363472
0.14951050778230032,0.166976448148489,0.16550591588020325,0.16776463389396668,0.17614151040712991,0.18971326095717295,0.18262624906169045,0.17599712146653068,0.17206213374932608,0.14727871451112959,0.11388104822900561,0.078383903205394748,-0.00889978206541855,-0.055234372615814209,0.0,0.0,0.0,0.0,0.0,0.0,0.0,0.0,0.0,0.0,0.0,0.0,0.0,0.0,0.0,-0.0309224845841527,-0.13227052986621857,-0.17286187197480882,-0.2178454507480968,-0.30175032880571151,-0.431523087349805,-0.51855079694227735,-0.50448447465896606,-0.46018552780151367,-0.41898757815361021,-0.40703316777944565,-0.40368934720754623,-0.3996061272919178
0.1707354262471199,0.17525667945543924,0.16505656763911247,0.16318424791097641,0.162790359929204,0.1798118744045496,0.19253977946937084,0.18614528079827628,0.16775361380793832,0.13252713448471493,0.091863673594262868,0.067901731282472608,0.008004323734591404,-0.0637309563656648,0.0,0.0,0.0,0.0,0.0,0.0,0.0,0.0,0.0,0.0,0.0,0.0,0.0,0.0,-0.075367383658885956,-0.051043346524238586,-0.17943795211613178,-0.27865851521492,-0.34749332070350647,-0.40720023214817047,-0.486006412241194,-0.52452587087949121,-0.5179788957942616,-0.47347374124960467,-0.40694310267766315,-0.42140607237815858,-0.43072613080342609,-0.429358971118927
0.15234487255414328,0.1586646685997645,0.14893358945846558,0.15723219215869905,0.17034152522683144,0.17350634506770543,0.19624178608258566,0.19752327166497707,0.17538238399558598,0.13611685857176781,0.094959740127835951,0.076365761458873749,0.04911329171487263,-0.0296323886141181,-0.052532024681568146,0.0,0.0,0.0,0.0,0.0,0.0,0.0,0.0,0.0,0.0,0.0,0.0,0.0,0.010684952917472401,0.0017479556379839778,-0.1262361207821717,-0.33613160252571106,-0.44122691286934745,-0.51156031837066018,-0.59247080485026038,-0.6162204676204257,-0.58314946889877317,-0.53974406586753,-0.48252917230129244,-0.46608968675136564,-0.46480494737625122,-0.46012684371736312
0.13764702280362448,0.13975779215494791,0.12155898660421372,0.13171672374010085,0.15740664899349213,0.16779340555270514,0.17036779038608074,0.17531768828630448,0.16521774046123028,0.14722615480422974,0.12124079797003004,0.099085607565939426,0.084831360313627452,0.028624446917092428,-0.021697598602622749,0.0,0.0,0.0,0.0,0.0,0.0,0.0,0.0,0.0,0.0,0.0,0.0,0.0,0.091447271406650543,0.040418002754449844,-0.021247579203918576,-0.20601811366421835,-0.3502617061138153,-0.47395774722099304,-0.56224110225836432,-0.60437138676643376,-0.60774149298667912,-0.60991622101176868,-0.58432596921920776,-0.54192352294921875,-0.50741239637136459,-0.49283032947116429
0.13611212372779846,0.13150787601868311,0.1236272044479847,0.12497151270508766,0.12910587042570115,0.13836805309568132,0.13725440204143524,0.13085252791643143,0.12876180708408355,0.12863584235310555,0.12887881154363806,0.12164792170127232,0.10553971890892301,0.0873558201960155,-0.010110703384270892,0.0,0.0,0.0,0.0,0.0,0.0,0.0,0.0,0.0,0.0,0.0,0.0,0.0,0.0,0.025226765777915716,0.075207572844293386,0.011079965780178705,-0.15384918249522647,-0.39611638709902763,-0.47511877417564391,-0.52699459140950988,-0.55377888083457949,-0.569635234773159,-0.55551493763923643,-0.51983725130558012,-0.47363051109843785,-0.45794154405593873
0.13263011910021305,0.13104269405206045,0.12595169742902121,0.12614152580499649,0.12289933860301971,0.12314807623624802,0.11857850636754717,0.10083444230258465,0.11018456816673279,0.12561816796660424,0.12281005084514618,0.11982470005750656,0.11669348925352097,0.083324916128601351,0.015133603209895747,0.0,0.0,0.0,0.0,0.0,0.0,0.0,0.0,0.0,0.0,0.0,0.0,0.0,0.0,0.0,-0.00972888030228205,0.048234062184664334,-0.0011545194623370965,0.0,-0.28333435207605362,-0.37649994875703541,-0.42990773022174833,-0.47435792684555056,-0.4923664060505954,-0.5061764270067215,-0.50443069501356641,-0.46724973320961
0.11535326391458511,0.11569410810867946,0.13342292010784149,0.12679877628882727,0.12534646689891815,0.12962846954663596,0.12664645723998547,0.11836493015289307,0.12760384794738558,0.12793408557772637,0.1138509280151791,0.11094104001919429,0.10847028158605099,0.089526145634326065,0.02314639192384978,0.00019170774612575769,-0.017436484806239605,0.0,0.0,0.0,0.0,0.0,0.0,0.0,0.0,0.0,0.0,0.0,0.0,0.0,-0.070789238438010216,-0.095509798399039683,-0.067311033979058271,0.0,0.0,0.0,-0.15523361135856248,-0.28301598504185677,-0.32633980959653852,-0.36899241142802769,-0.38974484259432013,-0.38462003469467165
0.11261595040559769,0.11100724339485169,0.11609949916601181,0.11647893860936165,0.11885619163513184,0.12994308769702911,0.14086812734603882,0.15621995594766405,0.15818604826927185,0.1451837569475174,0.12484611496329308,0.11285726513181414,0.10679000150412321,0.0947728989024957,0.0084948340275635328,-0.0703451344743371,-0.0017111103661591187,-0.0028496690792962909,0.0,0.0,0.059406267634282507,0.0,0.0,0.0,0.0,0.0,0.0,0.0,0.0,0.0,-0.11969095282256603,-0.15763996748460663,-0.07306416509673,-0.018688647733749047,0.015457078814506531,-0.077679783638034544,-0.14742346107959747,0.0035341039299964907,-0.1327964055041472,-0.19885958135128021,-0.19456005593140921,-0.12966897575692696
0.08908810093998909,0.09464668296277523,0.10181688517332077,0.1068943552672863,0.11031604744493961,0.12722293908397356,0.15105952136218548,0.16916448324918748,0.15901020728051662,0.1498182699084282,0.13236446231603621,0.12198761627078056,0.1142960274592042,0.092761367559432983,0.05022176686260435,-0.055971823167055845,-0.060254918627573976,0.0,0.0,0.0,0.049459603987634181,-0.015033576371414321,-0.0003038480877876282,0.013853384414687753,0.0,0.0,0.0,0.0,0.0,0.0,0.066316574811935425,0.079314530960151133,0.016478731870078124,-0.011051617749035358,-0.22484230995178223,-0.16511188134212385,-0.16958214011457232,-0.17150779565175375,-0.09606787608936429,-0.11367807011393939,-0.1133676066994667,-0.058334580415652856
0.084205292165279388,0.08523212869962056,0.085738927125930786,0.098045118153095245,0.11323311179876328,0.13745497912168503,0.14662167004176549,0.14208776056766509,0.12302207481116056,0.12578026577830315,0.11354106664657593,0.11037356033921242,0.10740748941898345,0.10016848726405038,0.093427551910281181,0.012992605241015554,-0.033364349044859409,-0.02808295632712543,-0.022146988660097122,0.0,-0.012871986255049706,-0.05411424720659852,-0.043990638784386894,-0.024855814804323018,-0.022743185982108116,0.0,0.0,0.0,0.0,0.0,-0.032186039878676333,-0.024505004493726626,-0.0934193461202085,-0.23725942820310592,-0.3088586241006851,-0.27690816919008893,-0.2781585983254693,-0.2432231820291943,-0.17814760722897269,-0.14922132613984021,-0.12719396688044071,-0.056337969972648554
0.070535637438297272,0.064814571291208267,0.075888107220331832,0.097117295488715172,0.10993490740656853,0.12201818504503795,0.12840844158615386,0.11660237196418974,0.095760142803192144,0.087218711773554489,0.079572431743144989,0.074155006557703018,0.080455979539288416,0.0896004632115364,0.0964527123353698,0.044152526482422322,-0.018110247813941289,-0.039961770797769226,-0.032661832869052887,0.0,-0.051609629765152931,-0.11698062345385552,-0.096880408624808,-0.06121687451377511,-0.045224740169942379,0.0,0.0,0.0,0.0,0.0,-0.017711156979203224,-0.086780039593577385,-0.18211607905951413,-0.26624406708611381,-0.26854553547772492,-0.27171487970785663,-0.26743427664041519,-0.26929720342159269,-0.2590519219636917,-0.23194217532873154,-0.19387893920594995,-0.092768979555165221
0.048906149342656136,0.045118355502684913,0.0595627116660277,0.083313404023647314,0.093196839094161987,0.11537432298064232,0.12517580638329187,0.12533103208988905,0.10297014067570369,0.080703259259462354,0.060732869803905486,0.046505387173965573,0.040702269666574219,0.029852793940914456,0.029996235664425927,0.027092380694941513,-0.0099381220578733422,-0.084621885584460363,-0.10842142067849636,-0.10783137083053589,-0.12648326282699904,-0.14357746243476868,-0.1408775418996811,0.0,0.0,0.0,0.0,0.0,0.0,0.0,0.0,-0.063605232164263725,-0.1428680844604969,-0.24300097860395908,-0.22813473370942203,-0.25082024119117041,-0.23365330547094346,-0.24307862371206285,-0.27204528450965881,-0.2845492132685401,-0.24852849692106246,-0.1342084656159083
0.03490083602567514,0.022601848933845758,0.043768484145402908,0.042402571067214012,0.066167752444744113,0.086785876325198588,0.0956641174852848,0.10171339940279722,0.087668329477310181,0.067114431411027908,0.047034654021263125,0.0091446390565992752,-0.017950625624507666,-0.030208372862861408,-0.036255661498418905,-0.032573463813274757,-0.0425959759288364,-0.13385854940861464,-0.20776801183819771,-0.11244622866312663,-0.10770890116691589,-0.12190014620621999,0.0,0.0,0.0,0.0,0.0,0.0,0.0,0.0,0.0,-0.027679170481860638,-0.11549918146597014,-0.22202945557924417,-0.18570309741930527,-0.21864013125499091,-0.22708890959620476,-0.18397970663176644,-0.15198471397161484,-0.23313824832439423,-0.18130830923716226,-0.13061612844467163
0.012328675482422113,-0.017394377384334803,0.012147263856604695,0.024841868318617344,0.044583282123009361,0.052588769234716892,0.050241790090998016,0.053550271583454948,0.041575482860207555,0.030588930265771017,-0.00022315690293908119,-0.046806765099366508,-0.078528269504507378,-0.10218699524799983,-0.13731087052396365,-0.18441639976067978,-0.13758254863999106,-0.17228357493877411,-0.18013528651661342,-0.085818982683122158,-0.061134027317166328,0.0,0.0,0.0,0.0,0.0,0.0,0.0,0.0,0.0,0.0,0.0,-0.0628782965412194,-0.12238613211295822,-0.13072176898519197,-0.14375204179022047,-0.17852486297488213,-0.093233796198748886,0.0,0.0,0.0,0.0
0.018186896340921521,0.0072391329740639776,0.0079658482767020668,0.010237076843623072,0.010209469435115656,0.012749699623479197,0.011896847584284841,0.0066232448734808713,-0.00494649230192105,-0.01971909874636266,-0.049148934986442329,-0.099906750768423078,-0.14635512067211998,-0.18148043751716614,-0.24534901444401061,-0.26703007519245148,-0.19009349544843038,-0.18388209434655997,-0.14517290641864142,-0.047805563313886523,-0.0040391468210145831,0.0,0.0,0.0,0.0,0.0,0.0,0.0,0.0,0.0,0.0,0.0,-0.026955588720738888,-0.056444500488313759,-0.047231639176607131,-0.059818734973669054,-0.060296970885246992,-0.031951621174812317,0.0,0.0,0.0,0.0
0.021310767158865929,0.01269228826276958,0.0089662209502421319,0.0066136894165538251,-0.0028846131948133311,-0.0099767891806550324,-0.021487960778176784,-0.050778781196900775,-0.069998328174863539,-0.092598221451044085,-0.11136371973488066,-0.17801041901111603,-0.24215282797813414,-0.30642376610865962,-0.31466272473335266,-0.25348328195867087,-0.23062321792046228,-0.20969070807883614,-0.13147065105537573,-0.063328759744763374,-0.00795505044516176,0.0,0.0,0.0,0.0,0.0,0.0,0.0,0.0,0.0,0.0,0.0,0.0,-0.073816150426864624,-0.0899428700407346,-0.081426374614238739,-0.011720959097146988,0.013572736643254757,0.0,0.0,0.0,0.0
0.015277732163667679,-0.0097870011813938618,-0.019518320448696613,-0.024409025907516479,-0.027315701590850949,-0.051133247092366219,-0.060976967525978885,-0.098038963973522186,-0.1320282593369484,-0.1575974060429467,-0.1673187944624159,-0.22445937246084213,-0.25319509093578046,-0.26817573957583485,-0.27041598968207836,-0.2264051748206839,-0.14623558762318947,-0.10603724897373468,-0.0887820712829891,-0.053121247018376984,-0.032145757383356489,0.0,0.0,0.0,0.0,0.0,0.0,0.0,0.0,0.0,0.0,0.0,0.0,0.0,0.0,-0.089923564344644547,-0.027746653805176418,0.0,0.0,0.0,0.0,0.0
