SouthSea_Web/demo/jsonfile/2017-12-16-00.json
{"header": {"parameterUnit":"m.s-1","parameterNumber":2,"dx":0.1,"dy":0.1,"parameterNumberName":"Eastward current","la1":29.0,"la2":12.0,"parameterCategory":2,"lo2":131.0,"nx":250,"ny":171,"refTime":"2017-12-16T00:00:00","lo1":106.0}, "data":
[rows 133 to 151 of 171, columns 126 to 167 of 250]
0.151907816529274,0.15097757677237192,0.14571353793144226,0.15140228718519211,0.13763616606593132,0.12276032567024231,0.11774880159646273,0.096453762189908462,0.08245572613345252,0.071209462980429336,0.046364768009100644,0.023123821216778688,-0.0040972437987379226,0.0295674172536421,0.0,0.0,0.0,0.0,0.0,0.0,0.0,0.0,0.0,0.0,0.0,0.0,0.0,0.0,0.0,0.0,0.089632240434487656,0.073927615176547654,0.042685927264392375,0.003615302941761911,-0.081725822658174574,-0.1386646032333374,-0.15550530999898909,-0.20366179115242428,-0.24424874968826771,-0.25426108472877079,-0.28079123049974442,-0.35026450455188751
0.11486836522817612,0.11522327860196431,0.12420636415481567,0.13493508348862329,0.13098516315221787,0.11096817813813686,0.11609252625041538,0.10557812452316284,0.0788953961296515,0.068722567097707229,0.056930378079414368,0.050345915990571179,0.0061367073046442655,-0.0087555805997302141,0.0,0.0,0.0,0.0,0.0,0.0,0.0,0.0,0.0,0.0,0.0,0.0,0.0,0.0,0.0,0.0,-0.0035705914488062263,-0.0091493829703805114,-0.0092822220176458359,-0.075546560809016228,-0.19816450842402197,-0.22400261213382086,-0.23401222039352765,-0.25737883448600768,-0.28594406197468442,-0.29468788951635361,-0.34126755595207214,-0.39994111657142639
0.1102143997947375,0.1170036643743515,0.11494605739911397,0.12159009526173274,0.13450691600640616,0.13709577066557749,0.12745888613992268,0.1098752294977506,0.095856802331076726,0.0807541741265191,0.067095321913560227,0.06006865128874779,0.016583704680670053,-0.01328090054448694,0.0,0.0,0.0,0.0,0.0,0.0,0.0,0.0,0.0,0.0,0.0,0.0,0.0,0.0,0.0,-0.04947026027366519,-0.086693145024279758,-0.10074511383260999,-0.10526699979196895,-0.14836466974682278,-0.23785113340074365,-0.28550680929964239,-0.30601068006621468,-0.315589003264904,-0.32967347800731661,-0.35509957373142242,-0.39648802578449249,-0.45161780714988708
0.13478221744298935,0.12872348229090372,0.11739437095820904,0.11850203387439251,0.11604710854589939,0.12224835716187954,0.12892709951847792,0.12395781030257543,0.10965375805442984,0.088241703808307648,0.061688733183675341,0.0494402714073658,0.019713930268254545,-0.013015758323793611,0.0,0.0,0.0,0.0,0.0,0.0,0.0,0.0,0.0,0.0,0.0,0.0,0.0,0.0,-0.058616012334823608,-0.080451264977455139,-0.14260869845747948,-0.2204934388399124,-0.25519721668500167,-0.25116498395800591,-0.27963598900371128,-0.30742468188206357,-0.32360420443794946,-0.32346376505765045,-0.32473187314139473,-0.38323589861392976,-0.41537343462308246,-0.45300451219081878
0.13377067446708679,0.12442432095607121,0.10992914189894994,0.11463518738746643,0.12056530825793743,0.10848509307418551,0.12182600630654229,0.13437718152999878,0.12329641646809048,0.097011052072048187,0.063345441860812049,0.047082427889108658,0.02623815249119486,-0.0061552421733116107,-0.00069212385763724649,0.0,0.0,0.0,0.0,0.0,0.0,0.0,0.0,0.0,0.0,0.0,0.0,0.0,0.011291499482467771,-0.010542185325175525,-0.079443765022612453,-0.24283623695373535,-0.31544808546702069,-0.35894025613864261,-0.383384989367591,-0.37648811605241561,-0.34107062518596648,-0.36043576399485272,-0.38151214420795443,-0.4209441006183624,-0.45061562955379486,-0.47588341103659737
0.13001446922620139,0.12081057578325272,0.092782717198133469,0.0908172607421875,0.10705907791852951,0.10281246031324069,0.096675476990640163,0.10720008164644242,0.11137143243104219,0.1016255309805274,0.071396350446674556,0.042657210491597652,0.029419154342677858,0.011529446608619764,-0.0018197762314230205,0.0,0.0,0.0,0.0,0.0,0.0,0.0,0.0,0.0,0.0,0.0,0.0,0.0,0.16082693636417389,0.083810827029602866,0.043519124109297994,-0.054089850080864768,-0.11790368421934545,-0.22484439313411714,-0.36149064203103382,-0.4144526094198227,-0.4172956019639969,-0.45181844722140918,-0.49024446904659269,-0.50222076882015576,-0.49795319885015488,-0.51029914617538452
0.15490864713986716,0.13252380987008414,0.10735321417450905,0.090752881020307541,0.09002287089824676,0.084620137299810133,0.069482176564633846,0.056665127351880076,0.063635255396366122,0.061654543504118919,0.059728009795600716,0.047515596366590925,0.0342052477811064,0.038696439404572756,-0.0093515014013974,0.0,0.0,0.0,0.0,0.0,0.0,0.0,0.0,0.0,0.0,0.0,0.0,0.0,0.0,0.070530878379940987,0.11180488102965885,0.15671547253926596,0.10756067559123039,0.028095535482862033,-0.19650322529487313,-0.35631704601374542,-0.42773118019104006,-0.46659385412931442,-0.48286439180374147,-0.4973484665155411,-0.48772143324216205,-0.4873486250638962
0.16368361189961433,0.15182721118132272,0.12592832247416178,0.10828077346086502,0.091374307870864868,0.0784126701099532,0.055233727608408244,0.023715876624919474,0.024903411976993084,0.034553836099803448,0.053596575744450092,0.06741889044642449,0.07255591601133346,0.056511198303529193,0.012102169151018773,0.0,0.0,0.0,0.0,0.0,0.0,0.0,0.0,0.0,0.0,0.0,0.0,0.0,0.0,0.0,0.036057426582556215,0.13440243832089685,0.064420956963052348,0.0,-0.10617509856820107,-0.19057260187608854,-0.27808868661522868,-0.32837738692760465,-0.3492210399020802,-0.38074181973934174,-0.42588853565129364,-0.44803124070167544
0.15509022027254105,0.14654860893885294,0.14140416085720062,0.11553350339333217,0.10011417567729949,0.091749828308820724,0.071251530665904284,0.033439132035709918,0.030932617891165946,0.040234923362731934,0.06527742660707897,0.087028483549753829,0.088582728989422321,0.067540399052880021,0.023739640600979328,0.016216365620493889,-0.01229786810775598,0.0,0.0,0.0,0.0,0.0,0.0,0.0,0.0,0.0,0.0,0.0,0.0,0.0,-0.0169804475735873,-0.020274872492466654,-0.018553235800936818,0.0,0.0,0.0,-0.064333100616931913,-0.16580046899616718,-0.21934943795204162,-0.26722564465469784,-0.31980280036276038,-0.36596831679344177
0.14815189441045126,0.13899834950764975,0.1365236739317576,0.11266259104013443,0.10237477347254753,0.10013759434223175,0.090744041970797953,0.080765530880954534,0.067967265844345093,0.065582419559359548,0.070036999508738512,0.079357956136975966,0.073239635676145554,0.06212483004977306,0.01801444377957119,-0.0014343035873025656,0.020776828518137336,0.019801720191026106,0.0,0.0,0.098777262649188444,0.0,0.0,0.0,0.0,0.0,0.0,0.0,0.0,0.0,-0.089094497263431549,-0.11175958398315641,-0.020112185878679155,0.020237501865873735,0.023699145764112473,0.039931424826915772,0.053613480180501938,0.070290384441614145,0.025078615018477041,-0.055739769060164687,-0.090055139250277236,-0.1002371593971144
0.12025494314730167,0.12453712336719036,0.12483219305674236,0.11504338805874188,0.10042925365269184,0.10774203762412071,0.11455569695681334,0.11658889278769494,0.10005275066941977,0.097728107124567032,0.0880391202867031,0.081146496534347537,0.075801141560077667,0.054123271567126117,0.023004428819856711,-0.04485120565037836,-0.074865624707724371,0.0,0.0,0.0,0.087653029896318915,0.036906626408121417,0.012595577165484428,0.0049510044045746326,0.0,0.0,0.0,0.0,0.0,0.0,0.14276701211929321,0.11146069853566587,0.069716247962787747,0.05081940273521468,-0.010247365571558476,0.028704470415091651,0.083643989016612366,0.13827435175577799,0.17972217872738838,0.088858453885597335,0.037650716118514539,0.065011358095539942
0.12073592841625214,0.12324549009402593,0.1210518404841423,0.11830321848392486,0.11879816204309464,0.12868009507656097,0.13141833032880509,0.13064450323581694,0.10356835834681988,0.095780416578054431,0.078010842204093933,0.075147024355828762,0.074744757264852524,0.062484811991453171,0.0629402007907629,0.041805910319089888,-0.042940180537036875,-0.040656487923115492,-0.043912500143051147,0.0,-0.0020134951919317245,-0.012680649357207585,-0.0097551535635085947,-0.0083590093505335975,-0.035174977034330368,0.0,0.0,0.0,0.0,0.0,0.00096045900136232376,0.069081633998495012,0.049773029796779153,-0.061134453001432124,-0.10357167199254036,-0.073614196644888982,-0.059674336490305985,-0.026870056055486202,-0.03527908992360939,-0.030969561077654362,0.01172523287095828,0.050581751520641975
0.12336622426907222,0.12160612642765045,0.12236909319957097,0.13519208133220673,0.14400880970060825,0.14647942355700902,0.13800881803035736,0.12564821458525127,0.087230313569307327,0.058383472263813019,0.045951623469591141,0.051590837199579583,0.062068750047021441,0.073823491483926779,0.09033541516824202,0.092842107431756124,0.026701872625077765,-0.00406685825307957,-0.013786646847923597,0.0,-0.026144749174515407,-0.05555749824270606,-0.044839627148273088,-0.014460532356881432,-0.012327191099757329,0.0,0.0,0.0,0.0,0.0,-0.010434866882860661,-0.03884215047582984,-0.073274862698533325,-0.095217041671276093,-0.13342771137302573,-0.17934571748430078,-0.19904325033227602,-0.1958511620759964,-0.19063660800457,-0.13697757199406624,-0.088618326085534965,-0.037745522165840324
0.11978191137313843,0.12054029107093811,0.12784763922293982,0.14661020934581756,0.15441695228219032,0.16268203034996986,0.15311197191476822,0.14083958975970745,0.10052838838762707,0.053808454796671866,0.033419595472514628,0.039209606125950813,0.048940358514135536,0.058626279912211678,0.067480442198840057,0.0751071245306068,0.071495014346308172,0.05022980562514729,0.017101402743719518,0.052483041584491727,-0.037737455568276346,-0.072404769062995908,-0.096468451619148257,0.0,0.0,0.0,0.0,0.0,0.0,0.0,0.0,-0.076063102909496846,-0.12026733234524727,-0.14763352833688259,-0.15430322289466858,-0.21427083150906998,-0.23067791014909744,-0.24234611839056014,-0.25357840657234193,-0.2323428297584707,-0.18918678015470505,-0.13859022491508061
0.11565666894117992,0.10925479978322983,0.13275713721911112,0.13609781116247177,0.15263523459434508,0.15556967684200831,0.14678849652409554,0.13686975091695786,0.11163406819105148,0.079345130361616611,0.058999603241682054,0.050253475254232231,0.043341255746781826,0.047201105139472267,0.040537402654687561,0.035383736122060909,0.070337304638491735,0.073063505347818136,0.012665304588153958,0.038964972727828555,-0.013893007487058639,-0.037087998352944851,0.0,0.0,0.0,0.0,0.0,0.0,0.0,0.0,0.0,-0.050683001987636089,-0.094692119966364563,-0.15309527344428575,-0.15665032917802985,-0.23828946426510811,-0.25865249956647557,-0.22135925458537209,-0.19838512875139713,-0.24663230776786804,-0.16119523346424103,-0.16352569311857224
0.10110991820693016,0.084876507520675659,0.12098736688494682,0.13844466954469681,0.15619849661986032,0.15134292095899582,0.13787754625082016,0.13033001763480051,0.11731532365083694,0.10650432358185451,0.086642218381166453,0.05711229145526886,0.033724664167190589,0.021475416802180309,0.0066425045411701179,-0.023234908680685541,-0.014605016659267923,0.010667253699567583,-0.0039764304334918661,0.055851026955578059,0.00581116508692503,0.0,0.0,0.0,0.0,0.0,0.0,0.0,0.0,0.0,0.0,0.0,-0.025874404955009759,-0.046641429124230686,-0.0946986016093029,-0.1232562516298559,-0.17587853502482176,-0.076597516166253224,0.0,0.0,0.0,0.0
0.12643587216734886,0.12843234091997147,0.14676134785016379,0.15651122108101845,0.16468344132105509,0.16127450267473856,0.1407545030117035,0.13312612287700176,0.12854370474815369,0.11664336091942257,0.094052723795175555,0.047784028761088851,0.015838386335720617,-0.019145640311762691,-0.073605391462998729,-0.10900943513427462,-0.1205227310458819,-0.061616629935227908,-0.011474159804897176,0.051410850137472153,0.026333761401474476,0.0,0.0,0.0,0.0,0.0,0.0,0.0,0.0,0.0,0.0,0.0,0.0013566883280873299,-0.013099730131216347,0.0090776126831769947,0.0014917779713869094,-0.016485974192619324,0.029467379674315453,0.0,0.0,0.0,0.0
0.15805212408304215,0.17319717258214951,0.18961054086685181,0.19882087906201681,0.20379172265529633,0.19925352931022644,0.16771456897258757,0.14285612319196975,0.11635773416076388,0.082930569350719449,0.051667359554105334,0.028983048209920526,-0.010357712514814921,-0.10610032712037747,-0.21421286016702651,-0.21943383344582149,-0.11704449283166064,-0.0031096038138984064,0.061450468143448234,0.069169789180159563,0.039655201137065887,0.0,0.0,0.0,0.0,0.0,0.0,0.0,0.0,0.0,0.0,0.0,0.0,-0.04530105646699667,-0.043026487239533,-0.019901819837590057,0.011321719037368894,0.03340766578912735,0.0,0.0,0.0,0.0
0.16886545717716217,0.175862617790699,0.17971795797348023,0.1911308616399765,0.20095750689506531,0.19025005400180817,0.1684799293677012,0.12531255036592484,0.0832043457776308,0.029222819928286806,0.015448012259892292,-0.00024003302678465843,-0.084520047960373074,-0.2124656684258405,-0.27536748349666595,-0.1875231143712881,-0.033137510830248872,0.075971594313159585,0.09606332057400753,0.069128910700480148,0.02994972203547756,0.0,0.0,0.0,0.0,0.0,0.0,0.0,0.0,0.0,0.0,0.0,0.0,0.0,0.0,-0.012841217452660203,-0.0013194279745221138,0.0,0.0,0.0,0.0,0.0
