SouthSea_Web/demo/jsonfile/2017-12-14-17.json
{"header": {"parameterUnit":"m.s-1","parameterNumber":2,"dx":0.1,"dy":0.1,"parameterNumberName":"Eastward current","la1":29.0,"la2":12.0,"parameterCategory":2,"lo2":131.0,"nx":250,"ny":171,"refTime":"2017-12-14T16:58:07.5","lo1":106.0}, "data":
[rows 38 to 56 of 171, columns 126 to 167 of 250]
0.0,0.0,0.0,0.17885391998829114,-0.0282650008338277,0.050861625598905072,0.26726669011016685,0.1133178378941359,0.090881441111433439,0.38639867230559943,0.28059395256400838,0.20850529357352676,0.0919774740363746,0.01615173016694758,0.0680589159475822,0.079889443273154587,0.06784508956803216,0.10084695579778207,0.14219332026208148,0.13395035366217295,0.10795755952596664,0.17743861496448518,0.20478610694408417,0.29668056964874268,0.48159807784990832,0.60270555051309727,0.69357929540717078,0.56686173392157269,0.13048120693789236,0.045158039033412936,-0.075777768099214882,-0.094603447936168761,0.0388739927409169,0.16208461300544672,0.16670252854625384,0.068743419579484252,0.027165968948269659,0.063876113202422855,0.046944325162178793,0.17369729788465935,0.27622418193256154,0.25710287454881164
0.0,0.0,0.0,0.24584673277966612,0.39349597896538618,0.31703160290008764,0.17801302523107399,0.18953418449904674,0.22593383131181302,0.29028536322648113,0.085070366908267539,0.071850570183696935,-0.0030455907256427138,0.0010542210508660622,0.047084607882425189,0.0622095228443572,-0.011637487705462636,0.055016667299875706,0.064772918685189182,0.047918423486407846,0.069446834807212532,0.08986048041177648,0.17229689086476963,0.26667414098978043,0.4636265463449738,0.51000020895153286,0.45496786739253864,0.23414834653810848,-0.012435599311214426,-0.023443918460263655,0.0,-0.034903508797287944,0.022323699181692469,0.18039959149327434,0.19278379872054774,-0.064710775424408409,-0.0750789057267618,0.040519247875393676,0.029271337660387732,0.077558781316673209,0.18648759471742729,0.21466785203665495
0.0,0.0,0.0,0.14576580095085867,0.11822694106823899,0.25418377274440396,0.095047640267248254,0.067393235658528283,0.0083859894559325937,3.1174410746168736E-05,0.02025301417025268,-0.056931824234472413,-0.0940053790062666,-0.05958711484535819,0.0071524729602970181,0.040937389044102462,-0.016328822362993378,-0.02813715407163337,-0.00887148777837865,0.00806049263686873,0.076631799340248108,0.11384511847169168,0.20450623870589013,0.18753138086513468,0.23432286757211021,0.12939668012162051,0.0,0.0,0.0,0.0,0.0,0.0,0.0,-0.052492534880706619,0.13797426811586114,-0.0075097352722901609,0.0041211127618459081,0.04469776782207191,0.031752644820349257,0.014802864091259173,0.12196492478251457,0.19316108152270317
0.3113078534701153,0.11072531676269136,0.24456998513744024,0.094710350284473069,0.056145934978293337,-0.08223761264107203,-0.0073625554233008334,-0.036887575167831095,-0.0863787310771071,-0.018144688132928959,0.00027655312727552418,-0.098021378246497134,-0.17342471894694539,-0.10846900836461121,-0.040269728962864196,-0.077108551224228,-0.083856805131353185,-0.070153222772581819,0.020518885320948008,0.051252294513128266,0.13046426428803082,0.22859682185309274,0.22523036878556013,0.13269321067412887,0.10836383360563903,0.0,0.0,0.0,0.0,0.0,0.0,0.0,0.067507812287658453,0.26624733053802013,0.041538626107337349,0.16820978626327696,0.046212378201958282,-0.021395921656456325,-0.032940564864396074,-0.0052602510980289917,0.070878331930461252,0.137392711071741
0.1226262683669726,0.38289079605044052,0.25944673604759816,-0.0043806378733621445,-0.12091876447666436,-0.078650605100304333,-0.0390989474141069,-0.084657398235451958,-0.00049792138549188778,0.071401263909557686,-0.0030530259056493294,-0.12917616154725958,-0.20923937981327376,-0.1324472238912302,-0.050448188642886554,-0.042930827673239212,-0.029991367641681185,-0.08446463836549685,-0.012462422492077437,0.15001981074993426,0.23649196807415254,0.34623143602820006,0.22000523033190747,0.054554572652891126,0.0,0.0,0.0,0.0,0.0,0.0,0.0,0.0,0.010551502757826474,0.18792657486131686,0.16235420928785094,0.28342315629124643,0.1018916748216725,-0.031003396040222678,-0.0412598188036268,-0.019496114303668339,-0.013394107232505286,0.058914711260800494
0.0044822962954640388,-0.031419507857572172,-0.0950541328638792,-0.095972575031328888,-0.091346699212278643,-0.074885153165850482,-0.087775186369461675,-0.00507262605673599,0.059496084135025738,-0.061992183368558815,-0.17386703986005905,-0.21516023948788643,-0.17597730457782745,-0.096053050230107,0.020728480311688679,0.048981194717011282,0.060782360802404581,0.069292649350784441,0.06276291743334797,0.1695736919840177,0.30077925622463225,0.41089037643826526,0.16455401638537961,0.048396273171184237,0.0,0.0,0.0,0.0,0.0,0.0,0.0,0.0,-0.018241213310830062,-0.025648332567144078,0.12827400304377079,0.18851156297482943,0.12648223821193941,0.11354356431574733,0.050220974300128333,-0.032890138576145873,-0.090181703476802169,-0.0036361338522207611
0.0587049974516655,-0.0616817684023596,-0.09714547770195886,-0.086956801073205081,-0.07388233239280767,-0.049829930014146324,-0.021649363604275152,0.030398382210151818,-0.054460661343505815,-0.18999763833624975,-0.25380149980386096,-0.19964888980311732,-0.14439075598211,-0.091113907317149231,-0.048905459984850422,0.012482168611873372,0.061896558525040744,0.16785138186353904,0.14135519214547598,0.21378126108285153,0.32534515238427497,0.26885618987514381,-0.013796980324169171,0.0,0.0,0.0,0.0,0.0,0.0,0.0,0.0,0.0,-0.029970681294798851,0.040011938963833406,0.26242581767550971,0.31653178020103556,0.26938404287061385,0.17298492759466172,0.044077568221837282,-0.012513282167239358,-0.10314316973090172,-0.011863533625095759
0.048940029077553994,-0.090115634387447727,-0.10940716358331534,-0.0850533300585914,-0.10948981917821445,-0.094994065827793545,-0.0313127177331608,-0.081017618614361825,-0.25316957221366465,-0.32821252942085266,-0.29971000254154206,-0.24396550556023916,-0.20009226407165881,-0.10046181703607242,-0.04040034784487,0.00935742971584356,0.067441177219152451,0.13603208480136736,0.18756367981433869,0.26067800435327715,0.31958592262700064,0.1544334969172875,0.0,0.0,0.0,0.0,0.0,0.0,0.0,0.0,0.0,0.0,0.10675625854425809,0.22711357788153072,0.47461510343211039,0.54908948733999918,0.35572223713000617,0.16668756181995073,0.043513880033666887,0.041695946467701688,0.0327559495344758,0.13722685032657214
0.038111318766108057,-0.085038816290242333,-0.14545838231757535,-0.14312806412577628,-0.099349407023853725,-0.098317715059965852,-0.11830314316532829,-0.19461253189271496,-0.27648432828761915,-0.25213574560788959,-0.23187468945980072,-0.14687244205371194,-0.078053839361438379,-0.015802178963591967,0.041011157302329175,0.047286759334383532,0.039631002715655735,0.11449859260270993,0.20410223890628135,0.33203174020737819,0.2219396065872585,0.0,0.0,0.0,0.0,0.0,0.0,0.0,0.0,0.0,0.0,0.0,0.20235963971132323,0.42049890146198043,0.50719135046005248,0.5288203716278076,0.43560449213817204,0.24567000296982852,0.093392636626958847,0.092696701702864273,0.14153663069009781,0.21161475493794396
0.031223961402605655,-0.070936136078416256,-0.1039659442523351,-0.077621928338582322,-0.11370383511956145,-0.16979814364629633,-0.23424273516450608,-0.32974076602194047,-0.31632579347262013,-0.23070633841248658,-0.13042798017462096,-0.057151828970139228,-0.068973745368421074,-0.0279792854941791,-0.037480355283521394,-0.0099208026969184477,-0.04358042160478922,0.10578833257646433,0.31923051267862318,0.18341304219568866,-0.043807431031018494,0.0,0.0,0.0,0.0,0.0,0.0,0.0,0.0,0.0,0.0,0.13965938116113344,0.23433493291387303,0.39979417670157646,0.46221166849136353,0.42203690900522117,0.3984486364892551,0.26049981117248533,0.18555640429258347,0.12515606656670569,0.13084902546622537,0.16965951380275546
0.049085627590980507,-0.082666020840406418,-0.10537704781574361,-0.11185671422216627,-0.20100574768506563,-0.32365262632568675,-0.39405176762876837,-0.43158723137996813,-0.41271576174983271,-0.34049262713502954,-0.29465113169160384,-0.24342392299856458,-0.19485519578059515,-0.19785181837422508,-0.099139978328870754,0.027654339388633768,0.0618681134358841,0.21183919387736491,0.094216593124511985,-0.020693773605550327,0.0,0.0,0.0,0.0,0.0,0.0,0.0,0.0,0.0,0.0,0.0,0.07165672727569472,0.24417621798721362,0.36069345839169559,0.3817495959145682,0.33286999790899213,0.3095430667911257,0.26555910367857327,0.214071159777434,0.23957299875716367,0.16886897799041536,0.14771240042603534
-0.10973834400009078,-0.14232308023943091,-0.1235998938481013,-0.15748868040416553,-0.21727733786513165,-0.19643258887368278,-0.18160878708868317,-0.17331428674084168,-0.19336381057898203,-0.18487221776292875,-0.1752381037388529,-0.22036210087037855,-0.15296831727027893,-0.130839746319563,-0.0088147520474059146,0.13615139633683221,0.15854142155302198,0.062293020448424233,-0.070892389921613758,0.0,0.0,0.0,0.0,0.0,0.0,0.0,0.0,0.0,0.0,0.0,0.013145909574967319,0.0962162284896924,0.28134291240802178,0.33008624358874994,0.29928349906747992,0.28491909007231392,0.28098944450418156,0.2741217588384946,0.27858276665210724,0.30694559663534166,0.31167862862348555,0.30842396393418314
-0.20075866752969368,-0.17473433561184826,-0.13394107415594839,-0.20189400647695249,-0.23580588514988238,-0.18637131583510022,-0.1402635213100549,-0.088093468546867365,-0.12458488146464029,-0.12426206043788365,-0.10409966200590133,-0.03480731442015475,0.064212175212950182,0.099846995208845962,0.070451210081381235,0.028887670149522433,-0.025707181561553834,-0.16076408050683957,-0.13655003949123271,0.0,0.0,0.0,0.0,0.0,0.0,0.0,0.0,0.0,0.0,0.0,0.077100409099794168,0.14957983626764479,0.28309975943782112,0.31151508673643452,0.29320700963338214,0.30607852560502513,0.33356198072433474,0.362256105650555,0.37948754713648841,0.41028790717775171,0.43060502566789327,0.4384752355123821
-0.1397456886137233,-0.17145539820194244,-0.25630277295907339,-0.30729428239357776,-0.31750119496614504,-0.2962356589057229,-0.30540078423089451,-0.23483606403072674,-0.19169158628210425,-0.17171556570313193,-0.056727552817812048,-0.023488264401546784,0.044049497491990525,0.026629452541884448,-0.071014217686347872,-0.1507747620344162,-0.25882933402640951,-0.17244707332343184,0.0,0.0,0.0,0.0,0.0,0.0,0.0,0.0,0.0,0.0,0.0,0.0,0.0700795733781056,0.21581514863406912,0.27412828266620637,0.32108039657274884,0.31002280116081238,0.31977451951415453,0.35247952912164771,0.39742648486907667,0.45204083692459834,0.502572312951088,0.52764532111939932,0.53295679224861991
-0.16834370168496152,-0.24336772975398274,-0.32322810366749766,-0.24521612395078707,-0.22499263051309085,-0.23293171178650213,-0.32310573373522078,-0.36538491863757372,-0.28514734705289208,-0.21498005350048727,0.1780647581406668,0.10360976148928915,0.022781198274710084,-0.060961411848407365,-0.29585294825274772,-0.31567655164416475,-0.25644994392376214,-0.1481595661660487,0.0,0.0,0.0,0.0,0.0,0.0,0.0,0.0,0.0,0.0,0.0,0.0,0.095989602482727462,0.24272059407872212,0.30224304975465288,0.30799664088657924,0.312618591662111,0.32686227560043335,0.37654421640479047,0.46241716905073688,0.53802445956638878,0.56891058087348934,0.56330990477612142,0.55077556559914032
-0.2537752363992774,-0.21500653063142022,-0.15979861309751869,-0.11537353787571192,-0.098682134917804171,-0.05672236135548079,-0.099207217857303256,-0.10807256893934431,-0.2434148784312937,-0.29565341467553352,0.10364774519717014,0.260731592142986,0.029144395707990042,-0.078307537084373713,-0.40558973293412814,-0.31452041864395142,-0.10839972957702619,0.0,0.0,0.0,0.0,0.0,0.0,0.0,0.0,0.0,0.0,0.0,0.0,0.017953431333548257,0.11144600342807977,0.31767874790562523,0.30676173873063994,0.30063237490192535,0.3263776366199766,0.34970434382557869,0.44241265892982484,0.53055595216296969,0.58449128866195676,0.58234469890594487,0.55371266603469849,0.52517355047166348
-0.19741368063148998,-0.12985484264791011,-0.10086408572701308,-0.17790098921269984,-0.14502085302327131,-0.0773922040526356,-0.014682536973064212,0.07231033312465926,-0.099376652979602423,-0.16994259526340447,-0.10051472662801876,0.25588914848666527,0.0013877158944524126,-0.048546343367418338,-0.29073944291280163,-0.1691643527611596,0.0,0.0,0.0,0.0,0.0,0.0,0.0,0.0,0.0,0.0,0.0,0.0,0.0,0.014832088767041176,0.18739855244978151,0.32197908183624,0.25692506778884577,0.268710192044576,0.3169005612532298,0.38135002011602576,0.482601394255956,0.57928361594676969,0.59513313571612036,0.54131420976237243,0.48857134415043724,0.46140101201394024
-0.25999557775886434,-0.18529592474570145,-0.12450228249415374,-0.050342159361063843,-0.0468586817117674,-0.0051331399789839791,0.014121839984957325,0.15117398687662223,0.28040901551375519,0.40109976776875556,0.12505632850664933,-0.0909475954426655,-0.20432547772569315,-0.054450114408973606,-0.26010413266097504,-0.091011075026409372,-0.012401112743342916,0.0,0.0,0.0,0.0,0.0,0.0,0.0,0.0,0.0,0.0,0.0,0.0,0.062665856248839746,0.26202737516228186,0.28158210278773793,0.21080030542280939,0.22303821963648643,0.28477648848837073,0.36649583215298859,0.4783061221241951,0.55213540196418764,0.56187506616115568,0.5019543733861711,0.42658099366558921,0.38301673904061317
-0.30629828491726435,-0.22411128305471861,-0.11930770769312575,-0.064504875646283225,-0.0030818274181738897,0.073795296395054236,0.10442417088086672,0.09616909625575594,0.07569612083475917,0.32377461316780404,0.31671539467775767,-0.067164878978496184,-0.098418801449812382,-0.024588812900663809,0.084336907314414636,-0.016596144098730291,0.0018027769401669502,0.0,0.0,0.0,0.0,0.0,0.0,0.0,0.0,0.0,0.0,0.0,0.0,0.13283844770909833,0.30729017515977225,0.25718139874380691,0.19591808605652589,0.20740361970204574,0.25508030639453366,0.33821622956366765,0.41633937093946671,0.45824494957923889,0.46505076744977164,0.43545662718159811,0.385867393679089,0.351040069013834
