SouthSea_Web/demo/jsonfile/2017-12-14-19.json
{"header": {"parameterUnit":"m.s-1","parameterNumber":2,"dx":0.1,"dy":0.1,"parameterNumberName":"Eastward current","la1":29.0,"la2":12.0,"parameterCategory":2,"lo2":131.0,"nx":250,"ny":171,"refTime":"2017-12-14T19:01:52.5","lo1":106.0}, "data":
[rows 114 to 132 of 171, columns 42 to 83 of 250]
-0.50808740986718071,-0.39259558364197061,-0.36259825582857486,-0.35407246042180945,-0.31295923516154289,-0.31608805391523576,-0.33582939053403921,-0.30847308735052742,-0.29545964977957984,-0.26236053620065963,-0.25536888878087738,-0.26374616387278532,-0.25592492555463037,-0.25322373826866562,-0.24554510576569516,-0.22467851029200989,-0.18411051028448602,-0.15824676948514851,-0.12215192633312802,-0.11418894277169155,-0.16369943728759176,-0.17866979870531294,-0.16525366732052393,-0.14971290505491197,-0.11182265033324559,-0.11056192671614033,-0.12678121477365495,-0.16191692898670831,-0.18318260946999426,-0.1323103543370962,-0.099787026178091764,-0.072221366258767933,-0.077059099761148289,-0.074041730724275112,-0.049186704059441887,-0.011598735659693679,0.028833730262704194,0.050891595759562085,0.055177072683970131,0.042963936924934387,0.041590467840433118,0.033204523473978044
-0.3979672152887691,-0.34972224593162538,-0.35904147762518662,-0.35143425602179307,-0.33972783441896792,-0.33950457509074894,-0.34050217751533757,-0.30405693343191437,-0.28199085386263,-0.24803707429340907,-0.28035022351476879,-0.32785345265205873,-0.31877430114481187,-0.32148521727529067,-0.30844496190547943,-0.268937084438472,-0.26539098684276852,-0.23887384585712268,-0.1847504584156737,-0.15419267117977142,-0.16831361783875359,-0.19978873240642059,-0.19536818220065191,-0.1704706465070312,-0.17093348461720678,-0.19921431522215566,-0.17867181130817958,-0.1924026949952046,-0.18856272810981387,-0.10778543509935078,-0.079191231552292324,-0.045045131468214095,-0.040362471093734108,-0.050154255392650761,-0.048804630610075866,-0.021522859266648691,0.014924389834050089,0.035036490065976977,0.0471439462687288,0.041502278298139572,0.043954342603683472,0.043920144438743591
-0.37535153135009436,-0.33692352749683241,-0.32843244594076404,-0.33840189661298481,-0.34375526397316541,-0.33063055177529654,-0.34334548923277086,-0.32323077491351537,-0.29161681607365608,-0.31136202282375758,-0.41180773160674355,-0.4474831501642863,-0.40583961181444667,-0.358143698228033,-0.3218022014623807,-0.24903676589330037,-0.24935485911903096,-0.25306918791362215,-0.20861329909028678,-0.16310003425540595,-0.146920807800203,-0.22880789506853672,-0.24210576942333809,-0.20983052287589421,-0.19532670553137616,-0.20838874014648232,-0.18210423787434896,-0.23395841817061105,-0.22870672804613909,-0.13329007766313022,-0.095298560801893473,-0.055442944169044495,-0.051749145346028466,-0.059837794303894042,-0.054624824888176389,-0.036498820409178734,-0.0095537003944627941,0.0090612036098415647,0.013925216509960592,0.019879471355428297,0.0267084751278162,0.046262210607528685
-0.34935911893844607,-0.31406657218933104,-0.31245766524915342,-0.33128982892742864,-0.32954029043515526,-0.3447845616648274,-0.35957037125314983,-0.35360860303044317,-0.35804545602133109,-0.41045372328668273,-0.47453176230192184,-0.486146605795338,-0.40854172174837072,-0.360355701767096,-0.30141205419369832,-0.2748602771007263,-0.28186896180405335,-0.26641531411099106,-0.21682055777227374,-0.19859533595002216,-0.23847903228468365,-0.33787880860157865,-0.34111594734713435,-0.29587233297783755,-0.25303137268532405,-0.21077496956947239,-0.157872249231194,-0.1804649336584683,-0.20131586898456921,-0.1512956031058964,-0.11678608200129341,-0.082006805638472235,-0.074437835564215973,-0.074983234206835434,-0.058088277363114886,-0.035763008209566273,-0.01969040384782212,-0.022666942677460611,-0.015689956930665567,0.0035511088790372014,0.01729019358754158,0.0415943032130599
-0.27242462274928886,-0.28936525106430055,-0.30040334271533148,-0.30333619777645382,-0.32356331233055363,-0.38273881240324542,-0.38783464227852066,-0.38819588408913724,-0.42576454635019656,-0.45676205224461025,-0.47743988247478708,-0.49899023383613522,-0.4815131352170483,-0.45926786641831752,-0.38596586857596016,-0.34810382022929554,-0.3707397558070995,-0.32150608602534519,-0.28101153356187486,-0.26849320368922275,-0.33384764778847786,-0.35679399967193604,-0.38488887956267909,-0.38609918608115268,-0.315307219662974,-0.25386389053386188,-0.18776725273993281,-0.17276601195335389,-0.16536452334660751,-0.15122166589686745,-0.11365168015746509,-0.076361346989870071,-0.069720524955879562,-0.081477054208517072,-0.070648129615518779,-0.045858703553676605,-0.0449631932590689,-0.0583874462172389,-0.036165923412357061,-0.01072620420018211,0.0078095713033690117,0.041386267542839049
-0.22349740450198835,-0.29929081723093987,-0.29692579861040469,-0.28033477280821117,-0.34721594472085276,-0.38243840634822845,-0.37769840403300958,-0.33713610656559467,-0.41388334553749834,-0.43230742731212096,-0.39564372678952558,-0.38894663308117838,-0.38913739592462154,-0.49644321674414776,-0.45358347973802632,-0.41865830523627146,-0.3938917960595647,-0.3362562597418825,-0.31212784503107871,-0.27221626931468385,-0.41055361112368477,-0.41936535627077642,-0.39443287734563154,-0.40623585429302483,-0.34642392083218221,-0.27427196038551016,-0.21592671521331952,-0.18431230634450913,-0.16925662302452585,-0.16522133705161868,-0.11615418054555592,-0.07770402844135578,-0.071098233759403232,-0.079339383376969233,-0.085624898783862591,-0.081057282430785041,-0.088315432891249657,-0.094970305051122389,-0.077081801369786263,-0.048770069765547909,-0.023364178875150781,0.0094170953865007814
-0.23419570177793503,-0.27508589252829552,-0.29325701713562013,-0.30188847333192825,-0.32408044193730212,-0.33401685527392794,-0.3488423145094583,-0.31524467974338893,-0.372175952562919,-0.32856886877733116,-0.35208802508271259,-0.49523746805210994,-0.57869380957155081,-0.51297599890015344,-0.39536814180889512,-0.37118169225075026,-0.31960657349339239,-0.205366849758715,-0.078814479082959854,-0.074000607869604537,-0.31212823214064839,-0.36931117542507741,-0.41163745512464633,-0.38066497356584755,-0.38629362314939497,-0.33874073891497369,-0.275546120077956,-0.21782923348852107,-0.1517296850681305,-0.10597805192937022,-0.089127849255289354,-0.072198133055980385,-0.064721619917286768,-0.06585881020873785,-0.076387630775570869,-0.092253740131855014,-0.10991716881593068,-0.12961127050220966,-0.11178204736539296,-0.08137077558785677,-0.063207785288492843,-0.040758614583561815
-0.25627579167485237,-0.29879239320755,-0.3271305461724599,-0.32519072735751114,-0.30866790080771728,-0.31061226740861553,-0.32887911083905591,-0.30684482476167513,-0.34619755744934083,-0.32163139205911884,-0.39219868985506207,-0.50758510520639977,-0.47211701781661425,-0.38397546410560607,-0.2911760068275559,-0.27923230778395647,-0.32170431839453206,-0.26403061676341877,-0.14112292480916758,-0.15568752502211025,-0.22587121608360047,-0.10141555020358772,-0.29307378004187851,-0.35489322245121,-0.41845583405580605,-0.3637551266825601,-0.26624850643908277,-0.18588812101860436,-0.1094077407352386,-0.054005012847483158,-0.055543347754899192,-0.066085040907968171,-0.058418460722480504,-0.055922549838821091,-0.06787565276026726,-0.092837131023406988,-0.11917147040367127,-0.14856127152840296,-0.15775590141614279,-0.13392891610662142,-0.11012109369039536,-0.0700443558394909
-0.27645824352900189,-0.31663450728292053,-0.32000445255211424,-0.30027710114206585,-0.2942671962082386,-0.30495217229638782,-0.29837885499000549,-0.30339375976473093,-0.3645422009727623,-0.36886481217818684,-0.42407316244950816,-0.38642527419290723,-0.38233467698097229,-0.46066883661476848,-0.43326935156312568,-0.35681521104914804,-0.35186098527720594,-0.32634719810448587,-0.19488949936759822,-0.14953056133928752,-0.236460573302947,-0.1592766663638141,-0.1420973696064575,-0.15990280685237215,-0.1562079060072667,-0.26849064878795459,-0.26420658436314814,-0.17002336578826383,-0.11857610605657101,-0.058764469526384186,-0.056521026417613029,-0.083962658047676081,-0.080425876710149974,-0.0780470637338502,-0.081124159374407354,-0.10989746898412704,-0.15624544450214931,-0.18231630623340606,-0.21305088202158609,-0.18981724977493286,-0.16014241533620016,-0.13037447844232833
-0.27974942953963028,-0.30227234830027039,-0.28431965091398786,-0.28015991737102641,-0.28358317468617411,-0.30034622550010681,-0.34360958337783815,-0.34563325925005806,-0.36910282486961,-0.401828041696173,-0.44204542954472731,-0.47271636693905561,-0.56430182381281779,-0.635989035665989,-0.5867431099290279,-0.50125629724613552,-0.40107059096270065,-0.3847322131863874,-0.29259584304448721,-0.23521962999796667,-0.24878665742121245,-0.1606332636514648,-0.11570026211801075,-0.11122990814460949,-0.11102383923635148,-0.25211664213115587,-0.28557675211010752,-0.20002959705278522,-0.13478298383680257,-0.10784773254080822,-0.119114417050566,-0.11070755049586296,-0.1086809616535902,-0.12594412515560785,-0.14314984281857809,-0.16581639434610093,-0.21012440536703383,-0.25363418459892273,-0.29232563823461533,-0.27510950465997058,-0.27694633044302464,-0.2360482726778303
-0.27192487865686416,-0.26941938251256942,-0.26599137697901043,-0.27478419409857857,-0.27453744144011766,-0.24646231740020042,-0.30898742796036233,-0.372520022922092,-0.34375190104429537,-0.35385305740471396,-0.44792582654305713,-0.5211492155212909,-0.52864062382003008,-0.47396613637061968,-0.455364519592505,-0.49755404918687418,-0.47813900754231364,-0.38474456889637504,-0.32612247675551964,-0.28344098599234097,-0.24215457039709026,-0.15684748520242406,-0.10523401176929474,-0.12255401190550842,-0.16168375041554955,-0.2502523773532373,-0.2241408921994609,-0.19936928120644196,-0.19469505430836426,-0.16592168737025487,-0.17827018882547105,-0.15519401151686907,-0.14333359152078629,-0.16856179758906364,-0.1997337132692337,-0.23338474333286285,-0.27935607433319093,-0.335323976618903,-0.36252064506212872,-0.38944060887609211,-0.43054272873061045,-0.40821363859706455
-0.28696545759836833,-0.25001925304532052,-0.25616365088068921,-0.27346214776237804,-0.2788076743935094,-0.24390985308723015,-0.24572377215171681,-0.31288191959073269,-0.36556212378270697,-0.35359584043423337,-0.39476571093171331,-0.29063627695685385,-0.18174531996813118,-0.18826381168822268,-0.19904137941410657,-0.24724005068118826,-0.33999383792540339,-0.38516823276676582,-0.33860041369139615,-0.22318032301134533,-0.0832421463553996,0.00974484739090131,-0.069397759499774628,-0.19264239857670004,-0.30779236795982923,-0.28859387826919558,-0.25444357462779238,-0.26556468533503041,-0.25339073770576054,-0.19573308527469635,-0.20647955211726102,-0.19995731860399246,-0.18790402156966074,-0.1959817728825978,-0.23818316757678987,-0.27555844485759734,-0.3408069908618927,-0.42221832275390625,-0.45491241216659545,-0.49783166391508921,-0.5386560985020229,-0.55547813574473059
-0.2792513651006362,-0.24672355875372887,-0.24370406703515488,-0.265916188955307,-0.27133868985316334,-0.24399311045805613,-0.23281243244806926,-0.28046824485063554,-0.35973126229486968,-0.33166675304803322,-0.2994028454419797,-0.34888324956322431,-0.47573095958593281,-0.57316953551050875,-0.64900290488629886,-0.6159125425342219,-0.44427950115971554,-0.39513141111187311,-0.42240349186323983,-0.37321896564346663,-0.19505906295471678,-0.062267646999504364,-0.0633572076285315,-0.27452434871689863,-0.395471132555498,-0.35331214476032419,-0.28530372706326573,-0.25572278705381213,-0.25324869738972705,-0.21910526603460312,-0.21777284783976419,-0.22726179233619145,-0.21072507152954736,-0.19274118170142174,-0.22003789246082306,-0.30706340926034109,-0.39862769842147827,-0.48315626978874204,-0.54052533954381943,-0.56896811127662661,-0.55671762273861813,-0.54508940875530243
-0.25255505368113518,-0.24645114969462156,-0.23422373973187946,-0.23765535093843937,-0.26307935807211646,-0.27003651922163757,-0.24516493107302714,-0.290090264114615,-0.33565128327887733,-0.35414940411491053,-0.36436460859811487,-0.42679470526166707,-0.40527576726858122,-0.38265008685282537,-0.54025025001846916,-0.66882915514938079,-0.49576431325093739,-0.36522448042874439,-0.32345202182565469,-0.37634262807589181,-0.33908556104806076,-0.36050975653216066,-0.37051990706669657,-0.38756812187645939,-0.39603772025177442,-0.34797355873244151,-0.30563048568982926,-0.28332923849423725,-0.26706027289231621,-0.23372375694188205,-0.22349993884563446,-0.22246595720450083,-0.19707558410508291,-0.18894508779048919,-0.21454650163650513,-0.29967133700847626,-0.39087493717670441,-0.48315230607986448,-0.52919109662373864,-0.53304783656046939,-0.44396225682326723,-0.37837521293584037
-0.23953444172035565,-0.22112615512950079,-0.20625588711765078,-0.22188498452305794,-0.22521345363929868,-0.21031129091978074,-0.22373861754718033,-0.29936706935686452,-0.35920690922510057,-0.35342196633320044,-0.34518775222747305,-0.30226960232438044,-0.2165555289609635,-0.13281520887090823,-0.22715010307127095,-0.52779063457666442,-0.498769807856809,-0.37523855230963604,-0.339218925572558,-0.26017906378099931,-0.27098983728591308,-0.31823773391363097,-0.35983433617257526,-0.45099932804012932,-0.46273675400477188,-0.36679385431477279,-0.29768556243968458,-0.26847250367465775,-0.2451656199991703,-0.20928173263867697,-0.20932836333910623,-0.19001544018586478,-0.14038830002148947,-0.13535677492618561,-0.16538293872560775,-0.22585136360592312,-0.31565311054388684,-0.42364899814128876,-0.460439879160661,-0.43461736578207749,-0.37755664984385173,-0.28395672738552091
-0.23592644388025458,-0.20014526074131331,-0.18456277038369859,-0.21001817782719931,-0.17887805136186735,-0.20306210716565451,-0.24228781428602006,-0.32856184307565078,-0.4363797848472501,-0.4003937840461731,-0.35745846415343491,-0.3324386211492682,-0.3465145264947137,-0.4476169990375638,-0.45976570205876477,-0.43062210501700382,-0.60970099809534051,-0.57348963597364588,-0.49245786003026915,-0.43163263018314657,-0.33724872310562887,-0.25750478863625265,-0.055502193107820771,-0.15958076787555353,-0.45054406808563191,-0.38525287159111188,-0.291324912824414,-0.27037537296613057,-0.24452017806470394,-0.20048610617717108,-0.18330202102661133,-0.16168300434947014,-0.10698903724551201,-0.0709337405860424,-0.0806303055336078,-0.10550165548920631,-0.2065663137114965,-0.39116537800202,-0.426378987232844,-0.37512778025120497,-0.19789063235123952,-0.19291586600817168
-0.22373543514145744,-0.20382255166769028,-0.19489454076840326,-0.20109219235532425,-0.17279926145618613,-0.2519188644581063,-0.25738418200155244,-0.34535041798925187,-0.48186752868109733,-0.43285977487210875,-0.36092432374241706,-0.33247408652028371,-0.33673764194971251,-0.35200167935470056,-0.31511762751898637,-0.46523318090270049,-0.53754162417187812,-0.60026685323244255,-0.52093084995774019,-0.40621501281857492,-0.39708155095577241,-0.49889102654973255,-0.55848487027374361,-0.44646117420651804,-0.27679744142742446,-0.29992726724594831,-0.26082786654724793,-0.24404042959213257,-0.24326722696423531,-0.2180027017990748,-0.1857609823346138,-0.1528074269493421,-0.098502876857916519,-0.049777367285319736,-0.014763247092357941,0.0030809512439494333,-0.071204672829480842,-0.26978665888309478,-0.31181735992431642,-0.20927166938781738,-0.12757660505863336,-0.20419658813625574
-0.22563270727793375,-0.22837387584149838,-0.20929394960403441,-0.20037441632964395,-0.24074842201338875,-0.30211893498897552,-0.33888484886352049,-0.37188921342877779,-0.3721332306502968,-0.33791286830140765,-0.34576071313449314,-0.32564254222291239,-0.30037670950346357,-0.36490627517134455,-0.34359424263238908,-0.43253022432327271,-0.49804348236805684,-0.51552647268268426,-0.5373705399036407,-0.42499185895377939,-0.35914269206570643,-0.40575488227786438,-0.40733273448170842,-0.33654398143291475,-0.30202815609593547,-0.29848101421406392,-0.2547948993742466,-0.21525070071220398,-0.19639278203248978,-0.21456412598490715,-0.20905951907237372,-0.18356672525405884,-0.12122942613703865,-0.06872097568379508,-0.033607307906177913,0.0047580879888430771,-0.042144635319709779,-0.13191605259974798,-0.15901307296007872,-0.23144980200699397,-0.21678342670202255,-0.1968450950724738
-0.26366373683725086,-0.2768902267728533,-0.25812763401440214,-0.2625279989507463,-0.3143541460687464,-0.31846927319254192,-0.36735381098354564,-0.38972783419821,-0.38684798156221706,-0.24983627676406753,-0.2591849654049268,-0.31738808424160952,-0.29605589186151821,-0.38206210044714123,-0.33899956856455121,-0.41665462545446447,-0.50059908553957944,-0.51855714180890256,-0.52511134839827012,-0.45187688171863555,-0.40344263459074087,-0.39383912196865789,-0.40027079456730891,-0.372442619005839,-0.34112797251769472,-0.35052394204669529,-0.31134060025215149,-0.24559555522033147,-0.18521316722035408,-0.16495928466320037,-0.1506471186876297,-0.16860455913203104,-0.16698639307703292,-0.133468896150589,-0.0836340684730273,-0.017197338196759424,0.022891106449865868,0.052646696800366044,-0.044225439662113786,-0.12862599641084671,-0.16555337767515863,-0.238522603114446
