SouthSea_Web/demo/jsonfile/2017-12-16-20.json
{"header": {"parameterUnit":"m.s-1","parameterNumber":3,"dx":0.1,"dy":0.1,"parameterNumberName":"Northward current","la1":29.0,"la2":12.0,"parameterCategory":2,"lo2":131.0,"nx":250,"ny":171,"refTime":"2017-12-16T19:58:07.5","lo1":106.0}, "data":
[rows 38 to 56 of 171, columns 172 to 214 of 250]
0.30322678486506144,0.27288949596030371,0.21664523612707853,0.17062079555848064,0.15189888095483184,0.12804742008447648,0.10024581253528594,0.090518511366099119,0.1115850391132491,0.15595560301752651,0.19554605867181504,0.2144645107910037,0.20713393669575453,0.20321527868509293,0.17009618220960393,0.17012954453627269,0.1894375287434634,0.20617513490073822,0.12894924154335802,0.13308366793005363,0.088219978458558515,0.11798255322944551,0.0940005863490312,0.00839794185012579,-0.057944905299406782,-0.13451228439807891,-0.16654757942472184,-0.037809826247394082,0.14479530467228455,0.21143289208412169,0.16773887640900081,0.15047730505466461,0.077208976319525391,-0.035191232604639869,-0.062018062387193949,-0.049192470498383045,-0.093054131737777171,-0.14397334307432175,-0.17344698558251062,-0.15852101147174835,-0.14555169269442558,-0.15630872547626495,-0.16740081707636514
0.33272241629087007,0.322310431915171,0.30578717216849327,0.25286666578368139,0.19240195347982295,0.14469870645552874,0.12301321973403295,0.11291346000507474,0.14803315858755792,0.17032244269336974,0.17095986381173134,0.1425016591946284,0.10960989259183407,0.092251889939819059,0.089844835797945652,0.14506652858108282,0.1936290537317594,0.091589006742364476,0.117515129252122,0.03017286011190326,-0.058430614803607263,0.051963943919097935,0.074062419565100415,0.08447565225993886,0.036825999811602138,0.0041378897328216294,0.05172266925756748,0.11719074174761772,0.155891861427914,0.11957464502616362,0.11148892492055892,0.066674187371972948,-0.017245601688046008,-0.070071622729301453,-0.066040800086089549,-0.0580506914605697,-0.097527151927351952,-0.13933632026116052,-0.17717927197615305,-0.15983186165491739,-0.17304717302322387,-0.18694845338662466,-0.18215685486793518
0.34959490038454533,0.31408474550527687,0.30473032436872782,0.27499632712672739,0.23028477374464274,0.19991952882093542,0.16777869686484337,0.15766292976008522,0.17103350506379053,0.15186244063079357,0.10570157106433596,0.045523536747650188,-0.0054558209605082607,0.016365213828976266,0.077534436869124576,0.14239607350184366,0.13092883722856641,0.13747579435055907,0.091954757769902543,-0.01066094611183201,-0.18065187530389623,-0.0711708204849856,0.05766077809340249,0.18544181041857777,0.22210585698485374,0.20345206360022228,0.17073074479897818,0.13056470826268196,0.12001032717525959,0.050387962721288204,0.03083744798398887,-0.012824278291580933,-0.063807090744376183,-0.07707511527197701,-0.078991734733184174,-0.078062953427433968,-0.089728261033693954,-0.13896261155605316,-0.18357428908348084,-0.16773437559604645,-0.17489970326423646,-0.17881333455443382,-0.12954580783843994
0.36879707574844361,0.32187476911042867,0.33755811347680931,0.33427364510648389,0.29855559435155654,0.26199294100789461,0.22283819218476614,0.19492902259031933,0.15477197748773239,0.1011728048324585,0.024879320598511886,-0.053072016287062852,-0.054519328984987132,0.044853706805345915,0.063098023609759718,0.034669972651709728,0.11030874601923503,0.13625681946674983,0.036839535321073175,-0.090996576260532369,-0.18408433860167861,-0.13995690451303419,-0.012489980953410494,0.21358829939907248,0.3292345603307088,0.29382317619664328,0.24048707527773722,0.12365530493358772,0.085844744410779744,0.01885010632686317,-0.027449386039127905,-0.053236193489283323,-0.08374701626598835,-0.11040737231572469,-0.12578893328706423,-0.11464147567749024,-0.13065491120020548,-0.17506231740117073,-0.20287881195545196,-0.18271031479040781,-0.16953624288241068,-0.13554297387599945,-0.096954296032587692
0.34648156662782031,0.3462251380085945,0.39589235186576843,0.38534784151448143,0.34193474849065147,0.31029608183436924,0.25763739996096668,0.17358100513617197,0.10475603519723965,0.028593017828340332,-0.058123880376418434,-0.0463587143458426,-0.011810678476467728,0.069678738713264465,0.035502309145298429,-0.0001987074501812458,0.0821875085918388,0.11335233400265375,-0.014711877468997906,-0.13919444140736703,-0.2410908550887868,-0.27458339123986664,-0.12957497620407274,0.063395468543308811,0.22036696560680866,0.220894589026769,0.19360243013271919,0.10539608614312278,0.058104505389928819,-0.013565227725646563,-0.04275882658031252,-0.06368568415443103,-0.096127333740393325,-0.12656168018778166,-0.14819487929344177,-0.16867216179768244,-0.1807769387960434,-0.19447042544682822,-0.19813992828130722,-0.18797429651021957,-0.15380396942297617,-0.099700629711151123,-0.096654430031776428
0.286118818954988,0.34457536041736603,0.38594501217206317,0.36315761672125924,0.33004971510834163,0.29770525638014078,0.19460372701287271,0.096508433494497753,0.0015737016302799539,-0.071981941408012062,-0.076970463188794941,0.012303792761246624,0.14865624957851,0.15842719642179354,0.038599407164535172,0.087747991255794966,0.040477812373345454,0.095905806582707628,0.054187901979802472,0.0057629854630001564,-0.0029301154365959136,-0.045614496133146949,-0.20670685561543162,-0.18366418082150632,0.041340272471478041,0.14858163562085894,0.10302763884621007,0.0589663315564394,0.022402518946263526,0.00423020136076957,-0.019721592576908215,-0.060378628649881909,-0.10068666438261668,-0.1314014345407486,-0.16122157573699952,-0.19919680058956146,-0.22182029783725737,-0.19944369792938232,-0.18600382407506308,-0.16644985973834992,-0.1263539046049118,-0.12716235717137656,-0.11948734149336815
0.22180123201438359,0.29358823969960213,0.27310905357201892,0.24112207135733435,0.23099735230207444,0.17653420744907289,0.10492591559886932,0.047662670079332128,0.011460605692783637,-0.019738749068762575,-0.049394324887543917,0.08046592287386635,0.3081113080183665,0.21285874707003435,0.13268447560923441,0.018891568407761277,0.026442989862213533,0.12241810773654531,-0.0013701049957979615,-0.063490095024462789,-0.10312901753122392,-0.073312769100690886,-0.060548177107107005,-0.08634044578004825,0.048518123777790204,0.057230165203739157,0.027959657115085673,0.013966748526749702,0.024906253649128809,0.010514941399118729,-0.030182552790003165,-0.062311758597691856,-0.089692288637161249,-0.11254739761352539,-0.15191568930943808,-0.18976924568414688,-0.19054785370826721,-0.18223939090967178,-0.16340296715497971,-0.12562955915927887,-0.14158891886472702,-0.16005883117516837,-0.16295769065618515
0.27525880833466848,0.27759273846944171,0.195146469399333,0.12657053946029573,0.07279984574415721,-0.030405017295076203,0.044407833502711061,0.077712853684237124,0.010237050496719101,-0.029099085290605824,-0.07666911072263484,-0.043057421982092295,0.22468474507331848,0.2344114915891127,0.15920919179916382,0.083338244507710144,0.061252334713935853,0.0093717340166152175,0.0054145028282489094,0.0070585491708838027,0.000598459589915971,0.01385952572205237,0.018787307788928349,0.0041329208179377019,-0.016222283960534975,-0.022731628949539021,-0.033891609869897366,0.0082733923190971836,0.010543108597630635,-0.021952408565474407,-0.044747172544399895,-0.062953048696120575,-0.070111749693751335,-0.092225931584835052,-0.11877810060977936,-0.13038797924915949,-0.13384467115004858,-0.13561262935400009,-0.10566139593720436,-0.13124693185091019,-0.15909936527411142,-0.20354695618152618,-0.21196486055850983
0.38966517939287071,0.36079366877675056,0.22581092733889818,0.072704187371646578,-0.0682452745607187,-0.13075444002872302,-0.096222162343047812,-0.0067605408565963015,-0.012891404957947682,-0.0925388533274977,0.0,-0.1982684564561798,0.071941973744995058,0.10363839276962811,0.080774352264901,0.06895063238011466,0.053330903703516182,0.01754575202940032,-0.013111367996316403,-0.04562075920403004,0.0062792505083892206,0.037592161602030195,0.026914889658136026,-0.016282356390729547,-0.0368808563798666,-0.043405449204146865,-0.042791985440999269,-0.02726082771550864,-0.041741213450829186,-0.052938618386785187,-0.060104374773800373,-0.057771314556399979,-0.046331704594194889,-0.03442548424936831,-0.054204724729061127,-0.083599465588728591,-0.0583766158670187,-0.066697942713896438,-0.08916429802775383,-0.14094159007072449,-0.18801072736581168,-0.23027051985263825,-0.26518313586711884
0.32437491592238932,0.31032544900389281,0.20960758977076588,0.058332048650634918,-0.0844748817548594,-0.073506670334285845,6.9231403176672754E-05,-0.22238397868774906,0.024244861025363208,0.09940015955362469,-0.26633741844583442,-0.23446788409581551,-0.033502364404160871,0.0086509822402149432,0.043529129841110924,0.074751498177647591,0.060235116630792618,0.0066224712963131342,-0.033066688664257528,-0.0074045709334313869,0.044345819306644524,0.040036799386143684,0.0072148809289501511,-0.013663591092659367,-0.013635187151117457,-0.01444396652126064,-0.024967315813733473,-0.045572800872226558,-0.061488695442676544,-0.059757080674171445,-0.045976846478879452,-0.035993701964616778,-0.016953900922089815,0.0011929219181183726,-0.013971563971911868,0.00960262434091419,-0.011838873848319054,-0.044626258313655853,-0.10682953149080277,-0.17359121888875961,-0.23230504989624023,-0.25683896243572235,-0.29370543360710144
0.21380977447216326,0.17099838528562994,0.10634607402607799,0.08157465003359203,-0.03520246463663438,-0.019558062703397713,-0.0075737494068259066,-0.14454402478459555,-0.20662628550593171,-0.21397751043824589,-0.11024113860912621,-0.025623576508627996,0.0038448180744631421,0.015056193619966508,0.039222225733101371,0.0620301870836152,0.041034848312847316,0.0028129948251363304,-0.0015784315702538671,0.031193929025903344,0.040961114689707756,0.01763483602553606,0.00058662993574721948,-0.0076989955850876868,0.00044941694068256766,0.0070246172253973782,0.0037792063667438924,-0.012451290773848692,-0.024863377958536149,-0.032427775673568249,-0.039737249910831454,-0.02931841214497884,0.020509008318185806,0.023405012985070545,0.054917414362231888,0.045881545171141624,-0.00074217026121914387,-0.055183844640851021,-0.12668063988288245,-0.19476494938135147,-0.24626133590936661,-0.28631189465522766,-0.303465336561203
0.1374101426738959,0.088698689709417522,-0.0013714965432882309,-0.0673916362082729,-0.14813583120703697,-0.12531398618471271,-0.096972725335508589,-0.14629257669051488,-0.11805449155243961,-0.029925398994237185,0.031697573062653341,0.015199816002595153,0.0041023322497494522,0.016236867709085345,0.027110323309898376,0.028862597234547139,0.010554849791030089,-0.014920959182615792,-0.0052465722740938263,0.016891793813556433,0.020951857324689627,0.0073475713143125176,0.0024514445516009196,-0.00209112932983165,0.0041841829297482036,0.011920617427676916,0.025015794361631077,0.012685540306847543,-0.012852125125937164,-0.032521458342671394,-0.019369198940694332,0.023614160250872374,0.0530367245276769,0.097402100761731461,0.074803185959657029,0.048825990408658981,0.0080101592466235161,-0.071800495187441513,-0.14605408906936646,-0.19499468058347702,-0.24347104132175446,-0.2862403392791748,-0.28581248720486957
0.027462913592656454,-0.075006094357619679,-0.12427902966737747,-0.15079223116238913,-0.20773598675926527,-0.30972056190172831,-0.25536554396152494,-0.18670875980303839,-0.11590600593222512,-0.051883754134178159,-0.017919630277901888,-0.021472777897724882,-0.025170297734439372,-0.012183553197246511,0.00021837268141098321,0.0040486998789544615,-0.012091602271279303,-0.042374583426862955,-0.030735824390181472,-0.010136002027138602,-8.5563352331519124E-05,0.0049135394510813057,0.014413675692464625,0.0040694794394463924,-0.01012588171288371,0.004617241385858506,0.016561372205615044,0.015477456338703632,0.03056333027780056,0.045590691074418523,0.065558691819508866,0.11268110945820808,0.1354207769036293,0.11414675042033196,0.08073212206363678,0.029559598071500659,-0.038717801372210182,-0.098826669156551361,-0.14802871644496918,-0.19273175299167633,-0.23013758659362793,-0.25498765707015991,-0.26357945799827576
-0.049638323557491489,-0.11645889232556025,-0.15634152751702529,-0.19742072889438042,-0.24309488385915756,-0.29096527025103569,-0.23457024720582095,-0.16788776467243829,-0.12787509113550186,-0.098186355084180832,-0.065257518241802856,-0.0413678172044456,-0.0445929691195488,-0.045523391105234623,-0.042607721739581654,-0.036331821388254561,-0.036785352742299438,-0.052920447662472725,-0.047687766807419915,-0.02500065080821514,-0.011422559525817633,-0.0072854562196880577,0.0014358581975102425,0.021249906858429313,0.039315372472628951,0.040023642902572952,0.074515402317047119,0.093747146427631378,0.088368510206540421,0.12168250977993012,0.14809851348400116,0.14884616434574127,0.13108028471469879,0.0986973512917757,0.051876766607165337,0.010053267586044967,-0.051727795973420143,-0.10231340676546097,-0.14205528299013773,-0.17189563810825348,-0.19124876707792282,-0.21514515578746796,-0.23963810503482819
-0.093291820585727686,-0.15070394078890484,-0.18307876128416795,-0.20736902859061956,-0.22552217543125153,-0.23614720197824332,-0.21755920006678656,-0.17339786616238681,-0.11724200912497261,-0.094121344387531281,-0.066380451687357636,-0.042802239768207073,-0.057658710206548371,-0.078064249828457832,-0.0873226523399353,-0.0822550468146801,-0.075924446540219445,-0.064663099497556692,-0.034419077821075915,-0.01290199141173313,-0.021271749399602413,-0.024659241316840053,0.0282391174841905,0.088665734976530075,0.11451558582484722,0.11631869338452816,0.13671313971281052,0.16351679464181265,0.16838369270165762,0.17587261646986008,0.15933366119861603,0.14483100920915604,0.1041366346180439,0.054980218410491943,0.033111009746789932,-0.00898312614299357,-0.044823693111538887,-0.087197544674078628,-0.12717734028895697,-0.15231011807918549,-0.16983984410762787,-0.19834171980619431,-0.22745563089847565
-0.12271621723969778,-0.17113258403081161,-0.20288422517478466,-0.20252257684866587,-0.19054469373077154,-0.20272255316376686,-0.20584750672181448,-0.1713308423757553,-0.12805134389135572,-0.11557384648106316,-0.10363737121224403,-0.09007805772125721,-0.08573824498388502,-0.10315820574760437,-0.11783848082025845,-0.12658473402261733,-0.11301121562719345,-0.080675352364778519,-0.021536217303946614,0.021572222001850605,0.01282857044134289,0.038815165497362615,0.089675301065047577,0.12311602383852005,0.13714897135893503,0.14105827112992606,0.17758156855901083,0.19586753845214844,0.19841218739748,0.17409683267275491,0.1524425745010376,0.10741764058669408,0.084738011161486312,0.050894426181912422,0.027746011192599934,-0.007632552384166047,-0.037077752873301506,-0.055700436234474182,-0.1056235209107399,-0.12923010935386023,-0.15660452097654343,-0.175656758248806,-0.20601746439933777
-0.18221292197704314,-0.1978091308299233,-0.1868623960763216,-0.19007331452199391,-0.20823830824631912,-0.19235396186510723,-0.16566847264766693,-0.15395298302173616,-0.14873294408122698,-0.14264009561803606,-0.12866077158186171,-0.11410229227372579,-0.094476012885570532,-0.10514315068721772,-0.13697453439235688,-0.15312074621518454,-0.1362973541021347,-0.0693037857611974,-0.000554088968783617,0.04062613844871521,0.071319219656288624,0.093634066482385,0.11866927891969681,0.13594288006424904,0.14309918135404587,0.16670425981283188,0.18751034140586853,0.2021897186835607,0.18636187165975571,0.15497828274965286,0.12039395794272423,0.093095887452363968,0.073773007839918137,0.063687488436698914,0.045794644703467689,0.027249286882579327,-0.0020945713913533837,-0.051276817296942077,-0.092177964746952057,-0.10778850317001343,-0.12828666344285011,-0.14083193987607956,-0.17739724367856979
-0.17318565266973832,-0.18483991495200566,-0.17773643486640034,-0.16279825965563458,-0.16159289702773094,-0.14408024400472641,-0.14125331044197081,-0.1439327597618103,-0.1516369813018375,-0.14650644175708294,-0.12777390650340489,-0.0885239727795124,-0.085603968799114222,-0.11334087202946346,-0.146128848195076,-0.15738679965337118,-0.12207711115479469,-0.050262052565813065,0.032641783240251243,0.078285045921802521,0.092685498297214508,0.10524305701255798,0.10624123737215996,0.10669586559136708,0.13723849505186081,0.1687881126999855,0.20523809641599655,0.19490592926740646,0.18721512705087662,0.16434822976589203,0.13144536688923836,0.1151421070098877,0.10360090807080269,0.085298284888267517,0.0747600719332695,0.04495123028755188,0.014928393997251988,-0.027871654368937016,-0.069942619651556015,-0.093891706317663193,-0.10942894592881203,-0.11732982844114304,-0.16329915076494217
-0.15374760436160223,-0.18369659693802104,-0.19080642291477748,-0.19152300379105977,-0.16534886956214906,-0.1455851667202436,-0.13548026340348379,-0.14617065814408389,-0.14891774207353592,-0.13297335377761296,-0.10549278184771538,-0.072694352269172674,-0.069894517461458847,-0.0990544855594635,-0.12710866580406824,-0.11879074573516846,-0.095568083226680756,-0.02062316859761874,0.054155913492043815,0.0833992287516594,0.096628379076719284,0.087126836180686951,0.076273243874311447,0.0855882428586483,0.11821416392922401,0.15978348255157471,0.18907101452350617,0.19923997918764749,0.20130976041158041,0.18964654207229614,0.17072045803070068,0.15321578085422516,0.12937028706073761,0.10441896319389343,0.0861349068582058,0.053240420296788216,0.014212033245712519,-0.029936810024082661,-0.0651463158428669,-0.0808715969324112,-0.08276609083016713,-0.10939159244298935,-0.13788680732250214
