SouthSea_Web/demo/jsonfile/2017-12-15-00.json
{"header": {"parameterUnit":"m.s-1","parameterNumber":3,"dx":0.1,"dy":0.1,"parameterNumberName":"Northward current","la1":29.0,"la2":12.0,"parameterCategory":2,"lo2":131.0,"nx":250,"ny":171,"refTime":"2017-12-15T00:00:00","lo1":106.0}, "data":
[rows 57 to 75 of 171, columns 86 to 128 of 250]
0.0,0.0,0.0,0.0,0.0,0.0,0.0,0.0,0.0,0.0,0.0,0.0,0.0,0.0,0.0,0.0,0.0,0.0,0.0,0.0,-0.013844988784326398,0.025767224827794345,0.23663264152275609,0.32437995902953609,0.28017355670983141,0.33444666968169789,0.44465179846981379,0.40583444873491925,0.42095256942074472,0.49454266316181905,0.45335661317851095,0.51839850289481026,0.50430285079138615,0.52372829760274575,0.46917539172702366,0.48022769590218861,0.44481325894594193,0.43619661778211594,0.43405767423766,0.4435668813459801,0.32995929817358655,0.27301565645372167,0.26705094779792588
0.0,0.0,0.0,0.0,0.0,0.0,0.0,0.0,0.0,0.0,0.0,0.0,0.0,0.0,0.0,0.0,0.0,0.0,0.0,0.0,0.00669661730055602,0.11977596293214619,0.14732729711289683,0.32290383993551647,0.31915284102817754,0.339147625728087,0.39363662321721354,0.36539337268242467,0.41327350054468426,0.46933719104733962,0.45886458682291437,0.51026063462098437,0.533377271432143,0.5137600933129971,0.50206852303101468,0.56227431805045514,0.58097616370235172,0.5761384248733521,0.53015083173910782,0.46881193499411306,0.37884220769328458,0.28422797222932178,0.15593585882787453
0.0,0.0,0.0,0.0,0.0,0.0,0.0,0.0,0.0,0.0,0.0,0.0,0.0,0.0,0.0,0.0,0.0,0.0,0.0,0.028550642949994653,0.15428742273853949,0.18929568885101211,0.23580785226403622,0.29178816784511913,0.29679719039372038,0.2962398597349723,0.30543468862163775,0.3583112414493117,0.44521673068855749,0.52817539149715054,0.599474202309336,0.69974201202392583,0.70887078940868375,0.67576883733272552,0.6648661238806588,0.80388053709810425,0.74152531312859582,0.78370293617248532,0.845432671216818,0.68606759883739332,0.55497416496276852,0.52813133289074077,0.24916405722498894
0.0,0.0,0.0,0.0,0.0,0.0,0.0,0.0,0.0,0.0,0.0,0.0,0.0,0.0,0.0,0.0,0.0,-0.0079362971397737656,0.0,0.22754460449020067,0.27047559751137612,0.22992051310009426,0.24927017780450675,0.26115166902542114,0.26571097652962866,0.25299340155389571,0.30383227801904444,0.36348594642347759,0.4082859682625738,0.50913435646465843,0.64975522844879718,0.77856221147205518,0.75611008869277108,0.75376477680708232,0.68823490871323478,0.88261313239733374,0.91142603423860336,1.0488087955643148,1.107449682135331,1.0737362772226333,0.88168057528409094,0.72399079352617268,0.429162864451823
0.0,0.0,0.0,0.0,0.0,0.0,0.0,-0.021679822822414384,0.0,0.0,-0.01551352141286132,-0.015861496701836585,0.0,0.0,0.0,0.0,0.0405489893063255,0.030910499218843757,0.028315049211064782,0.12142350620134032,0.18846727079815334,0.20953362683455148,0.24704634991227364,0.25861248135566711,0.24029575392257335,0.22712179255194781,0.29033595903052223,0.3601189409241532,0.42443486165117333,0.526653026342392,0.681214224208485,0.79432664467738223,0.73726717783854556,0.717338882959806,0.67999879880384961,0.660947035998106,0.64436909556388855,0.65152993599573772,0.78751584887504578,0.90334714949131012,0.90241007506847382,0.71566112602458276,0.46531512836615246
-0.017206483171321452,-0.00821705735369557,0.0040284665567313612,-0.00069039754779736621,-0.019357874471334861,-0.014288304869918838,-0.02138922695863971,-0.024795239491861305,0.0067290021685069458,0.0024835526710376143,-0.0016972099249306623,-0.024036736265590483,-0.068308652122505,-0.0083113747345916443,0.014470918762944181,-0.0063072956409087055,0.054398026734368124,0.048228818302353225,0.050931498265037171,0.10682849696388951,0.16692476693008626,0.19882236689329147,0.22264048427343369,0.22335384256309934,0.19541018456220627,0.19936190545558929,0.28280007436468796,0.37112981465555006,0.46105801396899754,0.5348702115671975,0.59282206437167,0.75254045592414009,0.76723527163267136,0.79273760860616516,0.708178395574743,0.84819823006788886,0.84279296795527137,0.93245487863367249,0.91908070870808189,0.789921224117279,0.85322679082552588,0.59130885280095613,0.34761394347463337
-0.013120787102581766,-0.01965739191460647,0.0,0.010657968621562226,-0.011420407529390407,-0.013843461358948598,-0.019687901557516443,-0.040984197308877666,-0.031956268843813716,-0.0061438941470855343,-0.029199512618672353,-0.031123084251561926,-0.062248999340226874,-0.02797188625869448,-0.0099327292767250989,0.010877611158719989,0.036791472254615078,0.055876204580591435,0.083845276316558873,0.11899885359135541,0.13870201347505345,0.16687108138028314,0.18979532023270926,0.18830336156216534,0.17021046003157442,0.23088099594627107,0.32053958756082196,0.45337031826828467,0.54868391729318178,0.58636971314748132,0.63992375135421753,0.69880058368047082,0.77416083812713621,0.76841547340154648,0.7329181300269233,0.70083650615480209,0.77348380088806157,0.89481700128979158,0.85712746779123938,0.72682009339332576,0.67681429535150528,0.34089539274573327,0.11989205535501242
-0.01944503358378423,-0.042092410358245756,-0.0095192838665842244,-0.075639136515600586,-0.048188836374738267,-0.036459331052160704,-0.017533178374395466,-0.00698723366592267,-0.012592060503419397,-0.026868116896726007,-0.091885238885879517,-0.079682398527379961,-0.07747595891600749,-0.054607381815450232,-0.030439770324708168,0.00254260174697265,0.0602247252929629,0.11205482482910156,0.11862335872969457,0.088453760991493866,0.11920011469296046,0.12756151447490771,0.14549978315830231,0.18704024595873697,0.26761654628948733,0.35657693987542932,0.47695084622031764,0.55844519038995111,0.61922118465105691,0.637361598511537,0.63096522490183515,0.66422146133014137,0.63010144978761673,0.53650140336581642,0.53169792890548706,0.54349291986889314,0.499714904361301,0.5230703226157597,0.43612860356058392,0.27002001660210745,0.18860191230972609,0.10821555275470018,0.032914558425545692
-0.0069361297096123221,-0.010695670972912684,-0.045238175792256731,-0.099759791690780961,-0.0911252872888432,-0.06571011786018649,-0.05623817957680801,-0.049981426226638134,-0.051375646705901813,-0.058954429484027272,-0.075599442277826487,-0.088562470395118,-0.090368768421270076,-0.083631930982365321,-0.056261346089067285,0.031774345496496943,0.19313953830437228,0.27215171429243956,0.29997283458709717,0.28759495913982391,0.31111664439623171,0.30399378965485768,0.29939357412082179,0.37366706039756536,0.42966892614084129,0.44188351805011433,0.50625331534279716,0.5525479723106731,0.58423214964568615,0.60166952243218053,0.573897237363069,0.49418296597220679,0.41965021938085556,0.40152521644319805,0.41071425165448872,0.3396614094575246,0.22341255843639374,0.16091759875416756,0.17815235853195191,0.11707252264022827,0.09243652671575546,0.054869728783766426,-0.00589527512368347
-0.027066272921595108,0.0014484289746678129,-0.093076069568914746,-0.15471086044937876,-0.11400744219621023,-0.094379806270202,-0.10258680439608939,-0.094064192816851633,0.0039697895549109267,0.074092589736392253,0.0430489216195119,-0.050450124523530787,-0.11621021890434725,-0.10695904019204053,-0.032662333881792925,0.2470680089437727,0.28163720032683126,0.27151060944253746,0.28227468537834455,0.32287323423500719,0.34945671990805982,0.37667988469967473,0.36857400866264994,0.40621786032404217,0.41294065533682356,0.464757460194665,0.46137749002530026,0.481995929139001,0.50151856350047253,0.47732685777274048,0.4249562852912479,0.38890976990972248,0.32812610020240146,0.26728196442127228,0.22366302832961083,0.13746934064796992,0.070552834974867959,0.074970144778490067,0.0898112462212642,0.11289615680774053,0.092709656183918313,0.0271690163229193,-0.034255405887961388
0.069005214750315208,0.0040115137569099553,-0.16580726105277821,-0.18666036971031674,-0.13984646042019633,-0.10831045320859024,-0.10938910729882698,0.010899787260120215,0.090067993104457858,0.11587003019327918,0.14610618643336376,0.1142466365958431,0.00011376006190072407,-0.10028578798045162,0.064792760026951626,0.24083117319613087,0.20402292104867789,0.19319400074435214,0.22407255641051702,0.27047610070024219,0.29958217475149368,0.31711200338143569,0.35127729032097793,0.36720177531242371,0.3561503128571944,0.35201695029224667,0.35782301906616459,0.374093696475029,0.38209022516789642,0.35573594336924347,0.31935524940490723,0.24654485682646435,0.18753353449014518,0.13032319396734238,0.058240931481122971,0.051631939411163327,0.032175502429405846,0.028813060722313821,0.022463225460212146,0.042409234307706357,0.0129752312010775,-0.079638650568085723,-0.11710709659382701
0.025691540706450015,-0.035704138759297857,-0.20541653183640027,-0.12560431635175207,0.0016389912468314702,0.00807063051828571,-0.008393949399903124,-0.0095842942877850945,-0.028820526667146219,-0.022216437765932146,0.035158307446787752,0.072454882937730572,0.098216801802528661,0.0748851968851846,0.18050216680858283,0.19794164931303576,0.16800489921022105,0.12958542768444334,0.15107207394698086,0.19186054170131683,0.21793874651193618,0.23759159039367328,0.23791285284927913,0.22539764848248711,0.22386455323014939,0.25633804389724024,0.29821359366178513,0.3275759679575761,0.31460901407095104,0.282883927822113,0.271139811873436,0.18393391998190628,0.13295223621221688,0.046394688479433004,0.014146817266009748,-0.043843022148524015,0.016750370359255209,0.068718706097570248,0.12018171263237794,0.06382513721473515,-0.0043862442835234106,-0.104762502014637,-0.14234694000333548
0.00597674062808235,-0.081331989594868245,-0.10336583650981386,-0.037833088181765846,-0.032207992450672795,-0.028351929190609117,-0.038706350679460322,-0.0393651329084403,-0.017892262721998675,0.011266294633969665,0.044573776874070367,0.084509793026693938,0.084128975371519726,0.087537678490792,0.0986584306790911,0.10755223946438895,0.11091640591621399,0.083660111363445,0.089428643562964025,0.13118035878453935,0.14984806709819371,0.15976239432548656,0.1454860997887758,0.15153953433036804,0.14712954450536658,0.1806058566207471,0.24854891940399451,0.33789796382188797,0.3418080382622205,0.34248890231053036,0.29668750188180376,0.12274757172498438,-0.0015221207183511818,-0.048162782564759254,-0.05879365916674336,0.02903341826943991,0.11360998045314442,0.13118552619760687,0.12132559530436993,0.091025442949363169,0.031848320604435036,-0.021962531742506793,-0.041661071130874916
-0.029179783638439052,-0.060808388002473734,-0.0894225669257781,-0.11463880504286567,-0.10806166108061628,-0.0856238925208648,-0.064619317770965634,-0.045292357448488474,-0.018258570834295825,0.0181173739474616,0.044035140355979954,0.076858794746490627,0.10047700822353363,0.073375557191096813,0.039196416862458658,0.036812296585524637,0.04303840169814066,0.052240339972610982,0.061239984990270051,0.071041350611127346,0.0800249669700861,0.094958531168790966,0.079134624517921887,0.0913725458085537,0.12092793759490762,0.15781282216310502,0.25937945854205352,0.27067654936209967,0.24897367377644,0.21474678317705789,0.13765172553913935,0.01698276194694795,-0.0046471711934178272,0.063461921922862527,0.034137008304242045,0.019230876673156254,0.038298398273764175,0.018116533212984603,0.027510334013236895,0.042360085373123489,0.02880282886326313,0.012599067646078765,0.084365734564406533
-0.097989258626776363,-0.0789995170198381,-0.076050571565117159,-0.077099129557609558,-0.080511742181354956,-0.090503795003449475,-0.0805066389342149,-0.053945635230495378,-0.025786401232695565,-0.010539834230887489,0.02957691185708557,0.084167272998736456,0.066869762127420726,0.0024752094311854588,-0.040882732700556514,-0.041497612532613609,-0.045770262107253074,-0.0018664202943909913,0.0907551448659173,0.10846904558794838,0.06289680781108993,0.020604315808982233,-0.02009724476426657,-0.020555846203394509,0.040961307671817916,0.13632386012209785,0.16700383107392833,0.1259994913858396,0.0534559368071231,0.10061982509336974,0.1220590554569897,0.10196985594100422,0.07001024462720927,0.07589708619257983,0.037895130130517131,0.0048418788386410784,-0.018041344258976591,-0.020415011405323941,0.02013480354216881,0.0580640684813261,0.078234798585375145,0.11870626173913479,0.19373273104429245
-0.097093364782631392,-0.11199639676784982,-0.085741974031313867,-0.0775531304459418,-0.073301537822072327,-0.04757400519716052,-0.014529034495353699,0.013290920639410614,0.013737550276952485,0.00075346852715413727,0.0046789178665895981,0.0527331735273557,0.022237455848621072,-0.04513734604032444,-0.13331442450483641,-0.073022173076957381,0.060051343791807689,0.060438234583827959,0.086700807724680223,0.1270028419792652,0.068349904256562385,-0.050137219667833834,-0.10528653769782095,-0.053637903693015687,0.021849741512439857,0.052833051798094451,-0.034869327232837137,-0.10793125863980364,-0.07656468108045654,0.0262375763989985,0.10536370736857255,0.1061326673343068,0.045622503360439291,-0.0024041398154462084,0.053394348826259375,0.071750787198543553,0.038213973462750968,0.00559145144870854,-0.0019248689820345205,0.010733452004690966,0.048208911612164229,0.1375699732452631,0.24293545074760914
-0.046032472986668821,-0.084439930546542877,-0.10208582431077957,-0.096066168642469821,-0.096024747317035988,-0.07017508238829949,0.022026556290386776,0.057144719072514109,0.059053006132739096,0.029342008127759282,-0.013699436294181007,0.0050712366450430379,-0.012945441563276509,-0.11073309615735084,-0.15327787486001335,-0.015232417566673548,-0.043572278682859178,0.02442519415704095,0.090522705504554324,-0.011365289955089489,-0.10972926595381329,-0.088392143504637657,-0.051144548898769751,-0.068137097990874085,-0.032436265079013538,-0.026639515776878397,-0.14379392962517409,-0.24180182708161219,-0.17958261764475278,-0.024950875604585948,0.052383092252294657,0.035951754620658576,-0.030154455680444482,0.0012551504907952179,0.055356316800628393,0.047948073744773861,0.045397182926535606,0.027325947411655862,-0.019040281341100734,-0.057322895899415013,-0.0086669188125857288,0.10098355636000633,0.25038681551814079
-0.0084998296839503811,-0.055308437377617169,-0.076494817821575065,-0.066772770509123808,-0.066084761172533035,-0.035093979165443066,0.015292100832224466,-0.020590062399774237,-0.073107705037626952,-0.096114077123588534,-0.084972450642713485,-0.041542488270469254,-0.061638371149698896,-0.070034282357101477,0.017367610573273851,0.0035856413189321755,0.078787282348264737,0.078292099138100937,-0.052721443068650037,-0.12691841411747432,-0.088896161300363014,0.017064436815860794,-0.0006960940034430776,-0.0072344518153042332,0.0061692143596398337,-0.040900363340316451,-0.20496470766032443,-0.30682403311647216,-0.24840046773696767,-0.087901148557042078,-0.035872104020351493,-0.043159624885302034,-0.0031203331337088629,0.063932651318609715,0.085751371546870181,0.082877156734466551,0.067635190757838165,0.037197656805316608,0.0093595737416762859,-0.023277475022372197,0.0061200983314351606,0.12302295035786098,0.2454464520726885
0.015807546741497289,0.004959558793537629,-0.0083915803125850733,-0.0026189599372446535,0.01541528867528541,0.0171748848259449,-0.01816205127943249,-0.045848842710256577,-0.059138787229760334,-0.023750654325403017,0.019684520796985336,-0.014619546680478379,-0.0764547179813587,-0.046519413221228337,-0.027799222773561876,0.13268352452432736,0.1723367108830384,0.025662798614662495,-0.077084802957468251,-0.062184666642699289,0.0060894344208705029,0.043822518886922492,0.10398294213921466,0.14617573718229929,0.12892558854883132,-0.050113219084933672,-0.2844377297001916,-0.25967370831605158,-0.16811805723174925,-0.0893079720969711,0.02439862528206924,0.14910746208177164,0.19239658968789236,0.1825527548789978,0.18854483796490562,0.15650386704752842,0.10950579233467579,0.074012150522321463,0.069196495872277483,0.056869425726207817,0.060744354708327189,0.12940132431685925,0.21265516110828944
