SouthSea_Web/demo/jsonfile/2017-12-16-11.json
{"header": {"parameterUnit":"m.s-1","parameterNumber":3,"dx":0.1,"dy":0.1,"parameterNumberName":"Northward current","la1":29.0,"la2":12.0,"parameterCategory":2,"lo2":131.0,"nx":250,"ny":171,"refTime":"2017-12-16T10:58:07.5","lo1":106.0}, "data":
[rows 114 to 132 of 171, columns 172 to 214 of 250]
0.42143646876017254,0.40135284206446481,0.37954984419047832,0.3079792453962214,0.23489100428727958,0.21388408839702605,0.21643203496932983,0.20475347042083741,0.17439726988474527,0.14589251577854157,0.10895716026425362,0.083859540522098541,0.078370727598667145,0.081549234688282013,0.054634014144539833,0.051811123266816139,0.0744039136916399,0.11298250779509544,0.13054989278316498,0.16546949744224548,0.19666004180908203,0.20642952620983124,0.21269705891609192,0.19431525468826294,0.21886667609214783,0.22555249184370041,0.23685097694396973,0.0,0.24362127482891083,0.24130965769290924,0.0,0.26018634438514709,0.0,0.34997937083244324,0.40580499172210693,0.41699087619781494,0.42833000421524048,0.41933517158031464,0.38704013824462891,0.37920463085174561,0.33183857798576355,0.32004547119140625,0.25742948055267334
0.3938164876566993,0.38359209522604942,0.3585091093007256,0.29805213411649067,0.24276024374094876,0.23757983957018172,0.25265129123415264,0.23802608996629715,0.21485575735569,0.19013715535402298,0.15442034974694252,0.11470179259777069,0.077278606593608856,0.059627067297697067,0.022415844723582268,0.017864369787275791,0.045631514862179756,0.082823090255260468,0.086083773523569107,0.12209542095661163,0.16018085181713104,0.19808654487133026,0.21626567095518112,0.21583633124828339,0.21604025363922119,0.0,0.24170508980751038,0.242242231965065,0.0,0.24906502664089203,0.26766029000282288,0.0,0.31632672250270844,0.37947064638137817,0.35583090782165527,0.38596805930137634,0.0,0.38622081279754639,0.0,0.3543245792388916,0.30362513661384583,0.0,0.22764462232589722
0.34502325020730495,0.36408759467303753,0.33890712658564248,0.3013501763343811,0.28233706951141357,0.28274164881025043,0.28734044432640077,0.26298693815867108,0.24226332704226175,0.21500085790952048,0.17485713958740234,0.13142915566762289,0.080778874456882477,0.037983324378728867,0.012932673329487443,0.00056162523105740547,0.00559885473921895,0.0047254269011318684,0.020107653923332691,0.061065878719091415,0.10579497367143631,0.1594795286655426,0.19301377981901169,0.20937302708625794,0.20757587254047394,0.2093704491853714,0.21378180384635925,0.22107742726802826,0.22317300736904144,0.22632308304309845,0.25029662996530533,0.29551008343696594,0.0,0.3296031653881073,0.0,0.36397081613540649,0.39238569140434265,0.0,0.36289379000663757,0.0,0.316262423992157,0.24012471735477448,0.0
0.33881545662879942,0.33037065155804157,0.33107395966847736,0.31718158225218457,0.29893321394920347,0.30447573959827423,0.29570182412862778,0.27124406695365905,0.24760443468888602,0.21929385513067246,0.18928101658821106,0.1529683917760849,0.084126606583595276,0.01956514734774828,0.0,-0.0020311156777097494,0.00025133304006885737,0.0010466917883604765,-0.0021764524281024933,-0.003042921656742692,0.071915481239557266,0.13010857999324799,0.18919969350099564,0.20284517109394074,0.22205926477909088,0.19086757302284241,0.1765419989824295,0.18381497263908386,0.18801838904619217,0.21708843111991882,0.23313651978969574,0.26484045386314392,0.28693120181560516,0.31345477700233459,0.31070703268051147,0.33384579420089722,0.33843757212162018,0.32201644778251648,0.3357359766960144,0.29340285062789917,0.29972177743911743,0.22457703948020935,0.20605921745300293
0.373678343636649,0.34586147538253237,0.34427572952376473,0.31750857830047607,0.29493351578712462,0.30544538795948029,0.29255982488393784,0.26486741751432419,0.25016144663095474,0.23319924374421439,0.20538194477558136,0.17026719450950623,0.1136375293135643,0.049352644011378288,0.011173350387252867,4.2630395910236984E-05,-0.0038800014517619275,0.0,-0.010570647194981575,0.016670683398842812,0.086794927716255188,0.0,0.1790810227394104,0.18945054709911346,0.0,0.18250714242458344,0.16623726487159729,0.0,0.170498788356781,0.19582176208496094,0.0,0.23702117800712585,0.0,0.26270821690559387,0.27777674794197083,0.0,0.292380154132843,0.0,0.28026711940765381,0.24545235931873322,0.0,0.183631032705307,0.0
0.37072714169820148,0.35357279011181425,0.34494498744606972,0.3111536254485448,0.29225255250930787,0.28995620210965473,0.28217493891716006,0.25942293802897137,0.23641309142112732,0.21525342017412186,0.17526190727949143,0.13542131334543228,0.0851844847202301,0.039233166724443436,0.0040241023525595665,0.010553471744060516,-0.01679942337796092,-0.034841714426875114,-0.030726398341357708,0.0,0.025854812003672123,0.12748561799526215,0.0,0.17812973260879517,0.17367929220199585,0.0,0.16117258369922638,0.16369985044002533,0.0,0.20050491392612457,0.22111596167087555,0.0,0.25101542472839355,0.0,0.26192602515220642,0.27632957696914673,0.0,0.27349552512168884,0.0,0.24361491203308106,0.19473494589328766,0.0,0.11771167069673538
0.35972726345062256,0.35698736210664112,0.34877373774846393,0.32049919451986042,0.31283047795295715,0.31328774243593216,0.290974497795105,0.25109068676829338,0.2166632910569509,0.18778612216313681,0.15294013172388077,0.12693088874220848,0.089321479201316834,0.0531441867351532,0.041365940123796463,0.001356372726149857,-0.0432562418282032,-0.052595816552639008,0.0,-0.037011485546827316,0.030289096757769585,0.11320113390684128,0.17819090187549591,0.14096607267856598,0.16904720664024353,0.17514702677726746,0.14458480477333069,0.16190248727798462,0.0,0.17755860090255737,0.20010025799274445,0.17351697385311127,0.19304146617650986,0.21351273357868195,0.18278704583644867,0.22225813567638397,0.0,0.21383225172758102,0.20176121592521668,0.0,0.160233274102211,0.0,0.08791535347700119
0.37150965631008148,0.3681754817565282,0.35656501849492389,0.34392891824245453,0.33541877269744874,0.33293288201093674,0.30536752939224243,0.26262485235929489,0.21546189486980438,0.18504472076892853,0.1756024956703186,0.15654756128787994,0.13627421483397484,0.10139206051826477,0.024135392159223557,-0.00371999922208488,-0.012463727965950966,-0.023047415539622307,-0.037491609342396259,-0.0034859762527048588,0.02749381959438324,0.086006149649620056,0.070986337959766388,0.10196547210216522,0.13396233320236206,0.0,0.14589592814445496,0.13899634778499603,0.0,0.15547080338001251,0.15061579644680023,0.0,0.13662420213222504,0.0,0.14900852739810944,0.0,0.0,0.0,0.0,0.16938255727291107,0.0,0.13124085962772369,0.0
0.37697720030943555,0.370577613512675,0.35696610063314438,0.35092903375625611,0.35325740575790404,0.34642875194549561,0.32182769974072772,0.28194057196378708,0.23325067386031151,0.21149460226297379,0.20948680490255356,0.18702833354473114,0.14958979189395905,0.0,0.08912452434500058,0.013776031439192593,-0.012633247300982475,-0.037650980055332184,-0.042294347658753395,-0.037003301084041595,-0.022180996369570494,0.0,0.035365860909223557,0.074126660823822021,0.0,0.0913604125380516,0.10304956510663033,0.0,0.14015665650367737,0.14891360700130463,0.0,0.11327589303255081,0.0,0.10911395400762558,0.12474823743104935,0.16360895335674286,0.1283126175403595,0.15879438817501068,0.11097242683172226,0.11260076239705086,0.10574182868003845,0.093409672379493713,0.062501586973667145
0.37744099895159405,0.37004537582397462,0.35298049946626026,0.35389474034309387,0.35812901705503464,0.35273803273836773,0.3307201936841011,0.284884770711263,0.25834443668524426,0.23308652639389038,0.22797202318906784,0.20616127550601959,0.17696861177682877,0.13455028831958771,0.090450689196586609,0.05598391592502594,0.014373325742781162,-0.022977164015173912,-0.041345005854964256,-0.047860220074653625,-0.054851241409778595,-0.0266383308917284,0.012030787998810411,0.0,0.038042053580284119,0.05495239794254303,0.0,0.0804414227604866,0.0988110713660717,0.114377461373806,0.087803997099399567,0.073751350864768028,0.082261025905609131,0.042285885661840439,0.088323831558227539,0.031609330326318741,0.077277932316064835,0.097200863063335419,0.0,0.088522166013717651,0.0,0.10233200341463089,0.0
0.3570772459109624,0.35807306319475174,0.35075054764747621,0.34506594389677048,0.35136338323354721,0.35705646127462387,0.33718647559483844,0.31403147180875141,0.2768009752035141,0.24407480160395303,0.2278679683804512,0.20552466809749603,0.17941985279321671,0.16295106709003449,0.13634417951107025,0.10175821185112,0.076482607051730156,0.019169911625795066,-0.005455872043967247,-0.043790966272354126,-0.055968808010220528,0.0,-0.035198070108890533,-0.031273346394300461,-0.011779635504353792,0.013559751212596893,0.0045635043643414974,0.034250225871801376,0.058918021619319916,0.05102558434009552,0.075055494904518127,0.04316624253988266,0.0,0.020810401067137718,-0.0027164684142917395,0.0,0.038403261452913284,0.0,0.049787711352109909,0.0,0.079904407262802124,0.10822317749261856,0.0
0.33728368580341339,0.34499654918909073,0.34739972949028014,0.34294586628675461,0.34197625517845154,0.35956560075283051,0.34999785820643109,0.31718472639719647,0.28945040702819824,0.26105976104736328,0.2402458886305491,0.22208607941865921,0.21513541539510092,0.19781530648469925,0.17615571618080139,0.15632904320955277,0.1059897243976593,0.079195588827133179,0.037749489769339561,-0.028393768239766359,-0.043114416301250458,-0.05248429998755455,-0.053955111652612686,-0.0739184059202671,-0.082556433975696564,-0.061429984867572784,-0.03231169655919075,-0.009995240718126297,0.0,0.012697541154921055,0.015471735037863255,0.0,-0.0034206386189907789,0.0,-0.03530970960855484,-0.020568279549479485,0.0,-0.00270662410184741,0.037653272040188313,0.087258122861385345,0.11247897893190384,0.11317781358957291,0.11245091259479523
0.32790427548544748,0.34257764120896655,0.34651794433593752,0.3422748029232025,0.342454860607783,0.34940493106842041,0.34785468379656476,0.32756334543228149,0.31109917163848877,0.286187748114268,0.27766087651252747,0.26415276527404785,0.25055413693189621,0.22245301306247711,0.1781917562087377,0.14459522068500519,0.13249590992927551,0.10336913168430328,0.067953839898109436,0.031250508734956384,-0.00975999265210703,-0.03496064618229866,-0.063568331301212311,-0.069992117583751678,-0.074853010475635529,0.0,-0.0760989710688591,-0.058264408260583878,-0.02153715118765831,0.0,-0.018154647201299667,-0.038216613233089447,-0.0329863578081131,-0.064537517726421356,-0.067201826721429825,-0.053301773965358734,-0.066075317561626434,-0.033120471984148026,0.042626626789569855,0.0,0.1126227006316185,0.0,0.0
0.30755662421385449,0.3214873135089874,0.33965068310499191,0.33867522080739337,0.33878755569458008,0.34103120863437653,0.35035306960344315,0.34691646695137024,0.35954901576042175,0.33424257238705951,0.32182034850120544,0.30435070395469666,0.26808948814868927,0.24806542694568634,0.21584773063659668,0.17860334366559982,0.17644453048706055,0.14511771500110626,0.12888418883085251,0.084632910788059235,0.045038599520921707,0.0041339872404932976,-0.0045068142935633659,0.0,-0.045107785612344742,-0.082954596728086472,-0.091597266495227814,0.0,-0.0777868703007698,-0.094877474009990692,-0.070626348257064819,-0.098532378673553467,-0.12603384256362915,-0.10792167484760284,-0.14040707051753998,-0.12255112081766129,-0.079485490918159485,0.0,-0.0059874388389289379,0.082881070673465729,0.0,0.11870261281728745,0.14713644981384277
0.277095099290212,0.28941364089647931,0.30728965997695923,0.3165547251701355,0.33946246902147931,0.35086217522621155,0.36387702226638796,0.3753856321175893,0.38231281191110611,0.37870208422342938,0.37350915869077045,0.34984315435091656,0.32484734058380127,0.33540906012058258,0.3044217973947525,0.26849573105573654,0.29004161059856415,0.27257199585437775,0.0,0.20138178765773773,0.13219203427433968,0.12937586009502411,0.066581189632415771,0.0052925888448953629,-0.034823107067495584,0.0,-0.088873870670795441,-0.11435820162296295,-0.12873781472444534,-0.13668178021907806,-0.18008773028850555,-0.15620617568492889,-0.16798293590545654,0.0,-0.16719441115856171,-0.12279810011386871,0.0,-0.046334460377693176,0.011448445729911327,0.06637958250939846,0.11451757699251175,0.16266711056232452,0.0
0.23426735959947109,0.24585952361424765,0.26278750350077945,0.29697219729423524,0.32714310785134632,0.34766291081905365,0.37328098416328431,0.393466313680013,0.40883687883615494,0.41633462160825729,0.43311670422554016,0.43794837594032288,0.42629678050676983,0.44010832905769348,0.4538837770620982,0.3870193213224411,0.41899478435516357,0.40773876011371613,0.34403644502162933,0.28323006629943848,0.23971216380596161,0.19437297433614731,0.10959716513752937,0.060819582082331181,0.0,-0.043397716246545315,-0.0997546911239624,-0.15526712685823441,-0.17988398671150208,0.0,-0.21280363202095032,-0.21892311424016953,0.0,-0.20258563756942749,-0.18758212029933929,-0.13701298832893372,-0.14281284809112549,-0.065428547561168671,0.0048255976289510727,0.0,0.14929157495498657,0.0,0.195871502161026
0.18648799657821655,0.20682700574398041,0.24271549036105475,0.28214544554551441,0.32368155717849734,0.37021572887897491,0.40964644402265549,0.43330461978912355,0.458861768245697,0.503397561609745,0.53063836693763733,0.55062997341156006,0.54553602139155066,0.58844925959904992,0.57683658599853516,0.51681383450826013,0.49013642966747284,0.48421129584312439,0.42511968314647675,0.35156843066215515,0.31960581243038177,0.26511216163635254,0.20654638111591339,0.14228817820549011,0.091484509408473969,0.018968464341014624,-0.062884002923965454,-0.13777648285031319,0.0,-0.22312850505113602,-0.25678545236587524,0.0,-0.27371811866760254,-0.24550069868564606,-0.20647074282169342,-0.20396091043949127,-0.13352741301059723,-0.048789352178573608,0.0,0.089043453335762024,0.0,0.18019998073577881,0.21744091808795929
0.1526703517884016,0.1927014042933782,0.2290911465883255,0.2842563433306558,0.34348357319831846,0.4078778823216756,0.454805463552475,0.49171396096547443,0.53546904325485234,0.57559021313985193,0.61514624953269958,0.65290989875793459,0.64813156922658288,0.66629501183827722,0.66384556889534,0.63558332125345862,0.56593453884124756,0.55783733725547791,0.50325101613998413,0.43198862671852112,0.39144793152809143,0.38558821380138397,0.28917840123176575,0.2293330579996109,0.13402213156223297,0.073412759229540825,0.0,-0.08187469094991684,-0.21387305855751038,-0.28992947936058044,-0.2960534393787384,-0.3288404643535614,-0.33929947018623352,-0.31821838021278381,-0.25051185488700867,0.0,-0.14582674205303192,0.0,-0.01993725448846817,0.097759217023849487,0.1606949120759964,0.19535443186759949,0.0
0.12331947404891253,0.1862063929438591,0.24280718820435659,0.30234275119645254,0.3731314440568288,0.44165025651454926,0.50255200266838074,0.5521180987358093,0.60259893536567688,0.64295151829719543,0.690664529800415,0.72819915413856506,0.71081892649332679,0.69805410504341125,0.69359197219212854,0.680007129907608,0.629623293876648,0.61148443818092346,0.57733255624771118,0.52727997303009033,0.492105633020401,0.46028651297092438,0.3844563364982605,0.30499821901321411,0.22056854516267777,0.10635858774185181,-0.011172800499480218,-0.14207451045513153,0.0,-0.28570094704627991,-0.3495730459690094,-0.37787246704101562,-0.36381807923316956,0.0,-0.32145610451698303,-0.21458131074905396,0.0,-0.094110224395990372,0.011174510233104229,0.10091549903154373,0.17805810272693634,0.0,0.18797238916158676
