SouthSea_Web/demo/jsonfile/2017-12-15-14.json
{"header": {"parameterUnit":"m.s-1","parameterNumber":3,"dx":0.1,"dy":0.1,"parameterNumberName":"Northward current","la1":29.0,"la2":12.0,"parameterCategory":2,"lo2":131.0,"nx":250,"ny":171,"refTime":"2017-12-15T13:58:07.5","lo1":106.0}, "data":
[rows 95 to 113 of 171, columns 86 to 128 of 250]
0.16433956336092065,0.11709111280463359,0.02000313209740583,-0.04576235487391906,-0.054806434416345189,-0.031865280571168865,-0.020619549031835049,-0.028143430295001184,-0.038477886468172073,-0.047561850398778915,-0.06888638526715081,-0.085738744338353476,-0.0823686646838342,-0.044096009805798531,-0.01768942646712305,0.0092749066703442119,0.033697097096592188,0.038395632640458643,0.04883517652298465,0.028461430904765925,-0.0044015447783749551,-0.010919063418987208,0.0044312395281979533,0.041737041935058575,0.054323267638683316,0.058594155894673386,0.080640080074469253,0.12854316142889169,0.1553522806901198,0.17312155850231648,0.16911917552351952,0.15187662541866304,0.1317307154337565,0.11964591486113411,0.11097889952361584,0.10448950280745824,0.10745146870613098,0.10851851291954517,0.11390622518956661,0.13358056172728539,0.17497797310352325,0.21242980360984803,0.228996405005455
0.14398559528802121,0.14356615193761313,0.074659931140818772,0.017096447064196347,-0.022597525158845302,-0.0081388061974264157,0.015634001789574262,0.0087901053271101162,-0.0096884225926327488,-0.028382331994362176,-0.048156692712966888,-0.061795497891204108,-0.062877802799145385,-0.049949607873956366,-0.039559997682427538,-0.0045147561843717288,0.031815901784033609,0.052561012213118374,0.055982195073738694,0.032338093131266794,0.013463459956632317,-0.0096327445561265844,-0.023689983516103692,0.0077360830842875521,0.041990893244110337,0.047631516183416052,0.044670307578948826,0.076283404914041356,0.12044697834385766,0.16282670365439522,0.17553517435278213,0.164095106224219,0.14716013414519175,0.13358256220817566,0.12122222408652306,0.099851889908313757,0.084759873648484543,0.079462338238954544,0.068131399651368454,0.093338968853155777,0.13231366686522961,0.18172518908977509,0.17567674070596695
0.12758659198880196,0.1301323430469403,0.11233945080527553,0.093603090555579568,0.048101346332779418,0.032718815875274164,0.0396892649919859,0.038047850614896524,0.016265432799941505,-0.0067711907160830581,-0.024929095458771502,-0.026359785765666385,-0.021950249663657613,-0.027947705735762916,-0.035695258463765013,-0.013141823430738315,0.018438148087201019,0.05971163483681502,0.054997331329754422,0.047650717943906781,0.034113707158852508,-0.0011245604172082885,-0.038211907156639628,-0.034993574573573744,-0.020038955080963206,0.0035173693009150717,0.0075948511715978381,0.00736550590954721,0.050370220560580492,0.10780283436179161,0.14406453967094421,0.13624048829078675,0.11987950156132381,0.093728353579839066,0.069572258740663528,0.056364862248301506,0.039044587252040706,0.032656736671924591,0.042083726574977241,0.057936922957499824,0.10460226982831955,0.12963263504207134,0.11141790946324666
0.0958993782599767,0.097243833839893337,0.090305994506235471,0.093366065510997062,0.081512260035826609,0.049817831565936409,0.041970767797185823,0.055031654424965382,0.040752593161804337,0.00842215398656013,-0.015242718561138544,-0.017661870595205714,-0.00840485935030436,-0.01441977299483759,-0.01960239392591857,0.013668624670782056,0.034014893181878947,0.043657740509068524,0.03696000903587917,0.028310357326907769,0.033964920237108516,0.012773551118488494,-0.018910680521398521,-0.033867110090795904,-0.033344339424123369,-0.028766154904257168,-0.032745823822915555,-0.037826331021885075,-0.00069679412990808487,0.062824848728875324,0.095230899751186371,0.099099669605493546,0.075534084190924958,0.057498322799801826,0.021057312066356342,0.011465198224565635,0.00252796639688313,0.017860638909041882,0.026979880407452583,0.044863181188702583,0.059639633943637214,0.0901261419057846,0.048807963728904724
0.064337864965200428,0.088104989911828718,0.086806220588860686,0.075075850188732141,0.063619420863687992,0.057949326789149873,0.058470722585916519,0.068388530363639191,0.064186256792810231,0.03245234596370547,-0.0013489416515868572,-0.018026435317901466,-0.011931375999535834,-0.0048872400894416149,0.00040279779583215716,0.027691934124699662,0.069531859686741457,0.073556537705439115,0.041234561672004372,0.028473290235356049,0.039013225452176163,0.045011601937205895,0.045970818027853966,0.040547649509140422,0.017708780140512519,0.0052736226417538189,-0.015890252111213549,-0.023046281887218356,-0.0053770214629669981,0.038103992585092783,0.058395568281412125,0.057987919077277184,0.042361830671628319,0.026453599333763123,0.018633173778653145,0.008869871574764451,0.011970341593647996,0.026790156029164791,0.057036418467760086,0.0636689942330122,0.066982317715883255,0.077027060091495514,0.046799877658486366
0.03564104985875579,0.0783621473954274,0.088749229356094639,0.078290170201888457,0.068916702069915264,0.07407367086181274,0.0877497961314825,0.0836543032416591,0.068553657199327767,0.04368345827485124,0.010988232721241989,-0.0075207830321652675,0.001524753329039623,0.031111080881341228,0.051776535737399869,0.051931846403965247,0.072466773567376311,0.091260435202947035,0.076842564261621893,0.06108864934908019,0.053502434343099592,0.05991697683930397,0.081032232443491614,0.092624935838911265,0.073930733371526,0.04634359354774157,0.011971612577326596,-0.0097855037427507334,-0.0055030586275582509,0.019373685587197542,0.029233545064926147,0.036982023467620216,0.030218274332582951,0.027570546915133793,0.021474419161677361,0.027189316228032112,0.044848024845123291,0.056224536150693893,0.069231100380420685,0.094023022800683975,0.0986575186252594,0.063161350786685944,0.059973042458295822
0.027789468710709895,0.064429805278778077,0.085316968078796684,0.099185430161331009,0.099174648523330688,0.093811734712549624,0.10694757880022128,0.10460396426228377,0.082308979630470278,0.056238736618648873,0.0361960971328829,0.025378919134919461,0.041012425720691678,0.07951830040950042,0.10250393425424893,0.089497299435047,0.077986929033483782,0.075370340106578976,0.083770141005516052,0.093266846922536686,0.088244581300961342,0.086850069463253021,0.11118541793389754,0.11849877114097278,0.10596483573317528,0.074880116929610566,0.029051948959628742,-0.003285224394251903,-0.01358006646235784,0.0083194101850191746,0.015034023517121872,0.031858132531245552,0.03878718800842762,0.051532024517655373,0.045501366257667542,0.05133022740483284,0.0,0.096258915960788727,0.14041215181350708,0.13053981959819794,0.09777715802192688,0.067479334771633148,0.0063188555650413036
0.019228740595281124,0.044555147056994232,0.082983602000319442,0.10713318511843681,0.11240833605590619,0.11701707892558154,0.12668119984514573,0.11873582487597185,0.10482832475712425,0.086992263971340092,0.066147469860665942,0.060496137900785965,0.077490211718461724,0.1052074445919557,0.11375569552183151,0.10150742034117381,0.0910456743505266,0.080049989340098007,0.084811996979018048,0.10301741659641266,0.10982556354541045,0.12801449000835419,0.1611433443095949,0.15076983869075775,0.13124897330999374,0.084457699209451675,0.046472927927970885,0.029041323966036241,0.024671359608570736,0.016174346674233675,0.030384702607989311,0.038486865038673081,0.051172660663723946,0.061817903071641922,0.086268078535795212,0.11546622961759567,0.12313294410705566,0.1522432416677475,0.16319757699966431,0.14475101232528687,0.092415377497673035,0.056961432099342346,0.0071537066251039505
0.038792124675477255,0.0675715377761258,0.099085258586066108,0.11934814655355044,0.13299211433955602,0.13642474915832281,0.13531951712710516,0.13391530389587084,0.13304287878175578,0.1284513913772323,0.11074833273887634,0.0858508280167977,0.087937777595860619,0.11239572521299124,0.1152130901813507,0.090105644365151727,0.085134472697973251,0.0912312101572752,0.094711893548568085,0.10085864240924518,0.11424023006111383,0.15366675332188606,0.18900341540575028,0.17377546131610872,0.13890450447797775,0.11251713087161382,0.076011613011360168,0.06386198103427887,0.056831957772374153,0.041665306314826012,0.0479031540453434,0.048273775726556778,0.076731272041797638,0.090188868343830109,0.11340548843145371,0.14775903522968292,0.15863743424415588,0.1691211462020874,0.17007684707641602,0.14517445117235184,0.0,0.031054055318236351,0.0063209901563823223
0.040810008067637682,0.073314791811364036,0.098965555429458618,0.1189231164753437,0.14123276219918177,0.15336798944256522,0.15115843713283539,0.15208550436156137,0.16005899674362606,0.1628349393606186,0.14772105030715466,0.12178921037250096,0.10895108729600907,0.122053512185812,0.12597977444529535,0.10450753995350429,0.098050803877413273,0.10651542022824287,0.11298144360383351,0.11177599895745516,0.11535719285408656,0.14805221930146217,0.17785174399614334,0.17586167529225349,0.14872042462229729,0.11488143851359685,0.090482749044895172,0.07433474063873291,0.066049762070178986,0.05620194599032402,0.051529552787542343,0.056195182725787163,0.06488809734582901,0.097431689500808716,0.11421195417642593,0.15152087807655335,0.16323110461235046,0.0,0.16646194458007813,0.16340617835521698,0.097419992089271545,0.097273204475641251,0.045396069996058941
0.021848569518293847,0.054279432445764539,0.08361170366406441,0.099826471673117742,0.12018815841939715,0.14563636481761932,0.15711342295010886,0.16370322448866709,0.16956934581200281,0.17386243492364883,0.16618965353284562,0.14640612155199051,0.12838273942470552,0.1235638005392892,0.12509890113558089,0.12761718673365458,0.12688552215695381,0.12166014686226845,0.12268805397408349,0.12488986365497112,0.13965838104486467,0.15601023286581039,0.17255862057209015,0.16818220168352127,0.14721614122390747,0.12376267835497856,0.0994088388979435,0.0807919092476368,0.0690058171749115,0.075656034052371979,0.0,0.046943236142396927,0.0,0.075188152492046356,0.10042334720492363,0.12639810144901276,0.1299949437379837,0.15807890892028809,0.0,0.15491153299808502,0.15915524959564209,0.1100773885846138,0.0
0.0012545237987069413,0.040213223081082106,0.065367803908884525,0.081489978092057366,0.099396443615357086,0.12248560506850481,0.14227670431137085,0.15755179524421692,0.16345390304923058,0.16643686592578888,0.15744450936714807,0.15009309947490693,0.13478381037712098,0.1277970802038908,0.13299301415681838,0.13418779522180557,0.13169475495815278,0.13615750148892403,0.13745395839214325,0.14061964675784111,0.15524858236312866,0.17537655929724375,0.18251591175794601,0.1681707575917244,0.14247390627861023,0.11547224596142769,0.11162968352437019,0.10899630188941956,0.10926610976457596,0.11506204307079315,0.061591511592268944,0.051500927656888962,0.04764297790825367,0.033135654404759407,0.070147767663002014,0.07679150253534317,0.12052798643708229,0.15813679993152618,0.15295875072479248,0.18097703903913498,0.17871282249689102,0.15647071599960327,0.12413431704044342
-0.0025863058565716657,0.01986617355474404,0.043055851943790913,0.0716556504368782,0.098726404830813408,0.11758458986878395,0.12752816329399744,0.13266269266605377,0.14457327127456665,0.1458807997405529,0.13899459317326546,0.13521517068147659,0.12580217979848385,0.12442883849143982,0.12565589199463526,0.1227289691567421,0.1159226546684901,0.11617519706487656,0.12856167554855347,0.13874384264151254,0.15584317594766617,0.17484832555055618,0.181381493806839,0.16378017514944077,0.14035697281360626,0.12516111135482788,0.11475090682506561,0.1423712968826294,0.15543113648891449,0.0,0.10347482189536095,0.0,0.029452217742800713,0.0,0.025245746597647667,0.054173100739717484,0.11282224953174591,0.12623848021030426,0.1544746607542038,0.17578146606683731,0.18232689052820206,0.16631804406642914,0.14140380918979645
-0.0063845328321414331,0.010958761180518195,0.029140905477106571,0.05693618580698967,0.080958580970764166,0.10474054763714473,0.12424211651086807,0.13983923196792603,0.14331194261709848,0.14314005772272745,0.13437588512897492,0.13230741024017334,0.12412112057209015,0.11856811866164208,0.11004862561821938,0.10819994658231735,0.10429874062538147,0.10105972737073898,0.11691442504525185,0.11879698559641838,0.13283282145857811,0.16154661774635315,0.15483026206493378,0.148947075009346,0.14209964871406555,0.12285877019166946,0.1224336288869381,0.14531804621219635,0.16062461584806442,0.15126492828130722,0.12746173143386841,0.07112954743206501,0.035441651940345764,0.017019421327859163,-0.00268432404845953,0.036956217139959335,0.060855912044644356,0.093073680996894836,0.11647301912307739,0.16072973608970642,0.1678454577922821,0.14045307785272598,0.13077513873577118
-0.009318296448327601,0.012448997624839345,0.037568927432099976,0.05521373450756073,0.0654929590721925,0.0924876481294632,0.11694419756531715,0.14483402669429779,0.1612664982676506,0.15522627532482147,0.14733387529850006,0.12864217907190323,0.13263094425201416,0.1213515227039655,0.10907805959383647,0.10071443021297455,0.088069736957550049,0.078862931579351425,0.080355077981948853,0.077868551015853882,0.11214958131313324,0.11836758255958557,0.0,0.13303550705313683,0.11782268434762955,0.10822257027029991,0.10954942181706429,0.1258830726146698,0.16427384316921234,0.16333740949630737,0.13446825742721558,0.10116099566221237,0.062133913859725,0.0087624127045273781,0.0254537221044302,0.015544873662292957,0.027744218707084656,0.0678010806441307,0.083626091480255127,0.11819300800561905,0.13073082268238068,0.11832291632890701,0.10870227962732315
-0.0066308088134974241,0.011778788757510483,0.038742261007428169,0.055400290836890541,0.072401706129312515,0.091558873653411865,0.11756044998764992,0.14687589555978775,0.16444242745637894,0.16601812839508057,0.1516733393073082,0.14412925392389298,0.13884981721639633,0.13759682327508926,0.13049538806080818,0.11132787168025971,0.096445374190807343,0.080871805548667908,0.065725259482860565,0.055943936109542847,0.0700666755437851,0.073663689196109772,0.10067334771156311,0.10052260011434555,0.10384005308151245,0.08558858186006546,0.0974966511130333,0.11738070845603943,0.14198727905750275,0.15135751664638519,0.15050689876079559,0.10287545621395111,0.083146989345550537,0.03547210805118084,0.018152490258216858,0.03678155317902565,0.0306063424795866,0.031086238101124763,0.061220306903123856,0.0624930914491415,0.098091587424278259,0.11059929430484772,0.11689382418990135
0.0054736362071707845,0.016720055602490902,0.031619270332157612,0.05899520218372345,0.073761187493801117,0.089619643986225128,0.11748082935810089,0.14442378282546997,0.16517900675535202,0.162685364484787,0.16040668388207754,0.1603979617357254,0.1587182879447937,0.15857136249542236,0.1402495801448822,0.12810384854674339,0.10318014770746231,0.0,0.080297820270061493,0.056066259741783142,0.067548412829637527,0.071367718279361725,0.0814460776746273,0.07965339720249176,0.074379492551088333,0.081957206130027771,0.074378766119480133,0.088497940450906754,0.11846531182527542,0.11219912767410278,0.12322283536195755,0.10080357268452644,0.066342948004603386,0.056227479130029678,0.046150267124176025,0.065287798643112183,0.025885818526148796,0.017974874004721642,0.021356362849473953,0.049741614609956741,0.072386927902698517,0.10651170089840889,0.14614372700452805
0.0047725678305141628,0.012885237338196021,0.023767752572894096,0.032053425908088684,0.048141336068511009,0.075946036726236343,0.11096273735165596,0.14043378829956055,0.16048778593540192,0.17541036754846573,0.0,0.1728619784116745,0.17179468274116516,0.16911907494068146,0.16165687143802643,0.13585770130157471,0.0,0.1020609438419342,0.083805255591869354,0.0695318728685379,0.076463926583528519,0.081126030534505844,0.081121847033500671,0.065003998577594757,0.075660310685634613,0.05317307636141777,0.063472634181380272,0.0589506383985281,0.086585111916065216,0.080209743231534958,0.085413165390491486,0.063735447824001312,0.047323286533355713,0.046099754050374031,0.065905176103115082,0.033689316362142563,0.0211822846904397,0.0052033516112715006,0.020588899031281471,0.030730288475751877,0.076489940285682678,0.0,0.19679319858551025
0.02107065636664629,0.03042752668261528,0.053579500565926232,0.049369003623723984,0.054579053074121475,0.080620955675840378,0.11342670768499374,0.13790440559387207,0.15333638340234757,0.16015301644802094,0.17591693997383118,0.18317753076553345,0.18903622031211853,0.18231174349784851,0.17003021389245987,0.15243375301361084,0.13721039146184921,0.10877405852079392,0.08990054577589035,0.09212532639503479,0.097056150436401367,0.079027280211448669,0.085381343960762024,0.07625439390540123,0.059677755460143089,0.070535294711589813,0.048327226191759109,0.0,0.0547987949103117,0.0,0.054794270545244217,0.040097992867231369,0.0,0.041705165058374405,0.052193710580468178,0.056383112445473671,0.020186488516628742,0.024735530838370323,0.0,0.052819186821579933,0.10402711108326912,0.14583279192447662,0.20087103545665741
