SouthSea_Web/demo/jsonfile/2017-12-14-02.json
{"header": {"parameterUnit":"m.s-1","parameterNumber":2,"dx":0.1,"dy":0.1,"parameterNumberName":"Eastward current","la1":29.0,"la2":12.0,"parameterCategory":2,"lo2":131.0,"nx":250,"ny":171,"refTime":"2017-12-14T01:58:07.5","lo1":106.0}, "data":
[rows 57 to 75 of 171, columns 168 to 209 of 250]
0.18487528264522551,0.19396135530301503,0.20626001258691151,0.18727725744247437,0.18625559019190924,0.20298457518219948,0.19011340755969286,0.17623048169272287,0.15601031138346747,0.13858308217355184,0.11806807791193326,0.10728198569267988,0.11221712455153465,0.10552608221769333,0.092331010848283768,0.085891611874103546,0.063437541015446186,0.037488206289708614,0.03865023205677668,0.040932049974799156,0.02419637454052766,-0.000912579707801342,-0.033952265046536922,-0.059576952829957008,-0.072230115532875061,-0.076916433870792389,-0.0759788416326046,-0.081306535750627518,-0.09482380747795105,-0.10064803063869476,-0.083353136976559952,-0.068237823744614914,-0.068055113777518272,-0.053840829059481621,-0.027346010940770309,0.023664750158786774,-0.0046526635996997356,-0.0082619200305392351,-0.034598167054355144,-0.032522760331630707,-0.044938385486602783,-0.075922250747680664
0.18356365213791528,0.18972275463434365,0.18873093922932943,0.19605025369673967,0.19049063857112611,0.19314757333352015,0.18007551346506392,0.14657592897613844,0.111928607408817,0.087060655653476718,0.07003096524964679,0.076821277383714914,0.091167113433281585,0.068436286279133382,0.055605956353247166,0.050304826349020004,0.026450737689932186,0.011215547254929939,-0.0034702564589679241,0.0073655539890751243,-0.01023665932007134,-0.016055221126104396,-0.041308475658297539,-0.059086259454488754,-0.08151506632566452,-0.099278643727302551,-0.11106033623218536,-0.10948794707655907,-0.12389517948031426,-0.11940658340851466,-0.11503686383366585,-0.1017978439728419,-0.090469695627689362,-0.09689735621213913,-0.06480066105723381,-0.035361580550670624,-0.05227091908454895,-0.0752586591988802,-0.091171395033597946,-0.091625700394312545,-0.10306150962909062,-0.12421510368585587
0.18576761148869991,0.17598048597574234,0.16945171821862459,0.18263196448485056,0.17917564740547767,0.16800557928425924,0.13915795149902502,0.11115147769451142,0.075175498358228,0.044137233169749379,0.023827458317908976,0.03791743077869926,0.058656606357544661,0.034192987717688084,0.026288513094186783,0.026800270657986403,0.014553224124635259,-0.019755558809265494,-0.05060991644859314,-0.027532220507661503,-0.028140662238001823,-0.027935693661371868,-0.0413395632058382,-0.061187315732240677,-0.0896889679133892,-0.12127531319856644,-0.14182604104280472,-0.14687801152467728,-0.14366190880537033,-0.14243233948946,-0.12921427935361862,-0.13176298141479492,-0.12529165049393973,-0.10381653532385826,-0.10901682451367378,-0.086831383407115936,-0.10425404459238052,-0.12827030196785927,-0.14631768316030502,-0.15847050398588181,-0.15962579846382141,-0.17030706256628037
0.16710054775079092,0.12696607869405013,0.12259488652149836,0.14308004240904534,0.15526213869452477,0.13950063873614585,0.096790761376420661,0.060852945471803345,0.026019741140771657,-0.0035599052207544446,-0.025905098973049059,-0.0019369348883628845,0.010934429165596763,0.00057763202348724005,-0.0043190709955524655,0.012594940606504679,0.0090260524302721024,-0.039753654040396214,-0.084315560758113861,-0.0729143712669611,-0.046508414670825005,-0.030418607406318188,-0.037043213844299316,-0.051730625331401825,-0.086309444159269333,-0.13749437034130096,-0.16380652288595834,-0.17181414862473807,-0.1675310879945755,-0.15713247656822205,-0.14632584154605866,-0.14044016599655151,-0.14741867780685425,-0.13657616823911667,-0.13616451621055603,-0.13960810005664825,-0.14856979995965958,-0.1550859659910202,-0.18172046542167664,-0.20305725932121277,-0.21319002658128738,-0.22590967267751694
0.10234754372920309,0.071917293163446278,0.0505649250621597,0.088185323402285576,0.11355588585138321,0.11098534179230531,0.079321918264031413,0.029235508472828024,-0.025179172912612558,-0.059499291703104973,-0.078886955444301882,-0.061386261368170381,-0.048168265819549562,-0.041968788951635361,-0.033609278965741396,-0.014317636998991171,-0.028864890336990356,-0.0747999157756567,-0.11712865283091863,-0.11550750210881233,-0.066905505955219269,-0.047572862356901169,-0.044487224891781807,-0.078257835159699127,-0.12954965233802795,-0.17277348041534424,-0.18400157243013382,-0.19614103436470032,-0.19667117297649384,-0.17838416993618012,-0.15127292275428772,-0.14608030021190643,-0.1534283459186554,-0.161997119585673,-0.15972989052534103,-0.16676151752471924,-0.175134539604187,-0.18617889285087585,-0.20265737175941467,-0.2268507331609726,-0.24838997423648834,-0.25472855567932129
0.015862076628642776,-0.0097350196292609326,-0.00912949136691168,0.027785293230166038,0.063745690509676933,0.071596408979250833,0.046546457542313471,-0.0053815100400242954,-0.063629620454528121,-0.10644646547734737,-0.11792782445748647,-0.10739733725786209,-0.085072962939739233,-0.075896840542554855,-0.059785061826308571,-0.043992491438984871,-0.0649147480726242,-0.11147252842783928,-0.16175872584184012,-0.14369010925292969,-0.088308345526456833,0.0,-0.058668692906697593,-0.089928057044744492,-0.13392545282840729,-0.1753019317984581,-0.20660770684480667,-0.2191588506102562,-0.21740765869617462,-0.19534596800804138,-0.17132005840539932,-0.14473479986190796,-0.14966253936290741,-0.17226637154817581,-0.18094111979007721,-0.19235727936029434,-0.20795919746160507,-0.21847125887870789,-0.23463721573352814,-0.24951532483100891,-0.26597464084625244,-0.27812111377716064
-0.042504886165261269,-0.052582068102700372,-0.045596971104924493,-0.0099639879850049809,0.039362482869854339,0.039484224095940587,0.014296610024757683,-0.042855946347117424,-0.089409430821736649,-0.13836638203689031,-0.15121509773390635,-0.1341263920068741,-0.11335956491529942,-0.11522074230015278,-0.10559036396443844,-0.10660986353953679,-0.11863386631011963,-0.15051770210266113,-0.18872994929552078,-0.18435028940439224,-0.13280355185270309,-0.083301723003387451,-0.084844723343849182,-0.084439128637313843,-0.1428048238158226,-0.18932242691516876,-0.21866125613451004,-0.23809709399938583,-0.24074695259332657,-0.22246868908405304,-0.19012466073036194,-0.15524718910455704,-0.15770116448402405,-0.18703695386648178,-0.204984612762928,-0.2273314893245697,-0.24705722182989121,-0.25497990846633911,-0.25892555713653564,-0.26624174416065216,-0.27646376192569733,-0.29813209176063538
-0.064816705137491229,-0.070090891026398719,-0.07243674504570663,-0.024225463975259723,0.020032051659654826,0.0297661809107432,0.017406261363066732,-0.044685302209109067,-0.12528367092212042,-0.17115947817053115,-0.17197823027769724,-0.1473816012342771,-0.13859767466783524,-0.15798203647136688,-0.15829766541719437,-0.14438226819038391,-0.15400063494841257,-0.16989565640687943,-0.20189430316289267,-0.1916196346282959,-0.15206922590732575,-0.092382259666919708,-0.082809779793024063,-0.10978697240352631,-0.17305480688810349,-0.2093268483877182,-0.24261125177145004,-0.2589004784822464,-0.25345693528652191,-0.22826892137527466,-0.20820724219083786,-0.16447126368681589,-0.16540180891752243,-0.20815624296665192,-0.23385582864284515,-0.25816594064235687,-0.27589850127696991,-0.28287293016910553,-0.27685484290122986,-0.28085446357727051,-0.27229750156402588,-0.31561286747455597
-0.0623144640121609,-0.0659625194966793,-0.07243834462549005,-0.037575835974376574,-0.0004759947374363297,0.014296072492883965,0.023397555667907,-0.016136955562978984,-0.10916098020970821,-0.17660534594740188,-0.17179048309723535,-0.1646024783452352,-0.18283645808696747,-0.22872903943061829,-0.22793269902467728,-0.18260824680328369,-0.1886786917845408,-0.1965266764163971,-0.20782313495874405,-0.19333639740943909,-0.14890006929636002,-0.10090524330735207,-0.078447077423334122,-0.10580702498555183,-0.16991050044695535,-0.22011862695217133,-0.25380900502204895,-0.26954866945743561,-0.26843297481536865,-0.24296908577283224,-0.19197315722703934,-0.17428754270076752,-0.18144553899765015,-0.20242691040039063,-0.25369026263554889,-0.27647921442985535,-0.28298787772655487,-0.27802494168281555,-0.25936248898506165,-0.26788504421710968,-0.28839996457099915,-0.30188369750976562
-0.04083552597356694,-0.046790539952261109,-0.0752411459883054,-0.066012247698381543,-0.040808181744068861,-0.0045681659685214981,0.0401552177965641,0.019435588466876652,-0.0966270612552762,-0.18318382650613785,-0.20003107488155364,-0.22426935657858849,-0.25952213257551193,-0.28557843963305157,-0.28116594751675922,-0.2277267724275589,-0.2035224586725235,-0.19806297123432159,-0.20431493222713471,-0.20642467588186264,-0.15658231824636459,-0.10461672022938728,-0.091604765504598618,-0.13156657293438911,-0.1765170693397522,-0.22613247483968735,-0.26919224858283997,-0.28468811511993408,-0.27365778883298236,0.0,-0.23057567328214645,-0.19100452462832132,-0.19067884981632233,-0.22043158859014511,-0.22944576293230057,-0.26100055873394012,-0.26805561780929565,-0.25054182857275009,-0.25922197103500366,-0.23543728888034821,-0.26364359259605408,-0.27156634628772736
-0.019857541332021354,-0.053699864293722546,-0.086541679004828134,-0.093578615891081948,-0.065247584134340286,-0.014425997706976805,0.034652917899868706,0.019331074290676042,-0.083836011122912168,-0.19425936894757406,-0.2453022263944149,-0.29072870612144469,-0.33290060857931775,-0.34815140068531036,-0.32154664397239685,-0.25042391568422318,-0.20802860955397287,-0.1950395405292511,-0.20010583102703095,-0.19446217268705368,-0.15613571554422379,-0.10982742408911388,-0.10247862711548805,-0.13128674775362015,-0.16207277774810791,-0.2125617265701294,-0.24893882125616074,-0.27685317397117615,-0.30205665528774261,-0.27629402279853821,-0.22632623215516409,-0.19835689663887024,-0.1902097761631012,-0.19079769402742386,-0.1888301819562912,-0.22004689276218414,-0.23026195168495178,-0.19248999655246735,-0.21802423894405365,-0.22574761509895325,-0.23494097590446472,0.0
-0.021351339109241963,-0.072380040089289346,-0.12669376482566197,-0.11834203405305743,-0.052259127875523906,-0.0071167769757184115,0.014169617695733905,-0.0050083476401466343,-0.1118153656522433,-0.23164614609309606,-0.30802098342350553,-0.35143580039342243,-0.36554742455482481,-0.37312485774358112,-0.32279042402903241,-0.25219301134347916,-0.204724649588267,-0.18752586096525192,-0.19417025893926621,-0.19138014316558838,-0.16218287497758865,-0.11417543639739354,-0.11176182329654694,-0.11575775593519211,0.0,-0.22030825416247049,-0.2728588879108429,-0.31041692197322845,-0.31369195878505707,-0.27774526178836823,-0.22187866270542145,-0.18421626836061478,-0.15686917304992676,-0.17183177173137665,-0.18299168348312378,-0.18720591813325882,-0.17905505001544952,-0.19183149933815002,-0.19168124347925186,-0.20170032232999802,-0.21332769095897675,-0.23085051774978638
-0.044825962930917743,-0.092285432914892829,-0.16849412117153406,-0.16912637757403509,-0.0947417640792472,-0.0294931290501898,-0.01728986615780741,-0.058082228119019419,-0.1651093028485775,-0.26391061288969858,-0.32575762271881104,-0.36117120087146759,-0.38001920282840729,-0.3687627911567688,-0.30756628513336182,-0.24295904487371445,-0.19337348143259683,-0.18451670557260513,-0.18843059986829758,-0.19098395109176636,-0.16165231168270111,-0.11371380835771561,-0.083972747127215072,-0.10304190218448639,-0.15205051004886627,-0.21968257427215576,-0.28978790839513141,-0.33094705641269684,0.0,-0.309868186712265,-0.22601870695749918,-0.18474723398685455,-0.14449233561754227,-0.14249680936336517,-0.147274449467659,-0.14966242760419846,-0.14054282009601593,-0.15769541263580322,-0.16310333460569382,-0.17198576033115387,-0.19719246029853821,-0.19949431717395783
-0.088562058428159132,-0.11179030790097183,-0.18318658868471782,-0.20097192802599498,-0.15864456125668117,-0.11239872568032959,-0.0799966525286436,-0.11115945130586624,-0.20609192763056075,-0.28355887035528821,-0.32611495753129321,-0.34929832816123962,-0.36343224048614503,-0.33787420392036438,-0.2819301150739193,-0.22154237329959869,-0.18733678013086319,-0.16933105885982513,-0.16792473196983337,-0.18331047147512436,-0.14906018972396851,-0.094497345387935638,-0.070675844947497055,-0.1179020032286644,-0.16684452444314957,-0.24585407227277756,-0.31564426422119141,-0.31740900874137878,-0.30725780129432678,-0.25047501921653748,-0.2051396369934082,0.0,-0.11601520702242851,-0.1157430000603199,-0.11963187530636787,-0.12393786013126373,-0.12322159111499786,-0.11513670161366463,-0.1418437585234642,-0.17416246235370636,-0.17355319857597351,-0.20637592673301697
-0.12612919509410858,-0.12233310292164484,-0.19506105079370387,-0.22998365014791489,-0.21847108205159505,-0.18445047329772601,-0.1422371782362461,-0.15280724689364433,-0.22313563898205757,-0.2765409690993173,-0.29909215569496156,-0.31918246547381085,-0.34165628254413605,-0.31390108168125153,-0.26017908751964569,-0.20907250543435416,-0.17505259066820145,-0.16161319116751352,-0.1768820583820343,-0.18514847755432129,-0.14983627945184708,-0.10883572697639465,-0.094822660088539124,-0.15778793394565582,-0.20079637318849564,-0.26756863296031952,-0.30053909122943878,-0.32941877841949463,-0.28342939913272858,-0.23152086883783341,0.0,-0.12379304319620132,-0.0697077214717865,-0.086687862873077393,-0.1000312827527523,-0.085155144333839416,-0.08606419712305069,-0.091217983514070511,-0.10706606134772301,-0.13065966963768005,-0.17874120175838471,-0.18555203080177307
-0.15637617952683391,-0.15876471382730148,-0.21159113198518753,-0.2569404532512029,-0.26607540994882584,-0.23711329927811256,-0.19206777587532997,-0.19109006888336605,-0.2211126834154129,-0.24183939397335053,-0.26096419245004654,-0.30017988085746766,-0.32755430042743683,-0.301385298371315,-0.254867859184742,-0.2079010084271431,-0.1770407184958458,-0.17183950543403626,-0.18560207635164261,-0.20745463669300079,-0.17735370993614197,-0.14696961641311646,-0.135431669652462,-0.17291187743345896,-0.23205429315567017,-0.28180506825447083,-0.29078352451324463,-0.30273230373859406,-0.25198333710432053,-0.16548201441764832,-0.13490198800961176,-0.063554016873240471,0.0,-0.053262688219547272,-0.074719268828630447,-0.067864507436752319,-0.049709713086485863,-0.030100096017122269,-0.070155248045921326,-0.099042326211929321,-0.13037566095590591,-0.15603057295084
-0.19552382174879313,-0.20178117189142439,-0.22949086427688598,-0.26986208451645716,-0.29412600894769031,-0.27727360075170343,-0.2373555385404163,-0.21668084524571896,-0.22023279070854188,-0.21524403244256973,-0.24354190528392791,-0.29746025055646896,-0.33322995156049728,-0.31679663062095642,-0.26587967077891034,-0.21705500781536102,-0.20267500728368759,-0.20092288156350455,-0.20668590813875198,-0.22954174876213074,-0.20578689873218536,-0.17449921369552612,-0.15856875479221344,-0.18649379909038544,-0.24910150468349457,-0.28004571795463562,-0.29176269471645355,-0.2678668349981308,-0.20890667289495468,-0.19448466598987579,-0.11255370453000069,-0.0666605569422245,-0.044549562036991119,-0.070252977311611176,-0.050099942833185196,-0.055856416001915932,-0.027742879465222359,-0.0044437856413424015,-0.004042069660499692,-0.037921663373708725,-0.075190834701061249,-0.11385510861873627
-0.21234688460826873,-0.20755483541223738,-0.22293473221361637,-0.25212497264146805,-0.28330250510147642,-0.26839254661039874,-0.22820589894598181,-0.20760111883282661,-0.21326951895441329,-0.19990424563487372,-0.23436430469155312,-0.29203722476959226,-0.3402625799179077,-0.32360181212425232,-0.28785966336727142,-0.24489865203698477,-0.2413346990942955,-0.22924142082532248,-0.22669199109077454,-0.24952715635299683,-0.21743623912334442,-0.1766287088394165,-0.16333252936601639,-0.18616661429405212,-0.24428384751081467,-0.27320891618728638,-0.2740294486284256,-0.24259074032306671,-0.20143812149763107,-0.14860161393880844,-0.10622531548142433,-0.060290224850177765,-0.042910424992442131,-0.049010487273335457,-0.044525519013404846,-0.011647850275039673,0.020671410718932748,0.0208278838545084,0.041210148483514786,-0.0086455969139933586,-0.04493046086281538,-0.068285077810287476
-0.21280612144619227,-0.19058896880596876,-0.21526471312556947,-0.22361603952371156,-0.23425174030390653,-0.20944179743528366,-0.17921745777130127,-0.16839763522148132,-0.18809234499931335,-0.1956030031045278,-0.2420834849278132,-0.30168654024600983,-0.34105279048283893,-0.33808814485867816,-0.31064428389072418,-0.27543191115061444,-0.25857429206371307,-0.23663296302159628,-0.23242588341236115,-0.23761188983917236,-0.21501563489437103,-0.1840425506234169,-0.173084557056427,-0.17475476861000061,-0.24608292430639267,0.0,-0.26963265240192413,-0.2536989226937294,-0.23039036989212036,-0.16752294450998306,-0.13383496925234795,-0.094196058809757233,-0.058550136163830757,-0.05312696285545826,-0.049234174191951752,-0.010246747639030218,0.042001247406005859,0.072594262659549713,0.060740943998098373,0.032808482646942139,-0.00091168051585555077,-0.029980842024087906
