SouthSea_Web/demo/jsonfile/2017-12-16-14.json
{"header": {"parameterUnit":"m.s-1","parameterNumber":3,"dx":0.1,"dy":0.1,"parameterNumberName":"Northward current","la1":29.0,"la2":12.0,"parameterCategory":2,"lo2":131.0,"nx":250,"ny":171,"refTime":"2017-12-16T13:58:07.5","lo1":106.0}, "data":
[rows 95 to 113 of 171, columns 0 to 42 of 250]
-0.026432631614928443,0.081420300335719661,0.094335851569970444,0.11098096920893742,0.1589609763839028,0.19232501318821541,0.22715623014503056,0.29273785948753356,0.32537336349487306,0.33708447217941284,0.3391619473695755,0.29754288991292316,0.24438357353210449,0.1898183673620224,0.1536354124546051,0.13578826189041138,0.13103139773011208,0.15485871583223343,0.15139356255531311,0.14259414374828339,0.0,0.15077482163906097,0.14501342177391052,0.12429165467619896,0.096022339537739754,0.090787551469273031,0.064980228493611014,0.054404507648071337,0.018045246821000345,-0.039018547219590249,-0.098060179788332716,0.0,0.0,0.0,0.0,0.0,0.0,0.0,0.0,0.0,0.0,0.0,0.0
-0.10034571078722365,-0.044646818331314314,0.048187710694037378,0.11016910523176193,0.16463431309569965,0.2243669331073761,0.25143134097258252,0.298485870162646,0.33075921535491942,0.343560129404068,0.32242676615715027,0.29636485377947491,0.23866365849971771,0.0,0.19281087070703507,0.17670248448848724,0.1653909906744957,0.18334592878818512,0.18510233610868454,0.22060535351435343,0.16359748691320419,0.22639331221580505,0.19383650422096252,0.13567314793666205,0.125949726998806,0.14578642742708325,0.11935037081358862,0.044189911019971141,-0.0442858302633145,0.0,0.0,0.0,0.0,0.0,0.0,0.0,0.0,0.0,0.0,0.0,0.0,0.0,0.0
-0.22722781438267592,-0.0014337235952552874,0.0916367677350839,0.13603250309824944,0.17650955749882591,0.21054754033684731,0.2576009290558951,0.31319417059421539,0.33490018546581268,0.34129700064659119,0.32972019910812378,0.30473211407661438,0.24738297611474991,0.21424265205860138,0.19492698460817337,0.20723363012075424,0.18800047039985657,0.22780163586139679,0.25363084673881531,0.28838193416595459,0.27928074200948078,0.29638586938381195,0.25623378654321033,0.1916714119059699,0.2622957918792963,0.25858569081793442,0.016967631770411471,-0.090383923741885364,0.0,0.0,0.0,0.0,0.0,0.0,0.0,0.0,0.0,0.0,0.0,0.0,0.0,0.0,0.0
-0.087230637017637488,0.072568054414457739,0.085959236802799363,0.10823180583807138,0.1342658739198338,0.16871163887637003,0.25516886512438458,0.30657107234001157,0.32272544503211975,0.34033118188381195,0.32818077504634857,0.30219434201717377,0.26937612891197205,0.23124798387289047,0.20262534916400909,0.22693993896245956,0.24869400262832642,0.28641046583652496,0.2995438277721405,0.3237902820110321,0.33717719713846844,0.34358400603135425,0.29283814877271652,0.30764921483668412,0.37787168766513013,0.40377652705521194,0.12401336285313688,0.035011885144437351,0.0,0.0,0.0,0.0,0.0,0.0,0.0,0.0,0.0,0.0,0.0,0.0,0.0,0.0,0.0
-0.01926924962469417,0.029631774581503123,0.041145638469606637,0.050472527431945004,0.094344591349363321,0.17936249636113644,0.26499568670988083,0.30724432319402695,0.33030453324317932,0.327863410115242,0.32620897889137268,0.0,0.26313365250825882,0.23632761836051941,0.21073241531848908,0.24536972492933273,0.271501824259758,0.30713865160942078,0.33843750754992169,0.37278674046198529,0.37413790822029114,0.401592837439643,0.38948127313664083,0.44926519806568438,0.4771351795643568,0.42499398967114893,0.2117272471600036,-0.05309659599636992,0.0,0.0,0.0,0.0,0.0,0.0,0.0,0.0,0.0,0.0,0.0,0.0,0.0,0.0,0.0
0.0017889224857624089,-0.057980579178547487,0.0029574928300765651,0.018282299318040412,0.10623079103728135,0.19448624338422502,0.26220818758010866,0.29417021572589874,0.30797822773456573,0.31129322946071625,0.31454020738601685,0.3133799135684967,0.26578924059867859,0.24020723253488541,0.2307196818292141,0.28159758448600769,0.30746810138225555,0.34535151720046997,0.374139741063118,0.38016694784164429,0.42128853996594745,0.43655095317146997,0.47536844963377173,0.57938658639236729,0.61730411907900939,0.49071177710657532,0.24550072493860917,0.0,0.0,0.0,0.0,0.0,0.0,0.0,0.0,0.0,0.0,0.0,0.0,0.0,0.0,0.0,0.0
-0.14364836705119713,-0.11320799802030836,-0.003872946800234226,0.0256865456700325,0.10031378743323413,0.18047474986977047,0.24716154858469963,0.27725916355848312,0.28864321112632751,0.30111591517925262,0.30013255774974823,0.29594461619853973,0.26108855009078979,0.23970265686511993,0.27115875482559204,0.28056393563747406,0.33140005171298981,0.35412172973155975,0.39449437459309894,0.42511099576950073,0.43936827778816223,0.48697980386870249,0.55403209328651426,0.6983329368674237,0.70908741079843962,0.58011082996119245,0.27326026398835607,0.04907936230301857,0.0,0.0,0.0,0.0,0.0,0.0,0.0,0.0,0.0,0.0,0.0,0.0,0.0,0.0,0.0
-0.19380310863256456,-0.03577506891451776,0.021880456346220205,0.027128821006044745,0.081566910880307361,0.14141354709863663,0.214466392993927,0.25564180612564086,0.26515493790308636,0.28608685731887817,0.29272392392158508,0.26914756000041962,0.26203709840774536,0.25771993398666382,0.25195461511611938,0.27990762889385223,0.32280218601226807,0.38184603055318195,0.42798645297686261,0.44847199320793152,0.47236452996730804,0.54461472375052311,0.67013530333836868,0.77166399240493777,0.73972363471984859,0.70236523097211667,0.37362081784433521,0.18842016741089612,0.0,0.0,0.0,0.0,0.0,0.0,0.0,0.0,0.0,0.0,0.0,0.0,0.0,0.0,0.0
-0.092412180081009862,0.023915038866873243,0.046465943966593058,0.030039522331207991,0.054368961788713935,0.11025214857525295,0.17396254198891775,0.22436162233352661,0.24339591339230537,0.26198785503705341,0.281094233194987,0.27211402356624603,0.26226991415023804,0.25797982513904572,0.24790531396865845,0.28247448801994324,0.31219327449798584,0.39397931098937988,0.40500473976135254,0.44437216718991596,0.50792503356933594,0.59236240386962891,0.71880993578169083,0.846675571941194,0.74039751291275024,0.78942993846204546,0.42575950077601843,0.28324996897329885,0.0,0.0,0.0,0.0,0.0,0.0,0.0,0.0,0.0,0.0,0.0,0.0,0.0,0.0,-0.061253964900970459
-0.01589541859258051,0.052560543951888881,0.0576425948076778,0.033073487225919962,0.014778171754317424,0.064627761021256447,0.1297498701347245,0.20322599075734615,0.2106494108835856,0.24021195868651071,0.25238417088985443,0.25594291836023331,0.26267970601717633,0.25021488219499588,0.23721161484718323,0.28142811357975006,0.31088298559188843,0.37429776787757874,0.38864137232303619,0.44491097331047058,0.49765564997990924,0.60809297859668732,0.72196521361668908,0.90325981692263957,0.85727310553193092,0.82611070791880292,0.694932334640491,0.39030540209602227,0.0,0.0,0.0,0.0,0.0,0.0,0.0,0.0,0.0,0.0,0.0,0.0,0.0,-0.052462886087596416,0.01078778287885877
0.051092447634681917,0.07520064135037717,0.055395471751689913,0.045899220556020734,0.015436868431667488,0.023976531832401331,0.065390172228217122,0.18435459997918871,0.18401862184206644,0.2309883733590444,0.20695321758588156,0.23597634583711624,0.24861343204975128,0.24571263790130615,0.2185216099023819,0.26286245882511139,0.31227624416351318,0.34985804557800293,0.3788917064666748,0.44137194752693176,0.48715998232364655,0.583299744129181,0.69040160179138188,0.79400022213275612,0.83006703582676977,0.85426439699672518,0.810306686527875,0.50922015279768007,0.13415497877905447,0.0,0.0,0.0,0.0,0.0,0.0,0.0,0.0,0.0,0.0,0.0,0.0,-0.070652129936670527,-0.0274426121777089
0.030732341647112311,0.0636151295983129,0.057960101281819137,0.07495780697181112,0.055875166564395555,0.0061059501131239813,0.010696203083110352,0.16414206922054292,0.13636884745210409,0.18900657445192337,0.17500679939985275,0.21046831458806992,0.23717378824949265,0.25564005970954895,0.20948227494955063,0.21843665838241577,0.28447699546813965,0.34050381183624268,0.36384166777133942,0.39051258563995361,0.44043072064717609,0.51324518769979477,0.62751750151316321,0.64303546292441227,0.66082009077072146,0.66627894206480542,0.695695490709373,0.559891940104334,0.30355420838240788,0.16154781571492646,0.086498377416370759,0.030274584270294079,0.0,0.0,0.0,0.0,0.0,-0.0669075862637588,-0.0070580097554191279,-0.018961839392522023,-0.062972996492778335,-0.0513615767551784,-0.12158896540138421
-0.028381657126980524,-0.0027804162790154487,0.048479416899383065,0.1048271563546411,0.068559527836946979,0.027699886349182634,-0.0051511036252359982,0.10509215812716219,0.12451752151052158,0.13832404762506484,0.15033852458000183,0.19038791954517365,0.21607933938503265,0.23419331510861716,0.20745701591173807,0.21413491666316986,0.28796842694282532,0.32296273112297058,0.35250186920166016,0.37086629867553711,0.38986054062843323,0.43129576742649078,0.5080703695615133,0.5063460270563761,0.53305395775371123,0.52640145818392436,0.52478700769799091,0.53769695535302164,0.43483735645403626,0.23536787182092667,0.15545186570708233,0.14845382194467108,0.037713955034675117,0.050942494318412079,0.039610079926403037,0.0014649901158091698,0.0,-0.019137944180948871,0.026259606728785041,-0.0030823369521636853,-0.10627992881180497,-0.19195483551143458,-0.22925440091325239
0.0,-0.016433704644441605,0.058109509365247752,0.10900479562763797,0.083991663958117066,0.030389840172332091,0.024183479927160079,0.057459264139955245,0.099483473942830011,0.082920335647132665,0.12472338974475861,0.16010102132956186,0.18382932245731354,0.19982008635997772,0.20614506304264069,0.17962610721588135,0.20643697679042816,0.28412704169750214,0.292357973754406,0.33406223356723785,0.34388045221567154,0.36214950680732727,0.41370269656181335,0.40531335274378461,0.43155936896800995,0.41819567978382111,0.41215184118066517,0.39857867040804457,0.3428656220436096,0.26604705516781124,0.21013674166585719,0.1741872726233451,0.13881896086968482,0.1702987568146766,0.12769367032083687,0.024410727267672634,-0.021530417624002908,-0.021098466261679751,0.013748953414171027,-0.0071100570836512052,-0.10814786808646992,-0.17238158904050996,-0.29415281976929947
0.0,0.0,0.0,0.010048751554796067,0.036465893752307278,0.20974370388349223,0.014963041372676292,0.068221927545363867,0.040491681867826951,0.020845148790006835,0.082345460355281827,0.12617435865104199,0.13924404978752136,0.17576640844345093,0.18377315998077393,0.15226973593235016,0.19715565939744315,0.24358649055163065,0.24990308284759522,0.27432948350906372,0.2815372496843338,0.31172774235407513,0.36220163106918335,0.38503283262252808,0.40356725454330444,0.40798607468605042,0.38130969471401638,0.34861293009349276,0.31326358375095187,0.26450527727603912,0.20004554837942123,0.16996596705528996,0.15777084231376648,0.18176149865802455,0.13548959933898666,0.020324013124789216,0.016034653373192483,0.025450764863768356,-0.012496080534581832,-0.01632092425518656,-0.080548106684141058,-0.24710784408739742,-0.27607202878858472
0.0,0.0,0.0,0.0,0.049617604662974678,0.18461132990141885,0.1436608910369086,0.0272673628000447,-0.028549178057194997,-0.0068219019876172146,0.036290599964559078,0.074154451489448547,0.098805330693721771,0.12115338444709778,0.1489497646689415,0.14729152619838715,0.15820100158452988,0.1882098987698555,0.20167354245980582,0.21647505958875021,0.22955481708049774,0.24799218773841858,0.3058396577835083,0.34310293197631836,0.35039364298184711,0.37817485630512238,0.3682698706785838,0.35918636322021485,0.33962965259949368,0.29518149154526846,0.217202038400703,0.17992381986818815,0.22702209133168924,0.22973212464289231,0.078620647124591325,-0.1211778052489866,-0.0046506470302119848,0.10368336278658646,0.016486055190266663,-0.050301357699566854,-0.090233459287809792,-0.16394260519813644,-0.24940799205459682
0.0,0.0,0.0,0.0,-0.028942191321402789,0.10654973024527889,0.1680909912643391,-0.027433250963344778,-0.025347300893627106,-0.030317668286928286,-0.028374216646294702,0.020484649379795883,0.061463505029678345,0.067433819174766541,0.10358728468418121,0.12042532861232758,0.12735008448362351,0.16478680570920309,0.18861080209414163,0.20393774906794229,0.20910552144050598,0.23089361687501273,0.25357642173767092,0.29634759823481244,0.35029500722885132,0.34487003087997437,0.35886540512243909,0.35867069164911908,0.31940137781202793,0.24913708120584488,0.24076115978615625,0.28828000426292422,0.27256255100170773,0.16624013235171636,0.017883487710995332,-0.044885400217026472,0.049298409248391788,0.11186182040434617,0.012893919423020081,-0.089869469266246865,-0.13376234074433643,-0.14670060286598821,-0.2460135881012008
0.0,0.0,0.0,0.0,-0.11325079761445522,0.080132715509669786,0.11022571474313736,0.022209120703337248,-0.013334681671112776,-0.074437073642565382,-0.08485475555062294,-0.028467683237977326,0.01361794009183844,0.023909755982458591,0.044700057556231819,0.092769684890906021,0.10149222860733669,0.1298891007900238,0.15800108388066292,0.18193073570728302,0.18766612187027931,0.19784219563007355,0.22942186892032623,0.26967938542366027,0.30133981506029767,0.33105885982513428,0.31683884859085082,0.334518368045489,0.30155601724982262,0.22784677147865295,0.31422184035182,0.30433721691370008,0.23811447078531439,0.18089730872048271,0.0889155836775899,0.069184582680463791,0.058609497422973313,0.0863232895731926,0.026290161273209378,-0.075400989192227527,-0.16405579749796842,-0.25058812541621073,-0.3044634689887365
0.0,0.0,0.0,0.0,0.041098239537880776,0.031328225844219085,0.046659535256726024,0.041977257068113734,-0.015857612217466035,-0.070464958392438437,-0.099788274202081889,-0.048907886617458783,-0.03110147372353822,0.0041075847499693436,0.012670520693063736,0.048012417430679,0.071281583358844117,0.10272862265507381,0.13562764724095663,0.13680644581715265,0.1378701776266098,0.14735106229782105,0.17289907112717629,0.20750390738248825,0.2453801453113556,0.26257313787937164,0.29309257268905642,0.33126368522644045,0.29195627144404818,0.28781409348760334,0.36973467469215393,0.26841790974140167,0.20065608620643616,0.19631305124078477,0.14933597110211849,0.095550798944064555,0.07296878844499588,0.086939589430888489,0.013226597823879936,-0.088883306582768759,-0.21560481449832086,-0.36420373978285953,-0.35262265801429749
