SouthSea_Web/demo/jsonfile/2017-12-16-23.json
{"header": {"parameterUnit":"m.s-1","parameterNumber":2,"dx":0.1,"dy":0.1,"parameterNumberName":"Eastward current","la1":29.0,"la2":12.0,"parameterCategory":2,"lo2":131.0,"nx":250,"ny":171,"refTime":"2017-12-16T22:58:07.5","lo1":106.0}, "data":
[rows 114 to 132 of 171, columns 84 to 125 of 250]
-0.23678865532080332,-0.22882930437723795,-0.23481869200865427,-0.24339671929677328,-0.25937610864639282,-0.26386585831642151,-0.23747997358441353,-0.235338826974233,-0.2470872737467289,-0.27573156356811523,-0.30646912753582,-0.34084610144297284,-0.38027875125408173,-0.40486593544483185,-0.4418683648109436,-0.47840045889218646,-0.52679342031478882,-0.54942461848258972,0.0,-0.53558472792307532,-0.48791053891181946,-0.44276393949985504,-0.386426717042923,-0.34648002684116364,0.0,-0.34231036901474,-0.35831549763679504,-0.34900523722171783,-0.35958689451217651,-0.3706270158290863,0.0,-0.40740397572517395,-0.38644346594810486,0.0,-0.3342089056968689,-0.30809633433818817,-0.30245967209339142,-0.30351278185844421,-0.29260772466659546,-0.28044131398200989,-0.28059481084346771,-0.27220554649829865
-0.24670495465397835,-0.24866560598214468,-0.2589718798796336,-0.26726231972376507,-0.29391608387231827,-0.31262461096048355,-0.30657262206077573,-0.27071829736232755,-0.26965864499409992,-0.2929678797721863,-0.32024934887886047,-0.35306743780771893,-0.37003659208615619,-0.40239632129669189,-0.42660190165042877,-0.46463802456855774,-0.50656586885452271,-0.54937037825584412,-0.56866621971130371,-0.55595660209655762,-0.51808509230613708,-0.46602016687393188,-0.43372456729412079,-0.39778995513916016,-0.37932398915290833,-0.36318141222000122,0.0,-0.37133549153804779,0.0,-0.39032734930515289,-0.41454204916954041,-0.43364162743091583,-0.42172227799892426,-0.38992705941200256,-0.33799824118614197,0.0,-0.30818870663642883,-0.29935964941978455,-0.23937661945819855,-0.20915425568819046,-0.19692603498697281,-0.22111953794956207
-0.24050626158714294,-0.26453181107838947,-0.28643408914407092,-0.32461748123168943,-0.35153281688690186,-0.37006565332412722,-0.37177728861570358,-0.334071584045887,-0.30886644124984741,-0.30826243013143539,-0.32009401917457581,-0.35071855783462524,-0.36949619650840759,-0.377665239572525,-0.40093936026096344,-0.42991131544113159,-0.47763434052467346,-0.55584812164306641,-0.58060672879219055,-0.57494384050369263,-0.56608486175537109,-0.4981130063533783,0.0,-0.42057913541793823,-0.40264329314231873,-0.39126214385032654,-0.38542142510414124,0.0,-0.3938392698764801,-0.41475459933280945,-0.42975977063179016,-0.44198110699653625,-0.41953223943710327,-0.39267909526824951,-0.34903854131698608,-0.32913726568222046,-0.29569034278392792,-0.27850684523582458,-0.23492734134197235,-0.16877725720405579,-0.14806035161018372,-0.21912102401256561
-0.21307589709758759,-0.24562803283333778,-0.28728380799293518,-0.34351833909749985,-0.39104230205218,-0.38420198112726212,-0.36917596459388735,-0.3441160976886749,-0.31211642026901243,-0.29122821986675262,-0.29448433717091876,-0.31895099580287933,-0.33301800489425659,-0.35307672619819641,-0.37684054176012677,-0.41333408653736114,-0.48306223750114441,-0.53460597991943359,-0.55888557434082031,-0.58607789874076843,-0.56230378150939941,-0.548194944858551,-0.49852657318115234,-0.45480832457542419,-0.423907607793808,-0.40447092056274414,-0.40506958961486816,-0.40031978487968445,-0.39820384979248047,0.0,-0.42998373508453369,-0.43537962436676025,-0.42189642786979675,-0.3749011754989624,0.0,-0.32080294191837311,0.0,-0.2594011127948761,-0.23799659311771393,-0.19812493026256561,-0.16252972930669785,-0.24338692426681519
-0.2235255166888237,-0.26048719286918642,-0.2874466121196747,-0.35309454301993054,-0.40297076106071472,-0.38824537992477415,-0.35691439360380173,-0.33801882962385815,-0.32076484709978104,-0.28361345082521439,-0.25670298561453819,-0.26997432112693787,-0.28038869053125381,-0.31968814879655838,-0.35115750133991241,-0.38384070992469788,-0.43810257315635681,-0.50010055303573608,0.0,-0.56015941500663757,-0.57627254724502563,-0.5588952898979187,-0.52371522784233093,-0.48433937132358551,-0.43876761198043823,-0.41140858829021454,-0.4051688015460968,-0.40202715992927551,-0.40358266234397888,-0.41372790932655334,0.0,-0.424388587474823,-0.40115949511528015,-0.36751040816307068,-0.34490755200386047,-0.31289060413837433,-0.30151814222335815,-0.2946261465549469,-0.28873255848884583,-0.23419331014156342,-0.20052386820316315,-0.23312735557556152
-0.2960221916437149,-0.31408720463514328,-0.32738590737183887,-0.36088640987873077,-0.4009661078453064,-0.41023582220077515,-0.38326094547907513,-0.33812171965837479,-0.29755269487698871,-0.26980486884713173,-0.2419506162405014,-0.21558069065213203,-0.22935542464256287,-0.2773263355096181,-0.30069138606389362,-0.33241160213947296,-0.39479473233222961,-0.44152793288230896,-0.50097408890724182,-0.47877919673919678,-0.53481090068817139,-0.54200601577758789,-0.52387124300003052,-0.49896863102912903,-0.44993701577186584,-0.42281782627105713,0.0,-0.39894266426563263,-0.39546492695808411,-0.40563103556632996,-0.4181363582611084,-0.40835264325141907,-0.38546410202980042,-0.343713715672493,-0.31883883476257324,0.0,-0.29732811450958252,-0.28253248333930969,-0.31198403239250183,-0.28693106770515442,-0.24238508939743042,-0.27780896425247192
-0.35613862105778288,-0.34297476708889008,-0.31975119560956955,-0.34155926108360291,-0.38490530351797742,-0.37311338384946185,-0.33922333021958667,-0.29618361592292786,-0.254938143491745,-0.23151192963123321,-0.21382806077599526,-0.19221308082342148,-0.19799513518810272,-0.22932180762290955,-0.26645457744598389,-0.30130942165851593,-0.341580331325531,-0.37852129340171814,-0.42268991470336914,-0.4795650839805603,-0.46553787589073181,-0.49785947799682617,0.0,-0.49619895219802856,-0.45855870842933655,-0.42311015725135803,-0.4008413553237915,0.0,-0.3920072615146637,-0.39698529243469238,-0.40215644240379333,-0.38829237222671509,-0.35831648111343384,-0.33251750469207764,-0.29430150985717773,-0.30588421225547791,-0.28791201114654541,-0.29477465152740479,-0.30873873829841614,-0.32657952606678009,-0.31156907975673676,-0.30806231498718262
-0.3554857075214386,-0.35240734900747028,-0.33067320783933,-0.35438553988933563,-0.39216592907905579,-0.401177316904068,-0.359446610723223,-0.29969278829438345,-0.25653785467147827,-0.22539611756801606,-0.20463343262672423,-0.18860948830842972,-0.19088690727949143,-0.21568108598391214,-0.24961256980895996,-0.23916864395141602,-0.27007587254047394,-0.31382891535758972,-0.35153794288635254,-0.40054768323898315,-0.4357609748840332,-0.4383709728717804,-0.48540587723255157,-0.49094128608703613,-0.45768669247627258,-0.42113310098648071,-0.40376150608062744,-0.39146995544433594,-0.37383857369422913,-0.37800464034080505,-0.37279941141605377,-0.35299527645111084,0.0,-0.32906992733478546,0.0,-0.28950047492980957,-0.27204212546348572,-0.26287397742271423,-0.28316552937030792,-0.31384965777397156,-0.33263835310935974,-0.34014859795570374
-0.375534541077084,-0.38554079333941144,-0.38225583235422772,-0.375353346268336,-0.38870122283697128,-0.42357839147249859,-0.41815185546875,-0.34488643407821656,-0.29054088890552521,-0.25080940127372742,-0.22591383010149002,-0.21456386744976044,-0.20893197134137154,-0.21317605177561441,-0.22009185453255972,-0.23318077623844147,-0.22915798425674439,-0.23754528164863586,-0.29146444797515869,-0.36641258001327515,-0.36459177732467651,-0.41708272695541382,-0.42640969157218933,-0.45756661891937256,-0.45206859707832336,-0.42612801492214203,-0.38560149073600769,-0.37939471006393433,0.0,-0.36049826443195343,-0.34894871711730957,-0.3343559205532074,-0.3443901538848877,-0.32328340411186218,-0.29411508142948151,0.0,-0.2555103674530983,-0.24230089783668518,0.0,-0.30063289403915405,-0.33671726286411285,-0.35828453302383423
-0.47267076745629311,-0.43350403755903244,-0.39027896523475647,-0.34706002473831177,-0.3481636709637112,-0.41453940102032255,-0.4462946318089962,-0.41799840756825041,-0.36758802831172943,-0.30461418032646181,-0.27800986170768738,-0.24492179850737253,-0.2214934229850769,-0.2291337177157402,-0.22995520383119583,-0.21623555570840836,-0.21431837975978851,-0.2243245542049408,-0.24434914439916611,-0.25907734036445618,-0.34193110466003418,-0.33958101272583008,-0.39522069692611694,0.0,-0.4201725572347641,0.0,-0.38788604736328125,-0.36534398794174194,-0.35419847071170807,0.0,-0.33310319483280182,0.0,-0.33962997794151306,-0.32880944013595581,0.0,-0.26922152936458588,0.0,-0.21438458561897278,-0.22382557392120361,-0.27727226912975311,-0.34248983860015869,-0.37623873353004456
-0.58983057737350464,-0.53768072074109863,-0.45967435538768769,-0.37875961444594641,-0.36731411019961041,-0.38231999013159013,-0.42553349956870079,-0.45098164305090904,-0.42543485760688782,-0.39035434275865555,-0.32484079400698346,-0.28379496932029724,-0.28078523278236389,-0.26022738218307495,-0.25187903642654419,-0.23899328708648682,-0.22531871497631073,-0.21935924887657166,-0.21506284922361374,-0.23977434635162354,-0.23030583560466766,-0.29544463753700256,-0.28862068057060242,-0.35864000022411346,0.0,-0.38028055429458618,-0.350963830947876,-0.35496935248374939,0.0,-0.33482047915458679,-0.31294563412666321,0.0,-0.30763839185237885,-0.29664880037307739,-0.31072640419006348,-0.26682460308074951,-0.22701545059680939,-0.21825702488422394,-0.20332301408052445,-0.22405964881181717,-0.25924116373062134,-0.31955030560493469
-0.71219548086325324,-0.67732478039605282,-0.60602636337280269,-0.51253579131194527,-0.45151104331016539,-0.40640928844610852,-0.40661024674773216,-0.43821288432393757,-0.45761531591415405,-0.424141526222229,-0.3680017391840617,-0.33609416087468463,-0.31171207129955292,-0.30836756527423859,-0.26144396513700485,0.0,-0.25881107151508331,-0.22747263312339783,-0.21178217232227325,0.0,-0.20740874111652374,0.0,-0.2511894702911377,-0.24882008135318756,-0.30053579807281494,0.0,-0.34967374801635742,-0.35168221592903137,0.0,-0.33573219180107117,-0.29503777623176575,-0.30579182505607605,-0.28177249431610107,0.0,-0.27774310111999512,-0.25392711162567139,-0.22310000658035278,0.0,-0.20129908621311188,-0.21224850416183472,0.0,-0.2448103278875351
-0.7712373018264771,-0.78877561825972342,-0.75684274832407639,-0.61953520774841309,-0.52295861442883806,-0.44825260914289033,-0.41965218002979571,-0.40649846858448452,-0.40063026547431946,-0.37440377970536548,-0.36142562826474506,-0.34595202406247455,-0.33507883548736572,0.0,-0.31613767147064209,-0.28188353776931763,-0.25382664799690247,0.0,-0.20770028233528137,-0.19651824235916138,0.0,-0.191761314868927,0.0,-0.20782677829265595,-0.22161303460597992,-0.30048313736915588,-0.30679652094841003,0.0,-0.35767337679862976,-0.33833685517311096,0.0,-0.29384961724281311,-0.26894626021385193,-0.26669728755950928,0.0,0.0,-0.22911255806684494,-0.21705558896064758,-0.21088400483131409,-0.20678620040416718,-0.22053559869527817,-0.24589811265468597
-0.61179488438826346,-0.67839647616658894,-0.66208640592438839,-0.6567852539675576,-0.572817716995875,-0.48872965361390797,-0.39614730221884592,-0.34150999784469604,-0.27285001054406166,-0.26488359272480011,-0.30148735642433167,-0.3336467444896698,-0.33252966403961182,-0.33829542994499207,-0.32198226451873779,0.0,-0.2776416689157486,-0.22221264243125916,-0.17908236384391785,-0.1771940290927887,-0.158359095454216,-0.15955354273319244,-0.16739362478256226,0.0,-0.21039153635501862,-0.24437180161476135,0.0,-0.33044743537902832,0.0,-0.34017714858055115,-0.29203486442565918,0.0,-0.26487460732460022,0.0,-0.24885112047195435,-0.22915050387382507,-0.22476786375045776,-0.2210516557097435,-0.23579342663288117,0.0,-0.23889584839344025,-0.25141987204551697
-0.51147988811135292,-0.53173752980572841,-0.57074048885932338,-0.58984197561557472,-0.50298013857432777,-0.34643776714801788,-0.18557595248733247,-0.13056704786916573,-0.11131345379081639,-0.16760579922369548,-0.23746058344841003,-0.28279832005500793,-0.29794259369373322,-0.31526228785514832,-0.31577447056770325,-0.29642459750175476,0.0,-0.24144299328327179,0.0,-0.17610945552587509,0.0,-0.14941771328449249,0.0,-0.15387706458568573,-0.1595311313867569,0.0,-0.24818651378154755,-0.30795091390609741,0.0,-0.33089032769203186,0.0,-0.29886400699615479,-0.27304667234420776,0.0,-0.23592019081115723,0.0,-0.215880885720253,0.0,-0.24706146866083145,-0.24409754574298859,-0.26189394295215607,-0.27091842889785767
-0.42455833156903583,-0.429675355553627,-0.50761926174163818,-0.60569482545057929,-0.49120029348593491,-0.25366788676806856,-0.074830409937671247,-0.015281924931817533,-0.028187736765378051,-0.0968658197671175,-0.16230645775794983,-0.2198985368013382,-0.25688403844833374,-0.27216455340385437,-0.28959017992019653,-0.28563128411769867,-0.25829112529754639,0.0,-0.21839217841625214,0.0,-0.17347538471221924,-0.18004551529884338,-0.13961143791675568,0.0,-0.15497855842113495,-0.17714361846446991,0.0,-0.28130713105201721,0.0,-0.33995488286018372,-0.30320629477500916,0.0,0.0,-0.28405746817588806,-0.23880274593830109,0.0,-0.22304746508598328,-0.24293282628059387,0.0,-0.26312795281410217,-0.29063582420349121,-0.29719236493110657
-0.42125997160162243,-0.45040691111768993,-0.50004267692565918,-0.39812006588493076,-0.20614584581926465,-0.15200043270985286,-0.063734432825675383,-0.0809926966826121,-0.075691044330596924,-0.085244460403919226,-0.12145786732435226,-0.16749626398086548,-0.20853928476572037,-0.24337025731801987,-0.26580171287059784,-0.2783223092556,-0.28303661942481995,0.0,-0.23240573704242706,-0.2414969801902771,0.0,-0.1856251060962677,-0.13612201809883118,-0.12874568998813629,0.0,0.0,-0.18331904709339142,-0.20041108131408691,-0.27980616688728333,0.0,0.0,-0.32262277603149414,-0.29101628065109253,0.0,0.0,-0.22896358370780945,-0.22615607082843781,-0.26992210745811462,-0.27140870690345764,-0.30222263932228088,-0.31150119006633759,-0.31145754456520081
-0.46656155586242676,-0.41748829824583872,-0.34494860370953878,-0.2144103976232665,-0.059227277233731,-0.036557580487659343,-0.04033715339998404,-0.05776403807103634,-0.078567694872617722,-0.098128855228424072,-0.12554410472512245,-0.15984280407428742,-0.20701372623443604,-0.23450987040996552,-0.25750625133514404,0.0,-0.28143152594566345,-0.28129300475120544,-0.28231436014175415,-0.2682766318321228,-0.27389070391654968,0.0,-0.17937585711479187,0.0,-0.13571418821811676,-0.1530260443687439,0.0,-0.20146985352039337,0.0,-0.27130492031574249,0.0,-0.30847865343093872,-0.31536418199539185,-0.28492197394371033,-0.24436599016189575,-0.23918350040912628,-0.23982194066047669,0.0,-0.28808015584945679,-0.3173956573009491,-0.33806963264942169,-0.32842972874641418
-0.51065460764444792,-0.47946253944845763,-0.45088648597399394,-0.27021528283754986,-0.0704795288454209,-0.031899646999171145,-0.043941017240285873,-0.051550705606738724,-0.069254127331078053,-0.10561748594045639,-0.13513895869255066,0.0,-0.18100146949291229,-0.21135355532169342,-0.24007303267717361,-0.25843128561973572,0.0,-0.30814597010612488,-0.31266188621520996,0.0,-0.27291026711463928,0.0,-0.17873270809650421,-0.177982360124588,0.0,-0.14927679300308228,0.0,-0.166571244597435,0.0,0.0,-0.26264587044715881,-0.29588603973388672,0.0,0.0,-0.267744243144989,-0.23119226098060608,-0.25331437587738037,-0.280227392911911,-0.29680198431015015,-0.32074221968650818,-0.33843803405761719,-0.33210054039955139
