SouthSea_Web/demo/jsonfile/2017-12-15-09.json
{"header": {"parameterUnit":"m.s-1","parameterNumber":3,"dx":0.1,"dy":0.1,"parameterNumberName":"Northward current","la1":29.0,"la2":12.0,"parameterCategory":2,"lo2":131.0,"nx":250,"ny":171,"refTime":"2017-12-15T09:00:00","lo1":106.0}, "data":
[rows 76 to 94 of 171, columns 129 to 171 of 250]
-0.076070034078189311,-0.053623331178511889,0.024477882177702019,0.075497000877346315,0.085517799215657372,0.072541765868663788,0.0695736300200224,0.085357504231589179,0.10411490201950073,0.12444202415645123,0.10818664133548736,0.094154019840061665,0.094258747249841693,0.059892886007825531,-0.015850635607681136,-0.10530679201816812,-0.16882910501015813,-0.1325569706823444,-0.021626739195198752,0.037785500769728218,0.11568245612498787,0.22479127030129786,0.30207053047639354,0.38787616068317043,0.566398446376507,0.45974034816026688,0.2978484162262508,0.21685783523652288,0.33668787564550129,0.46665794001175809,0.5614023432135582,0.4460108668907829,0.30444146828217938,0.21155363023281099,0.20141724571585656,0.21313701238897112,0.18765352228108576,0.12200854012840673,0.028368295604983964,-0.0678391071200809,-0.12290531117469072,-0.1290975296869874,-0.148118080837386
-0.030377674182610854,-0.016352936625480652,0.039397176458603807,0.082479900121688848,0.080521161357561752,0.075388060675727,0.070778103545308113,0.078653772361576557,0.11583589110523462,0.12575364775127834,0.098522166411081954,0.070308633976512491,0.047757553681731221,0.00091902957333681674,-0.059311970602720976,-0.10644896592323978,-0.074516699624885066,0.0991208933271645,0.32574081895026291,0.39114406270285446,0.42431497077147168,0.40966359332755758,0.36286912918090819,0.43120970924695334,0.476083359370629,0.346907713898906,0.22687831707298756,0.136631344844188,0.31066222764827589,0.53614208433363175,0.65365088837487362,0.48501842379570009,0.34861823543906212,0.27218329459428786,0.2174376022248041,0.20526854528321159,0.20095426393182655,0.16892742628560348,0.068493141303770239,-0.035951568796816796,-0.11473644028107326,-0.147015637585095,-0.16954207420349121
-0.010968957695045642,-0.013445836491882801,0.012354685608962817,0.042008774621146064,0.055000939716895424,0.067463682343562439,0.065118088386952877,0.065557410674435754,0.09392396892820086,0.092888211831450462,0.050571260740980506,-0.0013150549028068781,-0.015588640261234509,-0.061113533460431628,-0.05534246334662804,0.0530764856521273,0.17132546350031214,0.36852906170216476,0.48771257201830548,0.50386107082550347,0.54690713405609126,0.54921117921670282,0.51252436867127049,0.46091846444390039,0.30520614564418791,0.12472500702590748,0.0052694498423348978,0.012532640473052328,0.28476462375234673,0.635212202484791,0.717354553086417,0.53157944560050963,0.38291213413079578,0.30012869089841843,0.21327327901408785,0.17317463102794828,0.15757487528026104,0.1312104808656793,0.052683869318570942,-0.030157794573289508,-0.0691272068549605,-0.14168813731521368,-0.16189868748188019
0.031441019661724565,0.0046950656833359972,0.0026967975136358291,0.020639377513102124,0.0325511417662104,0.0508919358253479,0.050078042472402252,0.045132812578231096,0.034740024158963934,0.021935229562222956,-0.024798674392513931,-0.078967636451125145,-0.083912671026256352,-0.063196931461182729,0.040778767255445318,0.18615431040525438,0.39346329867839813,0.5325107589364052,0.49946876732926621,0.52508499829665478,0.5972541996410915,0.67985808636460987,0.68750819793114293,0.51120877784231433,0.23098888874053955,0.051543136620894076,-0.13600848189422063,-0.12846125377711423,0.2489308150214774,0.691946291923523,0.71810943910053793,0.59259203692962381,0.39535008072853089,0.31720144748687745,0.21588442247846854,0.13022502795571372,0.10393221266567707,0.07015822380781174,0.028735898753726168,-0.000833012506037074,-0.041839774369316941,-0.11024642309972219,-0.1571100726723671
0.057984320074319841,0.03292588579157988,0.014743747732912501,0.0034607520751056393,0.0010004131389515741,0.02043522136019809,0.012980206124484538,-0.011841628633971726,-0.050488270287002833,-0.07169557549059391,-0.098764182378848389,-0.14339940696954728,-0.15119532048702239,-0.023408529651351272,0.13260175746220809,0.2606009910504023,0.47201995906375704,0.52624654068666343,0.5120266199111938,0.55553595044396142,0.63336821079254146,0.76187574118375778,0.81904082114879906,0.58363602506486989,0.26438445349534351,0.044855951937885642,-0.14292146913983203,-0.16507098873456319,0.23973147305386031,0.63549323515458545,0.74541589286592269,0.64612861474355066,0.41540662800112077,0.29093773406127404,0.19281555294990541,0.081623734501392944,0.039332366082817316,0.030783606502650815,-0.021098731386968318,-0.040844352425713291,-0.037786900376280151,-0.11509489128366113,-0.15789786300488881
0.041716440813615918,0.036062851315364242,0.021884061919990927,0.0037117921580959645,-0.01178147604999443,-0.0095280710873859274,-0.015619108201159785,-0.077132873237133026,-0.11595851679642995,-0.16057023108005525,-0.17899938566344126,-0.20411351695656776,-0.17308600544929503,-0.010640699183568358,0.14649996161460877,0.29172025720278422,0.41358258761465549,0.45182722948846366,0.54807652980089183,0.58881383389234543,0.65686200346265522,0.8582033937176069,0.84883070510366687,0.61509458082062862,0.31857807636260987,0.079795080547531441,-0.17687746223348838,-0.25802942248992622,0.0256178339215694,0.49986183315010396,0.86619770107134964,0.66377390921115875,0.38998335073975954,0.26734572032402304,0.18256105363368988,0.056634096301753416,-0.01947118295609708,-0.024534876161487772,-0.059278731441332236,-0.039842797059784919,-0.048431215051095933,-0.13996760281068937,-0.16120823845267296
0.01527610196111103,0.036439060337013669,0.0453653470095661,0.031374027428682894,0.0012381080804126604,-0.01152595910631741,-0.041245644679293036,-0.10166758423050244,-0.16195056906768254,-0.20412222295999527,-0.23920054361224175,-0.22699105143547058,-0.15997658918301264,-0.00964637224872907,0.10303000795344512,0.23126020530859628,0.34569213320227232,0.46885913279321456,0.5965120546958026,0.6075021908396766,0.69034995482518124,0.84540407813113672,0.83801639318466181,0.59972390921219532,0.35838744938373568,0.11235878180461721,-0.11005432642663696,-0.1126753363095111,0.064795981681741333,0.14090707188726584,0.56445152126252651,0.5622365931247143,0.36538928832326617,0.2667920728524526,0.21335895249137171,0.078349317567279711,-0.037149118870729581,-0.073966248705983159,-0.0904527980656851,-0.0450492396362518,-0.067515332909191358,-0.157735954110439,-0.18819029877583185
0.060356206493452191,0.10293456858822278,0.13006419191757837,0.106111245850722,0.060235797560640743,0.020582012638139229,-0.023081226361682639,-0.08875119686126709,-0.14625495113432407,-0.21816855669021606,-0.2452593520283699,-0.22037747005621591,-0.16064733763535818,-0.048469535633921625,0.085276734083890915,0.21981674184401831,0.33970680145116955,0.55762530074400063,0.63150011830859709,0.62279033377057025,0.71454193281090783,0.76648958027362823,0.67511600918240022,0.49642780829559674,0.29049065031788568,0.12387705545710481,0.029607908484259888,0.078613478720428481,0.2141690452424985,-0.20621535544063938,0.10098273581693761,0.37998098394145136,0.35613112230049937,0.27188686793670058,0.21634147795183317,0.10721705743560085,-0.028121912197786429,-0.094494788419632686,-0.12760491708391591,-0.086086878677209225,-0.0917948268353939,-0.18777498205502827,-0.21921383713682494
0.13897821520056045,0.16555627683798471,0.19231387414038181,0.17227168940007687,0.11578889812032382,0.053739782888442278,-0.0026158732362091541,-0.072855350250999137,-0.15625296235084535,-0.22203695774078369,-0.25467537343502045,-0.22430377826094627,-0.13857155293226242,-0.088736027479171753,0.0086597868241369731,0.14567870443517511,0.3228476772705714,0.585490083694458,0.57741462290287016,0.58712379932403569,0.63560268439744649,0.61681345917961816,0.48350807905197146,0.35797084180208355,0.26668455846169414,0.12731506607749246,-0.014271357936585056,-0.022764144746093628,0.0031674229397381445,0.078199399645231538,0.03404829503657917,0.366646944108058,0.41148023896439129,0.268730450202437,0.15452602901495993,0.0537117081336104,-0.018851267099228648,-0.097368231720545081,-0.16410062015056609,-0.14299007174041536,-0.16194336209446192,-0.21610643771978524,-0.2392678369175304
0.18284999047006881,0.19392049738339015,0.2042554666598638,0.18491342876638686,0.12842429109982081,0.057576204339663185,-0.021420223541402567,-0.095241563394665718,-0.16251662373542786,-0.22444140911102295,-0.25126197437445325,-0.20938423275947571,-0.13897472470998765,-0.11770970746874809,-0.066027998737990853,0.0595096783246845,0.33327745172110473,0.56254842648139369,0.56049590989163045,0.54522063050951275,0.52568838406692853,0.47609102861447766,0.35879473995279382,0.25876695692539214,0.25212164968252182,0.24788290548783082,0.040889472251624932,-0.12948264481118796,-0.038627008818799539,0.11203660660858957,0.015845530325231779,0.26239238587629071,0.62006736522720707,0.25344715286523867,0.0991759737332662,0.010556551989103699,-0.034543495470037065,-0.085843340121209616,-0.18311233073472977,-0.18471005062262216,-0.20552385642248042,-0.23917975907142347,-0.24659685655073685
0.19686013247285569,0.20165623972813287,0.19639473940644944,0.17785505950450897,0.13130794039794377,0.070606027862855372,-0.024876491554702323,-0.10144366430384773,-0.15449683666229247,-0.20875687897205353,-0.22264247636000314,-0.17320600450038909,-0.12973040640354155,-0.13236220739781857,-0.12189535672465961,0.062348680260280766,0.31750762959321338,0.46232003244486725,0.48807410995165507,0.52023246884346008,0.4856886386871338,0.41811438228773035,0.29806145377781079,0.19245818516482477,0.21204216467837492,0.3382097523320805,0.32957032682566806,0.19320058410085039,0.17483763478230685,0.32095480637092677,0.29343378696125,-0.022715325198750629,0.3887349603311071,0.21566791067252289,0.0903098345734179,0.016581858327429342,-0.021616672165691853,-0.058082128282297744,-0.13047342076897622,-0.17503011489615722,-0.22288923923458373,-0.23652052382628122,-0.22457301074808295
0.20890429864327112,0.21007710446914038,0.18852145721515021,0.15907808712550572,0.15194942553838095,0.11860499034325282,0.02408812427893281,-0.0723088301718235,-0.13284767525536673,-0.17930888533592224,-0.19942964911460875,-0.17154719531536103,-0.13802971939245859,-0.15943599045276641,-0.13369238376617432,0.0071242486592382193,0.22179569091115678,0.35001587054946204,0.40806794805186136,0.52639909702188825,0.51972874289467219,0.43327970956933909,0.34716373422871466,0.28426519150917345,0.26274554256130667,0.32064829945564272,0.40871623363988152,0.3570632403716445,0.25562728131594864,0.11342105367894184,0.22439893975672198,0.0817569572606737,0.21560347634692526,0.16452187119108258,0.11633378863334656,0.03707942887334726,-0.0025998722513854182,-0.030456731051561377,-0.071521404738488947,-0.13995621399953961,-0.21175477933138609,-0.22251504872526443,-0.18793941371970707
0.23543485502401987,0.22437006731828055,0.19300644525459834,0.16628008016518184,0.18126192390918733,0.15930071969827017,0.07016714236565999,-0.042599158920347692,-0.12135444730520248,-0.15282652899622917,-0.16572429612278938,-0.16022920981049538,-0.13149851113557814,-0.15120806097984313,-0.155239500105381,-0.048645151779055595,0.16671203325192133,0.27322241829501259,0.3498557060956955,0.50443921120543234,0.54472167554654571,0.47801127245551661,0.40979273080825807,0.38759576326066797,0.33156985692355945,0.32851350748980485,0.36239358451631332,0.3977200713227777,0.44864622950553895,0.36338904878850709,0.27784166823267559,0.27740240428182816,0.22684006653726102,0.17254260795957901,0.1302983830017703,0.062307172213439586,0.0057855775282951074,-0.020888210983858221,-0.058673290624505,-0.12001518203931696,-0.18270897333111083,-0.19817624837160111,-0.15997622534632683
0.258608558348247,0.24498042166233064,0.20044928193092346,0.1864712213476499,0.20440151790777841,0.17020546197891234,0.057826603204011916,-0.042398369677054383,-0.10354064404964447,-0.1295348361134529,-0.15181950628757476,-0.12045516222715377,-0.068245486666758851,-0.076948072761297226,-0.11689722413818042,-0.082614060491323471,0.1005926113575697,0.21256005764007568,0.26104450225830078,0.42820626497268677,0.55129098892211914,0.519548624753952,0.45747112565570408,0.40079603894897131,0.3331614619209653,0.33152736599246663,0.39361139100331527,0.45456590716327938,0.39074410216228384,0.34144539918218342,0.41038068364828062,0.37301066021124524,0.28683950503667194,0.19983922597020865,0.13304810868255024,0.077705067616921877,0.016347304060631854,-0.0066026243896755788,-0.023502315915385753,-0.074240819551050663,-0.12862130602200825,-0.16138888895511627,-0.14867606488141147
0.28824558357397717,0.26148262917995452,0.22269329925378165,0.20500993430614473,0.20303257405757905,0.16290105879306793,0.048879301485915981,-0.058690599786738552,-0.0993583220988512,-0.13386729483803114,-0.14230210706591606,-0.094873890280723572,-0.01767237267146508,-0.015672038681805132,-0.049801531247794628,-0.0493463563422362,0.039201910921838133,0.13588975220918656,0.14343311158674105,0.25394887871602,0.4927859753370285,0.50235618402560556,0.42521522366083586,0.40957159638404844,0.408076096148718,0.3638981357216835,0.41031995841435026,0.49661272455906047,0.53320122857888541,0.57874820688191586,0.559282643830075,0.45023444388061762,0.39918087278642961,0.2891558605645384,0.21558156361182532,0.17345530236208881,0.083913390114903452,0.046597176896674294,0.041826230171136555,-0.0052019571594428271,-0.064932829301272116,-0.11095490363927987,-0.11471301938096683
0.28922829777002335,0.25909031501838137,0.22832657396793366,0.20892327030499777,0.17646810660759607,0.10546491046746571,0.011721869837492705,-0.069663002155721188,-0.12330155521631241,-0.14686879515647888,-0.10989770293235779,-0.017046719168623287,0.043669237522408366,0.081067322753369808,0.054279038682579994,0.018483693804591896,-0.01155316919579895,0.017952407348073192,0.079234703229023859,0.096140014889993172,0.27267191465944052,0.349174724817276,0.36285078136817267,0.46394995972514153,0.58420936376960186,0.49681971371173861,0.42135400970776876,0.456022499964155,0.62713027223944662,0.65077152757933643,0.59181132827486316,0.50549891032278538,0.44650575518608093,0.47980474461527434,0.34965728422005971,0.28907012879848482,0.23679777776653116,0.16391653127290987,0.13553257325762197,0.071888187641484871,-0.00011652067769318819,-0.036299612023867667,-0.060054815120317719
0.25454198718070986,0.20653122415145239,0.19762860238552094,0.16608221232891082,0.13091348856687546,0.054772007744759321,-0.02439637986632685,-0.080590467154979709,-0.14012122340500355,-0.14863194525241852,-0.088120993226766586,0.039252900052815676,0.1632231567054987,0.20378201827406883,0.19999134043852487,0.11792642325162887,-0.02327101173189779,-0.011569345696793439,0.073144198997932328,0.079488565066927364,0.077372673008358109,0.1794494493649556,0.346479410926501,0.48431113103161688,0.72273346285025275,0.68529723970978351,0.56094987584011891,0.46250634547322989,0.5015774272820529,0.58540455120451307,0.57779441124353659,0.49241850182816788,0.47389468799034756,0.45922738313674927,0.39958542486031851,0.36673478356429506,0.34124161054690677,0.26928786010969252,0.19906582789761679,0.10906252182192272,0.041180986911058426,0.016215660869299122,-0.025376116079213615
0.18298407495021821,0.14085310846567153,0.13472576998174191,0.12657498195767403,0.060868903994560242,-0.0055040311999619007,-0.0738851527372996,-0.10955658853054047,-0.139353446662426,-0.14214672893285751,-0.049113933617870011,0.12394879460334778,0.2831736107667287,0.30103731155395508,0.21186473220586777,0.079262126237154007,-0.010419013677164912,0.0559160786771307,0.12758818400256775,0.083898894209414723,-0.012341410911176354,0.022790386790196255,0.2091729897260666,0.39926512420177462,0.6541725595792135,0.72385862565809678,0.68872333963712051,0.50534444083185759,0.38170369437762669,0.35618343390524387,0.42640614224241136,0.45445965989580694,0.43791164109047426,0.43035899028182029,0.4224849920719862,0.39885227382183075,0.35528779250604137,0.27877213384794153,0.19305978963772455,0.0996787438634783,0.04041264858096838,0.027261937037110329,-0.0016897483728826046
0.16088570468127728,0.093880124390125275,0.087807289014259979,0.095956176519393921,0.039630608012278877,-0.057165861129760742,-0.11263438165187836,-0.12899786482254663,-0.12760483287274838,-0.098705409094691277,0.00941254326608032,0.21418469026684761,0.33987443894147873,0.34030312299728394,0.24673221409320831,0.1103468625806272,0.017942639967341991,0.036350069298910409,0.14449033774435521,0.14705503699572189,0.022088258070181364,-0.02735622374054331,0.057896682230586353,0.21551252124102219,0.30321451685120981,0.47781805781757131,0.788882531438555,0.55242522584425435,0.37082251020379969,0.2057992349533985,-0.010756215679526598,0.39228469672768068,0.440693160583233,0.41780895386871536,0.39263485584940228,0.35701210737228395,0.3201929986476898,0.26168502731756732,0.1765231198885224,0.087517835984104564,0.071423042299492021,0.067253703420812438,0.032853304951069209
