SouthSea_Web/demo/jsonfile/2017-12-14-17.json
{"header": {"parameterUnit":"m.s-1","parameterNumber":3,"dx":0.1,"dy":0.1,"parameterNumberName":"Northward current","la1":29.0,"la2":12.0,"parameterCategory":2,"lo2":131.0,"nx":250,"ny":171,"refTime":"2017-12-14T16:58:07.5","lo1":106.0}, "data":
[rows 95 to 113 of 171, columns 172 to 214 of 250]
0.022072065970860422,0.000900427217129618,0.00033538344885326095,0.018492640345357358,0.032544820436409543,0.030416215769946575,0.015550641847463945,0.00619988446123898,0.00090975419152528048,0.0379443010315299,0.092222638428211212,0.10887932032346726,0.079924708853165313,0.045328812673687935,0.0061979656262944145,-0.0017075719079002738,-0.0018414321821182966,0.010775091825053096,0.010226513957604766,0.010826542507857084,-0.00058953062398359179,-0.0077585374237969518,-0.028433889150619507,-0.047503350302577019,-0.0647381842136383,-0.0832003727555275,-0.099792666733264923,-0.13135790824890137,-0.14032480120658875,0.0,-0.14580364525318146,-0.12021041288971901,-0.079291410744190216,0.0,-0.0057088723406195641,0.054669644683599472,0.11728654801845551,0.16765929758548737,0.21324795484542847,0.26424300670623779,0.32778400182724,0.0,0.32111167907714844
0.0042346629726869815,-0.011184818196025763,0.005401079698155324,0.021072749979794025,0.032817389070987704,0.016566604282706975,-0.00853885943070054,-0.023938357131555676,-0.017385773515949648,0.022166416980326176,0.0803963802754879,0.10072939097881317,0.076123404006163284,0.037219703197479248,0.01460994454100728,0.0051480830297805369,0.010764612350612879,0.015323905274271965,0.016948120668530464,0.012206720071844757,0.003839411772787571,-0.012012284714728594,-0.023162266239523888,-0.054349400103092194,-0.06362731009721756,-0.084609225392341614,-0.1054055467247963,-0.12955275177955627,-0.14810998737812042,-0.15614414215087891,-0.15661576390266419,-0.13274967670440674,-0.1113373190164566,-0.067196404561400414,-0.02846795879304409,0.027710964903235435,0.096645817160606384,0.18070277571678162,0.24041897058486939,0.27039024233818054,0.28580483794212341,0.27830371260643005,0.0
-0.017243371919418375,0.00057073908392339949,0.019245549337938428,0.014375828905031085,0.010217314804322086,-0.0031571407647182546,-0.0325432230407993,-0.042504971226056419,-0.01621615558397025,0.023558036036168534,0.079451818019151688,0.10185092315077782,0.082537281016508743,0.043387744575738907,0.013552110409364104,0.0077091283164918423,0.0093812012928538024,-0.00035244773607701063,0.0063805966638028622,0.0018426845781505108,0.00035262200981378555,-0.011333940550684929,-0.025511303916573524,-0.0411550123244524,-0.053502822294831276,-0.076642140746116638,-0.098604537546634674,-0.1273292750120163,0.0,-0.16853245347738266,-0.16547544300556183,-0.16191838681697846,-0.12740397453308106,-0.087420642375946045,-0.0229177288711071,0.037767910165712237,0.0,0.14979872852563858,0.21239729225635529,0.24499857425689697,0.25135481357574463,0.24176770448684692,0.23378729820251465
0.016350549427443184,0.0058264146597745521,0.025247089357839689,0.027619103768042157,0.0034881330276322034,-0.017745914735964367,-0.033675403644641243,-0.032899112999439241,0.0010845911068220933,0.032812765100970864,0.080553110688924789,0.10336604962746303,0.082911026974519089,0.040911580435931683,0.010719534708186984,-0.00043367334486295778,-0.00025497330352663994,-0.00030297087505459785,-0.0067307495628483593,-0.0017854806501418352,-0.0013824178795402986,0.0016707606846466661,-0.0070672581496182829,-0.023909980431199074,-0.0419025681912899,-0.059877976775169373,0.0,-0.11029884964227676,-0.13827735185623169,-0.17035215348005295,-0.18011593818664551,-0.15961822122335434,0.0,-0.12473347783088684,-0.049406316131353378,0.014964423142373562,0.080316919833421707,0.0,0.20459964126348496,0.23195797204971314,0.21979136765003204,0.210898756980896,0.20971126854419708
0.09398419757684072,0.052968683963020645,0.035949561900148787,0.03187608760264185,0.0098208439885638654,-0.01174327963963151,-0.01854921815296014,-0.011333220754750073,0.010154115356272087,0.0319652808830142,0.071535952389240265,0.093656793236732483,0.085723020136356354,0.045928598071138062,0.021378284320235252,0.005060877650976181,-0.0048477790163209038,-0.0055826087482273579,-0.0038579254178330302,0.00047498324420303106,0.019099967554211617,0.01613340899348259,0.0093451254069805145,-0.0044143041595816612,0.0,-0.034359948709607124,-0.068816011771559715,-0.076132737100124359,-0.1067199632525444,-0.1662960946559906,-0.18649579584598541,-0.177927665412426,-0.15063153207302094,-0.077341735363006592,-0.11155597865581513,-0.017663773149251938,0.086855482310056686,0.17777334153652191,0.0,0.2265484631061554,0.23368825018405914,0.0,0.24199569225311279
0.13587534613907337,0.09705689090948838,0.057183581658385017,0.024245300537182227,0.0054311486476633164,0.001545685634482652,0.00045821373350918293,0.0013706713216379285,0.0095661005470901728,0.033727152738720179,0.0707864761352539,0.093993831425905228,0.081850212067365646,0.052054552982250847,0.038172142580151558,0.022117030806839466,0.0068498535256367177,0.010822707554325461,0.026652859523892403,0.03352056909352541,0.040884073823690414,0.039173712953925133,0.025706969201564789,0.037670018151402473,-0.00078329630196094513,0.0030283951200544834,-0.021629774942994118,-0.052694451063871384,-0.12166580930352211,-0.18226855993270874,0.0,-0.20152322947978973,-0.18269611150026321,-0.13465645909309387,-0.04774937592446804,0.0,0.058876972645521164,0.141255222260952,0.19966401159763336,0.208827406167984,0.22962667047977448,0.24914640188217163,0.0
0.15317890513688326,0.12381130763713051,0.065719667483459823,0.026207065558992326,0.0104996602749452,0.018652490184952814,0.00982979250450929,-0.0027272109485541782,0.00555620325030759,0.038237000505129494,0.076611869037151337,0.08376070111989975,0.078968953341245651,0.06145794503390789,0.045361164957284927,0.041597140952944756,0.032141560688614845,0.03343397999803225,0.040063094347715378,0.084551771481831864,0.073344796895980835,0.081448003649711609,0.060546306893229485,0.082632191479206085,0.043033992871642113,0.040479008108377457,0.0066723930649459362,-0.035732358694076538,-0.076387643814086914,-0.15227606892585754,-0.20430006831884384,0.0,-0.18659597635269165,-0.15768560767173767,-0.078320048749446869,0.036618597805500031,0.0,0.12244215607643127,0.20240414142608643,0.23257997632026672,0.2514156699180603,0.26965963840484619,0.28960278630256653
0.15587673522531986,0.14062542336828568,0.095948901825717511,0.050840669904242859,0.033341301072921069,0.020005675298827037,-0.0069246085531631252,-0.010934022255241871,0.021083920262753963,0.043911052867770195,0.075055246551831559,0.060043198987841606,0.063135810196399689,0.050750147551298141,0.048329278826713562,0.056488988921046257,0.063770180568099022,0.056959871202707291,0.095336742699146271,0.13909196853637695,0.11793006584048271,0.0,0.092052865773439407,0.075256548821926117,0.091801807284355164,0.067324034869670868,0.014993526972830296,-0.031378518790006638,-0.091788791120052338,-0.15997213125228882,-0.18312065303325653,-0.20675379037857056,0.0,-0.12237120419740677,-0.0725160613656044,0.012935759732499719,0.095140092074871063,0.0,0.18339343369007111,0.24976198375225067,0.0,0.28799152374267578,0.30768561363220215
0.15051184156361749,0.13909117504954338,0.10667309211567044,0.073603068406765282,0.031904498115181923,-0.00099719415967618771,-0.022226574697664807,-0.012509088846854866,0.025011406900982063,0.056000936776399612,0.0548485117033124,0.041834961622953415,0.039686555974185467,0.037503146566450596,0.043303688988089561,0.070531517267227173,0.09951426088809967,0.11059515178203583,0.14470468461513519,0.13320757448673248,0.13368581235408783,0.10606363043189049,0.11290029063820839,0.11199866980314255,0.11069849133491516,0.08760371059179306,0.041639434173703194,-0.036965351551771164,-0.1084962897002697,-0.16013620793819428,-0.20442938804626465,-0.19355687499046326,-0.16280342638492584,-0.075119100511074066,0.0,0.0059536281041800976,0.10016448050737381,0.16618914902210236,0.0,0.22998753190040588,0.27643811702728271,0.29879659414291382,0.33515003323554993
0.13478424549102783,0.12057319780190785,0.091945904772728682,0.052522843517363069,0.01442063549378266,-0.007934361943625845,-0.014056449290364981,0.0035963170230388641,0.038696303591132165,0.062160002067685127,0.051492262631654739,0.016981942268709343,0.025134296156466007,0.031354432925581932,0.055723739787936211,0.07992200180888176,0.13354907184839249,0.14953388273715973,0.16686496883630753,0.1518611510594686,0.12950436770915985,0.12057248502969742,0.11812072619795799,0.12195127457380295,0.11641106754541397,0.075316369533538818,0.0040993778966367245,-0.019957216456532478,-0.1130162701010704,-0.16452642530202866,-0.1747765839099884,-0.17274940013885498,-0.15216143429279327,-0.0729898139834404,0.018045368837192655,0.0,0.12055052816867828,0.17469469457864761,0.23443026840686798,0.24466711282730103,0.29705774784088135,0.33429387211799622,0.0
0.098282731677356516,0.10095457967958953,0.0986774531858308,0.048527555939342291,0.0057373359632038046,0.0011194618160112037,0.014368634373467002,0.023217522073537111,0.053927566856145859,0.059508459642529488,0.041694957762956619,0.019679244918127854,0.030188251286745071,0.049429034814238548,0.076433276757597923,0.095696214586496353,0.13918961584568024,0.16882255673408508,0.17295713722705841,0.16437067091464996,0.15153458714485169,0.12648863717913628,0.10889868438243866,0.10798251628875732,0.094871349632740021,0.072645744308829308,0.016872476786375046,-0.08526475727558136,0.0,-0.17592047154903412,-0.18471887707710266,-0.12319418042898178,-0.096914015710353851,-0.0677240639925003,0.027362514287233353,0.11074429005384445,0.0,0.18609349429607391,0.26396113634109497,0.32245996594429016,0.33634907007217407,0.37811589241027832,0.37181541323661804
0.0715807227506524,0.131548672914505,0.11769314017146826,0.070242245016353469,0.046758759352895946,0.034789326600730419,0.032139337621629238,0.038489606231451035,0.055262583307921886,0.054548211395740509,0.041524606446425118,0.035739660883943238,0.052421277388930321,0.079913295805454254,0.11140220612287521,0.13687942177057266,0.16062048822641373,0.17890676856040955,0.17529623955488205,0.15912890434265137,0.15023808181285858,0.1269545815885067,0.11344701796770096,0.074582189321517944,0.072697214782238,0.032984549179673195,-0.011769639328122139,-0.06771358847618103,-0.1269632875919342,-0.15396313369274139,-0.15388667583465576,-0.092703096568584442,-0.043774653226137161,0.055089127272367477,0.057893972843885422,0.13070408999919891,0.1730731874704361,0.0,0.2409144788980484,0.0,0.3574407696723938,0.40246745944023132,0.0
0.082212921889389265,0.15918162289787741,0.1631174514691035,0.12053570724450625,0.083203673362731934,0.04701593220233917,0.026386147675414879,0.032795149832963943,0.0564267182101806,0.050740446895360947,0.044195973314344883,0.047276550283034645,0.077788379043340683,0.10933042317628861,0.1221807673573494,0.15349803864955902,0.17134063690900803,0.17713548243045807,0.17492589354515076,0.164666548371315,0.14076116681098938,0.11039695888757706,0.094861589372158051,0.074324034154415131,0.037855442613363266,0.010800569551065564,-0.054938137531280518,-0.0986737534403801,-0.15031212568283081,-0.12262234091758728,-0.078213535249233246,0.0,-0.018150293733924627,0.063350215554237366,0.0,0.13621808588504791,0.19201067090034485,0.24135340750217438,0.26915839314460754,0.32181006669998169,0.36934280395507812,0.0,0.41835308074951172
0.158251790702343,0.21224630996584892,0.18523870036005974,0.15215922196706136,0.083463267733653382,0.029434504142651956,0.011448938166722655,0.032770054414868355,0.049664734862744808,0.04717569425702095,0.039964543655514717,0.053044602274894714,0.090636696666479111,0.12197801470756531,0.13798652589321137,0.15717802941799164,0.17376528680324554,0.17073232680559158,0.15986248105764389,0.15578042715787888,0.14064139872789383,0.10726963356137276,0.0826336070895195,0.057387225329875946,0.0,0.020147128030657768,-0.04444962739944458,-0.0854746550321579,-0.10299960523843765,-0.11148519068956375,-0.040849742479622364,0.01140825729817152,0.0,0.068752631545066833,0.13923190534114838,0.0,0.20940673351287842,0.260039359331131,0.34438392519950867,0.34329041838645935,0.38776940107345581,0.376832515001297,0.42017292976379395
0.2287299578127108,0.23347058519721031,0.20600247196853161,0.15535394274271452,0.078644763057430581,0.01878592383582145,0.0021017055842094123,0.010446144361048937,0.027366001935054857,0.025577419437468052,0.026569854468107224,0.045685876160860062,0.080053264896074935,0.11488527804613113,0.13894780725240707,0.16000936180353165,0.18082603812217712,0.16714531183242798,0.15972063690423966,0.16038177907466888,0.13717049360275269,0.11466063559055328,0.085587941110134125,0.076632708311080933,0.041779685765504837,0.0,-0.012149212387157604,-0.063799649477005,-0.067242465913295746,-0.0014212728710845113,-0.015843842178583145,0.048071771860122681,0.10246218740940094,0.075699940323829651,0.14057451486587524,0.21194665133953095,0.0,0.26656836271286011,0.0,0.37055882811546326,0.41589424014091492,0.0,0.43276122212409973
0.2342371203005314,0.24879219602136052,0.23787749061981836,0.14207381854454676,0.064368130131201309,0.015296231851809554,-0.0053366370432611021,-0.00847862435815235,-0.0007903544853130976,0.010657759848982096,0.017865592380985618,0.036024373024702072,0.06751539558172226,0.10433680564165115,0.13717100024223328,0.16394012421369553,0.19276036322116852,0.18374072015285492,0.16646800935268402,0.16056157648563385,0.13897719979286194,0.12124436348676682,0.098345883190631866,0.074261181056499481,0.059363415464758873,0.020608117803931236,-0.028357556089758873,0.0,-0.028411378618329763,0.044608429074287415,0.0,0.10257992148399353,0.14184197783470154,0.17517976462841034,0.15204915404319763,0.21851569414138794,0.29806423187255859,0.31127631664276123,0.3622586727142334,0.0,0.40260407328605652,0.41792342066764832,0.38594681024551392
0.31432176232337949,0.3251570447495109,0.2479118345414891,0.12274346851250705,0.0607254294944661,0.021238486959852955,-0.0020522927516140044,-0.017550974152982235,-0.0065959460334852338,0.015968709252774715,0.023674147203564644,0.032568521797657013,0.051735869298378624,0.099542025476694107,0.14532536268234253,0.19056753814220429,0.22197158634662628,0.19579590111970902,0.16771816462278366,0.0,0.146414116024971,0.12747073173522949,0.10619828104972839,0.078703872859478,0.056109478697180748,0.020606044679880142,0.014154694974422455,0.010716858319938183,0.0,0.063784867525100708,0.14858157560229302,0.0,0.1791493147611618,0.18250320851802826,0.0,0.258039653301239,0.0,0.33085593581199646,0.38604968786239624,0.40674680471420288,0.40423431992530823,0.39259448647499084,0.0
0.36208924651145935,0.32549476798842936,0.23985842659192927,0.14328384706202677,0.0895155140509208,0.044326543469320641,0.0011083703462241425,-0.013128681806847453,0.00485028085919718,0.025775036464134853,0.041024050364891686,0.055565102025866508,0.059591455385088921,0.10207070410251617,0.16517816483974457,0.21130085736513138,0.23846880346536636,0.19537551701068878,0.14850181341171265,0.13543660938739777,0.14516866207122803,0.15034285187721252,0.11333853006362915,0.079561162739992142,0.050172682851552963,0.046701621264219284,0.035140924155712128,0.071320120245218277,0.12270917743444443,0.11993683129549027,0.18540482223033905,0.2169126570224762,0.0,0.20309604704380035,0.26211431622505188,0.0,0.35353218019008636,0.0,0.40493711829185486,0.0,0.3985409140586853,0.34958839416503906,0.31058382987976074
0.33559099584817886,0.2924549072980881,0.2549445228651166,0.21051688811608724,0.1441252034689699,0.0775919949466532,0.05026594139635563,0.039383684564381835,0.052610270058115326,0.071155466139316559,0.082231337204575539,0.10044064745306969,0.10783241937557857,0.1447279155254364,0.18487783521413803,0.20857527107000351,0.21309177577495575,0.16697602719068527,0.14838750660419464,0.13181333243846893,0.14204098284244537,0.13961842656135559,0.0,0.068425171077251434,0.031590010970830917,0.06562572717666626,0.12269730865955353,0.12380850315093994,0.16179077327251434,0.21357579529285431,0.19814670085906982,0.21894892305135727,0.23704007267951965,0.22139747440814972,0.2971968948841095,0.3270452618598938,0.0,0.40498486161231995,0.0,0.41503307223320007,0.37728744745254517,0.0,0.0
