SouthSea_Web/demo/jsonfile/2017-12-16-02.json
{"header": {"parameterUnit":"m.s-1","parameterNumber":2,"dx":0.1,"dy":0.1,"parameterNumberName":"Eastward current","la1":29.0,"la2":12.0,"parameterCategory":2,"lo2":131.0,"nx":250,"ny":171,"refTime":"2017-12-16T01:58:07.5","lo1":106.0}, "data":
[rows 114 to 132 of 171, columns 84 to 125 of 250]
-0.016636797847847145,-0.007168283686041832,0.019482859099904697,0.0324313851694266,0.037639106313387551,0.025168641625593107,-0.041756771970540285,-0.083759315311908722,-0.10291454382240772,-0.11971497287352879,-0.11915192008018494,-0.11442491660515468,-0.13454140722751617,-0.14697815477848053,-0.18265323340892792,-0.19696167608102164,-0.20220549404621124,-0.19762960821390152,0.0,-0.17580235997835794,-0.16967074573040009,-0.16274592280387878,-0.16309811174869537,-0.15229117870330811,0.0,-0.1264423280954361,-0.12215622514486313,-0.10021233186125755,-0.091599691659212112,-0.069856822490692139,0.0,-0.031320314854383469,0.012689258903265,0.0,0.015890488401055336,0.0062572455499321222,-0.0289860051125288,-0.067113887518644333,-0.088275909423828125,-0.1948285698890686,-0.24076486378908157,-0.24645026028156281
-0.021608268842101097,-0.026413488512237866,-0.0048841454360323651,0.028945090249180794,0.04588448628783226,0.021453617548104376,-0.036015746369957927,-0.093159167468547827,-0.12087995062271754,-0.1331848382949829,-0.12664118707180022,-0.11112366120020549,-0.11877267559369405,-0.14455008506774902,-0.17634148150682449,-0.19453483074903488,-0.19905960559844971,-0.19981124252080917,-0.19212602823972702,-0.18831063807010651,-0.18094965815544128,-0.18228127062320709,-0.1792910173535347,-0.15903015434741974,-0.15227189660072327,-0.15180271863937378,0.0,-0.13130133599042893,0.0,-0.10106070339679718,-0.079808823764324188,-0.04451557993888855,-0.016843073535710573,0.0076793069019913673,0.014505626168102026,0.0,-0.029788989573717117,-0.039258908480405807,-0.070358447730541229,-0.088090229779481888,-0.12328023090958595,-0.1673269122838974
-0.006836344177524249,-0.024818481256564457,-0.0024828640356039009,0.034896120056509973,0.049843287467956542,0.035948629304766652,-0.014077902305871248,-0.072412191890180111,-0.093023441731929779,-0.10341982543468475,-0.099253060296177864,-0.099409490823745728,-0.10563292354345322,-0.1278296947479248,-0.15729308128356934,-0.17979472130537033,-0.19391772150993347,-0.19350682199001312,-0.19299277663230896,-0.18624334037303925,-0.18845327943563461,-0.1914685070514679,0.0,-0.17149914801120758,-0.1775389239192009,-0.1632615476846695,-0.15952436625957489,0.0,-0.16013079881668091,-0.15030737966299057,-0.10722183436155319,-0.0956604927778244,-0.044683028012514114,-0.019509862177073956,-0.0077672172337770462,5.3568088333122432E-05,-0.0062894522707210854,-0.014800928824115545,-0.013800430024275556,0.0081158229149878025,-0.020400566980242729,-0.093917813152074814
0.036928719282150267,0.023014818551018834,0.028739785154660542,0.049819556996226311,0.059187533954779305,0.062878139317035675,0.049236043915152551,-0.015513887628912926,-0.05886671990156174,-0.06922384537756443,-0.062791716928283378,-0.065611260943114758,-0.063966003060340879,-0.092325180768966675,-0.13042311618725458,-0.1650671660900116,-0.18898710608482361,-0.19011512398719788,-0.18464323133230209,-0.18371383100748062,-0.17502458393573761,-0.17792961001396179,-0.17768116295337677,-0.18425976485013962,-0.1830994188785553,-0.17500409483909607,-0.1777709573507309,-0.17774759232997894,-0.17334426194429398,0.0,-0.14657121896743774,-0.09727129340171814,-0.096569545567035675,-0.03195536881685257,0.0,-0.005603275028988719,0.0,0.020426381379365921,0.047502301633358,0.0550331249833107,0.029624504968523979,-0.056567352265119553
0.074228214100003242,0.043145444616675376,0.03729450777173042,0.037097524851560593,0.052145451928178467,0.076604308187961573,0.073891611769795418,0.022634880772481363,-0.011234797071665525,-0.034459392540156841,-0.028362244134768844,-0.022210186533629894,-0.020680382964201272,-0.050727326422929764,-0.090317409485578537,-0.12570102140307427,-0.16254368424415588,-0.18169640749692917,0.0,-0.16861440986394882,-0.17177124321460724,-0.16399279236793518,-0.16526366770267487,-0.16507969796657562,-0.17353129386901856,-0.17796260118484497,-0.17748847603797913,-0.16998682916164398,-0.17930904030799866,-0.16714739799499512,0.0,-0.13176202774047852,-0.10773085802793503,-0.0720149576663971,-0.027050502598285675,0.000996447168290615,0.0090045006945729256,0.023738928139209747,0.037465687841176987,0.08122602105140686,0.051158756017684937,-0.033922627568244934
0.071795503919323281,0.031415703007951379,0.0042573904696231084,0.0028927369082036116,0.026367602637037635,0.063515324890613553,0.089903701096773148,0.079720937646925449,0.050141546137941383,0.038234097883105278,0.012960516195744277,0.020205183769576252,0.022964673768728971,-0.013768318109214306,-0.034759768595298134,-0.0684965867549181,-0.1274331845343113,-0.154738187789917,-0.169496551156044,-0.15579351782798767,-0.15071349591016769,-0.13789550960063934,-0.14105579257011414,-0.14371182024478912,-0.15354672074317932,-0.1616455465555191,0.0,-0.16352324932813644,-0.16200524568557739,-0.17525142431259155,-0.1592351496219635,-0.13205306231975555,-0.11607424169778824,-0.067656556144356728,-0.026718826964497566,0.0,0.025571905076503754,0.049244813621044159,0.062585301697254181,0.08345571905374527,0.056774836033582687,0.033264927100390196
0.058663236775568554,0.023446671819935243,-0.012510733213275671,-0.034264207584783435,-0.01939923339523375,0.046848460411032043,0.10544540484746297,0.11411165446043015,0.098835876584053045,0.075572268664836878,0.064098219387233257,0.065515713766217232,0.052226003259420395,0.029606559624274571,0.0010052669094875455,-0.036999218165874481,-0.086820743978023529,-0.11272779479622841,-0.13530868291854858,-0.13996356725692749,-0.12370303273200989,-0.12399928644299507,0.0,-0.12400496751070023,-0.12104544043540955,-0.13219642639160156,-0.1353008858859539,0.0,-0.14063349366188049,-0.14961419254541397,-0.15219809114933014,-0.12647329270839691,-0.0734623596072197,-0.049536507576704025,-0.015461417846381664,0.0011451451573520899,0.027179254218935966,0.071179240942001343,0.0690581426024437,0.083170454949140549,0.0923982597887516,0.10860201716423035
0.047451455891132352,0.011833318176546268,-0.03192899888381362,-0.093727449576059982,-0.096819513610431132,-0.051901071997625489,0.021365731405759498,0.066943420363324027,0.086268085986375809,0.087984666228294373,0.093943296372890478,0.094049759209156036,0.081162458285689354,0.054406389594078064,0.028249339200556278,0.024585571140050888,-0.015169417485594749,-0.063266351819038391,-0.084166444838047028,-0.10877256095409393,-0.0948140025138855,-0.083426147699356079,-0.10441252589225769,-0.10364387184381485,-0.0886322557926178,-0.089487388730049133,-0.10023148357868195,-0.13205583393573761,-0.079671666026115417,-0.1052020788192749,-0.10912195593118668,-0.0859106034040451,0.0,-0.03244207426905632,0.0,0.013138091191649437,0.0376842999830842,0.071857593953609467,0.073623120784759521,0.084998257458209991,0.1099768728017807,0.11442869156599045
-0.021733282392637596,-0.04989771731197834,-0.07927667784194152,-0.10637622450788815,-0.095297085121274,-0.083134139577547714,-0.052190012919406094,0.0015797663538251073,0.040116362118472658,0.068757611637314156,0.09093170054256916,0.10395845621824265,0.092939630150794983,0.082508939007918045,0.07271064817905426,0.052042007446289062,0.035676409490406513,0.029028618708252907,-0.020615833811461926,-0.068493574857711792,-0.05754711851477623,-0.049648601561784744,-0.054487563669681549,-0.052748404443264008,-0.068456783890724182,-0.056343408301472664,-0.048806671053171158,-0.071738749742507935,0.0,-0.074794046580791473,-0.058312900364398956,-0.053348042070865631,-0.030630603432655334,-0.010428046807646751,0.025201934389770031,0.0,0.053361531347036362,0.073113292455673218,0.0,0.091807320713996887,0.1216970793902874,0.13271062076091766
-0.15779918897897005,-0.15553462319076061,-0.15122065097093582,-0.14365834317037038,-0.14386233107911217,-0.11949249995606286,-0.10265096370130777,-0.068041575274297175,-0.037973039162655674,0.017185205942951143,0.061555364479621254,0.0982006664077441,0.10865502431988716,0.11216603964567184,0.10834925621747971,0.094884492456913,0.08805973082780838,0.048816293478012085,0.045984953641891479,0.040978174656629562,-0.0055335559882223606,0.0040137059986591339,0.029587168246507645,0.0,-0.022242899518460035,0.0,-0.015041339211165905,-0.0007143684197217226,-0.020200814353302121,0.0,-0.039858705829828978,0.0,-0.012066627852618694,0.0181733719073236,0.0,0.0541151724755764,0.0,0.082903157919645309,0.10074625909328461,0.10276058316230774,0.12097571045160294,0.1202545240521431
-0.320281563533677,-0.32232139733704651,-0.30487214028835297,-0.26816498826850543,-0.25982808073361713,-0.20476315750016105,-0.15724725835025311,-0.124316131696105,-0.078277303837239742,-0.046326628420501947,0.029262959336241085,0.081069301813840866,0.11141837388277054,0.11762353032827377,0.12131381779909134,0.12568197026848793,0.094094507396221161,0.11685887724161148,0.095438431948423386,0.08102715015411377,0.097473353147506714,0.06841721385717392,0.060577977448701859,0.024354944471269846,0.0,0.031596492975950241,0.020744729787111282,0.047051701694726944,0.0,0.031575955450534821,0.005905419122427702,0.0,0.0099692586809396744,0.054231107234954834,0.045860271900892258,0.056023929268121719,0.058044590055942535,0.08128838986158371,0.091464415192604065,0.12676729634404182,0.14806827902793884,0.14736930280923843
-0.47085217386484146,-0.495271093079022,-0.4832788795232773,-0.42032019155366079,-0.34977382123470308,-0.27941024675965309,-0.20491073094308376,-0.14028945352349961,-0.094944979250431064,-0.031413674742604293,0.023850444859514635,0.059983496864636741,0.094255167990922928,0.12586679309606552,0.13589031249284744,0.0,0.13666652888059616,0.1264759749174118,0.14365895837545395,0.0,0.14096412062644959,0.0,0.11062771826982498,0.079643912613391876,0.041934930719435215,0.0,0.055610213428735733,0.074453480541706085,0.0,0.063575513660907745,0.063401564955711365,0.030887579545378685,0.048517152667045593,0.0,0.075597070157527924,0.087627753615379334,0.0723850205540657,0.0,0.099323436617851257,0.11053864657878876,0.0,0.16617920994758606
-0.44143195549647013,-0.51170651500041664,-0.59000002145767216,-0.52012202739715574,-0.41001691619555153,-0.29800349015455979,-0.19835002376483038,-0.088541121532519654,-0.016846659194145883,0.038126388099044561,0.050764518479506172,0.088010517259438828,0.10560109466314316,0.0,0.13712242990732193,0.14427816867828369,0.14862067997455597,0.0,0.16249905526638031,0.14675934612751007,0.0,0.14238403737545013,0.0,0.1076962873339653,0.0754874125123024,0.076499931514263153,0.073664508759975433,0.0,0.079923979938030243,0.092221863567829132,0.0,0.078272663056850433,0.081022340804338455,0.09124070405960083,0.0,0.0,0.10650492087006569,0.10328013449907303,0.086598388850688934,0.1137225404381752,0.12194808945059776,0.15201819688081741
-0.30907720556625951,-0.42573536719594685,-0.49042599328926634,-0.53841408661433632,-0.48367119034131367,-0.3373210760099547,-0.13264313553060805,0.033852856256999075,0.12278021251161893,0.13933449486891428,0.12231148779392242,0.10895750671625137,0.12206706404685974,0.13703835010528565,0.1411481648683548,0.0,0.14935318380594254,0.15505659580230713,0.18302123248577118,0.182692289352417,0.16915808618068695,0.16389069706201553,0.13753806054592133,0.0,0.078283034265041351,0.09266258031129837,0.0,0.10513433068990707,0.0,0.10282060503959656,0.098428674042224884,0.0,0.11252713203430176,0.0,0.12155827134847641,0.11615854501724243,0.13590186834335327,0.12264595553278923,0.1056322455406189,0.0,0.12033972889184952,0.13035179674625397
-0.27996788173913956,-0.33595421484538485,-0.3788649348112253,-0.41046136388411891,-0.37986388589654652,-0.21306411482925927,0.04593804944306612,0.20099241783221564,0.20882191305810754,0.1740276323897498,0.15018580853939056,0.13213078677654266,0.13676272332668304,0.14372823387384415,0.14200079441070557,0.14125713706016541,0.0,0.16204112768173218,0.0,0.17057890444993973,0.0,0.1510874330997467,0.0,0.13135017454624176,0.1181873232126236,0.0,0.088357798755168915,0.10170795768499374,0.0,0.10441982001066208,0.0,0.1057867556810379,0.13785853981971741,0.0,0.15088053047657013,0.0,0.13742980360984802,0.0,0.12284666672348976,0.10934019833803177,0.12405858933925629,0.12785132229328156
-0.26578811705112459,-0.26524883082934786,-0.32257672685843247,-0.40463699152072269,-0.36691672870746028,-0.14765478996559978,0.12638325164360659,0.19686625202496846,0.20367302828364903,0.17939730361104012,0.16351969043413797,0.1504415919383367,0.15030837059020996,0.15157139301300049,0.14239826798439026,0.13588324934244156,0.14666387438774109,0.0,0.17339371144771576,0.0,0.15520650148391724,0.18212296068668366,0.16479285061359406,0.0,0.11263769119977951,0.12271346151828766,0.0,0.098409190773963928,0.0,0.10494165867567062,0.10107278078794479,0.0,0.0,0.14841444790363312,0.16450758278369904,0.0,0.13719145953655243,0.13366331160068512,0.0,0.1141761839389801,0.12998947501182556,0.12106391787528992
-0.32522713712283541,-0.30402272194623947,-0.35574613298688618,-0.36036913096904755,-0.19656155072152615,-0.010048745976140102,0.1321455784715139,0.14867074688275656,0.16001802517308128,0.17324889302253724,0.16712976495424906,0.15195126831531525,0.14621703326702118,0.13951414823532105,0.12605389580130577,0.1248585656285286,0.12613408640027046,0.0,0.14315900206565857,0.16681645810604096,0.0,0.16309231519699097,0.15435865521430969,0.17099033296108246,0.0,0.0,0.10807542502880096,0.12925685942173004,0.10041320323944092,0.0,0.0,0.099169984459877014,0.14953799545764923,0.0,0.0,0.1727108359336853,0.14903880655765533,0.13722273707389832,0.12632660567760468,0.12625510990619659,0.1167459636926651,0.12209414690732956
-0.43357229019914356,-0.38475888328892843,-0.30121440887451173,-0.19028361780302866,0.0019734079396585003,0.12767445783202464,0.13460446335375309,0.14807795584201813,0.13741121888160707,0.15271929403146109,0.1565992459654808,0.14517008513212204,0.13520088791847229,0.12500755488872528,0.11232990026473999,0.0,0.11426424235105515,0.1433127224445343,0.14225314557552338,0.15328676998615265,0.17651869356632233,0.0,0.18766766786575317,0.0,0.14589737355709076,0.17510597407817841,0.0,0.10991673916578293,0.0,0.089948661625385284,0.0,0.10458683967590332,0.092346817255020142,0.14579378813505173,0.15543602406978607,0.15984697639942169,0.13360991328954697,0.0,0.12969759106636047,0.14210181683301926,0.14660501107573509,0.13488419353961945
-0.51769498907602751,-0.43456670817206888,-0.34389720161755882,-0.10884581801171105,0.10778181723851178,0.14045387907670096,0.1039999711016814,0.11170781279603641,0.12529279105365276,0.13548798114061356,0.141495019197464,0.0,0.12654702365398407,0.11433406174182892,0.10872951149940491,0.10729848220944405,0.0,0.13072691857814789,0.14437714964151382,0.0,0.18522514402866364,0.0,0.17548336088657379,0.19830429553985596,0.0,0.15001901984214783,0.0,0.14930881559848785,0.0,0.0,0.075781762599945068,0.10222762078046799,0.0,0.0,0.13294507563114166,0.13217067718505859,0.12987561523914337,0.12359162420034409,0.13204210251569748,0.14302016794681549,0.17385414242744446,0.18656124919652939
