SouthSea_Web/demo/jsonfile/2017-12-16-17.json
{"header": {"parameterUnit":"m.s-1","parameterNumber":3,"dx":0.1,"dy":0.1,"parameterNumberName":"Northward current","la1":29.0,"la2":12.0,"parameterCategory":2,"lo2":131.0,"nx":250,"ny":171,"refTime":"2017-12-16T16:58:07.5","lo1":106.0}, "data":
[rows 152 to 170 of 171, columns 43 to 85 of 250]
-0.57398488691874916,-0.56937103470166528,-0.56553102533022559,-0.54474676648775733,-0.49609865248203278,-0.43230155110359192,-0.36980311572551727,-0.28218097612261772,-0.19839281340440115,-0.096683851629495624,0.031134884804487228,0.11359934508800507,0.174762162566185,0.22161255280176798,0.26124359667301178,0.2807159349322319,0.28440154592196148,0.29055012762546539,0.29374356071154278,0.31948259472846985,0.34943897277116776,0.35573728382587433,0.34598930180072784,0.30886545777320862,0.28126562386751175,0.28126089572906493,0.30720741301774979,0.33466024200121564,0.34074978033701581,0.341811403632164,0.32082817951838177,0.25943415363629657,0.20578750222921372,0.16868072003126144,0.13306424021720886,0.097279548645019531,0.077887391050656632,0.0820181556046009,0.0,0.099551851550738021,0.13662005960941315,0.14870535582304,0.15979520976543427
-0.56335163116455078,-0.56748306751251221,-0.55967822074890139,-0.53808905184268951,-0.49219825863838196,-0.43698683381080627,-0.37041720747947693,-0.28229071199893951,-0.18592925369739533,-0.087086129933595657,0.038531284080818295,0.14697720855474472,0.21658707037568092,0.28199229389429092,0.30953542143106461,0.35640840977430344,0.35130510479211807,0.35689353942871094,0.33405482023954391,0.33679839223623276,0.35583743453025818,0.3615681529045105,0.3319940507411957,0.30415431857109071,0.30137171347935993,0.3214014545083046,0.35955967009067535,0.39005650281906129,0.38698140531778336,0.3796500489115715,0.3316766619682312,0.27747516334056854,0.22095928713679314,0.15342686325311661,0.10881579294800758,0.08037896454334259,0.0,0.076470635831356049,0.092754162847995758,0.1175831314176321,0.12104391306638718,0.15303545445203781,0.16399610042572022
-0.56197565793991089,-0.55976181030273442,-0.54366612434387207,-0.519681453704834,-0.47215449810028076,-0.4275295039017995,-0.36779091507196426,-0.25992683569590253,-0.16896808644135794,-0.0723122525960207,0.034144368643562,0.14707080523173013,0.2563444624344508,0.32300125062465668,0.36994783083597821,0.41731273382902145,0.42057041823863983,0.41076487302780151,0.38949772119522097,0.37932518124580383,0.37688732147216797,0.35910913348197937,0.32345596700906754,0.30367398262023926,0.31980987389882404,0.370520422856013,0.41777901649475097,0.43526419997215271,0.4312206357717514,0.39581270217895509,0.34375038743019104,0.28811001032590866,0.21730588376522064,0.14587036271890005,0.10123081877827644,0.0807986743748188,0.080582223832607269,0.092306897044181824,0.10959088429808617,0.11978979408740997,0.137343630194664,0.14719197154045105,0.1606537252664566
-0.56715917587280273,-0.55054858326911926,-0.52082025011380517,-0.48186385035514834,-0.436135333776474,-0.37580373883247375,-0.31456783413887024,-0.23529770374298095,-0.14405156373977662,-0.049525873735547066,0.048844392003957182,0.15263520181179047,0.25943882763385773,0.35857011874516803,0.40013742446899414,0.43004624545574188,0.44957343488931656,0.44729835788408917,0.4352444012959798,0.41240295022726059,0.39296489953994751,0.37048900127410889,0.33794759213924408,0.33241236209869385,0.37021869421005249,0.42484089732170105,0.46451020240783691,0.45631049573421478,0.43328089267015457,0.39894239107767743,0.33070815602938336,0.27158914506435394,0.20723862449328104,0.14531993120908737,0.11731380596756935,0.098771706223487854,0.096619293093681335,0.10437072813510895,0.11557627469301224,0.13233694806694984,0.14171268790960312,0.14557510614395142,0.1622803807258606
-0.5688406378030777,-0.53156698942184444,-0.49231262803077697,-0.44548145681619644,-0.40057734648386639,-0.33410124480724335,-0.25795028805732728,-0.15887093544006348,-0.10724181681871414,-0.045074795683225,0.038080779835581779,0.1456592008471489,0.26458087066809338,0.3439403971036275,0.38961990674336749,0.41982770711183548,0.45418509095907211,0.47080781062444049,0.45683670043945312,0.43553617596626282,0.41316846013069153,0.38346607983112335,0.37154285609722137,0.37417866289615631,0.41345995664596558,0.45610348135232925,0.46545849243799847,0.45828568935394287,0.42693084478378296,0.37371635437011719,0.313906267285347,0.24010887742042542,0.19243746250867844,0.15302006155252457,0.13016768544912338,0.1165466345846653,0.11305292695760727,0.12199744209647179,0.12089113891124725,0.13301339745521545,0.12177632004022598,0.12677225098013878,0.12673237919807434
-0.556758294502894,-0.509198509156704,-0.46284286975860595,-0.41233423948287962,-0.35223251581192017,-0.2765744725863139,-0.19604814549287161,-0.094620963558554649,-0.045728528251250587,0.0034616835182532668,0.068680610507726669,0.15378034114837647,0.236988864839077,0.31994065642356873,0.3673822283744812,0.401504784822464,0.4453953355550766,0.4740516424179077,0.47324606031179428,0.44789297382036847,0.41801347583532333,0.38869751989841461,0.37716050446033478,0.391828191280365,0.41403234998385113,0.43053136020898819,0.43652847409248352,0.42678055167198181,0.39762820800145465,0.3361857682466507,0.29225805401802063,0.239332415163517,0.1926477774977684,0.14952661593755087,0.12985267490148544,0.12885212525725365,0.13465856015682221,0.12697543203830719,0.12866762280464172,0.11383796110749245,0.083350464701652527,0.073568329215049744,0.081887848675251007
-0.5403926819562912,-0.48162828683853148,-0.43544070919354755,-0.37399872392416,-0.28016314655542374,-0.1962101086974144,-0.12648877501487732,-0.076079953461885452,-0.011126464232802391,0.027017123182304204,0.0905209556221962,0.15011739730834961,0.22771812975406647,0.2823551818728447,0.34195006887118023,0.3853892982006073,0.42731896042823792,0.4596339960892995,0.45550273358821869,0.41437827348709105,0.38154074549674988,0.35933362841606142,0.35909829288721085,0.36298774927854538,0.37471029162406921,0.38383105397224426,0.37641926606496173,0.37551000714302063,0.36012295484542844,0.31945016980171204,0.28289295732975006,0.22283899784088135,0.17229024569193521,0.13306385278701782,0.14120432734489441,0.1544230729341507,0.15966720134019852,0.1561594158411026,0.13417409360408783,0.0,0.084624923765659332,0.042481519281864166,0.0
-0.49456705451011657,-0.43563070893287659,-0.36621080338954926,-0.28947444260120392,-0.21415933966636658,-0.14028892169396082,-0.046577186137437818,0.005537024388710658,0.03892073966562748,0.067787174135446548,0.10269558429718018,0.14203755930066109,0.20320290327072144,0.27041616290807724,0.31649786233901978,0.36200133711099625,0.40036849677562714,0.4083790083726247,0.39441327005624771,0.361187885204951,0.34862347443898517,0.33754398425420123,0.33585325876871747,0.34242963790893555,0.34482607245445251,0.34618832667668659,0.34148684144020081,0.34329451620578766,0.34900787472724915,0.31778343021869659,0.27345524231592816,0.22946277260780335,0.18285740166902542,0.153067946434021,0.16469182074069977,0.0,0.18933460116386414,0.18825880438089371,0.17002767324447632,0.1191876120865345,0.0,0.043478060513734818,-0.014702204847708345
-0.46403367817401886,-0.35949642658233644,-0.28516752272844315,-0.21608036756515503,-0.12546442449092865,-0.036873999983072281,0.017937606200575829,0.054383081694444023,0.079966418445110321,0.10672078654170036,0.14647273719310761,0.17844224969546,0.22177087763945261,0.25651273876428604,0.28658145666122437,0.310744176308314,0.34182409445444745,0.34962855776151019,0.34722153345743817,0.31455671787261963,0.30882704257965088,0.30021058022975922,0.31406412521998089,0.32168435057004291,0.32410275936126709,0.32998818904161453,0.3143330514431,0.33674869934717816,0.34105013310909271,0.31262125074863434,0.26358862717946369,0.19936423748731613,0.161612868309021,0.15416279435157776,0.172650508582592,0.19688369333744049,0.20642711222171783,0.20699599385261536,0.18223995715379715,0.10542231053113937,0.072928503155708313,0.0073099271976388991,-0.04582798108458519
-0.39372398257255553,-0.28629156947135925,-0.20174860209226608,-0.13124509652455649,-0.052398355847496227,0.011308692861348391,0.0685825025041898,0.10446716845035553,0.12327896431088448,0.15069176256656647,0.16696234047412872,0.17456058412790299,0.18548323710759482,0.20653877158959708,0.23350473741690317,0.2639741102854411,0.28954586386680603,0.29800814390182495,0.28493984043598175,0.26718854904174805,0.26088932156562805,0.28093565503756207,0.292039155960083,0.321809987227122,0.33416834473609924,0.32520723342895508,0.31255030632019043,0.33547905087471008,0.33674703538417816,0.30247852206230164,0.24051651358604431,0.17275138199329376,0.16127376258373261,0.15445490181446075,0.17228057980537415,0.2168724536895752,0.23313362896442413,0.22501441836357117,0.16829518973827362,0.0,0.065847225487232208,-0.026576869189739227,-0.088072068989276886
-0.37160526712735492,-0.25235157708326977,-0.13564807176589966,-0.03286378520230452,0.041991484817117453,0.089536052197217941,0.12212890014052391,0.14568182080984116,0.15185026824474335,0.18030678480863571,0.18174654245376587,0.17505525549252829,0.17118317633867264,0.1731986403465271,0.19414869695901871,0.21683899313211441,0.22826417287190756,0.23239847123622895,0.21356328825155893,0.22067351639270783,0.23821796476840973,0.27701208988825482,0.31512640416622162,0.34807266294956207,0.36295320093631744,0.33186043798923492,0.33120286464691162,0.32964804768562317,0.30278065800666809,0.0,0.24807323515415192,0.17110967636108398,0.13770897686481476,0.15563687682151794,0.17599810659885407,0.21647867560386658,0.24794396758079529,0.0,0.21011354029178619,0.10408073663711548,0.0,-0.022965184412896633,-0.12957505881786346
-0.31230014562606812,-0.22333601117134094,-0.08185498565435409,0.025746269151568413,0.071342267096042633,0.11802030354738236,0.15342435985803604,0.17370760440826416,0.18299651145935059,0.184121236205101,0.1706816628575325,0.15552216768264771,0.1461062952876091,0.135079488158226,0.14690630634625754,0.16260153353214263,0.17599258571863174,0.15994511544704437,0.14885714650154114,0.17344790697097778,0.23098320265611014,0.28448759019374847,0.32773534953594208,0.37501072883605957,0.40033024549484253,0.38216671347618103,0.36014360189437866,0.32970911264419556,0.3154674768447876,0.24778822064399719,0.0,0.15916253626346588,0.13438057899475098,0.0,0.15724797546863556,0.20462758839130402,0.22848254442214966,0.22050166130065918,0.1458858884871006,0.061476714909076691,-0.0100912656635046,0.0,-0.11230359971523285
-0.25879321495691937,-0.14920136332511902,-0.05211748369038105,0.03026138327550143,0.085436070337891579,0.13188865035772324,0.16123954951763153,0.17019571363925934,0.18429595232009888,0.1818680614233017,0.15045128017663956,0.12668804451823235,0.10960094630718231,0.089168328791856766,0.0921788141131401,0.10626471042633057,0.10487723350524902,0.10486605018377304,0.12021846696734428,0.15956360846757889,0.24414516985416412,0.35757242143154144,0.40708403289318085,0.0,0.45136842131614685,0.424358069896698,0.40675175189971924,0.35746893286705017,0.315939724445343,0.24616058170795441,0.15403763949871063,0.0,0.12343127280473709,0.14804114401340485,0.0,0.20126136392354965,0.18888270854949951,0.0,0.096143387258052826,0.0,-0.031943853944540024,-0.11600399762392044,-0.13949064910411835
-0.25334570556879044,-0.13615799695253372,-0.02489590086042881,0.060513833537697792,0.11200563609600067,0.12338826060295105,0.14050246030092239,0.13889167457818985,0.14622728526592255,0.13797610253095627,0.13103856146335602,0.0,0.084930740296840668,0.046295969747006893,0.01844611470005475,0.034135870014627777,0.062390161678195,0.094168864190578461,0.11736027151346207,0.18353110551834106,0.30741335451602936,0.44115176796913147,0.0,0.48020091652870178,0.47026947140693665,0.0,0.42870882153511047,0.3293883204460144,0.0,0.1990102231502533,0.079135425388813019,0.096263118088245392,0.094390057027339935,0.1439540833234787,0.18880614638328552,0.0,0.2305627167224884,0.14172525703907013,0.0,0.013627158477902412,0.0,-0.10201186686754227,0.0
-0.23509028553962708,-0.096236631274223328,0.032133325934410095,0.087132779881358147,0.0934256985783577,0.1190088577568531,0.13266962766647339,0.10374216362833977,0.094192661345005035,0.08710768073797226,0.059991005808115005,0.059038624167442322,-0.007312290370464325,-0.016790727153420448,-0.058512354269623756,-0.064740337431430817,0.0022994319733697921,0.051296576857566833,0.16908349096775055,0.24781349301338196,0.37623275816440582,0.46814039349555969,0.49078506231307983,0.51015692949295044,0.0,0.44736376404762268,0.0,0.38138523697853088,0.21175047755241394,0.0,0.033207308501005173,0.0,0.009842858649790287,0.0,0.15945024788379669,0.18157239258289337,0.11651064455509186,0.11606733500957489,0.00862740445882082,0.00088109064381569624,-0.1145322248339653,-0.18007409572601318,0.0
-0.16380547732114792,-0.0416633915156126,0.044492246583104134,0.071457728743553162,0.11304410547018051,0.086297746747732162,0.059744387865066528,0.059663859196007252,0.046624626964330673,-0.010247443802654743,-0.0075920596718788147,0.0,-0.091163970530033112,-0.169768288731575,0.0,-0.16307526826858521,-0.042910113930702209,0.0,0.19285945594310761,0.0,0.36471912264823914,0.48263686895370483,0.35105133056640625,0.52178299427032471,0.34138268232345581,0.3431088775396347,0.32230359315872192,0.17105628550052643,0.21127802133560181,-0.019767357036471367,0.0,-0.10167544335126877,0.045953609049320221,0.0,0.11783973127603531,0.0,0.0,0.0,0.0,-0.46507951617240906,0.0,-0.52510988712310791,0.0
-0.36609140038490295,-0.23474142700433731,-0.14095927774906158,-0.095090776681900024,-0.073588430881500244,-0.081283189356327057,0.0,-0.11798687279224396,-0.16568000614643097,0.0,-0.22082969546318054,-0.09141925722360611,-0.16963717341423035,0.0,-0.16501277685165405,-0.13429637253284454,0.0,0.018609499558806419,0.0,0.18456144630908966,0.3028046190738678,0.0,0.0,0.062319032847881317,0.0,-0.062605135142803192,-0.22695283591747284,0.0,-0.373595267534256,0.0,-0.41411998867988586,0.0,-0.3116152286529541,0.0,-0.22345280647277832,-0.20943792164325714,-0.24351024627685547,-0.32722091674804688,-0.39207792282104492,0.0,-0.50430941581726074,0.0,-0.52371710538864136
0.0,0.0,-0.125289648771286,-0.09507027268409729,-0.084652155637741089,0.0,-0.096337519586086273,-0.13742868602275848,0.0,-0.18584556877613068,0.0,-0.2549956738948822,-0.31512215733528137,-0.34984958171844482,-0.38917747139930725,-0.47020351886749268,-0.47093433141708374,-0.43761688470840454,-0.29498669505119324,-0.24309130012989044,-0.0645301602780819,0.054649434983730316,0.03165886178612709,0.0,-0.019316807389259338,-0.17381188273429871,0.0,-0.3291296660900116,0.0,-0.40647801756858826,0.0,-0.38519540429115295,0.0,-0.29582291841506958,0.0,0.0,0.0,0.0,0.0,0.0,0.0,0.0,0.0
0.0,0.0,0.0,0.0,0.0,0.0,0.0,0.0,0.0,0.0,0.0,0.0,0.0,0.0,0.0,0.0,0.0,0.0,0.0,0.0,0.0,0.0,0.0,0.0,0.0,0.0,0.0,0.0,0.0,0.0,0.0,0.0,0.0,0.0,0.0,0.0,0.0,0.0,0.0,0.0,0.0,0.0,0.0
