SouthSea_Web/demo/jsonfile/2017-12-15-13.json
{"header": {"parameterUnit":"m.s-1","parameterNumber":3,"dx":0.1,"dy":0.1,"parameterNumberName":"Northward current","la1":29.0,"la2":12.0,"parameterCategory":2,"lo2":131.0,"nx":250,"ny":171,"refTime":"2017-12-15T13:01:52.5","lo1":106.0}, "data":
[rows 76 to 94 of 171, columns 0 to 42 of 250]
0.0,0.0,0.0,0.0,0.0,0.0,0.0,0.0,0.0,0.0,0.0,0.0,0.0,0.0,0.0,0.0,-0.020743392740509341,-0.031044655838626374,-0.03408994425182571,-0.026135904332454486,-0.058302720012761711,-0.048814817072291461,-0.028932995894657716,-0.036975088529288769,-0.057402277986208596,-0.082478354126214987,-0.09627173173016515,-0.069117185329237288,-0.092355915052550183,-0.060561328828334808,-0.044544089067165019,-0.0081266470882448115,-0.084905076109862421,-0.087511117175302425,-0.088968934779067407,-0.18934286103166384,-0.19257826360324062,-0.14737916243282836,-0.071424818627154149,-0.036676233078954588,0.0,0.0,0.0
0.0,0.0,0.0,0.0,0.0,0.0,0.0,0.0,0.0,0.0,0.0,0.0,0.0,0.0,-0.014011419974096873,-0.013407534177550909,-0.030619167554929543,-0.054014307446995015,-0.058037876133619055,-0.052422949385184506,-0.06169040425370137,-0.042363895296022809,-0.070363579386914218,-0.068908143433786567,-0.089004840505750554,-0.10322703570127487,-0.11698596061844575,-0.10569102731015947,-0.092550837248563764,-0.060785165854862759,-0.045531342388130724,-0.022453299406069247,-0.0794162939977357,-0.1276426013559103,-0.10109357623964228,-0.14730143627604922,-0.20319382342654216,-0.231197039562243,-0.15001860900484332,0.0,0.0,0.0,0.0
0.0,0.0,0.0,0.0,0.0,0.0,0.0,0.0,0.0,0.0,0.0,0.0,0.0,0.0,-0.014915992076836389,-0.00924853471616715,-0.14099721964250386,-0.076083694367125754,-0.059641682631300055,-0.065628170124980831,-0.084823588951891932,-0.070138855162879515,-0.10035148107757171,-0.09244796006303084,-0.098921395160935136,-0.10115372389554977,-0.10850746259093284,-0.096809901297092438,-0.091451592743396759,-0.070731120074496556,-0.068875945935195138,-0.064198056405240844,-0.0700424462556839,-0.093150974561770752,-0.11643397859458265,-0.15301152253928391,-0.18996318812585539,-0.12544332584469684,-0.080759793234568444,0.0,0.0,0.0,0.0
0.0,0.0,0.0,0.0,0.0,0.0,0.0,0.0,0.0,0.0,0.0,0.0,0.0,0.0,-0.098069400556625858,-0.16374354669080715,-0.18025382978858337,-0.13116967855842279,-0.071572108194860123,-0.063004439162171411,-0.0894073301460594,-0.12727945794661841,-0.1146609942344102,-0.1085224999114871,-0.1069928951561451,-0.096687342971563339,-0.093883878418377462,-0.0782342723437718,-0.078723572194576263,-0.075677452875035148,-0.10250210668891668,-0.10364767085020639,-0.022986756414352189,-0.068630150918449678,-0.079259326888455287,-0.13622197811491787,-0.2085276745071932,-0.14520040988598182,0.0,0.0,0.0,0.0,0.044011178479494553
0.0,0.0,0.0,0.0,0.0,0.0,0.0,0.0,0.0,0.027924645542738932,0.0021451028654805018,0.074882007101766082,-0.0073453561121849132,-0.0019621130719070005,-0.06144529585361528,-0.12560171020844976,-0.039322156508470707,-0.13507668902928333,-0.094280989796438577,-0.11899712642965217,-0.16116193495690823,-0.14170984485570123,-0.12392868598302205,-0.11667822115123272,-0.11278542769806725,-0.09814438596367836,-0.086090950029236932,-0.0713086798787117,-0.060999541232983269,-0.057283917441964149,-0.055607641514922888,-0.1234600392987513,-0.098524734129508337,-0.0506377506646372,-0.040937501446981182,-0.051951272126573786,-0.10428621603006666,-0.096368079396865244,0.0,0.0,0.0,0.0,0.16411320872238264
0.0,0.0,0.0,0.0,0.0,0.0,0.0,-0.543025866150856,0.016424726403784007,0.043262124027655467,0.014164696407774617,0.11294513831843732,0.081763507975799565,0.12468856909926278,-0.003146520950793289,-0.059648843542602442,-0.12976019127715019,-0.076931895848247223,-0.13087093273938541,-0.1726051564178159,-0.16854310211013346,-0.12447111681103706,-0.11584212524550301,-0.11067474881807964,-0.10421973764896393,-0.092081312090158463,-0.081078718602657321,-0.064484728500247,-0.05289337571178164,-0.048438569796936851,-0.051630657698426931,-0.0694120933434793,-0.051985489627854389,-0.0029099188548953911,0.014632661499490496,0.020145888408196384,-0.039987639811810818,-0.050718077140674944,0.0,0.0,0.0,0.0,0.082687376597188222
0.0,0.0,0.0,0.0,0.0,0.0,0.0,0.0,0.057846241893111577,0.26782782774277414,0.19302173065287726,0.21718093046781309,0.19690748460896729,0.18029196747344636,0.01579185636505465,-0.10038942743011826,-0.10859139853467544,-0.13380321969880776,-0.175643998952139,-0.18543900648752848,-0.14522084593772888,-0.1224648341536522,-0.12059906870126724,-0.10957220196723938,-0.098818771541118622,-0.0860083419829607,-0.076174210011959079,-0.060179116470473151,-0.045293747447431087,-0.042935966617531247,-0.052687833551317453,-0.048152655735611914,-0.022567212224627535,0.025977888890338363,0.078823636040875791,0.0915968821329229,0.057938899305608013,0.0057381121657647232,-0.011045183786797069,0.0,0.0,0.0,0.0
0.0,0.0,0.0,0.0,0.0,0.0,0.0,-0.026509902578401686,0.14760284035128662,0.16384950878302929,-0.018982344770824677,-0.050015075584732983,0.019170363390104386,0.059995315203975351,-0.05520957841983308,-0.15359183853965194,-0.11842277021177354,-0.16967324202968961,-0.17081446200609207,-0.15649840401278603,-0.15368404090404511,-0.14433093070983888,-0.12546437233686447,-0.10778631021579106,-0.099025793373584747,-0.08646770566701889,-0.0698294535279274,-0.053788453340530396,-0.050169686121600013,-0.048862609334967354,-0.0523437550291419,-0.039097723551094532,-0.011363716654998895,0.026434114055806084,0.089740640350750508,0.18093359139230517,0.16883006152407876,0.0764331638470218,-0.0030210265087169739,0.0,0.0,0.0,0.0
0.0,0.0,0.0,0.0,0.0,0.0,0.004531769704217801,0.035265800314664378,-0.07240898918826133,-0.18778878316665307,-0.12912817696730297,-0.067770189333324585,-0.064430363894177556,-0.062493417722483478,-0.0726763669539381,-0.10485215452702149,-0.14686866104602814,-0.16735039185732603,-0.15337231920825112,-0.14244249037333898,-0.13570278137922287,-0.11408505775034428,-0.10883710533380508,-0.10316009819507599,-0.086251474916934967,-0.076630468169848129,-0.068901054561138153,-0.063126478965083763,-0.059798665344715118,-0.065629388072660985,-0.05262286923825741,-0.02432625403162092,0.0052954967118239438,0.055091554415412247,0.1078303096195062,0.20664109421126983,0.2901215249938624,0.24648808514133894,0.0861821369771564,0.0,0.0,0.0,0.0
0.0,0.0,0.0,0.0,0.0,0.0,0.0092827822330936276,-0.090044854984871414,-0.18551761425774674,-0.078552141934633252,-0.010152714701531373,-0.039318129297738015,-0.07365587111562491,-0.081017556134611368,-0.094096306054031145,-0.12167232834240969,-0.14142504449074084,-0.15442951159043747,-0.13258963184697287,-0.1308723732829094,-0.10584167887767156,-0.098605990409851074,-0.089538782835006714,-0.08893229067325592,-0.088787689805030823,-0.083057776093482971,-0.078342653810977936,-0.084768105298280716,-0.080477173129717514,-0.076221687098344162,-0.046457249205559492,-0.011198111082194373,0.021672166663707824,0.066251232239760857,0.15134423039853573,0.21162411513236853,0.33908345170740811,0.34996212557353806,0.26781862678409674,0.0029118582395351337,-0.015262901997910095,0.0,0.0
0.0,0.0,0.0,0.0,0.0,0.0,-0.070149469878742821,-0.2157987402204205,-0.070530304995675877,-0.038874846262236439,0.0043956623024617629,-0.0046997051052000772,-0.041812416595908314,-0.0812826535354058,-0.10292802857501167,-0.11835663833401421,-0.13787582392493883,-0.15692426823079586,-0.13492251336574554,-0.11781684160232545,-0.11185700446367264,-0.10218815878033638,-0.085983842611312866,-0.083266086876392364,0.0,-0.089032433927059174,-0.089044767121473953,-0.094507709145545959,-0.092460280284285545,-0.05448465086519718,-0.028904451988637447,-0.0052527275190434675,0.042717408339836095,0.11844564841261931,0.14693576300686057,0.26037707218998357,0.34597992532783084,0.42403565569126861,0.39832810614080655,0.048463673289910317,-0.0092635968600283253,0.0,0.0
0.0,0.0,0.0,0.0,0.0,-0.457807805803087,-0.14524841596072247,-0.2392556332051754,-0.0727128965780139,-0.051879410560314469,-0.0038880465823846557,0.00023247227571638568,-0.0238030263222754,-0.0628118592181376,-0.08979319103739479,-0.1009809710085392,-0.13177217436688288,-0.13640061340161733,-0.097706636786460882,-0.068794911727309227,-0.077968570093313858,-0.08750142902135849,-0.096387945115566254,-0.093898020684719086,-0.089402180165052414,-0.095328010618686676,-0.097268342971801758,-0.09849683940410614,-0.08082465678453446,-0.043588962819841176,-0.034312482636708483,-0.021968676316502848,0.033022026152768655,0.13086156440632685,0.18429558345100336,0.23980572436537062,0.35795233249664304,0.553950438896815,0.57217608124017716,0.22795080945467239,-0.050633748793394641,0.040298466778997531,-0.028862255880431759
0.0,0.0,0.0,-0.084091983735561371,0.010226522381298052,-0.022621506349590252,-0.289963013669358,-0.31377319503447104,-0.10183517415733899,-0.04953618248303731,0.0028520260121485288,0.017924900209023195,0.00966245396314965,-0.044004420853323407,-0.055709806581338249,-0.0817852910194132,-0.12388653960078955,-0.10315807862207294,-0.064456634844342872,-0.052790076782306038,-0.056924661621451378,-0.069048795849084854,-0.084462620317935944,-0.098641097545623779,-0.097638856619596481,0.0,-0.098088560005029038,-0.09918593242764473,-0.084617691380637031,-0.044953039122952357,-0.033366854346933816,-0.017536493330866237,0.015117018274346215,0.034911623288329842,0.081573714707594586,0.22172346184350023,0.26622148094890274,0.41339268549703634,0.48794656229019168,0.15043823681367438,-0.0656887865766908,-0.039930887735498279,-0.23398144738853971
0.0,0.0,-0.0083859609051918,-0.065814209919349817,-0.0733706688153251,-0.21494625286853059,-0.40706365939342615,-0.21165546707131647,-0.10075235863526662,-0.037874443287199196,0.022237319155829029,0.054626566357910633,0.0440604787112938,0.021919382590567693,-0.020836730073723529,-0.055769977470239006,-0.075932209612801671,-0.044298723650475345,-0.045679114758968353,-0.054700182750821114,-0.058121016249060631,-0.059377230703830719,-0.072756990790367126,-0.09010951966047287,-0.10316551104187965,-0.10312023386359215,-0.10749391963084538,-0.1099082628885905,-0.082688001915812492,-0.031857603572701156,-0.0405551724963718,-0.0046238518450135253,0.0072162281346297074,-0.018504332904749125,-0.0432303373950791,-0.1362584745158639,-0.062790248620087724,0.12809220612121758,0.197271684600302,0.04153065290714128,-0.21475723365537164,-0.32031642046629216,-0.12304338916944671
0.011540257053677627,-0.30390538373327952,-0.075326052235646382,-0.1309321587688701,-0.23936562463641167,-0.26846650562116076,-0.2020526509732008,-0.13236160427331925,-0.087166528616632738,-0.015462608658708632,0.066971478285267949,0.10603360179811716,0.087081668898463249,0.061847486134086339,0.015277754249317306,-0.019183221496253584,-0.030857682693749666,-0.032006697108348213,-0.0460169892758131,-0.053139593452215195,-0.056621771305799484,-0.056677894666790962,-0.066183902323246,-0.079334639012813568,-0.091424733400344849,-0.10489702597260475,-0.10735465213656426,-0.10549114644527435,-0.064350584787981849,-0.028086962644010782,-0.077137440223904216,-0.0997769100641882,-0.12255394939671863,-0.11050745173067343,-0.1721226805554969,-0.31415525412381584,-0.21709124099925842,0.15596043437138663,0.075438486794717277,0.020364313345691821,-0.047467641472884507,-0.28988711463402855,0.080641706939786673
0.028137593687398245,-0.076442911911241071,-0.18169695888400861,-0.27135311779768573,-0.21737836331129073,-0.13050140952691436,-0.10710844198862711,-0.099565237760543823,-0.078681480512022978,0.0049730026577081941,0.078867839856280222,0.12388477598627408,0.12339067033358983,0.089677631855010986,0.051010657101869583,0.037589147531737886,0.0069176107256983714,-0.022677053231745958,-0.030280879388252895,-0.036779507994651794,-0.040335962548851967,-0.050308503210544586,-0.061612030491232872,-0.075129143893718719,-0.083768997341394424,-0.092405185103416443,-0.0955083891749382,-0.074701348692178732,-0.033298636165757976,-0.046959686914787573,-0.12686795211936297,-0.16784988113624208,-0.19726884978035988,-0.071653393929988277,0.00026539187865841281,-0.12499463333473873,0.0,0.0,0.0,-0.020781202313418571,-0.019029024483946461,0.0,0.0
-0.16493458844519951,-0.32574720167985527,-0.28294960282197812,-0.21842442750930785,-0.1190521882048675,-0.0832468510738441,-0.085418061663707093,-0.089941484481096262,-0.040860614014996424,0.039793876465409994,0.079152499139308927,0.11344106122851372,0.13730561236540476,0.11228422820568085,0.076050961017608637,0.065682371146976948,0.024314216570928693,-0.012507389610012373,-0.014818260446190834,-0.017793201841413975,-0.024665843695402145,-0.034692245225111641,-0.0568263903260231,-0.069742295891046524,-0.085430409759283066,-0.089755699038505554,-0.075788075104355812,-0.040476603123048939,-0.037650661698232092,-0.075714891607111146,-0.14608954222729573,-0.187562181694167,-0.14328892287488848,0.00020810690161612768,0.0,-0.0067308909783605486,0.0,0.0,0.0,0.0,0.0,0.0,0.0
-0.24610910713672637,-0.26114008526007332,-0.16095507617753285,-0.091467512150605515,-0.077483931024159708,-0.08314404115080834,-0.098284578985638082,-0.053973279375996858,-0.0094935859281880166,0.042200715281069279,0.089188094437122348,0.10810444131493568,0.13296754161516824,0.13011953681707383,0.10915627703070641,0.083496954292058945,0.058397229760885239,0.006255789815137784,-0.0093992161564528942,0.0,-0.012309610843658447,-0.024809903465211391,-0.042968479916453362,-0.06377277274926503,-0.078132860362529755,-0.07445840910077095,-0.051423613913357258,-0.031213794089853763,-0.054858317971229552,-0.046359308392686004,-0.072742261325842453,-0.11090967439425488,-0.016046019024221519,-0.0051533581360789608,0.0,0.0,0.0,0.0,0.0,0.0,0.0,0.0,0.0
-0.23600957601093778,-0.0772221799601208,-0.053839099220931531,-0.055256127738035642,-0.079565779729322952,-0.087308598825564757,-0.089017305988818407,-0.016704542562365532,0.0088258094716972355,0.047548947234948478,0.080682868137955666,0.10895184986293316,0.13524668912092844,0.14220505952835083,0.11710580065846443,0.073802489787340164,0.030797557905316353,0.00890503404662013,0.00509251281619072,0.0047123943222686648,0.002379874543597301,-0.018381327390670776,-0.053982675075531006,-0.061395689845085144,-0.061501283198595047,-0.045911269262433052,-0.021754494751803577,-0.023412757739424705,-0.036270395320441039,-0.057776404139788254,-0.061054784167361889,-0.054067381115370912,-0.016744226682931185,0.0,0.0,0.0,0.0,0.0,0.0,0.0,0.0,0.0,0.0
