SouthSea_Web/demo/jsonfile/2017-12-14-11.json
{"header": {"parameterUnit":"m.s-1","parameterNumber":2,"dx":0.1,"dy":0.1,"parameterNumberName":"Eastward current","la1":29.0,"la2":12.0,"parameterCategory":2,"lo2":131.0,"nx":250,"ny":171,"refTime":"2017-12-14T10:58:07.5","lo1":106.0}, "data":
[rows 152 to 170 of 171, columns 42 to 83 of 250]
-0.017560755434845175,0.00092961444585983239,0.01946209786304583,0.001369334679717819,-0.022613523372759421,-0.017877232981845737,0.016011215435961883,0.036017372738569975,0.030563012231141329,0.029286537940303486,0.050515994429588318,0.079327179491519934,0.087496213614940643,0.087368941307067877,0.099183760583400726,0.11887911707162857,0.15680141001939774,0.18574187656243643,0.21317849308252335,0.21870659788449606,0.22752690315246582,0.22615711018443108,0.21982156112790108,0.21530721709132195,0.2181527316570282,0.21837407723069191,0.23324836194515228,0.26438653469085693,0.32100622852643329,0.37244244416554767,0.39357399940490723,0.40145002802213031,0.407686044772466,0.41913481056690216,0.41910919547080994,0.426273375749588,0.42046041786670685,0.39958911140759784,0.36680132150650024,0.0,0.297622412443161,0.26598253846168518
0.012619222015408533,0.045707914978265762,0.047377112321555614,0.015312197059392929,-0.0085387127473950386,-0.0038637040182948113,0.028359189629554749,0.059631457179784776,0.063993122428655624,0.065137696762879685,0.081315047107636929,0.10316269285976887,0.10671314969658852,0.092625994235277176,0.092523626983165741,0.12133485451340675,0.1459764763712883,0.18191757425665855,0.2058100476861,0.22173529863357544,0.22615848854184151,0.21598512927691141,0.19533676902453104,0.18377162218093873,0.17072743475437163,0.17605294287204742,0.20810376107692719,0.2637818455696106,0.31853474974632262,0.36673838645219803,0.38310632854700088,0.38413555175065994,0.38120847940444946,0.38193612545728683,0.41474221646785736,0.3863394558429718,0.39682886997858685,0.0,0.39376269280910492,0.3599620908498764,0.31976601481437683,0.29383993148803711
0.037185712407032646,0.060444083685676255,0.049812696874141693,0.02060720999725163,0.0031864057295024396,0.0045848566223867238,0.028922750304142635,0.077592439949512482,0.12134914100170136,0.13158513853947321,0.13412992469966412,0.14713451266288757,0.13466841975847879,0.10242332021395366,0.088667331263422966,0.10159603506326675,0.14309679344296455,0.1764569953083992,0.20172183215618134,0.22236233949661255,0.23130811005830765,0.21940366327762603,0.1944313682615757,0.16743078827857971,0.14936953783035278,0.16251525779565176,0.19576045870780945,0.25567523539066317,0.31195733944574994,0.35099126398563385,0.36768553853034974,0.36359964311122894,0.35106496512889862,0.34155617654323578,0.35325333476066589,0.34365244209766388,0.35044297575950623,0.37611424922943115,0.36118564009666443,0.34577196836471558,0.32275819778442383,0.31198255717754364
0.055915343442133496,0.062798420339822775,0.048324757566054664,0.024961190608640511,0.015359031967818737,0.012467751000076532,0.055576082784682512,0.11837160338958104,0.15642226636409759,0.17758263051509857,0.187521830201149,0.19618218764662743,0.17914211004972458,0.13965219631791115,0.11096339176098506,0.10583082213997841,0.1291467472910881,0.16638600453734398,0.20755089819431305,0.23128390312194824,0.23860414326190949,0.23241438965002695,0.19448854525883993,0.14647674933075905,0.13194480041662851,0.14433004334568977,0.19193169772624968,0.2663646936416626,0.3202313706278801,0.35139290988445282,0.36338935295740765,0.35651467243830365,0.32941196858882904,0.30691527326901752,0.29146426916122437,0.28390824794769287,0.30336412787437439,0.33074691891670227,0.31645557284355164,0.33373604714870453,0.31016081571578979,0.30206592381000519
0.058883362760146461,0.065283461008220911,0.0615620918571949,0.044942509382963181,0.033006163313984871,0.027148777929445107,0.067353756166994572,0.13796442002058029,0.19030314683914185,0.19924166053533554,0.20789361496766409,0.22555613021055856,0.21530650928616524,0.17617152134577432,0.14508211861054102,0.11516724278529485,0.11855760030448437,0.16663363948464394,0.20567785203456879,0.23361250758171082,0.24183109402656555,0.2143501527607441,0.17154648900032044,0.13375582545995712,0.12204259820282459,0.14563270906607309,0.22366566956043243,0.29794544974962872,0.35052696863810223,0.37168432275454205,0.38045289367437363,0.35328397899866104,0.28668957948684692,0.25899849832057953,0.24198135733604431,0.22720403224229813,0.25403140485286713,0.27149617671966553,0.2917003333568573,0.29967498779296875,0.30099597573280334,0.29765421152114868
0.058853359892964363,0.075786016881465912,0.079298505559563637,0.065111538022756571,0.060738369822502136,0.079334086738526821,0.1088238259156545,0.1669511248668035,0.20621505007147789,0.21677453319231668,0.2309722863137722,0.2563726504643758,0.27030567328135174,0.23238150402903557,0.19038134068250656,0.14110913500189781,0.14603914817174277,0.1501169353723526,0.18322715163230896,0.20984551683068276,0.2035688559214274,0.184611227363348,0.14733879640698433,0.12895095720887184,0.15094652771949768,0.187888503074646,0.2565402090549469,0.32123372952143353,0.37566777070363361,0.40197885036468506,0.38211594521999359,0.33239738643169403,0.271070271730423,0.22636008262634277,0.19259477655092874,0.18754512071609497,0.20900583267211914,0.23841718584299088,0.26394245028495789,0.26792746782302856,0.27114681899547577,0.26099193096160889
0.06656018877401948,0.089938148856163025,0.10416745096445083,0.096797118584314987,0.11380195617675781,0.13970871083438397,0.16773112118244171,0.19840362668037415,0.22305930157502493,0.24282467861970267,0.25295938923954964,0.28166729211807251,0.30987255275249481,0.31365584333737689,0.2780444324016571,0.20633883277575174,0.18471664686997733,0.15283230692148209,0.16424515346686044,0.17765282467007637,0.1609289526939392,0.14789989590644836,0.14443331062793732,0.16606324166059494,0.2270980030298233,0.26209507385889691,0.31617169827222824,0.37973361214001972,0.40355484932661057,0.41004318594932554,0.36342085401217145,0.30765694379806519,0.22566010057926178,0.17897787690162659,0.15495051443576813,0.1659652441740036,0.18773543834686279,0.21279186755418778,0.22859553992748261,0.24724151194095612,0.0,0.24060478061437607
0.078546679889162377,0.10797159820795059,0.12528836727142334,0.13837224617600441,0.16802934184670448,0.18909873813390732,0.20917389790217081,0.23891718685626984,0.26674248278141022,0.28955268859863281,0.30563224852085114,0.32278670370578766,0.34703652560710907,0.37189872562885284,0.34257772564888,0.27614982426166534,0.2220398411154747,0.1777566559612751,0.15700251857439676,0.14754641801118851,0.12914161880811056,0.1369019995133082,0.15378339091936746,0.21203223864237467,0.27210782468318939,0.325228613615036,0.36418668429056805,0.38911006599664688,0.40158307552337646,0.39065350592136383,0.33479788154363632,0.26187777022520703,0.20278217643499374,0.16418217867612839,0.14394743740558624,0.15707801282405853,0.0,0.19048088788986206,0.19741261005401611,0.20114323496818543,0.21523051708936691,0.0
0.082819295426209763,0.11633654311299324,0.1471085250377655,0.17215220630168915,0.20226982235908508,0.23908387124538422,0.25497317314147949,0.28753566741943359,0.32824511329332989,0.35245224833488464,0.36906847357749939,0.40396362543106079,0.41783615946769714,0.40290335814158124,0.35976336896419525,0.3099142809708913,0.24992969135443369,0.19277762373288473,0.15388036270936331,0.13404097656408945,0.11491989158093929,0.12626487202942371,0.17415376007556915,0.24038852254549661,0.29093731443087262,0.32257699966430664,0.36080759763717651,0.35985784232616425,0.3592139681180318,0.3462320864200592,0.28079444169998169,0.22202386955420175,0.15141691267490387,0.1312451958656311,0.12723231315612793,0.14017725735902786,0.16905640065670013,0.1636328399181366,0.17852820456027985,0.18784037232398987,0.1849883645772934,0.19763459265232086
0.098418261855840683,0.1367447018623352,0.17334931592146555,0.2029634416103363,0.24051501353581747,0.26969314118226367,0.29056892792383832,0.33779644966125488,0.38629837334156036,0.41118593513965607,0.44376706083615619,0.47690904140472412,0.4746631532907486,0.44142121076583862,0.3912998040517171,0.33246052265167236,0.26690924167633057,0.19315831661224364,0.14885950461030006,0.12242420762777329,0.10884296397368114,0.11923259496688843,0.1753933330376943,0.22157338261604309,0.26164688666661579,0.287020668387413,0.31177636981010437,0.32264068722724915,0.31107312440872192,0.28612534701824188,0.22822611033916473,0.16362711787223816,0.10334623605012894,0.10618658363819122,0.11809368431568146,0.12741430103778839,0.15194736421108246,0.16661180555820465,0.17239090800285339,0.18315935134887695,0.0,0.17159354686737061
0.10824417695403099,0.14707613488038382,0.1914509137471517,0.23676032821337381,0.28117541472117108,0.32920210063457489,0.3614770919084549,0.3994266539812088,0.43518532812595367,0.44173231720924377,0.49682492017745972,0.51893764734268188,0.50303309162457788,0.44846147298812866,0.35976400971412659,0.29295051097869873,0.23401635140180588,0.17670519649982452,0.13682444244623185,0.12639107803503671,0.11833491176366806,0.14011350274085999,0.17746809124946594,0.22286010533571243,0.22022318094968796,0.25449090451002121,0.26719948649406433,0.27430734038352966,0.26931756734848022,0.22850913554430008,0.0,0.13397859036922455,0.080586127936840057,0.092868663370609283,0.11352207884192467,0.13151992857456207,0.15865999460220337,0.158095121383667,0.0,0.16553936898708344,0.1597999781370163,0.0
0.1172136589884758,0.16866291562716165,0.20300334692001343,0.25505825281143191,0.30768530070781708,0.35185033082962036,0.39595633745193481,0.43702806532382965,0.45698601007461548,0.48876665035883587,0.52115342020988464,0.517338216304779,0.48760013282299042,0.42238309979438782,0.33852984011173248,0.26885539789994556,0.19986345767974853,0.1524323895573616,0.13715838640928268,0.12389577180147171,0.12536775693297386,0.15017487108707428,0.16983329504728317,0.19236944615840912,0.19745609164237976,0.21410565823316574,0.24031369388103485,0.24942495673894882,0.23798978328704834,0.23429730534553528,0.15708070993423462,0.0,0.063220230862498283,0.076208584010601044,0.0,0.12144505232572556,0.15830975770950317,0.13583295047283173,0.15707263350486755,0.12886018678545952,0.11160075664520264,0.11997848004102707
0.10008738189935684,0.14281511306762695,0.18877317011356354,0.22917203605175018,0.29455827176570892,0.33014999330043793,0.37625026702880859,0.42019659280776978,0.46024304628372192,0.45633205771446228,0.48904889822006226,0.48174470663070679,0.45770084857940674,0.40249627828598022,0.29727882146835327,0.23202948644757271,0.17394216358661652,0.14102214078108469,0.11242195591330528,0.1085091196000576,0.11887159571051598,0.14124508947134018,0.16764307767152786,0.18947021663188934,0.0,0.21510908007621765,0.22692790627479553,0.22799892723560333,0.21650651097297669,0.20711366832256317,0.14575610309839249,0.085643470287323,0.0,0.058374293148517609,0.09556310623884201,0.0,0.11438268795609474,0.067651629447937012,0.0,0.044014357030391693,0.0,0.053754154592752457
0.042802181094884872,0.077972304075956345,0.12360434234142304,0.18570113927125931,0.24631199985742569,0.30124369263648987,0.34437975287437439,0.35696890950202942,0.40536145865917206,0.418234258890152,0.45415106415748596,0.44673413038253784,0.0,0.39973685145378113,0.31585295498371124,0.22300458699464798,0.1754584014415741,0.12634246796369553,0.11001830920577049,0.087872020900249481,0.10616352036595345,0.1352536603808403,0.1673581600189209,0.0,0.19583116471767426,0.19096183776855469,0.0,0.17817094922065735,0.20496384799480438,0.0,0.15440784394741058,0.158720463514328,0.0949883833527565,0.030283349566161633,0.065183535218238831,0.055892646312713623,0.0,0.029783342033624649,-0.012137039564549923,0.0,0.018132565543055534,0.0
-0.075608238577842712,0.0089288577437400818,0.05914776329882443,0.11684022471308708,0.19522138684988022,0.251017302274704,0.2554067075252533,0.28607982397079468,0.34779888391494751,0.41163969039916992,0.41518239676952362,0.38664579391479492,0.41333216428756714,0.35658152401447296,0.28394508361816406,0.23522964119911194,0.20425131916999817,0.13611600920557976,0.14666600525379181,0.11416344344615936,0.12186403572559357,0.15474564209580421,0.18658559024333954,0.19589231908321381,0.18926941603422165,0.0,0.11291086673736572,0.0,0.179672509431839,0.18700741231441498,0.0,0.098545268177986145,0.0,0.010566715151071549,0.0,0.0313742496073246,-0.0034648899454623461,-0.036105867475271225,-0.0741046816110611,-0.11893472075462341,-0.10080333054065704,-0.12624152004718781
-0.18266478180885315,-0.023186937905848026,0.025286853313446045,0.083827007561922073,0.1396910697221756,0.17485639452934265,0.16670043021440506,0.14349602162837982,0.22018589079380035,0.29312288761138916,0.222978413105011,0.31770762801170349,0.0,0.31514880061149597,0.28671917319297791,0.0,0.2225009948015213,0.20890308916568756,0.0,0.20919504761695862,0.0,0.1985497772693634,0.18622662127017975,0.11788897216320038,0.15477021038532257,0.075063951313495636,0.041096858214586973,0.0988718643784523,0.029448121786117554,0.12719433009624481,0.14727671444416046,0.0,0.11623501032590866,-0.025981409475207329,0.0,0.021713351830840111,0.0,0.0,0.0,0.0,-0.23351757228374481,0.0
0.052860751748085022,0.048877272754907608,0.10833765938878059,0.14064310491085053,0.12505544722080231,0.11898709088563919,0.12228620797395706,0.0,0.14444723725318909,0.1673567146062851,0.0,0.18595197796821594,0.23870013654232025,0.30068379640579224,0.0,0.25937330722808838,0.22315159440040588,0.0,0.20544001460075378,0.0,0.17622384428977966,0.15916441380977631,0.0,0.0,0.1987137645483017,0.0,0.089719481766223907,0.0048689180985093117,0.0,0.10613229870796204,0.0,0.0858139842748642,0.0,-0.02266300655901432,0.0,-0.065897354856133461,-0.14160780608654022,-0.16918720304965973,-0.20105667412281036,-0.21238677203655243,0.0,-0.25888067483901978
0.0,0.0,0.0,0.12219836562871933,0.10639495402574539,0.097830504179000854,0.0,0.0956888198852539,0.12352443486452103,0.0,0.14876364171504974,0.0,0.18319699168205261,0.24440141022205353,0.2922215461730957,0.29080384969711304,0.34205970168113708,0.37101346254348755,0.38968101143836975,0.36994457244873047,0.40082007646560669,0.34196950495243073,0.25693109631538391,0.28780031204223633,0.0,0.2062465250492096,0.046695977449417114,0.0,0.016534604132175446,0.0,0.13129119575023651,0.0,0.0066040800884366035,0.0,-0.024781595915555954,0.0,0.0,0.0,0.0,0.0,0.0,0.0
0.0,0.0,0.0,0.0,0.0,0.0,0.0,0.0,0.0,0.0,0.0,0.0,0.0,0.0,0.0,0.0,0.0,0.0,0.0,0.0,0.0,0.0,0.0,0.0,0.0,0.0,0.0,0.0,0.0,0.0,0.0,0.0,0.0,0.0,0.0,0.0,0.0,0.0,0.0,0.0,0.0,0.0
