SouthSea_Web/demo/jsonfile/2017-12-16-05.json
{"header": {"parameterUnit":"m.s-1","parameterNumber":2,"dx":0.1,"dy":0.1,"parameterNumberName":"Eastward current","la1":29.0,"la2":12.0,"parameterCategory":2,"lo2":131.0,"nx":250,"ny":171,"refTime":"2017-12-16T04:58:07.5","lo1":106.0}, "data":
[rows 38 to 56 of 171, columns 126 to 167 of 250]
0.0,0.0,0.0,0.0755145226398276,-0.026805054465610836,0.020593423535575386,0.10590093138065033,-0.073040189655116619,-0.048180890383462058,0.27491478662661933,0.045203185559748928,-0.14380467183175771,-0.32756561340122925,-0.42094121762999781,-0.39223068835688574,-0.33726061995212847,-0.26196506751908194,-0.15876896581367442,-0.13333089737331166,-0.12845926657319068,-0.13152913808822631,-0.089833279699087137,-0.10612997731992177,-0.056395305868457347,0.14203293623656713,0.22128700571400778,0.35273452923781629,0.32100730777805686,0.099484385308426362,0.057335193082690236,0.16184613388031721,0.049986245926919755,0.0938991647010717,-0.37204539343530751,-0.22694082061449686,-0.19738164408640427,-0.22047104754231192,-0.26297245124975838,-0.31160247455472534,-0.11690977283499458,-0.037064338431638831,0.016611559151083623
0.0,0.0,0.0,0.095597626064822222,0.21554403569990926,0.14905167434558359,-0.073157256522046576,-0.1429870065767318,-0.13280520828998707,-0.18391943009286796,-0.31140848289470413,-0.34592124511455669,-0.40187097137624567,-0.39192035064405323,-0.36871611859117237,-0.313304100618806,-0.24283950833173898,-0.19695343551310626,-0.1411441425161977,-0.16356002125475141,-0.11814759127222575,-0.091537477581628737,-0.021913476428017019,0.036605502259917558,0.15415488473901695,0.23366889175958933,0.29474230013279751,0.2137957215900459,-0.014054171457562758,-0.013470158296198721,0.0,-0.020043632853776215,0.14584087428326409,0.021916515176504184,0.10316705651603754,-0.10006978187280205,-0.1900182572955435,-0.19277294874191284,-0.22142798740130204,-0.14050144837661224,-0.062777794113284657,0.0070594383396382909
0.0,0.0,0.0,0.080346267493394186,0.046340229978795833,-0.058821185374740924,-0.22918817116057172,-0.21657470194622874,-0.30009330450052241,-0.3577400699480256,-0.37342786349234036,-0.38422319742868533,-0.36365515410900118,-0.3380873728366125,-0.32238904833793641,-0.2947671289851026,-0.25932424981147051,-0.18256071529218129,-0.17936262674629688,-0.16439432352781297,-0.056478914011407783,-0.085698672780586821,0.011054451362132419,0.072159965998205164,0.066654130361977329,0.0575030681793578,0.0,0.0,0.0,0.0,0.0,0.0,0.0,-0.060957194163253708,0.13385304268343712,-0.068689614522282949,-0.12350057896513206,-0.15610742249659129,-0.15889870031521872,-0.14095860651948236,-0.052772562345489861,0.017159727658145128
0.26390083094960765,0.054848637832328677,0.0934544151005823,-0.089833138800214887,-0.12756856501146921,-0.30794106750455619,-0.30917426751505944,-0.31015684443005059,-0.34889650734571309,-0.37263392131836687,-0.39934280047229692,-0.38231011981866797,-0.38886671458802574,-0.30928778068886864,-0.21099482647010259,-0.25976686924695969,-0.24547653876501938,-0.22438952635074483,-0.15145348757505417,-0.13033162716489571,-0.059749987618676545,-0.0050159507863489642,0.080073512026241842,0.038925213866703515,-0.050338465764464158,0.0,0.0,0.0,0.0,0.0,0.0,0.0,-0.090354203130118549,0.034441643506026187,-0.19627281222935944,-0.14941288787379581,-0.0677730085547356,-0.13236752224545326,-0.15339959121268729,-0.13274079723202664,-0.047954359493980352,-0.0049165503587573767
0.10280400291085243,0.22594539877891676,0.064349507413770976,-0.29716260871316635,-0.35518071241676807,-0.31328742272818266,-0.318671592300938,-0.35481570022446768,-0.358248766263326,-0.21608528208274108,-0.13909893205692603,-0.280494560192271,-0.35404225438833237,-0.32201751496861963,-0.25155167055852484,-0.26116405042909807,-0.24533231457074484,-0.26007164655060605,-0.20820719224435311,-0.097228719494663746,-0.028198598793918086,0.066942762200008415,0.11635367196452405,-0.031470637569878675,0.0,0.0,0.0,0.0,0.0,0.0,0.0,0.0,-0.13369299764080669,0.017157691112311368,-0.02720387417610726,-0.12298328827600927,-0.054126989562064409,-0.080183007378274426,-0.12313152987647939,-0.12210116287072499,-0.068605809726498337,-0.044765771905842577
-0.01309787854552269,-0.14414967109332794,-0.26036657990500478,-0.2874832632748977,-0.29261352121829987,-0.28982176448478075,-0.25436744386596338,-0.16195799741480085,-0.14157305641306772,-0.11467618051738966,-0.24325349907844496,-0.36316508240997791,-0.4614317811304523,-0.45916863891386217,-0.27744431742306414,-0.21383525005408696,-0.18825209498405457,-0.19084604526007618,-0.19192279599331044,-0.1167411690182758,0.0015184806747129188,0.098216748361111342,-0.074787572533382238,-0.17486779943660455,0.0,0.0,0.0,0.0,0.0,0.0,0.0,0.0,0.016832473011971969,-0.15648873755708337,-0.080683149659307674,-0.0025503181570552683,0.063302403406029745,0.0070342842006572972,0.0007302073600630348,-0.1059415667233142,-0.12195140479699425,-0.043609566474818472
0.04883236256945464,-0.20740876518370163,-0.30133170124731568,-0.29798320464549527,-0.28122024649176103,-0.27043856517835096,-0.22371401273189706,-0.14876314157094711,-0.18651210185554293,-0.286382794380188,-0.42408498707744813,-0.51219345292737406,-0.51732668190291431,-0.38084044538695239,-0.26231060177087784,-0.24598925216839865,-0.23491232216358185,-0.16886150951568896,-0.16817688024961031,-0.088736318672696754,0.031276374364002643,-0.035477520662508061,-0.10515978608023503,0.0,0.0,0.0,0.0,0.0,0.0,0.0,0.0,0.0,0.1126815602183342,0.021164797548952653,0.21301402075224066,0.28195740161715327,0.15301349470692296,0.12326109021902085,0.072796753898728639,-0.041146376696617706,-0.072770981967914844,0.04118391268623426
-0.19661549766875341,-0.27660384334269023,-0.30090406537055969,-0.31492094721710473,-0.28327602434616822,-0.25628915197319457,-0.23951118239542332,-0.23241807113994251,-0.34467723732814193,-0.51056693648469864,-0.583163978656133,-0.55304781297842664,-0.50171781248516512,-0.46152154977122944,-0.350238553903721,-0.25644860044121742,-0.22678946018218993,-0.14558312509741103,-0.14953423678874969,-0.0575749680809226,0.011747952113825179,-0.11848482660587049,0.0,0.0,0.0,0.0,0.0,0.0,0.0,0.0,0.0,0.0,0.021401603007689118,0.164444335355714,0.43607218669993536,0.50796191192962026,0.27742192049821218,0.11292886113127072,0.081004839545736715,0.10188598270443353,0.13613457859239794,0.22643844109205974
-0.25973868721656584,-0.26635487994977408,-0.28539118928424384,-0.25038637489080429,-0.23464636736445957,-0.23870674371719361,-0.25860784947872162,-0.31900305324985134,-0.43204724899044744,-0.5521213079874332,-0.59673457650037909,-0.5682851646257483,-0.50691198614927435,-0.38018042532106239,-0.25498426304413724,-0.23118812452863763,-0.18121670080082758,-0.15066875672588745,-0.1078921956276255,0.018368927195284688,-0.11683443025205784,0.0,0.0,0.0,0.0,0.0,0.0,0.0,0.0,0.0,0.0,0.0,0.13949698991567683,0.337932486670563,0.45593225717544555,0.49786509360585895,0.37152975489353313,0.20147032493894751,0.1616870564493266,0.17356992091821588,0.21108615601604636,0.27253945597580503
-0.21849809835354486,-0.24786493443606192,-0.26476623060611576,-0.28470483763764304,-0.2983301521801367,-0.36263074506731596,-0.39655053189822603,-0.43549733802124307,-0.48290347709105563,-0.56075391287987053,-0.5792651099187357,-0.39101630697647732,-0.33292386889457704,-0.24557446156229293,-0.30968423518869614,-0.29845742434263228,-0.24567719548940659,-0.16236817411014012,-0.026194581585587004,-0.14099592901255706,-0.13264256045222284,0.0,0.0,0.0,0.0,0.0,0.0,0.0,0.0,0.0,0.0,0.033158129857232176,0.13634744062463206,0.33128677212422891,0.45197409730065952,0.42686318737619061,0.36594263144901823,0.27444748401641844,0.2777198559564093,0.276112999022007,0.28676417740908539,0.33100284139315289
-0.17118797451257706,-0.2786296659101874,-0.28560906765507715,-0.30805555582046507,-0.39312655803484792,-0.44744911872678333,-0.45902970844301683,-0.42420304925353441,-0.434192360551269,-0.49129013110090186,-0.66870305558730814,-0.61602481773921425,-0.41219025601943332,-0.36309598088264466,-0.36998065420099208,-0.37066062291463214,-0.27192948378146964,-0.15314440475776792,-0.306099549837647,-0.16758961797071,0.0,0.0,0.0,0.0,0.0,0.0,0.0,0.0,0.0,0.0,0.0,-0.000985384536385215,0.19038264858134,0.37519393648420063,0.41752937265804835,0.37570842139182553,0.35599778592586517,0.35297232459891925,0.35131952166557312,0.43730262666940689,0.49280060993300545,0.50661731543748278
-0.19332870095968247,-0.2537026987323221,-0.21023621691597832,-0.28819492880416953,-0.40984086147168786,-0.42301478579237656,-0.4987814525763194,-0.49809352336106477,-0.44271931493723832,-0.33674601637400114,-0.40566042597804752,-0.69731259153735248,-0.59332725831440514,-0.53129023232975525,-0.41212171633192834,-0.33997405001095365,-0.24402104102467237,-0.30704213678836823,-0.29379561176627045,0.0,0.0,0.0,0.0,0.0,0.0,0.0,0.0,0.0,0.0,0.0,-0.013974232629774824,0.081985957844433591,0.35871843489316796,0.41472511393267936,0.37181890191453876,0.34369547069072726,0.35662902519106865,0.37510796884695691,0.40802806480364368,0.46298870593309405,0.55237113833427431,0.64461777508258822
-0.19463836162218026,-0.2330641726068422,-0.26458250765096059,-0.3809427275107457,-0.45014956517097277,-0.45163726626020489,-0.52630375099904614,-0.53855384786923721,-0.52096077104409533,-0.443073424909796,-0.32440689682960511,-0.28792095184326172,-0.4581324117524283,-0.37178003171394614,-0.34203936159610748,-0.37895839277542,-0.345138144375074,-0.37563182548169166,-0.18022416816914783,0.0,0.0,0.0,0.0,0.0,0.0,0.0,0.0,0.0,0.0,0.0,0.062866039802225271,0.16757819056510925,0.37869653159921818,0.40228464740973252,0.36796891689300537,0.35083527807836179,0.35384514212608337,0.37089486826549878,0.39949335228829158,0.47057619284499774,0.54423379898071289,0.60954076679129354
-0.23700052090719634,-0.2803671911675879,-0.37003672785229152,-0.4183561893609854,-0.4640580041286273,-0.49515955195282446,-0.56052090889877748,-0.58258238931496942,-0.60460498183965683,-0.61121316389604052,-0.31236366067941373,-0.18152398450507057,-0.21354546795288723,-0.29234175659992079,-0.41602499120765263,-0.458424077405558,-0.50636698466001284,-0.30161445447674362,0.0,0.0,0.0,0.0,0.0,0.0,0.0,0.0,0.0,0.0,0.0,0.0,0.056837689827513346,0.22592777276740356,0.3549415731430054,0.40029379559887779,0.36796039740244546,0.36465528276231551,0.36170040394948877,0.38217961215055907,0.44126894644328524,0.50045368373394017,0.52805012748354963,0.55795063906245757
-0.28313790413798118,-0.31396839458767961,-0.372219181060791,-0.38871036355312055,-0.43801364145780863,-0.37044542061316,-0.37044157300676617,-0.49788764212280512,-0.597058520714442,-0.5509288677802453,-0.1464081700844462,-0.030936185164526769,-0.12415915408304759,-0.23437959932047744,-0.53338359259977575,-0.48439424787417495,-0.38826841620267233,-0.11335553477031433,0.0,0.0,0.0,0.0,0.0,0.0,0.0,0.0,0.0,0.0,0.0,0.0,0.031286047805136358,0.27571341479328315,0.41065566830856853,0.40334566405841282,0.37356838892246114,0.39199973702430724,0.41679220743801282,0.45957268503579224,0.50065107004983089,0.51386501193046574,0.49223271953432185,0.49390645403611033
-0.32104048003321106,-0.29781311681104261,-0.28182799369096756,-0.32250061109662054,-0.32171176075935365,-0.26995479080237839,-0.31303310043671551,-0.3098136428240183,-0.36121412366628647,-0.39186522418042713,0.013174520545075402,0.24342813654368647,-0.041269154301844538,-0.17800009594513819,-0.52455941452221433,-0.43592472578124175,-0.16793950476816721,0.0,0.0,0.0,0.0,0.0,0.0,0.0,0.0,0.0,0.0,0.0,0.0,-0.028000376835864569,0.10494740461335705,0.38452981530673919,0.396756871444423,0.37269465769490889,0.40036162734031677,0.42909636596838635,0.47660027861595156,0.52826980040186933,0.54357464313507076,0.51208056360483167,0.46714087426662443,0.45008949749171734
-0.35853386989661623,-0.32106827422976492,-0.28887835641702014,-0.29963958545311076,-0.32787289490570892,-0.28284534130777633,-0.28050853030101675,-0.11496640203168264,-0.17732334441194933,-0.21287034803031502,-0.16958435115001938,0.38078382900549157,-0.040376408374868333,-0.14966960893622761,-0.38634875753233511,-0.18304631718247316,0.0,0.0,0.0,0.0,0.0,0.0,0.0,0.0,0.0,0.0,0.0,0.0,0.0,-0.021214429336297955,0.2150811754688777,0.35526376346061972,0.28396331579298584,0.29693912665049232,0.38478577136993408,0.44569301334294403,0.49121959152675809,0.5513014942407608,0.56732941004965043,0.49179733426947342,0.41512707538074917,0.413149192052729
-0.33494043193365397,-0.34418492301090342,-0.33339941043120164,-0.28513658203576742,-0.28118740533079417,-0.27017273949949366,-0.20775165663738,-0.026442858515880428,0.12921025273641823,0.43437526854971537,0.072489120993537756,-0.27895539479694614,-0.29188776282327517,-0.13338489457964897,-0.45993366600975155,-0.18418762574708972,-0.012900383211672306,0.0,0.0,0.0,0.0,0.0,0.0,0.0,0.0,0.0,0.0,0.0,0.0,0.089150195325826215,0.31037603508918843,0.30022227216740044,0.21422482654452324,0.24447085347867781,0.32273069972341711,0.38016783802405646,0.44974827915430071,0.51987449079751968,0.55713694691658022,0.4819176610973146,0.37944645848539138,0.37619849294424057
-0.43714593149520253,-0.364469255392368,-0.2998396452214267,-0.28421788993808961,-0.2178773698774544,-0.14292402527271172,-0.039406484103805962,0.041179312930435641,-0.014002089816776494,0.184301993488155,0.14476073625203417,-0.21514355791051212,-0.18780683554135835,-0.076829089068396153,0.13847397029601427,0.010995554843248101,0.01450895331799984,0.0,0.0,0.0,0.0,0.0,0.0,0.0,0.0,0.0,0.0,0.0,0.0,0.15152419717166543,0.28621034840742748,0.27398750324581944,0.202801634485905,0.21489438185325036,0.24389719963073731,0.31349492073059082,0.38987227446503109,0.45124022750293508,0.48460667624193077,0.42014957538672854,0.35311535663074917,0.35531024262309074
