SouthSea_Web/demo/jsonfile/2017-12-14-20.json
{"header": {"parameterUnit":"m.s-1","parameterNumber":2,"dx":0.1,"dy":0.1,"parameterNumberName":"Eastward current","la1":29.0,"la2":12.0,"parameterCategory":2,"lo2":131.0,"nx":250,"ny":171,"refTime":"2017-12-14T19:58:07.5","lo1":106.0}, "data":
[rows 57 to 75 of 171, columns 168 to 209 of 250]
0.28754012982050575,0.28567985977445332,0.24462590018908184,0.24090079267819722,0.17641325507845199,0.14791069552302361,0.11456038383767009,0.099696399910109382,0.092704979272989124,0.10088578451957021,0.10941652022302151,0.10800393205136061,0.064101543898383781,0.038430692361933846,0.023328526023154456,-0.0081509464071132243,-0.031836512964218855,-0.057539466768503189,-0.088825521369775132,-0.1214461512863636,-0.1540408581495285,-0.15993616729974747,-0.17828717082738876,-0.17331850528717041,-0.16846184432506561,-0.1636221706867218,-0.15460836887359619,-0.14989097416400909,-0.14292258024215698,-0.13630423694849014,-0.12363978723684947,-0.0932263433933258,-0.064172254875302315,-0.0484078973531723,-0.042973250150680542,-0.048739366233348846,-0.07446984201669693,-0.0792358194788297,-0.076135188341140747,-0.04377196729183197,-0.01184771116822958,-0.015707214828580618
0.25433413311839104,0.25100148870394778,0.2047464003165563,0.21034315507858992,0.18804255872964859,0.14915027526708749,0.1346687376499176,0.11897504702210426,0.097128525376319885,0.095932270586490634,0.1041886339133436,0.098750913515686989,0.056536378338932991,0.018419223837554455,-0.020539704186376184,-0.049937378615140915,-0.067026392867167786,-0.089336790144443512,-0.12698266158501306,-0.15083024650812149,-0.19580508023500443,-0.20625564952691397,-0.2158295288681984,-0.20828079432249069,-0.20169836282730103,-0.18099874754746756,-0.1620641847451528,-0.15013253688812256,-0.14148586243391037,-0.12933448453744253,-0.11857954785227776,-0.098791489998499557,-0.071372039616107941,-0.064298518002033234,-0.069506321102380753,-0.076545386264721557,-0.10335312411189079,-0.11406074836850166,-0.11058702692389488,-0.077329204728206,-0.055445327113072075,-0.03526826947927475
0.2495191590860486,0.22186900994607381,0.15961791481822729,0.16011705597241718,0.15591574288331545,0.14254953925098693,0.13354046456515789,0.11323941946029663,0.095401813360777771,0.08343839738518,0.080985677738984421,0.056691498096500127,0.018275357720995089,-0.026296513424313162,-0.052283480763435364,-0.095260957255959511,-0.12386474013328552,-0.15460575371980667,-0.1837628185749054,-0.17912397285302481,-0.22926633059978485,-0.23633512357870737,-0.2368609607219696,-0.22839199006557465,-0.2211468443274498,-0.1925981268286705,-0.16126842051744461,-0.1417953297495842,-0.133985698223114,-0.12388276681303978,-0.10435117408633232,-0.08370291069149971,-0.07547372579574585,-0.071237385272979736,-0.089570187032222748,-0.10586223999659221,-0.12831445038318634,-0.14149826765060425,-0.13816642016172409,-0.11873693764209747,-0.085390206426382065,-0.051443954929709435
0.23565107385317485,0.18705723721247453,0.1280249665180842,0.12260861481939044,0.10529792246719201,0.10519683520708766,0.10059565554062526,0.083938621915876865,0.071742618922144175,0.06503828102722764,0.044468264405926071,0.014067581638560764,-0.027399139304179698,-0.065794984251260763,-0.1133548766374588,-0.14596296350161234,-0.16872530430555344,-0.19265523552894592,-0.19640794396400452,-0.20234427601099014,-0.23116679489612579,-0.23794327676296234,-0.24710501730442047,-0.24098739773035049,-0.23465388268232346,-0.19480955104033151,-0.16085407137870789,-0.14412482082843781,-0.13814312716325125,-0.12040755152702332,-0.099687084555625916,-0.068929772824049,-0.068155795335769653,-0.078604165464639664,-0.10331595689058304,-0.12826545909047127,-0.14327365905046463,-0.16047127544879913,-0.14699390530586243,-0.13805361092090607,-0.10346886143088341,-0.069145351648330688
0.21425711257117136,0.15611339818972808,0.095935454467932377,0.084191224404743734,0.071120734971303209,0.071254769650598362,0.067530341446399689,0.058208864859559319,0.041848236322402955,0.033879729919135571,-0.001085426059684583,-0.043706995435059071,-0.087661686539649966,-0.11786068230867386,-0.16851101070642471,-0.19695152839024863,-0.21139049530029297,-0.22191338986158371,-0.21203512450059256,-0.21081194281578064,-0.22908050566911697,-0.25037595629692078,-0.25488470494747162,-0.24455843369166055,-0.2136247530579567,-0.18496759235858917,-0.168614961206913,-0.15674347430467606,-0.14522634446620941,-0.11861591413617134,-0.078144460916519165,-0.063136110082268715,-0.082274280488491058,-0.092317370076974228,-0.11187001690268517,-0.12279146909713745,-0.15105482935905457,-0.16637512296438217,-0.16734025627374649,-0.15512260794639587,-0.11505521088838577,-0.0891810730099678
0.17087420324484506,0.12485636305063963,0.091784399251143137,0.060816627740859983,0.031735348980873823,0.031866928383421436,0.036316446753011808,0.035354176769033074,0.0036978292204862969,-0.026400132686831057,-0.0733882983525594,-0.12109470665454865,-0.13326738625764847,-0.17688312828540803,-0.21458508570988974,-0.2314331978559494,-0.23355516046285629,-0.2427525594830513,-0.218905175725619,-0.21242349594831467,-0.23479503393173218,0.0,-0.2546449949343999,-0.24862699955701828,-0.22172901034355164,-0.19556906074285507,-0.17132154107093811,-0.15968721359968185,-0.14233335852622986,-0.11114053428173065,-0.10119592398405075,-0.090342015027999878,-0.10667343437671661,-0.11220287904143333,-0.11788718402385712,-0.12784832715988159,-0.1481318399310112,-0.17729312926530838,-0.18364778906106949,-0.17122603952884674,-0.14001372456550598,-0.11404753103852272
0.13983535074761935,0.10680831489818436,0.0797161809526957,0.040728223199645676,-0.00082026739031649555,-0.018664055260887834,-0.019866655212050926,-0.024067563121207058,-0.062757526006963521,-0.099032096564769745,-0.14373788237571716,-0.18662021160125733,-0.18565996736288071,-0.20265211164951325,-0.24229351803660393,-0.26451388994852704,-0.25973527133464813,-0.24693248669306436,-0.21372436732053757,-0.20784389972686768,-0.23279322187105814,-0.25631255904833478,-0.28103643655776978,-0.25626996159553528,-0.23291431864102682,-0.21666333079338074,-0.18581895530223846,-0.16506713628768921,-0.14537571370601654,-0.12528552114963532,-0.12816580384969711,-0.1272333599627018,-0.128498375415802,-0.12174613401293755,-0.1122850738465786,-0.12132970243692398,-0.15201190859079361,-0.18375521153211594,-0.20509139448404312,-0.19958910346031189,-0.18095170706510544,-0.15317552536725998
0.13043012470006943,0.10008330511696198,0.073683192720636725,0.019150415000816188,-0.034123677294701338,-0.071033125026867941,-0.078380018100142473,-0.1025744266808033,-0.13558894520004591,-0.16326555822576797,-0.198003018895785,-0.22641197095314661,-0.22019224613904953,-0.22977731376886368,-0.25844889879226685,-0.28022965788841248,-0.27618754903475445,-0.2498936802148819,-0.20619296034177145,-0.20299194008111954,-0.22748132050037384,-0.25510338693857193,-0.27804431319236755,-0.27315619587898254,-0.24835456162691116,-0.21558897197246552,-0.18172857165336609,-0.15019724518060684,-0.13453872501850128,-0.13066945970058441,-0.1396142989397049,-0.14132439096768698,-0.1328669860959053,-0.1224251314997673,-0.11362401396036148,-0.12217632308602333,-0.15401923656463623,-0.19417157024145126,-0.22657357156276703,-0.21662576496601105,-0.19587256014347076,-0.18026428669691086
0.13549831043928862,0.12645025069222732,0.0713591647467443,0.00020327511950969123,-0.070529800307537832,-0.12212823263623497,-0.15284774079918861,-0.15256657600402832,-0.15794848091900349,-0.18024321964808873,-0.21409127861261368,-0.23202038307984671,-0.22608968118826547,-0.24579092115163803,-0.29138848185539246,-0.30179175734519958,-0.29950085282325745,-0.23894718289375305,-0.1948898509144783,-0.1960134282708168,-0.21460222452878952,-0.24796134978532791,-0.29014678299427032,-0.30539144575595856,-0.2630355755488078,-0.21363218873739243,-0.1709994375705719,-0.13964501023292542,-0.12465553730726242,-0.13447713355223337,-0.1437709704041481,-0.13369852304458618,-0.1234649196267128,-0.1089308112859726,-0.11375620712836583,-0.13206276297569275,-0.16469796746969223,-0.23008795827627182,-0.23378011584281921,-0.23441105335950851,-0.20042122900485992,-0.19649084657430649
0.1289792231151036,0.12478587137801307,0.04735134582345684,-0.052614520362112671,-0.12930047937801906,-0.18150625005364418,-0.210101817548275,-0.17931521125137806,-0.15840278441707292,-0.1707042008638382,-0.20331360399723053,-0.22505071386694908,-0.24546349296967188,-0.28104188044865924,-0.33735146125157672,-0.34123644232749939,-0.3226315975189209,-0.25082153081893921,-0.21062149852514267,-0.19830108433961868,-0.21670859307050705,-0.25987447798252106,-0.32117725908756256,-0.29666300117969513,-0.25456738471984863,-0.21013572067022324,-0.15871614217758179,-0.12870086232821146,-0.12550628681977591,0.0,-0.14070926606655121,-0.14193016290664673,-0.11456109583377838,-0.10654672607779503,-0.12152180820703507,-0.15548685193061829,-0.21952547132968903,-0.24540223926305771,-0.2567579597234726,-0.24852445721626282,-0.22112639248371124,-0.18820930272340775
0.093261379500230154,0.099343981374712551,0.039206056172649065,-0.075943466408976493,-0.17839911182721455,-0.24386338754133743,-0.27048167992721905,-0.21332969330251217,-0.16913834400475025,-0.17123161894934519,-0.19930556789040566,-0.23977412581443786,-0.29624065260092419,-0.34324938058853149,-0.38027480244636536,-0.38345460593700409,-0.33758934338887531,-0.25278656929731369,-0.2017349973320961,-0.19696024805307388,-0.22414130717515945,-0.28834945956865948,-0.30657041072845459,-0.29105269908905029,-0.24023508280515671,-0.20334354043006897,-0.15951105207204819,-0.13371925055980682,-0.110661830753088,-0.12528973445296288,-0.15259803334871927,-0.14388348162174225,-0.13091421499848366,-0.11291865259408951,-0.12145480513572693,-0.15633817762136459,-0.21558751165866852,-0.24866917729377747,-0.25772683322429657,-0.23428644239902496,-0.18856668472290039,0.0
0.046244232216849923,0.052321703235308333,0.032544768198082843,-0.040200381718022982,-0.16691076436213084,-0.26893088898875495,-0.32685441076755523,-0.26902704153742107,-0.20369811356067658,-0.20770807351384843,-0.24267779290676117,-0.2978433569272359,-0.33871441483497622,-0.37074374159177143,-0.39561928311983746,-0.39949901401996613,-0.33330286542574566,-0.24504328519105911,-0.1983557716012001,-0.19760712236166,-0.22434820234775543,-0.27672439813613892,-0.28989624977111816,-0.26806047558784485,0.0,-0.18679715196291605,-0.13808347284793854,-0.10710568726062775,-0.10112529247999191,-0.12740000337362289,-0.15502218902111054,-0.15534838289022446,-0.14518597722053528,-0.11076877638697624,-0.128007173538208,-0.16031549870967865,-0.20166280120611191,-0.23609264194965363,-0.24796618521213532,-0.2125842422246933,-0.17811086773872376,-0.13881514221429825
-0.0070406611620758971,0.0025500211864709853,0.0040382687657256611,-0.027440997364465147,-0.15241484556879317,-0.26803435520692304,-0.35435506701469421,-0.3198918029665947,-0.2575236652046442,-0.25651020024503979,-0.29114583879709244,-0.33160018920898438,-0.36217273026704788,-0.369609534740448,-0.39005570610364276,-0.38929648697376251,-0.30800990263621014,-0.231510192155838,-0.19574869424104691,-0.18744727224111557,-0.20406616479158402,-0.2327878475189209,-0.27255298693974811,-0.24240178614854813,-0.2236001193523407,-0.18795077502727509,-0.14423895875612894,-0.093047242611646652,0.0,-0.097776025533676147,-0.1455762634674708,-0.14823947846889496,-0.14099672436714172,-0.11585432291030884,-0.09763302281498909,-0.13613414391875267,-0.1847175657749176,-0.2205052375793457,-0.22067415714263916,-0.21330834925174713,-0.15891461074352264,-0.13570569455623627
-0.056828088198716827,-0.04472140440096458,-0.040167112648487088,-0.061874196132911105,-0.16738426525677955,-0.2924685071815144,-0.37980343401432037,-0.35699671134352684,-0.29309612086841036,-0.29409727950890857,-0.32862794895966846,-0.35933659474054974,-0.35623212456703185,-0.34233747919400531,-0.36006408929824829,-0.35316185653209686,-0.29022577404975891,-0.22744015355904898,-0.18073983490467072,-0.15694451332092285,-0.16893699020147324,-0.20707372575998306,-0.253489226102829,-0.24144087731838226,-0.21537963300943375,-0.1850910410284996,-0.11642173677682877,-0.13243141770362854,-0.081149302423000336,-0.12729695439338684,-0.12496957555413246,0.0,-0.12294137477874756,-0.1009281799197197,-0.089495524764060974,-0.12264398485422134,-0.15994583815336227,-0.19231056421995163,-0.20049983263015747,-0.19388337433338165,-0.15863577524820963,-0.11103200539946556
-0.094702050586541492,-0.091255089888970062,-0.098075544571175288,-0.1155619780932154,-0.21993560095628104,-0.3422173424200578,-0.40675992667675021,-0.37436607107520103,-0.30245570465922356,-0.30557852557727266,-0.33914314508438109,-0.35545635223388672,-0.32306278745333356,-0.29936029016971588,-0.31573696434497833,-0.32076439261436462,-0.25690842419862747,-0.19500602781772614,-0.14803458750247955,-0.12047012522816658,-0.14404368400573731,-0.20549959689378738,-0.2635870675245921,-0.25412588566541672,-0.22032374143600464,-0.18498918414115906,-0.1343730092048645,-0.094966266304254532,-0.06505289549628894,-0.091983113437891,0.0,-0.142348051071167,-0.10054817795753479,-0.067167890568574265,-0.082331880927085876,-0.096288733184337616,-0.14942272752523422,-0.18684561550617218,-0.18093498051166534,-0.17014613747596741,-0.12913994491100311,-0.085449151694774628
-0.12772166904281168,-0.15083813404335694,-0.14676495268940926,-0.17907898426055907,-0.270441693564256,-0.37106644190274751,-0.42024879902601242,-0.37309661507606506,-0.30659976601600647,-0.304770827293396,-0.33337949961423874,-0.32282603979110719,-0.28410378098487854,-0.27093210816383362,-0.28406326472759247,-0.29512523114681244,-0.23121276497840881,-0.16065322359402975,-0.11488829553127289,-0.1068212240934372,-0.15366458892822266,-0.22179291397333145,-0.27706634998321533,-0.26953966418902081,-0.227182537317276,-0.17769180238246918,-0.15991170704364777,-0.068826330825686455,-0.035539323464035988,-0.059913352131843567,-0.10438519964615504,-0.10977691039443016,0.0,-0.062600946053862572,-0.051704416051506996,-0.095079712569713593,-0.1378287747502327,-0.16431434452533722,-0.1626913845539093,-0.15531595051288605,-0.12761344760656357,-0.086904939264059067
-0.13544096937403083,-0.1769644162721104,-0.18140831192334492,-0.22021891070263727,-0.31133281936248142,-0.38064874844117597,-0.41198574834399754,-0.36649516224861145,-0.30387309789657591,-0.28781589865684509,-0.2935185432434082,-0.27872014045715332,-0.26226674020290375,-0.26334627866745,-0.28562804063161212,-0.28570270538330078,-0.22570560872554779,-0.1495466778675715,-0.10051664710044861,-0.12237095460295677,-0.17894726246595383,-0.24728352576494217,-0.28765110671520233,-0.26847214996814728,-0.22345797717571259,-0.15748918056488037,-0.10450505465269089,-0.0383597556501627,-0.011072627734392881,-0.027440967038273811,-0.075090989470481873,-0.085851237177848816,-0.07081865519285202,-0.024134604260325432,-0.040589001029729843,-0.065413855016231537,-0.11816950887441635,-0.14667576551437378,-0.14993297308683395,-0.14449138194322586,-0.11572588980197907,-0.091322839260101318
-0.1235584000746409,-0.16638486542635494,-0.19275160226970911,-0.23935445930276597,-0.32506906986236572,-0.40402061559937219,-0.40888717228716071,-0.3518439494073391,-0.30364284770829336,-0.28071110447247821,-0.27740930020809174,-0.27696961164474487,-0.27797966003417968,-0.28228462735811871,-0.29953649640083313,-0.2952188452084859,-0.23106870800256729,-0.15266516804695129,-0.1076655276119709,-0.12782377004623413,-0.20508614182472229,-0.26791337132453918,-0.29747219383716583,-0.26736725370089215,-0.21094932407140732,-0.15205865353345871,-0.087506212294101715,-0.040127390995621681,-0.0388003084808588,-0.038519743829965591,-0.074568111449480057,-0.076818883419036865,-0.064246818423271179,-0.0315792178735137,-0.039822846651077271,-0.099865511059761047,-0.12266281992197037,-0.13604792952537537,-0.15475654602050781,-0.13977867364883423,-0.1079641580581665,-0.060599913820624352
-0.13550151698291302,-0.13451001141220331,-0.18441293920789445,-0.23141943032924944,-0.32984875548969617,-0.43121823966503142,-0.43439627119473051,-0.37033724784851074,-0.31644213795661924,-0.29495227336883545,-0.29497167964776355,-0.29972242563962936,-0.29884089032808941,-0.29290648301442462,-0.30371461808681488,-0.29512773950894672,-0.22899778932332993,-0.15874047577381134,-0.12377630919218063,-0.15211863070726395,-0.2289821058511734,-0.280533567070961,-0.29445120692253113,-0.29222011566162109,-0.21355010569095612,0.0,-0.10233620926737785,-0.079179953783750534,-0.0834842398762703,-0.07016875222325325,-0.088266227394342422,-0.08370460569858551,-0.053746068850159645,-0.032880689948797226,-0.034414000809192657,-0.080481868237257,-0.13480861485004425,-0.163908451795578,-0.15818698704242706,-0.14061719924211502,-0.098716661334037781,-0.043426401913166046
