SouthSea_Web/demo/jsonfile/2017-12-15-04.json
{"header": {"parameterUnit":"m.s-1","parameterNumber":3,"dx":0.1,"dy":0.1,"parameterNumberName":"Northward current","la1":29.0,"la2":12.0,"parameterCategory":2,"lo2":131.0,"nx":250,"ny":171,"refTime":"2017-12-15T04:01:52.5","lo1":106.0}, "data":
[rows 133 to 151 of 171, columns 129 to 171 of 250]
0.0015627427492290735,0.010584368137642741,0.020065843748549621,0.021019733394496143,0.019592211073772473,0.030917968394027814,0.016205675951722596,-0.023858996873189296,-0.062418825924396515,-0.021663148505798414,0.01365817976368003,0.0,0.0,0.0,0.0,0.0,0.0,0.0,0.0,0.0,0.0,0.0,0.0,0.0,0.0,0.0,0.0,0.077940488855044052,0.11185852404345166,0.26217058598995208,0.30644803643226626,0.28876660764217377,0.23094682581722736,0.16534754186868667,0.11872193134493297,0.099738131277263165,0.11335219277275933,0.16052098944783211,0.19316690415143967,0.18218050897121429,0.11667171493172646,0.036660415519561083,-0.01274604248101241
0.041188644245266914,0.028247559132675331,0.027266091667115688,0.042457015564044319,0.045474316459149122,0.046060700985518371,0.022028005184521051,-0.028935654850845986,-0.067174394614994526,-0.039505524228193929,0.039886916987597942,0.0,0.0,0.0,0.0,0.0,0.0,0.0,0.0,0.0,0.0,0.0,0.0,0.0,0.0,0.0,0.0,-0.0955387465946842,0.14005191387100655,0.2355543937948015,0.25066995078867133,0.21671107004989276,0.1597463053961595,0.083824709057807922,0.052514331974089147,0.048338458679306008,0.10413846001029015,0.17182598412036895,0.17582575604319572,0.15105693468025752,0.10095544159412384,0.043492615048307925,-0.0022200081406885553
0.071654851237932846,0.074154039223988846,0.065515312233141484,0.049508786863750882,0.062854944003952876,0.0559277017083433,0.02319138336719738,-0.019988390358371869,-0.06439941525459289,-0.050543678563553837,0.054425879381597042,0.0,0.0,0.0,0.0,0.0,0.0,0.0,0.0,0.0,0.0,0.0,0.0,0.0,0.0,0.0,-0.26169077306985855,-0.054021769688309483,0.1538276725581714,0.20275568962097168,0.21148638096120623,0.17834374105388468,0.0675837097012184,-0.000701811138747467,-0.02129615971352905,-0.0084654353442601867,0.085587728768587112,0.16849416866898537,0.17569056339561939,0.15323659032583237,0.11877970546483993,0.0846094869905048,0.045599550733135805
0.086041098460555077,0.094075185246765614,0.095420924015343189,0.072686896659433842,0.066233587347798883,0.052428374574943024,0.017327392034025654,-0.0099815068921695147,-0.045022159721702336,-0.031502208672463894,0.087504648913939789,0.0,0.0,0.0,0.0,0.0,0.0,0.0,0.0,0.0,0.0,0.0,0.0,0.0,0.0,-0.11221197247505188,-0.25028107762336732,0.017922501072462182,0.13652271926403045,0.16972363109772021,0.16805494949221611,0.11492443664206399,0.024041145778028294,-0.038802909326146946,-0.071506138552318924,-0.011056973443677029,0.070502943918108935,0.12865657442145878,0.16221340149641036,0.16468933100501695,0.13663266764746773,0.1008117902610037,0.055935985719164215
0.10824916809797287,0.11419659480452538,0.10932400503328868,0.10012729300392999,0.069613088387995958,0.048271616713868246,0.018164310744032262,0.015357679421348231,-0.0041038580767979674,-0.02525856630277953,0.057827714830636978,0.12413102636734645,0.0,0.0,0.0,0.0,0.0,0.0,0.0,0.0,0.0,0.0,0.0,0.0,0.0,-0.20569751597940922,-0.24994280636310579,-0.11360490415245295,0.037322845232362546,0.068850888560215637,0.080129093490540981,0.037962948489520282,-0.013587137839446465,-0.055956683680415155,-0.079962224596076548,-0.055075997486710548,0.0020526224281638859,0.05272601740434766,0.10163269854254192,0.125872440636158,0.11649498922957315,0.08775221996686676,0.024835411677486263
0.12750091403722763,0.14011998176574708,0.1326933354139328,0.11473782267421484,0.082735788822174069,0.057972917798906565,0.035984220448881388,0.03214631684952312,0.018335692497203127,-0.015464907124017676,0.0054277156305033714,0.0914536327123642,0.0,0.0,0.0,0.0,0.0,0.0,0.0,0.0,0.0,0.0,0.0,0.0,0.0,-0.1381773054599762,-0.27314827484743937,-0.23163230493664741,-0.10439649862902505,-0.0298047895077616,0.019061438518110662,0.030217653606086969,-0.0019941141566960142,-0.033482746407389644,-0.087275068190964783,-0.10488407164812089,-0.06013080376115712,0.0020423652022145689,0.040552392808927432,0.059254721272736788,0.058861497789621353,0.030199066684063938,-0.0035618618033671132
0.14790684729814529,0.15245248675346373,0.14206160179206304,0.121162049472332,0.10026000514626503,0.085602618008852008,0.076539751142263412,0.065128163180568008,0.030355067923665047,-0.0052476867235132629,-0.0551362218601363,0.050684941932559013,0.0,0.0,0.0,0.0,0.0,0.0,0.0,0.0,0.0,0.0,0.0,0.0,0.0,0.0,-0.22497164209683737,-0.2057321932580736,-0.20043809711933136,-0.085658813930220068,-0.0029937159270048141,0.043714667297899724,0.0019315007693049583,-0.032623118907213214,-0.046199596952646971,-0.057059543579816817,-0.023247648647520693,0.030677542530207172,0.058432974666357038,0.061319665238261226,0.049397712945938109,0.043911539483815432,0.042576750926673415
0.14236458539962768,0.15834562977155051,0.14445324242115021,0.11093859800270625,0.10826295986771584,0.12531097754836082,0.12339652851223945,0.096535546705126762,0.04512690678238869,-0.013164811296155677,-0.069555844579424181,0.011383382670049156,0.0,0.0,0.0,0.0,0.0,0.0,0.0,0.0,0.0,0.0,0.0,0.0,0.0,0.0,0.0,-0.09516534507274628,-0.1628223569555716,-0.19012010345856348,0.0,0.072294652462005615,-0.00854319626731532,-0.050456253439188005,-0.053303759917616843,-0.031307365237311882,-0.0014642530422861455,0.045082034035162491,0.065012262389063838,0.058806120976805688,0.058762571877903409,0.06176372617483139,0.057290918659418821
0.14627536137898764,0.15684365034103392,0.1361035518348217,0.10200896207243204,0.10854473523795605,0.13448268423477808,0.13333953842520713,0.089350259138478175,0.045065521779987544,-0.00919750181856216,-0.072493379088965332,-0.049746142389873661,-0.058630883693695068,-0.0048259102428952856,0.0,0.0,0.0,0.0,0.0,0.0,0.0,0.0,0.0,0.0,0.0,0.0,0.0,-0.087398086984952286,-0.10624838513987404,-0.15028485357761384,0.0,0.0,0.0,-0.082473750412464145,-0.14352498576045036,-0.078941887617111212,-0.04706596707304319,-0.00038342540342868728,0.024278899189084768,0.030551418662071228,0.027905559581187036,0.029715631415860519,0.026204051294674475
0.14342095330357552,0.13947077095508575,0.11611076444387436,0.095587304660252156,0.0963677167892456,0.11848012171685696,0.10938682928681373,0.061171561479568481,0.025581381815884794,-0.020805879932595417,-0.097365510960419968,-0.069467605815993413,0.045581652782857418,0.039787318994058296,0.017690603417577222,0.0,0.0,-0.0513014467433095,0.0,0.0,0.0,0.0,0.0,0.0,0.0,0.0,0.0,-0.1062396839261055,-0.12968832833899391,-0.15332245379686355,-0.25885895391305286,-0.0740245133638382,-0.04454013465770653,0.001792405266314745,-0.12969994321465492,-0.12852768786251545,-0.0942843198776245,-0.089926043214897319,-0.096574869176203559,-0.032169327796013517,-0.020491089154448774,-0.02825452600055459,-0.024908307939767838
0.11794108400742213,0.12036184594035149,0.10350395490725835,0.084233847446739674,0.078882448002696032,0.087569880299270153,0.0740625400096178,0.036828228272497654,0.011856678337790073,-0.025384803142515011,-0.0978828426450491,-0.107301850285795,0.00828343638303605,0.038678707571567168,0.0,0.0,0.0,-0.11021537855267524,-0.051739713634430827,-0.019697476923465729,-0.057757880538702011,0.0,0.0,0.0,0.0,0.0,0.0,-0.064539626240730286,-0.09822599649695414,-0.15509137654533753,-0.37041122317314146,-0.19420266151428223,-0.089206802912733765,-0.044528715105520353,-0.090815256039301559,-0.15147584863007069,-0.20289226139292999,-0.15689205527305603,-0.14741583334075081,-0.1143107071518898,-0.12979879354437193,-0.12349271681159735,-0.093123577196489685
0.098632524907588962,0.088417512178421018,0.072653059537212059,0.053290246320622306,0.041148878913372752,0.057266243267804384,0.050634356960654256,0.033853552676737307,0.012665114307310432,-0.032151230238378049,-0.09754341923528248,-0.13850743323564529,-0.072305062855593863,-0.014770142871632495,-0.044127428438514471,-0.061148572713136673,0.0,-0.060920442764957748,-0.041110186954028904,-0.047288457439704376,-0.0419812842621468,0.00642695976421237,0.0,0.0,0.0,0.0,0.0,-0.0039986101910471916,-0.021114651372449264,-0.14841847158968449,-0.28628263920545577,-0.15269165709614754,-0.10554992987049951,-0.10321204973892732,-0.11992211639881134,-0.1369868659160354,-0.14247362925247711,-0.156598636880517,-0.16828702886899313,-0.15926401019096376,-0.17672884629832375,-0.20774275958538055,-0.23365344479680061
0.090032352134585381,0.06181633472442627,0.0438998852457319,0.029077248647809029,0.0077926538781159455,0.036165974801406264,0.050508392767773733,0.046577932106124029,0.021169117038053544,-0.021437753198875323,-0.078258062154054647,-0.13697357272559946,-0.11247162520885468,-0.033753422282946609,-0.010319650030901862,-0.022938368531564873,0.0,-0.11571638534466426,-0.085346861742436886,-0.080432523041963577,-0.046026373152724571,-0.027706546825356781,0.0,0.0,0.0,0.0,0.0,0.018556192517280579,0.0013166726741474122,-0.098404196852987458,-0.21046520272890726,-0.16024608910083771,-0.1326014602726156,-0.12714985261360803,-0.1342421442270279,-0.10703957974910736,-0.0900102436542511,-0.12496629086407748,-0.17654231055216355,-0.19108904749155045,-0.17204494277636209,-0.18676195707586077,-0.21952007462581
0.064438798278570172,0.047224149107933044,0.032742409501224756,0.011629957977371911,-0.01143174538447056,0.016759956152074866,0.053289786353707312,0.06269585266709328,0.04976311232894659,0.012735776624388316,-0.038597777866843069,-0.11125525358048352,-0.11855003734429677,-0.040668433583858937,0.035522962351226144,-0.0050888950936496258,-0.018109280476346613,-0.0651458812256654,-0.076113609969615942,-0.098744988441467285,0.0,0.0,0.0,0.0,0.0,0.0,0.0,0.0,0.011287762525690985,-0.063673746492713693,-0.17028364539146423,-0.13199205086989838,-0.15555394779552112,-0.15240315794944764,-0.15027227848768235,-0.11426969543099404,-0.040926428935067219,-0.078160327672958371,-0.13465079913536707,-0.14083718847144733,-0.15862352318233913,-0.15512893497943878,-0.18187409639358521
0.0566428117454052,0.046883688867092134,0.035413535844002454,0.019851269637001678,0.0045064773730700836,0.031719772052019833,0.066343303769826889,0.073399632424116137,0.063026305626739151,0.041794399963691831,-0.00036491840993138879,-0.077208851567573011,-0.11543833667581732,-0.073125420345200434,0.026175754785072058,0.015902776709481259,-0.064180335236920252,-0.039325720025226475,-0.057149666051069893,0.0,0.0,0.0,0.0,0.0,0.0,0.0,0.0,0.0,-0.051260734908282757,-0.090465443415774241,-0.10366082879213187,-0.076576264067129654,-0.16096530357996622,-0.17252454906702042,-0.14992911368608475,-0.1575036346912384,-0.069949537515640259,0.030744756261507671,-0.097728979773819447,-0.03478103871457279,-0.1058425209061666,-0.11626157443970442,-0.14195139259099959
0.052386495284736156,0.043441231052080788,0.04033289197832346,0.041585298255085945,0.036542984790035656,0.069053825736045835,0.08424935324324502,0.073865904286503789,0.06302955374121666,0.047776717226952314,0.0044447807255589096,-0.031515350565314293,-0.096840521151369263,-0.097507036545059891,-0.016325100286242861,-0.020410441017399233,-0.055884399761756264,-0.034010963048785925,0.0,0.0,0.0,0.0,0.0,0.0,0.0,0.0,0.0,0.0,0.0,-0.13573185151273554,-0.13659060746431351,-0.034532930701971054,-0.13478955212566587,-0.17929619736969471,-0.07855892160700427,0.0,0.0,0.0,0.0,0.0,-0.10655434429645538,-0.1091815136373043,-0.11154709942638874
0.037139119114726782,0.035049696142474808,0.043438696612914406,0.049055094271898268,0.052836623042821884,0.065082469748126134,0.058988712728023529,0.049213992804288863,0.0523297868669033,0.027826276142150164,-0.031475809689324633,-0.079882140670503893,-0.12611217690365656,-0.12385023285945257,-0.02152719941491691,-0.01980817173090246,-0.04962568823248148,-0.0045968318590894341,0.0,0.0,0.0,0.0,0.0,0.0,0.0,0.0,0.0,0.0,0.0,-0.092426945455372334,-0.088590753518722268,-0.094462122023105624,-0.092032625712454325,-0.082567283883690834,-0.071869947016239166,0.0,0.0,0.0,0.0,0.0,0.0,-0.12106983363628388,-0.148812281137163
0.022827544560035069,0.029905523483951885,0.03284703241661191,0.037044742330908778,0.0445627753755876,0.032385032357914109,0.00986135916900821,0.018685295556982357,0.012594536272808909,-0.032837109966203572,-0.10196798438063034,-0.12096347585320473,-0.10622567597532734,0.0072767171594831682,0.070745165018658893,0.089010942727327347,0.085144665930420166,0.11351942457258701,0.0,0.0,0.0,0.0,0.0,0.0,0.0,0.0,0.0,0.0,0.0,0.0,-0.023333812045166269,-0.043571685130397476,-0.076694174048801259,-0.040404165163636208,0.053506482392549515,0.0,0.0,0.0,0.0,0.0,0.0,0.0,-0.16538841724395753
-0.00792396510951221,-0.0027941411244682968,-0.022034064866602421,-0.022559610457392409,-0.021859028861217666,-0.016747060653869994,-0.022377312700781558,-0.019532134161434241,-0.052824207756202668,-0.14816141415100831,-0.19991716391900005,-0.027251791624751474,-0.00030238570616347715,-0.044231835022561852,0.019824532253551297,0.12406806098787408,0.21534808228413263,0.21761844555536905,0.0,0.0,0.0,0.0,0.0,0.0,0.0,0.0,0.0,0.0,0.0,0.0,0.0,0.0,0.0057019424857571721,-0.042515439912676811,0.0,0.0,0.0,0.0,0.0,0.0,0.0,0.0,-0.13726496510207653
