SouthSea_Web/demo/jsonfile/2017-12-15-10.json
{"header": {"parameterUnit":"m.s-1","parameterNumber":2,"dx":0.1,"dy":0.1,"parameterNumberName":"Eastward current","la1":29.0,"la2":12.0,"parameterCategory":2,"lo2":131.0,"nx":250,"ny":171,"refTime":"2017-12-15T10:01:52.5","lo1":106.0}, "data":
[rows 38 to 56 of 171, columns 168 to 209 of 250]
-0.027907073934329674,0.040643261612526009,0.17942868173122406,0.32337086002031962,0.37618805368741354,0.38968434716973988,0.36224272288382053,0.36547911342452555,0.35951484739780426,0.332915469010671,0.32607799967130024,0.3122435100376606,0.29665902256965637,0.2980768610449398,0.3016252134527479,0.31046074442565441,0.312771113589406,0.29542668589523863,0.2581997277105556,0.21798217197259268,0.19566410078721888,0.18024660077165156,0.1453322951089252,0.0957116108873616,0.046162973778943218,-0.061419594201392362,-0.19228794911633368,-0.28333373069763185,-0.34458977671769947,-0.329696391026179,-0.20945283983434951,-0.081396357156336308,-0.0029842137009836733,0.080614997074007988,0.13606127185953987,0.11234849598258734,0.072723421268165112,0.047447507934910912,0.038398755448205132,0.020199103862978518,-0.017752886442134956,-0.075645672778288528
-0.003209799702744931,0.055411266546477288,0.12628970388323069,0.21160368704133564,0.28084840338963729,0.28920359997188344,0.25912080146372318,0.26502094300169693,0.29119027975727529,0.31533344835042953,0.33287973999977111,0.33776327408850193,0.34737199757780346,0.34608258945601328,0.32342907227575779,0.30340371529261273,0.26996733461107525,0.24830488860607147,0.17686239977677662,0.19198816735297442,0.17645040154457092,0.10554601330506175,0.072805415695676431,-0.00059185027472536875,-0.063942950818239266,-0.0015459767784233446,-0.17610250575173841,-0.25695382847505455,-0.16768833622336388,-0.087953166749614939,0.0088294419065977521,0.085544992657378319,0.083192513070323257,0.14499620619145306,0.13675810620188714,0.087557847611606121,0.0589030496776104,0.072830819657870707,0.063246842473745346,0.019386475711750489,-0.027815294452011585,-0.049506912007927895
0.052023088042106896,0.11140979002965123,0.15164246782660484,0.2009615631479966,0.24730850290507078,0.22202301901929519,0.17128338547129379,0.18679806414772482,0.23468579165637493,0.29868884998209339,0.35723164677619934,0.39131302634874982,0.40674426922431361,0.3646038044244051,0.28542303826127735,0.20803455307203181,0.1767732570213931,0.13378749275580049,0.14016523212194443,0.16039779610358751,0.11262913607060909,0.048706168980888004,0.060119834425374087,-0.061300725112424084,-0.21523165605638339,-0.089132517611142242,-0.014843520009890199,-0.074760543360539222,0.011003375431755558,0.062968306028536369,0.12608711514621973,0.18834539130330086,0.13323004841804503,0.13652011193335056,0.056728095851010747,0.030977679416537285,0.057770599921544395,0.093428364821842733,0.081857268388072654,0.027048545229869585,-0.030206263065338135,-0.0467700706794858
0.13276350423693656,0.17630550762017569,0.21256496325919502,0.22894882892861085,0.24336173385381699,0.20117853738759695,0.13885054430540869,0.16855721350978403,0.24947690053118599,0.33850485962979932,0.39445429841677349,0.3825125535329183,0.3472727905301487,0.27862465679645537,0.1732516770179455,0.10890589175479752,0.052743524169692628,0.071337573851148292,0.057272492764660947,0.0982834888765445,0.029190347529947758,-0.087831421196460729,-0.093235794656301066,-0.0972804615031118,-0.13501879089744762,-0.056609627809885842,0.0034308148769480063,-0.035414589068915862,0.13429826746384302,0.15535646038396017,0.14991555416158267,0.1305978906651338,0.11405149516132143,0.040846000425517559,0.0029035484767518938,0.012086477741831914,0.063638515304774046,0.10137517253557841,0.088570509105920792,0.033121951017528774,-0.03155685573195418,-0.038298774510622025
0.22022695904192718,0.21502013098109851,0.23300290107727051,0.21325781494379043,0.2302673715684149,0.21080751344561577,0.19653137378832875,0.2576950341463089,0.31616267363230388,0.34996427430046928,0.3422260442200829,0.247935684521993,0.15372004531897032,0.10600940957665443,0.0478572643827647,-0.030270919042567793,-0.041667323792353272,-0.019888179415526491,-0.043510684313682407,0.089894101023674011,0.013294120241577426,-0.095203731954097745,-0.1992614347683756,-0.18964134739642893,-0.086499058715729174,-0.021936284353432711,-0.088805561433272326,-0.049730996801077412,0.15265664272010326,0.16112074504295984,0.093310291377397686,0.045409752883844905,0.019924861611798406,0.003940459314940704,0.016180702921701595,0.037051880421737828,0.063796260083715126,0.090415392071008682,0.10141032189130783,0.0708314199000597,0.020899430848658085,0.027313441348572571
0.26286799386143683,0.20669985030378615,0.18972345678643746,0.130087582860142,0.15738497437401253,0.18018385842442514,0.21981621947553423,0.27336479889021981,0.27482784787813824,0.26091119181364775,0.18681702967733144,0.058169801370240748,-0.016512666330007569,-0.019826281117275357,-0.048399492256486647,-0.066962783289215483,-0.022414020890469795,-0.068862868173580088,-0.13669538230169565,0.12704856817921004,0.0014692708313564903,-0.06880410989889732,-0.14745604977207749,-0.16440681368112564,-0.078576768356326376,-0.077192336335205114,-0.063078266319776463,0.087913606083020568,0.16575784439390356,0.13933024058739343,0.057467156355934482,0.015237318957224489,0.017607559139529865,0.027591709357996781,0.03305817076138088,0.048723806760140827,0.063988236089547471,0.089604070410132408,0.11197772920131684,0.10598280529181163,0.10989645570516586,0.16974093516667685
0.27957094669342042,0.23798947568450654,0.0965966641821939,0.013984054257161916,0.14597732218958082,0.2458269139751792,0.27488139685657287,0.24566827188519871,0.19391091391444207,0.1512316410385427,0.023222396592609586,-0.078737778302568659,-0.11588544398546219,-0.093013956344553408,-0.10212700599804521,-0.054321481034691844,0.033713441838820774,-0.0288251096693178,-0.16936397266441158,-0.084692479680395782,0.071403271518647671,0.043645712935055293,-0.026009410682420891,-0.060494051867863163,-0.044340468862134476,0.021976642111050233,0.13282528971987112,0.16522592619845741,0.13173549994826317,0.073151983908916779,0.028190954277912777,0.016771978376289971,0.028243073365754552,0.025516898770417486,0.046811896775450022,0.07135544841488202,0.082099735736846924,0.11039406930406888,0.12620849162340164,0.15112515290578207,0.18870111554861069,0.21812631189823151
0.2683648272700932,0.25327263275782269,0.060101996263256297,0.10475900424644351,0.27867033382256828,0.34384918610254922,0.29763823561370373,0.20990833640098572,0.094533870054874569,-0.040925119741586968,-0.086323379439168749,-0.073504069706694666,-0.086634039931761275,-0.095905372750989731,-0.19336095031188882,0.013686727609877524,0.068447712470184677,0.051391688768159256,0.057192782095323004,0.11601384030655026,0.19237387031316758,0.1778339296579361,0.11195398281727519,0.077527771202417523,0.091047470271587369,0.10494638074721609,0.11501926481723786,0.097964571416378016,0.0696086806173508,0.043176692838852219,0.033552282489836216,0.028889654204249382,0.024889270076528192,0.023783452010580471,0.040160958965619407,0.075056463479995728,0.1007103609542052,0.14275695631901422,0.16503199040889741,0.19459083179632822,0.21840318044026694,0.24572614332040152
0.27740262855182996,0.29370711826615864,0.32475196826728242,0.30255718316350666,0.34729556125753064,0.36431406810879707,0.31679308973252773,0.21701477014500162,-0.01027843494225165,-0.16956047474273614,-0.066497324243316364,-0.0075057983425829344,-0.063622738396254735,-0.11035926316706639,0.0,0.053139798128261015,0.075454736749331161,0.10746500723891789,0.10925069202979405,0.14658397187789282,0.18686736036430707,0.17447110861539841,0.15933273434638978,0.11489707380533218,0.093929209961340979,0.078012851377328232,0.076559388211795268,0.0881424941122532,0.075138049369508575,0.08281621932983399,0.069814474787563086,0.042294004000723362,0.025406996098657448,0.026832798185447853,0.049036297015845776,0.078846773132681847,0.12682286463677883,0.14473948627710342,0.16977866739034653,0.20355918010075888,0.23129356652498245,0.25842678546905518
0.35521316776673,0.33807338367808948,0.34954740648919885,0.32883386101041523,0.36892484391436858,0.38368194243487191,0.29554932082400603,0.23562070178358177,0.040462685858502108,-0.1131691665492124,-0.27392843514680865,-0.11619411787722965,-0.065781514734650645,-0.1455325821802641,-0.051830962265807169,-0.0044446103274822235,0.14388272403316063,0.17063928842544557,0.18846707181497055,0.19791620671749116,0.18461194905367764,0.15529053319584241,0.16458550989627838,0.1352282174759441,0.086465167728337372,0.041955291479825976,0.047421606257557869,0.074443524082501725,0.084211146665944,0.10580893233418465,0.094524085521698,0.0690368041396141,0.044560600072145462,0.04383060857653618,0.056723670102655888,0.084341967105865473,0.11661830171942711,0.13354780711233616,0.17639948924382529,0.19731713458895683,0.2137024849653244,0.21850034594535828
0.46980152669407071,0.41498832759403048,0.34786845956529888,0.3760325295083663,0.36272380672968352,0.38315396273837371,0.35869924910366535,0.28518396615982056,0.2175189931603039,0.026971456227137855,-0.11608411096191655,-0.18568737604297125,-0.27094449896004891,-0.25149256689473987,0.0036342212930321693,0.17236386487881342,0.2231167025036282,0.23434252738952638,0.23441447615623473,0.20492673582500881,0.17530678398907185,0.16238170696629417,0.16390156320163182,0.13472260069102049,0.0703377914097574,0.038918708347611956,0.057509325858619481,0.085047107189893723,0.097786558791995049,0.09132656455039978,0.09020596370100975,0.076592851430177689,0.057913534343242645,0.04968158807605505,0.04937765598297119,0.076715029776096344,0.10277808643877506,0.13523285835981369,0.15070171654224396,0.1499253585934639,0.15248329440752664,0.15934540331363678
0.52226007646984529,0.50802501241366071,0.37157249252001445,0.32123755770070211,0.31071652128146243,0.34757636487483978,0.37238376935323081,0.34730919049336362,0.24602759629487991,0.18997311474461304,0.17176059077028186,0.087298953657348952,0.037709844383326446,0.11106720741372556,0.16515008670588335,0.20347592776471918,0.23402265459299088,0.23852018564939498,0.23080002330243588,0.20082802325487137,0.1599772506290012,0.15873599691050394,0.1508845736583074,0.11145937442779541,0.055571413288513817,0.058647514786571264,0.085494504620631531,0.093716221551100418,0.093786240865786866,0.05682528018951416,0.060787315169970192,0.057272637883822121,0.05605528578162193,0.059956527004639305,0.053201776929199696,0.065107692033052444,0.097599498927593231,0.10972320536772411,0.099949235717455551,0.12880297005176544,0.1164139856894811,0.11048137893279393
0.4883440186580022,0.480712054297328,0.43591909607251483,0.37644929758140017,0.31677858034769696,0.30992997090021768,0.34003272110765631,0.35192570835351944,0.30187759424249333,0.244076935450236,0.078790980055928231,0.085236731630105242,0.09457193811734517,0.13483208715915679,0.17504765590031943,0.22201459407806395,0.25005050897598269,0.23098099604249,0.19462413340806961,0.1611210129090718,0.12756896551166261,0.13255934789776802,0.14000430703163147,0.10243388172239065,0.071855399757623672,0.09314384187261264,0.11147182860544749,0.11504124353329341,0.11280006170272827,0.083123659715056419,0.0655725747346878,0.065001338720321655,0.072813905775547028,0.067436197151740387,0.066554409762223557,0.0593149084597826,0.056644074618816376,0.057633675634860992,0.055908489972352982,0.07402612393101056,0.082628451287746429,0.090942829847335815
0.42054929667048985,0.38650281464352326,0.3670969137123653,0.36752349989754812,0.35624482769232529,0.32505540450414022,0.32581161994200486,0.32621551935489362,0.31829941272735596,0.30843806266784668,0.29944462261416693,0.24194760310153166,0.17508681267499923,0.1907026782631874,0.2252227697107527,0.2657292578369379,0.28257670402526858,0.24607266299426556,0.18702495523861476,0.1215025782585144,0.095803029835224152,0.10938972420990467,0.11767486695732389,0.10049639344215393,0.096505753695964813,0.11948117911815644,0.11892255209386349,0.1240339681506157,0.13979977120955786,0.12703000257412592,0.10872532986104488,0.12686483561992645,0.11570663998524348,0.10589158162474632,0.0522595327347517,0.014796096521119276,-0.003223080188035965,-0.0080890523095149547,0.018462034873664379,0.0353846768848598,0.057768724858760834,0.070259574800729752
0.35540266500578988,0.29340870212763548,0.25015751719474794,0.28002786811660318,0.29489498734474184,0.26814531981945039,0.25504396855831146,0.29001058824360371,0.33824426184097928,0.36062048031733585,0.39114552277785081,0.36873311888087879,0.32312013615261426,0.30487393960356712,0.29445612972432916,0.29547477886080742,0.28921639919281006,0.24674695730209351,0.17562842965126038,0.10895380253593127,0.065219588577747345,0.0763186439871788,0.092157500982284549,0.087205452223618821,0.093644330278038979,0.11207272484898567,0.096730110049247739,0.10376764833927155,0.10935350507497788,0.10909650661051273,0.084706611931324,0.090836162368456527,0.087081803629795715,0.065757943317294121,0.012017680642505487,-0.018745222594588995,-0.05463041365146637,-0.073690377175807953,-0.0493938202659289,-0.0136608830653131,0.029196945019066334,0.045077615727980934
0.25285820580191082,0.18470580410212278,0.146869037519483,0.18293602102332646,0.23499330679575603,0.22571765001003558,0.2134715486317873,0.252146111925443,0.32394015602767467,0.3525705561041832,0.37591407944758731,0.35987510979175569,0.32737568351957536,0.30136605013500561,0.28989381194114683,0.2641700878739357,0.25368606878651512,0.21746272593736649,0.16984198987483978,0.095117617398500443,0.045844694226980211,0.057471320778131482,0.084563355892896652,0.094571034113566085,0.11285930313169956,0.13482041656970978,0.13200794408718744,0.11886030435562134,0.10002888987461726,0.071424608429272965,0.021766468106458586,0.0062331172327200575,-0.0073785968124866486,0.0055667245760560036,-0.010186436275641123,-0.0517978568871816,-0.077585564305384949,-0.091250762343406677,-0.082822988430658981,-0.042092758230865,-0.0047970684245228767,0.0016487108077853918
0.1655226530213105,0.085074345814064145,0.068143142779406751,0.13732217448322395,0.16995989580949147,0.19576689075021184,0.21791237127035856,0.2540919078247888,0.29244062992242664,0.33741506536801658,0.36780146757761639,0.34656677544116976,0.30587917069594067,0.26908552646636963,0.251854850186242,0.23020871622221811,0.20606037974357605,0.19298415780067443,0.1592541068792343,0.08893461277087529,0.043462781980633733,0.048256119092305504,0.06820533672968547,0.087725132703781128,0.1153315082192421,0.12145101279020309,0.11117153118054073,0.085668506100773811,0.042345963418483734,0.0042505315504968166,-0.033110408578068018,-0.0627191849052906,-0.053650243207812309,-0.039143789559602737,-0.059849802404642105,-0.089450869709253311,-0.1152295395731926,-0.12916993598143259,-0.1065830538670222,-0.081224367022514343,-0.057106101885437965,-0.016754295056064922
0.10010150710449499,0.02553204000544022,0.033631719867972767,0.11170875909738243,0.14005345675875158,0.16917967157704489,0.23329095805392547,0.28491280873616537,0.31200836040079594,0.33315823040902615,0.355066579580307,0.326412422316415,0.29339610536893207,0.25407315604388714,0.232124177472932,0.21194020410378775,0.18803602457046509,0.16145377357800803,0.11736717820167542,0.060015838593244553,0.022374935448169708,0.033076966181397438,0.0568372905254364,0.079460661858320236,0.09583117812871933,0.088300496339797974,0.064041074365377426,0.01718544928977887,-0.028688704129308462,-0.057986797764897346,-0.10243938118219376,-0.10772771388292313,-0.11253879591822624,-0.08075077335039775,-0.09794636070728302,-0.12280575931072235,-0.14931772649288178,-0.15671053528785706,-0.14438028633594513,-0.1136881560087204,-0.10734332725405693,-0.07361181452870369
0.068812740199706138,0.036663032739478,0.040440021432004869,0.041181095492313892,0.072767419208373346,0.1165415364153245,0.175895451435021,0.226697995194367,0.2554430047671,0.27723372899569,0.2832875294344766,0.28081738948822021,0.28184740245342255,0.25980788256440845,0.2368300830324491,0.21410652995109558,0.18564097086588541,0.1582803837954998,0.10118055840333302,0.055681327357888222,0.030024044215679169,0.025622738525271416,0.035882109155257545,0.05590079165995121,0.057319732382893562,0.040297921746969223,0.013113589026033878,-0.018441718071699142,-0.059028243646025658,-0.10096203535795212,-0.12642509117722511,-0.14305824041366577,-0.13829852640628815,-0.13307449966669083,-0.14191278070211411,-0.15877965837717056,-0.18203087896108627,-0.17632833123207092,-0.17127317190170288,-0.15492495894432068,-0.14517566561698914,-0.1051119938492775
