SouthSea_Web/demo/jsonfile/2017-12-16-21.json
{"header": {"parameterUnit":"m.s-1","parameterNumber":3,"dx":0.1,"dy":0.1,"parameterNumberName":"Northward current","la1":29.0,"la2":12.0,"parameterCategory":2,"lo2":131.0,"nx":250,"ny":171,"refTime":"2017-12-16T21:00:00","lo1":106.0}, "data":
[rows 95 to 113 of 171, columns 86 to 128 of 250]
-0.11423517266909282,-0.098661740344983553,-0.064255628044958463,-0.016146746073250791,-0.002464907433022745,0.0075925787477272334,0.017121777179584439,0.028690325861264552,0.045034583015688537,0.083707036716597419,0.10250459765565806,0.11780075803399086,0.1205454850869794,0.12897481297453245,0.11090896999643694,0.12559906777835661,0.17080208053812385,0.21211310103535652,0.21415907686406915,0.207620203991731,0.19874348491430283,0.20313003609577815,0.21341677169714654,0.2122833595744201,0.20868715167045593,0.18659044543038245,0.15491721696323818,0.11867358420903866,0.076888550932590782,0.031694430450443178,-0.0073706717084860429,-0.023001950234174728,-0.012021341545429701,0.029764676599630287,0.092557696625590324,0.13532045483589172,0.18752471208572388,0.23253579065203667,0.26866374164819717,0.28048741072416306,0.21924698849519095,0.14545629918575287,0.10462871938943863
-0.096019531999315538,-0.077967093827632755,-0.040027913570936234,0.014766075497458654,0.042451404931920546,0.033270023430564573,0.034655177535919041,0.047236128399769463,0.06067188953359922,0.08888935173551242,0.11766707897186279,0.15182745456695557,0.17986517101526262,0.20007993131875992,0.17442580081265549,0.17954990171617077,0.20661635645504656,0.23613537801429629,0.25888686254620552,0.22975609477224021,0.1950169375230526,0.20158109601054872,0.2169758947911086,0.21291342263038343,0.21326654613018037,0.19785647392272948,0.17278184799047616,0.14296853045622507,0.11433169576856825,0.081499372091558248,0.047692998179367611,0.018924761835175257,0.015541538097230452,0.054645052179694176,0.095121461898088455,0.14345858544111251,0.185218945145607,0.20942447334527969,0.23666333158810934,0.23464241127173105,0.20495958626270294,0.14611771702766419,0.11795068718492985
-0.03810633985059602,-0.029568401895141087,-0.0036629545467332246,0.04212282832573961,0.077311558515897813,0.080165107493047366,0.078527822558368959,0.082817897338558127,0.099551863197622631,0.11402933713462618,0.13023281469941139,0.16929101378753267,0.22652762300438351,0.25830557793378828,0.25020655064747249,0.23936145572826781,0.23275491346915564,0.2590920218714961,0.26072701332824572,0.22842982759078342,0.19409717674608584,0.19170872973544256,0.20837138758765328,0.21303762427785181,0.21358758769929409,0.21520460339692923,0.19605681747198106,0.17363116592168809,0.14275408536195755,0.1130479450027148,0.0861138492822647,0.0695608340203762,0.073937083284060165,0.11290594190359116,0.14628134295344353,0.16764376312494278,0.17874414225419363,0.18250754475593567,0.18284657597541809,0.18857147792975107,0.1546602745850881,0.11866658180952072,0.11160923043886821
0.020882216325305677,0.011781627340242266,0.042838505917677176,0.095287305889306242,0.12015203644449894,0.13477354165580538,0.13659328279586938,0.13173254579305649,0.13544414298874991,0.15628326524581229,0.1840595211143847,0.19832811477007689,0.23667893089629985,0.2830286217587335,0.28432900432882635,0.26904052839829373,0.26194360492558316,0.27144877336643358,0.26105173805664328,0.2173354694885867,0.17475219788374724,0.1614827886223793,0.16546307504177094,0.17773141618818045,0.18350282808144888,0.18738097900694067,0.172542804479599,0.15999076267083487,0.13946982224782309,0.10944973304867744,0.0945411529392004,0.0934689212590456,0.10170784095923106,0.12072468362748623,0.15779576202233633,0.16668441891670227,0.16193897277116776,0.14142324030399323,0.14250801503658295,0.12764293700456619,0.10970587780078252,0.0859827920794487,0.083794787526130676
0.06931001797318459,0.046808580402284861,0.075213210450278387,0.11195228308439255,0.13623916570629394,0.16281578403252822,0.18023665726184845,0.18294795961291702,0.17539743416839176,0.18125276819423394,0.21334038233315503,0.23539228851978594,0.25911584549716543,0.30744584511827538,0.32128315448760986,0.29738210567406248,0.27418887042082274,0.25441670748922562,0.2341326687198419,0.2122857520977656,0.18191497134310858,0.16131254641906076,0.15098946541547775,0.15429297408887319,0.15075900653998056,0.14751613636811575,0.13529522716999054,0.1244224738329649,0.10198937108119328,0.084231987595558166,0.079642136891682938,0.092887163162231445,0.0968041146794955,0.10851170122623444,0.12072427198290825,0.1359973723689715,0.13953907787799835,0.11684140935540199,0.092827290296554565,0.09592544287443161,0.068258078768849373,0.052403271198272705,0.045496998354792595
0.10367723439748471,0.091505550707762062,0.099226928143589591,0.12825731388651407,0.14929091586516455,0.15505945854462111,0.17175864485593942,0.1957382118260419,0.19291876657651022,0.2068225828309854,0.24970722358141625,0.27673659989467037,0.30048911388103777,0.32462253102234434,0.34209499680078947,0.31647951625011583,0.280668333724693,0.23779663328941053,0.20883674367710395,0.19816271353650977,0.19240815043449402,0.180469062179327,0.16464478969573976,0.14845866130457985,0.13211815152317286,0.12710441276431084,0.12494921498000622,0.106426639854908,0.075711491207281753,0.059039073064923286,0.048125433425108589,0.057769615203142166,0.062684101983904839,0.076373174786567688,0.091483265161514282,0.090592309832572937,0.090907666832208633,0.090809211134910584,0.0831335037946701,0.077697161585092545,0.037521964870393276,0.0085391271859407425,0.012849939987063408
0.12067637885255474,0.11452528715133667,0.10707323998212814,0.11380947737590126,0.1257234638929367,0.1339975975986038,0.13405798623959223,0.15703941136598587,0.18039917647838594,0.20765483379364014,0.25120415538549423,0.29741596143979293,0.34703306436538695,0.350701059286411,0.33451644703745842,0.30647156215631044,0.26751144177147318,0.22201220175394645,0.19513317406177522,0.20275799060861269,0.21084944825423391,0.19471127539873123,0.16600373251871628,0.14144433041413626,0.12584217513600984,0.12631128480037054,0.12435245265563329,0.10733371476332347,0.075006174544493362,0.045897533496220909,0.025942796841263771,0.027714836100737255,0.046898137778043747,0.04522799514234066,0.052847739309072495,0.056861987337470055,0.0,0.0718336533755064,0.073972545564174652,0.075671754777431488,0.070000655949115753,0.037412546575069427,0.031230717897415161
0.084578478087981537,0.0926479182165602,0.089285037439802414,0.08629128038883209,0.092478098837952868,0.10909139408784754,0.11001309883945129,0.10557335045407801,0.11685318460589961,0.15410108474038897,0.20803332241142497,0.28660022738305008,0.345683447339318,0.3443857715888457,0.30731481810410816,0.276087769617637,0.23771347271071541,0.20726857042830923,0.18931304042538008,0.20335793867707253,0.22589962184429169,0.20790931954979897,0.17479108108414543,0.14162876904010774,0.13967694838841757,0.14351380988955498,0.14754502475261688,0.12264278531074524,0.097938373684883118,0.055689496919512749,0.051477806642651558,0.02829812653362751,0.035430587828159332,0.037758823484182358,0.025698305340483785,0.020263697020709515,0.036854781210422516,0.051289074122905731,0.068802297115325928,0.10302219539880753,0.12105096876621246,0.097173713147640228,0.048011984676122665
0.036574957234894526,0.053100410952336259,0.053459820204547474,0.052156720044357438,0.06357544554131371,0.091801244299858809,0.10617110718573843,0.098612951735655471,0.093143611525495842,0.11363799599083987,0.16439748803774515,0.24630922948320708,0.30189400698457447,0.30046788975596428,0.27196865280469257,0.2430710881948471,0.21518699079751968,0.18807265255600214,0.1882219004134337,0.22209884350498518,0.24306847900152206,0.23440921679139137,0.20157752186059952,0.17244437634944915,0.16831650957465172,0.16623734931151071,0.17315173894166946,0.15966394543647766,0.12108775600790978,0.084920443594455719,0.074722480028867722,0.046799832955002785,0.030599800869822502,0.023557372391223907,0.01890572952106595,0.026320892386138439,0.019609281793236732,0.040226547047495842,0.084545262157917023,0.1181015782058239,0.0,0.12605153024196625,0.107195183634758
0.010074573001475073,0.032675178854593208,0.04112716133777912,0.049630953930318356,0.0697153677734045,0.096422022716565567,0.11142633938127095,0.10471315894808088,0.09528282781442006,0.10208538100123406,0.14271649811416864,0.20904350280761719,0.2582968294620514,0.26529977321624754,0.24350544810295105,0.2244830642427717,0.20245033130049706,0.18992808014154433,0.20159542395008934,0.23342371359467506,0.25131984800100327,0.24238933250308037,0.20878029987215996,0.17877703532576561,0.16876693442463875,0.18069789310296378,0.1832684651017189,0.17364270985126495,0.15601563453674316,0.10678315907716751,0.088669031858444214,0.065163902938365936,0.063037196174263954,0.030580019578337669,0.043259259313344955,0.041057921946048737,0.048936463892459869,0.0,0.090072721242904663,0.10182845592498779,0.13696442544460297,0.10451319441199303,0.098379269242286682
0.019705288450826298,0.041358829662203792,0.061969711631536487,0.075482444630728826,0.097283869153923452,0.11632219515740871,0.12292806183298428,0.10724810191563197,0.095862869173288345,0.0990093710521857,0.13624367650066102,0.2073679156601429,0.25087537169456481,0.25362376868724823,0.23731167614459992,0.21760528215340205,0.20755873868862787,0.20494972914457321,0.21147319887365615,0.22818181291222572,0.24674897789955139,0.23632542788982391,0.19884470850229263,0.17176465690135956,0.152172289788723,0.15718362480401993,0.17317580431699753,0.17582694441080093,0.14607319235801697,0.12820528447628021,0.0,0.089749380946159363,0.0,0.0794261246919632,0.07744673453271389,0.085763223469257355,0.10024623572826386,0.070676971226930618,0.0,0.10350742936134338,0.07671036571264267,0.045330518390983343,0.0
0.031519777374342084,0.053734598215669394,0.075938694179058075,0.0877869501709938,0.0985646905998389,0.11531723849475384,0.12644196599721908,0.11669609323143959,0.10773391835391522,0.11399917751550674,0.14326171328624091,0.18614894151687622,0.22433124482631683,0.239155862480402,0.23542865514755249,0.2333034947514534,0.23318076729774476,0.22779770568013191,0.23137366771697998,0.23487629368901253,0.23659016191959381,0.227504829565684,0.19517605751752853,0.16339833289384842,0.14467030018568039,0.14669052511453629,0.15265218168497086,0.15692863613367081,0.15126097202301025,0.13436892628669739,0.11976270005106926,0.1102154366672039,0.097362104803323746,0.11925673112273216,0.11830651760101318,0.12509101629257202,0.099038213491439819,0.095001116394996643,0.10272891819477081,0.095663826912641525,0.044676622375845909,0.015369926579296589,-0.046000089962035418
0.0486543955547469,0.0636370810014861,0.073793846182525158,0.073785959184169775,0.079635463654994965,0.092063004150986671,0.10534492631753285,0.11523384898900986,0.11048006080091,0.1157821211963892,0.13935511559247971,0.17067056894302368,0.19339386001229286,0.21226765215396881,0.23125419517358145,0.23705924749374391,0.24274254838625589,0.24576960504055023,0.2453805555899938,0.24654184778531393,0.24022215604782105,0.22214841097593308,0.19880970567464829,0.17286355793476105,0.14941035956144333,0.13044162094593048,0.13422602415084839,0.14865495264530182,0.13653320074081421,0.0,0.12699052691459656,0.0,0.122342050075531,0.0,0.14158064872026444,0.12666981667280197,0.0881587490439415,0.09363248199224472,0.065406840294599533,0.036955841816961765,-0.017413727968232706,-0.044992700219154358,-0.075539827346801758
0.052705931876386912,0.069148937240242958,0.06728796474635601,0.064907507970929146,0.072564315795898435,0.080858836571375534,0.086895266175270075,0.0992924893895785,0.0998943696419398,0.10392694175243378,0.12868542969226837,0.1474024405082067,0.17156694829463959,0.19402682781219482,0.20516438037157059,0.21594010293483734,0.22606129199266434,0.24175874888896942,0.25344103574752808,0.25896917283535004,0.25663429498672485,0.23592860996723175,0.22763485461473465,0.19022619724273682,0.18725989758968353,0.15375179797410965,0.14815827459096909,0.14893851429224014,0.14292021095752716,0.13942829519510269,0.1324974000453949,0.1305767223238945,0.14335781335830689,0.14215745776891708,0.13854773342609406,0.12243010103702545,0.089160576462745666,0.072692025452852249,0.065562352538108826,-0.0019111800938844681,-0.02221464179456234,-0.059214161708950996,-0.11125953495502472
0.05356467142701149,0.061568940679232277,0.05878633509079615,0.062670526405175522,0.078874342143535614,0.090565148741006851,0.092522468417882919,0.10030475631356239,0.10215629264712334,0.10267561425765355,0.11132458349068959,0.13716054707765579,0.15442108362913132,0.18083756168683371,0.18632488946119943,0.20064487308263779,0.21077314019203186,0.21595466881990433,0.23694758117198944,0.24248674511909485,0.24758069217205048,0.2468225285410881,0.0,0.2275468185544014,0.22125236690044403,0.20265275239944458,0.18678399920463562,0.15838927030563355,0.1687750369310379,0.1483035683631897,0.14770309627056122,0.15085485577583313,0.14586426317691803,0.14609698206186295,0.14605581760406494,0.11735993623733521,0.098831124603748322,0.070521630346775055,0.062188513576984406,0.05242212675511837,0.047184508293867111,-0.013255376368761063,-0.061358524486422539
0.050297621637582779,0.047224812209606171,0.061379194259643555,0.074219497541586563,0.076967626810073853,0.0846404917538166,0.092688329517841339,0.10001321882009506,0.10439805313944817,0.1003463976085186,0.099951889365911484,0.1120268702507019,0.12334271892905235,0.12954079732298851,0.13727550581097603,0.16391859203577042,0.16920043528079987,0.18671513348817825,0.20653839409351349,0.20828697085380554,0.23257932811975479,0.22294840216636658,0.23894553631544113,0.2388395369052887,0.2371383011341095,0.239161878824234,0.20308654010295868,0.18355809152126312,0.15876226872205734,0.14540408551692963,0.16040933132171631,0.14281660318374634,0.15245848894119263,0.16337756812572479,0.1369716078042984,0.11664046347141266,0.08030422031879425,0.075997896492481232,0.070317059755325317,0.079899806529283524,0.06787366047501564,0.058258142322301865,0.037343936040997505
0.075791344046592712,0.065983762343724564,0.0937134213745594,0.087213300168514252,0.089050129055976868,0.082479462027549744,0.083880692720413208,0.088452689349651337,0.084552299231290817,0.090145334601402283,0.097513126830259964,0.10533404722809792,0.10234811902046204,0.0970461443066597,0.096383996307849884,0.09285779669880867,0.11296276748180389,0.0,0.13650202751159668,0.179249569773674,0.1920921802520752,0.18509693443775177,0.22090591490268707,0.24235177040100098,0.23414727300405502,0.23018175363540649,0.22686897218227387,0.16837892681360245,0.14552846550941467,0.1269463449716568,0.12823502346873283,0.1340334415435791,0.14831890165805817,0.17079237103462219,0.16277875006198883,0.13245014846324921,0.096809618175029755,0.070329658687114716,0.075175072997808456,0.098949268460273743,0.10129588842391968,0.11957523971796036,0.10911934450268745
0.082597779730955764,0.099684495478868484,0.10354827344417572,0.10174011439085007,0.097098659723997116,0.094070300459861755,0.0882253348827362,0.085233353078365326,0.078020475804805756,0.083261720836162567,0.0,0.10407441109418869,0.092459026724100113,0.07329142838716507,0.0677248165011406,0.0490722581744194,0.0,0.083780746906995773,0.10868429392576218,0.13804125785827637,0.13906072825193405,0.16346251964569092,0.19395249336957932,0.20897842943668366,0.22235588729381561,0.22000797092914581,0.20700522512197495,0.16851431876420975,0.14657628536224365,0.1153799369931221,0.112826406955719,0.11216064170002937,0.14915981888771057,0.16488867253065109,0.16565991938114166,0.11348467320203781,0.0890091024339199,0.079073086380958557,0.092262446880340576,0.079167440533638,0.1148180365562439,0.0,0.11069749295711517
0.063691455870866776,0.082340393215417862,0.088218058149019882,0.09279608353972435,0.10620254278182983,0.11531233042478561,0.11131665110588074,0.10803930088877678,0.10291153565049171,0.10300404950976372,0.0934266522526741,0.098733969032764435,0.094106882810592651,0.046129103749990463,0.032650556415319443,0.018026499543339014,0.023285485105589032,0.048653032630681992,0.07298637181520462,0.081430718302726746,0.094587229192256927,0.10747946053743362,0.12845037877559662,0.15872136503458023,0.166889026761055,0.17951186001300812,0.17056341469287872,0.0,0.12499886378645897,0.0,0.0901811271905899,0.08741394430398941,0.0,0.132588192820549,0.1295076496899128,0.10705436021089554,0.08181009441614151,0.091080263257026672,0.0,0.089540068060159683,0.095023315399885178,0.11462180316448212,0.072697825729846954
