SouthSea_Web/demo/jsonfile/2017-12-14-08.json
{"header": {"parameterUnit":"m.s-1","parameterNumber":2,"dx":0.1,"dy":0.1,"parameterNumberName":"Eastward current","la1":29.0,"la2":12.0,"parameterCategory":2,"lo2":131.0,"nx":250,"ny":171,"refTime":"2017-12-14T07:58:07.5","lo1":106.0}, "data":
[rows 57 to 75 of 171, columns 168 to 209 of 250]
0.12761238714059195,0.1657805581177984,0.18961813549200693,0.22009226580460867,0.22509303476129258,0.24526260793209076,0.26268004719167948,0.286670201591083,0.31030105169002825,0.31663685824189869,0.31012458602587384,0.28874952718615532,0.24908018857240677,0.22253047142710006,0.20260634769996008,0.16655577719211578,0.14942118898034096,0.12406053394079208,0.078107195595900222,0.01591305632609874,-0.032197227080663048,-0.049096794798970222,-0.064628321677446365,-0.04255150631070137,-0.023365410044789314,-0.00897908303886652,-0.007782473461702466,-0.017334483563899994,-0.039460837841033936,-0.062463471665978432,-0.084590688347816467,-0.086330364147822067,-0.082546848803758621,-0.072260607033967972,-0.068491457651058837,-0.062021814286708832,-0.084120046347379684,-0.085678850611050919,-0.099526219069957733,-0.090131647884845734,-0.065851069986820221,-0.065152375027537346
0.084091284001866981,0.11303544331055421,0.15626728336016338,0.1865675114095211,0.20045084825583867,0.2009099515584799,0.22287452753101075,0.2470718746383985,0.26669010749230015,0.27641953825950621,0.27885337038473651,0.26983018964529037,0.22925964742898941,0.19640361198357173,0.16267047822475433,0.1340190265327692,0.12135160962740581,0.092214273909727737,0.033204586245119572,-0.022739930776879191,-0.087008949369192123,-0.10331163307030995,-0.10633327439427376,-0.07253158837556839,-0.041022160400946937,-0.025781234726309776,-0.024678757414221764,-0.03034491091966629,-0.049059992656111717,-0.080767326056957245,-0.10396603494882584,-0.11378475775321324,-0.10715068876743317,-0.10828205198049545,-0.10588940978050232,-0.099118200441201523,-0.11620910093188286,-0.12891632318496704,-0.13982238620519638,-0.13172358522812525,-0.11948916067679723,-0.1034286767244339
0.060690504964441061,0.0732419780854668,0.1227721069008112,0.12323481390873591,0.13618615155036634,0.14695945701428823,0.17620404064655304,0.20339567363262176,0.22849626297300513,0.23560174368321896,0.24065906140539381,0.24069716036319733,0.204042699187994,0.16569795459508896,0.14110268652439117,0.10644875094294548,0.079445451498031616,0.030521230772137642,-0.030555763281881809,-0.055376374473174415,-0.12680137157440186,-0.1360042616724968,-0.12316844239830971,-0.087076205760240555,-0.056445039808750153,-0.031530321575701237,-0.023999013938009739,-0.034526541829109192,-0.062949484214186668,-0.091542605310678482,-0.11231069639325142,-0.12888213247060776,-0.13818916181723276,-0.12190749123692513,-0.13870450109243393,-0.13169914235671362,-0.14799401164054871,-0.16015096008777618,-0.17012860625982285,-0.17327181994915009,-0.15924116969108582,-0.13087645173072815
0.030102191430826982,0.062704028275150522,0.080921629319588337,0.06135997162865741,0.066347453743219376,0.088456875777670321,0.11928065990408261,0.15645781407753626,0.18788404017686844,0.20017935521900654,0.20856824848386976,0.21039244745458877,0.17346723874409994,0.14108770042657853,0.10747552812099456,0.073610184093316391,0.039315016940236092,-0.0097199669107794762,-0.043045409023761749,-0.087892638519406319,-0.12946344539523125,-0.13595616817474365,-0.13289801776409149,-0.104448601603508,-0.06952710822224617,-0.029901536802450817,-0.028142613048354786,-0.046126676723361015,-0.071562102685372039,-0.0951286032795906,-0.10800866782665253,-0.12261324003338814,-0.15319521228472391,-0.15496085584163666,-0.15605223178863525,-0.1618020087480545,-0.16494619101285934,-0.17255713045597076,-0.18326793611049652,-0.19949854165315628,-0.18807876110076904,-0.16087528318166733
-0.012931339003054225,0.028258350033026475,0.028244262794032693,0.016612381212845712,0.017882178380274966,0.035279040147239961,0.067149119451642036,0.11063326692039316,0.14928786754608153,0.16546878963708878,0.15830989394869124,0.14552882220596075,0.12342737019062042,0.10769951343536377,0.0764203667640686,0.029468351975083351,-0.013170778751373291,-0.053531806915998459,-0.084995669623215989,-0.11128814145922661,-0.13125601038336754,-0.13506392389535904,-0.12791810184717178,-0.086109208563963577,-0.033880729228258133,-0.017977718263864517,-0.033631223253905773,-0.063818704336881638,-0.089046008884906769,-0.10302196443080902,-0.11794193834066391,-0.15072479099035263,-0.18079705536365509,-0.18185948828856149,-0.17199795693159103,-0.16992434859275818,-0.17830383777618408,-0.18146956712007523,-0.19723699241876602,-0.2187475860118866,-0.21009039878845215,-0.1954086571931839
-0.069197127471367512,-0.016522776607416745,-0.01443399916170165,-0.022074771610399089,-0.023339783151944477,-0.0018803822760953782,0.024074712716456916,0.071810551919043064,0.10017010230909694,0.10944422706961632,0.093408172329266861,0.072533442825078967,0.090015681087970728,0.080227042734622958,0.03880862332880497,-0.010831497609615326,-0.047848477959632874,-0.095166869461536407,-0.11691872278849284,-0.11705947294831276,-0.13082548975944519,0.0,-0.11017029732465744,-0.0742865577340126,-0.032167442142963409,-0.02034133393317461,-0.04044526070356369,-0.075486291199922562,-0.099957458674907684,-0.10869760438799858,-0.13155282288789749,-0.16372408717870712,-0.20244752615690231,-0.20933627337217331,-0.19190740585327148,-0.18324265629053116,-0.18475484848022461,-0.20007519423961639,-0.2214057520031929,-0.24194953590631485,-0.23939402401447296,-0.22293422371149063
-0.1130820055093084,-0.059272015733378272,-0.049613365187094763,-0.058535485963026684,-0.05401861753601294,-0.04537327382713556,-0.023472146635564666,0.023355276905931532,0.043456288675467171,0.054476635796683173,0.051917038325752528,0.038740385323762894,0.06546624843031168,0.069266944192349911,0.0047125774435698986,-0.065115753561258316,-0.094983369112014771,-0.1356991877158483,-0.12965451925992966,-0.11956250295042992,-0.11674547692139943,-0.1198153297106425,-0.10753894597291946,-0.088663555681705475,-0.038975241283575691,-0.02201288565993309,-0.030090361833572388,-0.062361543998122215,-0.092947058379650116,-0.11465218290686607,-0.15743961930274963,-0.19821964204311371,-0.22888526320457459,-0.22776035964488983,-0.20284297317266464,-0.19362013041973114,-0.19815505295991898,-0.219585619866848,-0.24956001341342926,-0.27120845019817352,-0.27607841789722443,-0.25612271577119827
-0.12611902107795078,-0.0698377376093584,-0.073070534504950047,-0.082613732914129892,-0.086222162470221519,-0.087039352036439449,-0.062631288170814509,-0.023701238003559409,0.010308127830891559,0.03205419172133718,0.041831739867726959,0.033911910839378834,0.04837030079215765,0.025371577678015456,-0.024796473793685436,-0.083072923123836517,-0.14021086692810059,-0.16925491392612457,-0.13799220323562622,-0.10873682051897049,-0.10603556782007217,-0.093348264694213867,-0.0888071283698082,-0.071095349888006851,-0.0379276517778635,-0.021633200347423553,-0.031267512589693069,-0.061028419062495232,-0.096200693398714066,-0.12484292685985565,-0.1556987538933754,-0.21523705124855042,-0.24170050770044327,-0.23740494251251221,-0.21351785957813263,-0.20457109808921814,-0.21230363845825195,-0.23739809542894363,-0.27119609713554382,-0.2861824631690979,-0.30057936906814575,-0.26951968669891357
-0.1386229177005589,-0.056528600480626613,-0.064946563648326058,-0.0858899664420348,-0.10972785790051733,-0.12442643534053456,-0.1145692490041256,-0.063758045807480818,-0.010468654043506831,0.036358018006597249,0.051864679902791977,0.033651328956087433,0.019973437224204343,-0.016703778179362416,-0.083712390623986721,-0.15125550329685211,-0.19250028828779855,-0.18638358265161514,-0.14268146455287933,-0.10435543954372406,-0.079826388508081436,-0.0691943820565939,-0.081989336758852,-0.084873948246240616,-0.053636673837900162,-0.026841961778700352,-0.023544754832983017,-0.051340728998184204,-0.074025586247444153,-0.11914827674627304,-0.18522277474403381,-0.23159648478031158,-0.24034135043621063,-0.24156631529331207,-0.21960156659285227,-0.21265235543251038,-0.22258947789669037,-0.27436339855194092,-0.3099939227104187,-0.31795403361320496,-0.300768107175827,-0.29072637856006622
-0.1584596149623394,-0.066902568031634607,-0.064813960591952,-0.095455409493297338,-0.13071698961513384,-0.14440549165010452,-0.15109485238790513,-0.10313405096530914,-0.026495403998220961,0.02890731565033396,0.036483896151185038,-0.0030584100750274956,-0.042827472284746669,-0.079743535568316773,-0.14413441469271979,-0.19096171110868454,-0.23045670986175537,-0.21195188164710999,-0.16190245002508164,-0.10246408358216286,-0.06622728519141674,-0.06767372228205204,-0.10007732734084129,-0.076171416789293289,-0.044490505941212177,-0.023507325910031796,-0.013054524082690477,-0.0426806223889192,-0.085059709846973419,0.0,-0.14822165668010712,-0.20975916584332785,-0.2413298711180687,-0.23234965652227402,-0.21602977812290192,-0.22306221723556519,-0.25948196649551392,-0.28940597176551819,-0.31304772198200226,-0.32124491035938263,-0.31266020238399506,-0.28383684158325195
-0.17818505267302195,-0.10094161813749987,-0.067788261671861014,-0.073936141495193758,-0.11930860529343287,-0.15639207308942621,-0.18977236205881293,-0.14055902976542711,-0.056627504294738173,-0.0037999645740325961,0.006659277540165931,-0.046958358585834505,-0.11204542219638825,-0.14925435930490494,-0.19749212265014648,-0.23804159462451935,-0.25471182664235431,-0.21388182789087296,-0.15229722857475281,-0.091453276574611664,-0.058949364349246025,-0.08563840389251709,-0.083339914679527283,-0.0724240280687809,-0.034670737572014332,-0.01444947742857039,-0.004295854945667088,-0.02446273248642683,-0.05525573156774044,-0.10348672047257423,-0.17597567041714987,-0.22552411258220673,-0.23764246702194214,-0.22337514907121658,-0.21991570293903351,-0.21933398395776749,-0.26144061485926312,-0.29966837167739868,-0.31526848673820496,-0.31431341171264648,-0.28203552961349487,0.0
-0.19479896128177643,-0.15689834753672283,-0.10702108244101206,-0.046006951713934541,-0.051264613999852111,-0.12980268624695865,-0.21142830550670624,-0.185328266450337,-0.096392292529344559,-0.052578578836151531,-0.059970009539808543,-0.1127232164144516,-0.16083638072013856,-0.19288409252961478,-0.22565717995166779,-0.262162946164608,-0.25799655417601269,-0.21113910526037216,-0.14430361241102219,-0.090971190482378,-0.065567467361688614,-0.080861200888951615,-0.07951827347278595,-0.054744711145758629,0.0,-0.0049983692200233536,-0.010266763158142567,-0.030343037098646164,-0.066143158823251724,-0.12465721741318703,-0.20059466361999512,-0.23343600332736969,-0.24838466942310333,-0.23425047099590302,-0.20978053659200668,-0.22548768669366837,-0.25728733837604523,-0.2941577136516571,-0.30913233757019043,-0.29341894388198853,-0.270443931221962,-0.23545874655246735
-0.23376928369204203,-0.21290228863557179,-0.1648051030933857,-0.067487175443342748,-0.052133330809218545,-0.11196842992847617,-0.21910706162452698,-0.22777671180665493,-0.14839804079383612,-0.10782151562826974,-0.11077951453626156,-0.1468868131438891,-0.19762743636965752,-0.21426256000995636,-0.23290160795052847,-0.26044683903455734,-0.23835170269012451,-0.19480925053358078,-0.13833420723676682,-0.092059627175331116,-0.064729064702987671,-0.052390637807548046,-0.057258317867914833,-0.031925461255013943,-0.021351109724491835,-0.0090877113398164511,-0.01394048985093832,-0.03581726923584938,0.0,-0.089081969112157822,-0.17741038898626962,-0.2297670841217041,-0.25074626505374908,-0.23457874357700348,-0.21453582495450974,-0.21281646937131882,-0.24025194346904755,-0.27870169281959534,-0.28757552802562714,-0.29054561257362366,-0.247213676571846,-0.23176142573356628
-0.27998208999633789,-0.25930988126330906,-0.19999841352303824,-0.10315921317253794,-0.09268175118735858,-0.14788908917795529,-0.24756140112876893,-0.2718954011797905,-0.1935669332742691,-0.1388928989569346,-0.13749937216440836,-0.16121446092923483,-0.1829840511083603,-0.18867406249046326,-0.20635237172245979,-0.23701613396406174,-0.22205629944801331,-0.18448934455712637,-0.12536421418190002,-0.073450885713100433,-0.034314973279833794,-0.01638213184196502,-0.033554003263513245,-0.028071999549865723,-0.0176424877718091,-0.016915872693061829,-0.023523449897766113,-0.029408177360892296,-0.077724394698937729,-0.1413932591676712,-0.17368818074464798,0.0,-0.24609319865703583,-0.24194108694791794,-0.20684593915939331,-0.20860496163368225,-0.22108542919158936,-0.24568594992160797,-0.26594981551170349,-0.266923725605011,-0.24131367107232413,-0.20223446935415268
-0.30836519002914431,-0.287672088543574,-0.24477965954472036,-0.18028377209390914,-0.15587692260742186,-0.20069899342276834,-0.2770035147666931,-0.29579737037420273,-0.2216359619051218,-0.16011655330657959,-0.14063591659069061,-0.1485331803560257,-0.14505550762017569,-0.1421680748462677,-0.16338365525007248,-0.20847229162851969,-0.19974484294652939,-0.16786248485247293,-0.1122916117310524,-0.05001801997423172,-0.011472543643321842,-0.01345742354169488,-0.03890289800862471,-0.04360467754304409,-0.027994005940854549,-0.0251872343942523,-0.025756222195923328,-0.042041586712002754,-0.082632536689440414,-0.14052295684814453,0.0,-0.21763903647661209,-0.23987232148647308,-0.22160156071186066,-0.19785916060209274,-0.180185928940773,-0.20726631581783295,-0.23993156850337982,-0.24745279550552368,-0.2448338121175766,-0.21154563128948212,-0.16649563610553742
-0.332021762343014,-0.32056102682562437,-0.28968161158263683,-0.24209840893745421,-0.22081710398197174,-0.24170482502533838,-0.29527564719319344,-0.29484076963530648,-0.23769587030013403,-0.18612329023224966,-0.1409694142639637,-0.11787217110395432,-0.11148655600845814,-0.12360735610127449,-0.14635822921991348,-0.19504807516932488,-0.19226037710905075,-0.15675574541091919,-0.097559221088886261,-0.04941176064312458,-0.023640826810151339,-0.037616729736328125,-0.055999919772148132,-0.060859594494104385,-0.040330353192985058,-0.03132959920912981,-0.0320996530354023,-0.041730217635631561,-0.0755012109875679,-0.14075611531734467,-0.19069451093673706,-0.22988477349281311,0.0,-0.22358808666467667,-0.19209473580121994,-0.18308572471141815,-0.18883909285068512,-0.2143583744764328,-0.22688059508800507,-0.22864273935556412,-0.19533266127109528,-0.15000513941049576
-0.35196682438254356,-0.3529588199324078,-0.3130656917889913,-0.27031197398900986,-0.2596946507692337,-0.27335516837510193,-0.30735207266277736,-0.29868442565202713,-0.24945538640022277,-0.19382184247175852,-0.1296429991722107,-0.095218805596232414,-0.098756412044167519,-0.13536641299724578,-0.17273986836274466,-0.20553046464920044,-0.19826535135507584,-0.15121375521024069,-0.090709328651428223,-0.065315749496221542,-0.054663052782416344,-0.06818380206823349,-0.078922372311353683,-0.075043601294358567,-0.052129687741398811,-0.031768012791872025,-0.023237460292875767,-0.03294962365180254,-0.0681205615401268,-0.10241156071424484,-0.18386106938123703,-0.22322040051221848,-0.22126907110214233,-0.18365542590618134,-0.1870168000459671,-0.16327571123838425,-0.17109610140323639,-0.19407778233289719,-0.21013960242271423,-0.20607943832874298,-0.169223815202713,-0.13773445785045624
-0.34851639668146767,-0.34945674240589142,-0.31490952707827091,-0.26895161824566977,-0.26651157651628765,-0.30234914747151459,-0.32903572646054352,-0.30303681269288063,-0.259531421320779,-0.20907711486021677,-0.14292261563241482,-0.10165936201810837,-0.11869070529937745,-0.15772068997224173,-0.1928192526102066,-0.21950473884741464,-0.20254545658826828,-0.14249261965354285,-0.090402428060770035,-0.079579517245292664,-0.087842356413602829,-0.094105109572410584,-0.10337382927536964,-0.091517552733421326,-0.060388620942831039,-0.043480744585394859,-0.018102090340107679,-0.036438587121665478,-0.090413030236959457,-0.13117575645446777,-0.20108652859926224,-0.23623251914978027,-0.2194441631436348,-0.1919759213924408,-0.15005964785814285,-0.15709798038005829,-0.15404990315437317,-0.16794635355472565,-0.19853784143924713,-0.1913270503282547,-0.155806764960289,-0.099071994423866272
-0.34494077041745186,-0.33345144614577293,-0.30814667897565023,-0.2417677125105491,-0.23622809756885876,-0.30542398691177369,-0.34382564680916922,-0.31592412665486336,-0.26673275828361509,-0.22599161912997565,-0.15822319686412811,-0.1062421165406704,-0.11899975438912709,-0.16803023219108582,-0.20115334540605545,-0.2177729457616806,-0.18669641762971878,-0.12303801874319713,-0.087692663073539734,-0.092668782919645309,-0.11093783378601074,-0.11165724322199822,-0.11895820498466492,-0.11881642788648605,-0.081123750656843185,0.0,-0.041722919791936874,-0.074328359216451645,-0.14221946895122528,-0.16469185799360275,-0.22182262688875198,-0.23004716634750366,-0.21593484282493591,-0.1766950860619545,-0.16493764519691467,-0.13939014077186585,-0.14102492481470108,-0.16068045794963837,-0.17829132080078125,-0.17467260360717773,-0.13811647891998291,-0.08553382009267807
