SouthSea_Web/demo/jsonfile/2017-12-15-10.json
{"header": {"parameterUnit":"m.s-1","parameterNumber":3,"dx":0.1,"dy":0.1,"parameterNumberName":"Northward current","la1":29.0,"la2":12.0,"parameterCategory":2,"lo2":131.0,"nx":250,"ny":171,"refTime":"2017-12-15T10:01:52.5","lo1":106.0}, "data":
[rows 95 to 113 of 171, columns 129 to 171 of 250]
0.13662895001471043,0.076395237552268166,0.070523845652739212,0.072433851659297943,0.00899947970174253,-0.071708860496679946,-0.11785410791635513,-0.1035504291454951,-0.054323790594935417,0.022282193414866924,0.14859812210003534,0.25423964858055115,0.25466086342930794,0.21713809967041015,0.15410041809082031,0.09304223830501239,0.024969981478837628,0.035439236580194641,0.11937098780816252,0.11369071100597028,0.10689840093255043,0.16060723405745295,0.24784059757771698,0.23169272851485473,0.14049829381543236,0.19794288621498987,0.67489841332038247,0.72663559696891089,0.55974599355604593,0.45889129906892778,0.31081871910561104,0.29424169277031481,0.48835758956111208,0.48149041946117693,0.44131771343595844,0.40007001257711844,0.34637810945510866,0.2885607009132703,0.20490423080168271,0.13491227987565493,0.15044630070527396,0.15993782186082431,0.11637485543122658
0.17438702285289764,0.0904557965695858,0.0567716121673584,0.047085736878216267,0.0076244123047217727,-0.045404633041471243,-0.090502038598060608,-0.091518063098192215,-0.03732073431213697,0.0780104547739029,0.21115897099177042,0.23465266823768616,0.20694632828235626,0.1622449427843094,0.10055240514603528,0.066539645195007324,0.063853037854035691,0.080290701949880236,0.0974904140052588,0.082428295165300369,0.091744785985121355,0.17165161669254303,0.34223770756613126,0.31519409362226725,0.0666019292276663,0.0635432215500623,0.3975654222672852,0.72073612648707175,0.66672183708711108,0.64414208585565735,0.559092221988572,0.45188431414690883,0.46762677638427069,0.49051720820940459,0.44003363512456417,0.40491023380309343,0.35073981540543692,0.31192409495512646,0.2619063490629196,0.22680006215446874,0.22909205275423386,0.21325907856225967,0.15408870624378324
0.18811424573262534,0.11605455353856087,0.054994557052850723,0.018487862466524046,-0.020002905388537329,-0.043141520271698632,-0.07502429373562336,-0.087229073047637939,-0.028572399728000165,0.14215220361948014,0.23527735223372778,0.22000109404325485,0.22114451229572296,0.16350607844916257,0.11653836220502853,0.12423155357440313,0.16116445552971628,0.15808212298613328,0.12009187042713165,0.12209187530808979,0.18283919549801134,0.12330439261027745,0.309099142654584,0.44385642016475851,0.22152688760413891,0.12999874212683232,0.21679595531895757,0.44051706437337196,0.57248498092998157,0.61598577669688637,0.64747021256423576,0.63558198376135389,0.54863233947091627,0.50624287873506546,0.45681028203530744,0.4089014564241682,0.37269168559994015,0.33976560058417143,0.32521807876500214,0.31963115646725609,0.3044241354579017,0.24570618662983179,0.16324533273776373
0.18109292164444923,0.12365114688873291,0.031705735600553453,-0.026229362934827805,-0.0564094353467226,-0.070485834032297134,-0.088367491960525513,-0.099571696172157928,-0.015893048917253811,0.16918074587980905,0.23034395650029182,0.2123803824186325,0.21202008922894797,0.16406222805380821,0.16712684814746565,0.21866847409142387,0.27600398315833163,0.21642260134220123,0.13124699437099954,0.10063813679984637,0.20637161081487482,0.23507278442382812,0.12611139288697487,0.39228430700798828,0.32275990506664654,0.15928888256446674,0.066249539989512413,0.27167972624301912,0.51956412750621173,0.72385771637377527,0.76701993175915306,0.74784467030655255,0.637416877807715,0.53174345865845685,0.44890392440206867,0.41470230836421251,0.39991656265088488,0.37264039539373839,0.35965909312168759,0.32904149095217389,0.32571599671715185,0.28430753201246262,0.18499826267361641
0.16999384015798569,0.10274701565504074,0.029213372588856146,-0.039364333264529705,-0.099055718630552292,-0.10901237279176712,-0.12093269526958465,-0.12240301569302876,0.0097183914234240856,0.18848255649209023,0.20138234231207106,0.20157789997756481,0.21093333760897318,0.20297370012849569,0.26555556234191446,0.32896394814763752,0.32654347238333331,0.23133513579765955,0.12728561657039741,0.018462393277635176,0.055277459958398882,0.21389343644733783,0.16717684903550287,0.034069489146214584,-0.00526047591393923,-0.0021020894823100497,0.20045507521856398,0.19937708460622364,0.2346809200114674,0.60793092056196563,0.83298625862389275,0.85501026873495067,0.69308513957400653,0.59227959544230735,0.51943259019600718,0.45027570859078436,0.43029376864433289,0.41363745413977526,0.3995494271318118,0.34776438837466034,0.33442101450193495,0.29647191888407659,0.21553987965864294
0.16329096257686615,0.0668425876647234,0.0054128523916006088,-0.063164940103888512,-0.11356873313585918,-0.1431093543767929,-0.16122081875801086,-0.13276924441258112,-0.0028851942130131646,0.12531142383813859,0.17040918581187725,0.23408388843139014,0.29342220444232225,0.33486966954337227,0.39596230468966742,0.42331778168678286,0.38187397519747418,0.26966437101364138,0.15940675400197507,0.00220004652833773,-0.044226621820901833,0.14869918311680003,0.30203861686899219,-0.12056001488774738,-0.18602939745046429,0.084885299280778356,0.44190356969833372,0.38400372832405322,0.1502582469748126,0.066355374730459313,0.41545885753523754,1.0301218397915364,0.92570793399444,0.82496545712153113,0.68941112305666952,0.578284856520201,0.50916589517146349,0.46833028992017112,0.42080644690073454,0.38370708926864294,0.34179694170043584,0.2735034172472201,0.21357424408197404
0.11182086914777756,0.043819030746817589,-0.011851386167109013,-0.060931297640005745,-0.1076192781329155,-0.14332192639509836,-0.17076172232627868,-0.14309827983379364,-0.015601119247730822,0.073051668703556061,0.16659982585244709,0.27623942742745083,0.38331405222415926,0.43831109052354639,0.46131789803504941,0.46272279197971028,0.43584221033822923,0.3600276645861174,0.22297326746312055,0.0065744783108433085,-0.10179420818503086,0.051838370700997692,0.39410942792892456,0.44753885197199206,-0.035793742745915805,-0.0096292801325957127,0.62416546188456856,0.57810643820439356,0.35630716885230979,-0.13590172672931139,-0.062360507054736128,0.55177606423231929,0.84780979990959171,0.85721084069121967,0.8277056500315666,0.70122733631649536,0.55737436413764951,0.45204421158494623,0.39776102260307028,0.38074471773924651,0.3323356769979,0.26559501412239944,0.20580258001299465
0.0920286700129509,0.029321400448679924,-0.023258254397660494,-0.0633494183421135,-0.088114373385906219,-0.11433511525392533,-0.14358500242233277,-0.10366649180650711,-0.028020443095426475,0.049875773346194856,0.15224304655566812,0.27262049251132542,0.386609073728323,0.4421936261157195,0.45079400887091953,0.44502195715904236,0.46190425889058545,0.40677139659722644,0.20406359357052836,0.0016717700936803312,-0.0681933916450755,-0.010169552667066454,0.17061290729504366,0.50607266381222715,0.54694811918187081,0.67861673623944319,0.6581482397976206,0.48459681689739226,0.28309907319489869,-0.0657610001079248,-0.17959699041984348,0.47380344232298294,0.77823583022603449,0.90760582795849554,0.88411983178586373,0.772016551006924,0.60127905481740052,0.43781453929841518,0.37723421829718129,0.33702595188067508,0.30794245572317214,0.26165835488410222,0.19988037574858891
0.0,0.050833792115251221,0.012777695432305336,-0.022343714469267677,-0.027997387930099649,-0.0516503993421793,-0.048907418336187093,-0.042030159384012222,0.0084219103640255834,0.039539634560545288,0.13567128653327623,0.27039941942149942,0.37066469788551332,0.40203411221504209,0.40543783187866211,0.44895568348112558,0.49417111608717179,0.30756832831181014,-0.017558235356486158,-0.098108090693131089,0.035355279198286675,0.024298954967434838,0.089340898959153842,0.40610207725654951,0.578878220419089,0.76097024440765382,0.55897393650733507,0.24030968482079712,-0.10482707702554762,-0.27497850671410562,-0.11068611048500646,0.15286184214055537,0.369123152192728,0.82102057900693681,0.93431355284922046,0.78690913434212029,0.61314697684468444,0.479728572508868,0.41369424098067814,0.30352127969264986,0.23104507017594117,0.21376355302830538,0.18910786658525466
0.0886453129351139,0.06414833664894104,0.05854853056371212,0.049896003678441048,0.045287849847227335,0.041292161727324125,0.050688856281340122,0.054746528295800088,0.071843684650957584,0.11282878940304121,0.23187627643346787,0.33487624426682788,0.37186166763305661,0.351991895924915,0.33680655416988192,0.42802703791651231,0.51370614557935479,0.099884273578877539,-0.07691181914803262,-0.0937024373873185,0.096461463483274543,-0.028446651358347109,0.02810409815742098,0.36257572883162004,0.39661262615118176,0.39857558403164151,0.39802308642027673,0.086283563269087329,-0.26500031799077989,-0.2734774564411126,0.016974147732398706,0.34255778368400491,0.12026323825251807,0.34156561664218732,1.1493271919006998,1.0041854182879131,0.76793320601185167,0.6079828785015986,0.46441316700750784,0.28343076430834258,0.16579407625473464,0.16894898315270743,0.1848989536887721
0.10318866123755772,0.0862220749258995,0.079601142555475235,0.12331246770918369,0.16417707999547324,0.13292364329099654,0.15141230715172632,0.1526617556810379,0.19803838218961442,0.26514445715828944,0.32396826407183771,0.36236350593112765,0.36421923610297119,0.34087638007967097,0.32978667736053469,0.41715768293330546,0.39747628966967263,0.12796999172788565,0.0071329671233642577,0.010255570057779551,0.0,0.0,0.0,0.0,0.2206930276893434,0.29215284369983313,0.20112170530971785,0.042527797607833456,-0.14224988084573012,-0.18838607384399933,0.066503657427844851,0.37626688713314888,0.10320708665122878,0.039159396562343005,0.96079336603482568,1.1248646821731176,0.9450908867376191,0.72332690692529444,0.49335414767265318,0.30550280027091503,0.18521360422556216,0.16140265356410632,0.17736899427005223
0.086910359561443329,0.078886136412620544,0.0975942425429821,0.16102688759565353,0.23385786265134811,0.22470156848430634,0.20096009638574389,0.22375368752649852,0.32633859557764872,0.399711223025071,0.39937406130458997,0.370540589094162,0.3593217150161141,0.36879915128583496,0.41068026513764355,0.4659897756008875,0.30551280951773635,-0.024998556743276879,0.0,0.0,0.0,0.0,0.0,0.0,0.0,0.084383554490549226,0.043997873820794314,-0.068400256011264454,-0.10236760443862673,-0.10921797796406529,-0.0020115105770863928,0.12890809284304672,0.032709410928983031,0.0,0.88605031374195387,1.0350262695107579,0.95322389945839392,0.738177829462549,0.5100844585233264,0.33785636963382842,0.21087817847728729,0.17414820712545645,0.16750400194099971
0.089306708425283432,0.084834326058626175,0.11988475546240807,0.21090620756149292,0.26710885763168335,0.25933748980363208,0.24667277435461679,0.31837721512867856,0.43122407396634421,0.48403901489157425,0.44882749992868176,0.4136048495769501,0.39959243535995481,0.41854386528333026,0.48083913037853854,0.46747481255304246,0.16599835328028736,-0.14904975315386598,0.0,0.0,0.0,0.0,0.0,0.0,0.0,0.0,0.0,0.10907326079905033,0.011732486264648017,-0.00060926878071328682,-0.0058784386039648475,-0.011038931421627015,-0.033909930475056173,0.0,0.90702656014212246,0.92347295489804493,0.88932708219478007,0.70994021495183313,0.51446893732798726,0.36384230338293932,0.23814594860260302,0.18813016875223679,0.16208025564750037
0.11139243344465892,0.11565963923931122,0.16101225838065147,0.22946862503886223,0.26082684348026913,0.26005247732003528,0.29623135695090663,0.3691286487238748,0.466172791045645,0.48914572224020958,0.47211958964665729,0.46174390526378856,0.48914581422622389,0.54005643063121367,0.53753172769779112,0.4816608532916668,0.056732500275408729,-0.10616986453533173,0.0,0.0,0.0,0.0,0.0,0.0,0.0,0.0,0.0,0.0,0.0,0.0,0.0,0.0,0.0,-0.044929231762782566,0.34001612597355013,0.750403631706627,0.83350625955141511,0.70716055366728037,0.54307936210381358,0.38087777700275183,0.24932371199131012,0.20006132423877715,0.17536514591086994
0.13396728038787842,0.15363583962122598,0.17726668218771616,0.21951284011205038,0.26675044894218447,0.27010106188910349,0.32762396335601807,0.3968140383561452,0.47623046523048762,0.47638807552201407,0.47233365476131439,0.50229153906305635,0.542777419090271,0.6098655816167593,0.6065520685772563,0.49993428394750311,0.191177749063354,0.0,0.0,0.0,0.0,0.0,0.0,0.0,0.0,0.0,0.0,0.0,0.0,0.0,0.0,0.0,0.0,-0.10754422880430431,0.20739075209418631,0.64146916546683386,0.80940771327828465,0.77210523459044367,0.64540629254447091,0.4604434698820114,0.30100625643023737,0.23237760551273823,0.21468034386634827
0.17504887282848358,0.19549766927957535,0.20511673390865326,0.24719130098819733,0.28962751030921935,0.29883340663380092,0.33525819044846755,0.4048617035150528,0.46597224214802618,0.48053718071717483,0.49378096560637158,0.5086593818664551,0.48934493001018253,0.44763576558658053,0.4769057443267421,0.33318786008045975,0.031457271898463576,0.0,0.0,0.0,0.0,0.0,0.0,0.0,0.0,0.0,0.0,0.0,0.0,0.0,0.0,0.0,0.0,-0.22388916600524911,0.059614899538369293,0.55716223727192793,0.84589360902706778,0.87347184121608734,0.768196185429891,0.5815974601677486,0.42125282243446066,0.33826491884563281,0.29670467972755432
0.17978370934724808,0.21196143329143524,0.22494308650493622,0.25627564638853073,0.28410112857818604,0.29690121859312057,0.35285921967946565,0.43071244083918059,0.46633912885890288,0.47888432070612907,0.47235957639557974,0.44052635133266449,0.40569705764452618,0.38483598248826134,0.34984030110248621,0.143732529863961,-0.022311904095113279,0.0,0.0,0.0,0.0,0.0,0.0,0.0,0.0,0.0,0.0,0.0,0.0,0.0,0.0,0.0,0.0,-0.40718844608636573,-0.13391176227910015,0.40492865030786823,0.87456420395109391,1.0090278261586239,0.89515456466963794,0.71800523002942407,0.55756010802892542,0.44788876672585803,0.38676344806497748
0.18032290041446686,0.1856243908405304,0.22863917425274849,0.23269812762737274,0.24186956385771433,0.29003001749515533,0.3557690903544426,0.43674896657466888,0.44783590833346049,0.43720303848385811,0.39970196783542633,0.35248738527297974,0.3238499366467999,0.3789787975753226,0.30623371450490849,0.04599193131463547,-0.0040499372407794,0.0,0.0,0.0,0.0,0.0,0.0,0.0,0.0,0.0,0.0,0.0,0.0,0.0,0.0,0.0,-0.20156099212666354,-0.43720748207007332,-0.27208675221229595,0.26832094976606852,0.8284534229172601,1.1173490414748322,1.0038164705038071,0.83580863917315451,0.65651640295982361,0.51092821766029706,0.41990698061206122
0.16179916262626648,0.15056300908327103,0.17842816561460495,0.16306234151124954,0.1897059865295887,0.24294161424040794,0.31204468011856079,0.39000349988540012,0.38316988746325176,0.37238453514873981,0.33775724843144417,0.30469606518745423,0.30271219053576071,0.38100143087406951,0.28943096265548796,0.0051121825208822478,0.0,0.0,0.0,0.0,0.0,0.0,0.0,0.0,0.0,0.0,0.0,0.0,0.0,0.0,0.0,0.0,-0.24964487552642822,-0.45184037843275637,-0.34462039993156363,0.090190876954024266,0.63844596895765748,1.126747152209282,1.0865976760784786,0.89206277090927655,0.702241616944472,0.53730108092228568,0.41647488020715262
