SouthSea_Web/demo/jsonfile/2017-12-14-02.json
{"header": {"parameterUnit":"m.s-1","parameterNumber":3,"dx":0.1,"dy":0.1,"parameterNumberName":"Northward current","la1":29.0,"la2":12.0,"parameterCategory":2,"lo2":131.0,"nx":250,"ny":171,"refTime":"2017-12-14T01:58:07.5","lo1":106.0}, "data":
[rows 57 to 75 of 171, columns 129 to 171 of 250]
-0.34483020305633544,-0.29320988542324788,-0.27567628810280248,-0.25819056895044112,-0.23650995779920508,-0.37490826547145845,-0.35172761244567757,-0.18890872746706008,-0.32149343010452058,-0.057989125814417314,-0.021239759947315584,-0.33904173878136645,-0.4103013853831538,0.0,0.0,0.0,0.0,0.0,0.0,0.0,0.0,0.0,0.0,0.0,0.0,-0.026827910535589413,0.78590490431279725,1.085666387013986,0.896234054390977,0.77510826626131613,0.76263190309206641,0.79172021434420636,0.79875594063809041,0.74575768245591056,0.64242534126554218,0.50380686276099262,0.35456587374210358,0.2821620125323534,0.29101689656575519,0.28102069894472759,0.23484606295824051,0.20646826227506002,0.18151490688323974
-0.40493502687005434,-0.35524374810425013,-0.23447093542884379,-0.23149894782014796,-0.11642288753674143,-0.3868258028541372,-0.41599171750153169,-0.24861418477126529,-0.21977384125485139,-0.061985691007452479,-0.015869014343834573,-0.34686312848266138,-0.49353344429214047,0.0,0.0,0.0,0.0,0.0,0.0,0.0,0.0,0.0,0.0,0.0,0.0,0.14483287667960157,0.96992383856292164,0.971995398402214,0.7957653130803789,0.73440046001363679,0.75162535905838013,0.81429737508296962,0.82175801907266888,0.74883358925580978,0.622730858185712,0.45854209576334271,0.30414860049883524,0.22406835854053497,0.22006209895891302,0.2142792729039987,0.18978986029441541,0.17169460356235505,0.13075507152825594
-0.77294143931619053,-0.54057939251263931,-0.38834357672724229,-0.2689534615853737,-0.29032465374028243,-0.27058837066094082,-0.23810340373805075,-0.21473819886644682,-0.23462963620057473,-0.093371818906494555,-0.038672537086693957,-0.4117079883688638,-0.4505314826965332,0.0,0.0,0.0,0.0,0.0,0.0,0.0,0.0,0.0,0.0,0.0,-0.15190927684307098,0.512656145119561,1.037772166101556,0.81903602282206223,0.68779329166692849,0.66330921649932861,0.71208544752814551,0.7951256990432739,0.79699368874231979,0.72598865826924641,0.60869447543070865,0.45731726927416666,0.31444337218999863,0.215783668252138,0.17579237265246256,0.18137284461408854,0.17846296621220453,0.16467834170907736,0.096044901013374331
-0.83374970633050671,-0.55851037445522489,-0.36668926596641538,-0.30763083994388579,-0.24187558575680382,-0.1836398933082819,-0.21304075717926024,-0.1795003812473554,-0.14723586258680924,-0.075296344201046014,-0.017527178873140842,-0.17694230525401131,-0.21711337627514715,-0.21560134800771871,0.0,0.0,0.0,0.0,0.0,0.0,0.0,0.0,0.0,0.0,0.46568487476994935,0.79092285445833632,0.846924952531265,0.651649433374405,0.61676857301167076,0.62121782258704861,0.70782262086868286,0.79204080034704771,0.74453226327896116,0.666709854052617,0.570349402152575,0.43268620509367722,0.30325721630028318,0.20357185229659081,0.14783294613544756,0.15063344538211823,0.1689577607008127,0.15964858333269755,0.0872183098856892
-0.55856166283289588,-0.46842455513337078,-0.31059108909807709,-0.31563656218349934,-0.26583878044039011,-0.22988935253199408,-0.2009726154961084,-0.17403951393706457,-0.26945235757600694,-0.25266472222628417,-0.18758394727201172,-0.089989787433296442,-0.14037051316849963,-0.27239077582078819,0.0,0.0,0.0,0.0,0.0,0.0,0.0,0.0,0.0,0.30759909702464938,0.72508709320169407,0.82449012341564654,0.63984042600445123,0.479671490353507,0.59425126623224334,0.60658486989828253,0.72771789431571965,0.78564109121050152,0.71425639788309736,0.60213750203450522,0.51817267068794792,0.40846117337544757,0.31075423104422434,0.20481438189744949,0.12440704767193113,0.11446362467748779,0.13123734066119561,0.1176255335410436,0.058084467425942421
-0.4564238169363567,-0.34565398899408489,-0.22641699636975923,-0.25358968866722925,-0.24511713002409255,-0.17561875656247139,-0.1952761672437191,-0.23902474750172009,-0.16877514310181141,-0.11651843778141167,-0.06601399651429217,0.00618183339719434,-0.072098056277768177,-0.20442486021282344,0.0,0.0,0.0,0.0,0.0,0.0,0.0,0.0,0.0,0.57964597040644061,0.85223267699631167,0.68605931129371911,0.35893339299141092,0.43779409222486543,0.56271730892119864,0.601005882024765,0.7445127828554674,0.76529757305979729,0.67866154909133913,0.55779613653818771,0.46707659746919361,0.37094383367470335,0.287302166223526,0.19926713136109439,0.12678953890617078,0.097136402626832333,0.0877083851955831,0.076793018728494644,0.027045994081224004
-0.32577577233314514,-0.22318794702490172,-0.17950474809516559,-0.19918242638761347,-0.15010632095592363,-0.16989220678806305,-0.15752167394384742,-0.14676665514707565,-0.0583410271210596,0.0089428122615651737,0.06084182948387902,0.16109880311962435,0.23758493997156621,0.017306979740038513,-0.060467254657011762,0.0,0.0,0.0,0.0,0.0,0.0,0.11876021232455969,0.41849650284531742,0.69739177998374491,0.68665221821178091,0.60570676624774933,0.19022626510484081,0.51583605936982413,0.5106009840965271,0.63372784107923508,0.776803175608317,0.74959023396174118,0.628481563180685,0.5195819814999898,0.42991645290301395,0.33420894466913664,0.25400127768516539,0.19692088166872659,0.13326018303632736,0.092447775815214434,0.079542262213570733,0.073312393747843235,0.013270186392279964
-0.23718477785587311,-0.1377439945936203,-0.1121105020865798,-0.074944280595941978,-0.1014826254775891,-0.1178618182356541,-0.069543158511320743,0.050385397588252091,0.16502662507050178,0.18362837129582962,0.22769507931338417,0.27075938417993745,0.38576299945513409,0.23704022331747102,0.092746205465589121,0.0,0.0,0.0,0.0,0.0,0.0,0.30063844133271939,0.680347632860469,0.69844726778212052,0.552948594625507,0.47790540164371709,0.38908479229857523,0.55152068896727124,0.45479522183023652,0.63428360494700342,0.76517966118725866,0.73150495067238808,0.61841860238243551,0.51518653906308687,0.42919026740959715,0.32064665739352888,0.21665610993901888,0.17400710923331125,0.11899134037750107,0.072523379822572079,0.087379378650118328,0.087592975469306111,0.011847944449012477
-0.18951945219721114,-0.12986996438768175,-0.075939650461077687,-0.071095601401545791,-0.09198367580150564,-0.0624263477511704,0.081849681446328759,0.27199561806286082,0.2722924103339513,0.2753014862537384,0.27230603021124133,0.28679069379965466,0.26770182160867584,0.25298343775636056,0.15252865626506748,-0.1158180364359299,0.0,0.0,0.0,0.0,-0.0074050570838153362,0.30638823841253054,0.78566161564418246,0.67016641429213231,0.48827956120173138,0.50297968955927119,0.49154445601672658,0.44021730593272618,0.474101729966976,0.6544070765376091,0.73676697696958271,0.71603381633758545,0.64233123714273621,0.55860091958727154,0.45770759383837384,0.31713747357328731,0.18718207379182181,0.14031383911004433,0.098862815648317337,0.039814267889596522,0.080212654107633757,0.076166974646704536,-0.0018518008291721344
-0.21881590038537979,-0.16770590013927883,-0.08354439545008871,-0.026578421476733637,0.015379309421405196,0.077849732067149416,0.26165178517500559,0.28946098486582439,0.2603178338872062,0.2516668815823162,0.22319379967191946,0.16395171855886778,0.13450295196191683,0.11317569389939308,0.10693699804216843,-0.12300596182095025,-0.20440570818336798,-0.13626312577363217,0.0,0.0,0.02851640071127225,0.61309836554162278,0.79228524680723222,0.64649272892210219,0.57475742250680928,0.57333479438509261,0.48839586885536418,0.36509576241175334,0.52030366145331286,0.6705605043814733,0.71877723634243007,0.70505629567538985,0.64585752089818316,0.58381961186726883,0.49238958954811096,0.34323097765445709,0.18926138373521659,0.12785510160028935,0.079400931699917868,0.028870055052850927,0.080390955454536853,0.05098510303845008,-0.037648618295861525
-0.22094585829310948,-0.097868502605706453,-0.058215835893696007,-0.0356800724985078,0.03910618517547846,0.18990256190299987,0.27920423235212055,0.26829366173063007,0.20905125339825947,0.15735641121864319,0.11528111568519048,0.087327331006526954,0.081305859982967382,0.052943272340320507,-0.074697735998330142,-0.10832913861767626,-0.17623521675440398,-0.12759128661814684,-0.15560035407543182,0.0,0.11817718121445302,0.761982648855164,0.74301739767485975,0.66617432007422817,0.61563306520966921,0.53682759486966658,0.28024458689124959,0.28484848001971841,0.57192910436926214,0.70068276405334473,0.72093905508518219,0.70455178092507753,0.61717850367228189,0.55637343571736264,0.49029493729273477,0.36920044720172884,0.19539710134267807,0.15404595186312994,0.11762908616891274,0.05925045485297839,0.10267710992518593,0.0432727220992092,-0.061161251472575326
-0.11678679031319916,-0.0639770976267755,-0.06476741159955661,-0.013660734942690893,0.0717641027559611,0.20482238720763812,0.26823890457550686,0.20695465604464214,0.14843253472021648,0.11912811547517777,0.11389458365738392,0.13750077103791031,0.13938157054884681,0.081664210392369166,-0.065218157697258125,-0.039596084578740622,-0.069984072412567572,-0.16679752251276603,-0.20736522362050083,0.0,0.19171448811899783,0.75810481951786923,0.75900889609171,0.70452274931104564,0.66699717136529779,0.57974577801568172,0.21881738766318276,0.17185934810195028,0.66013498940775472,0.75136721363434422,0.74466895489465623,0.68956717322854433,0.571167786916097,0.47974572380383812,0.44743279367685318,0.39071929725733673,0.21378780305385589,0.18211643397808075,0.16781286827542566,0.10998025834560395,0.13106031616528829,0.06190447295084596,-0.043276166310533881
0.099088138072854937,0.08527711551222536,0.1010420692877637,0.12414415292441845,0.16221490502357483,0.20182601610819498,0.19277993738651275,0.15333155678077179,0.098595574232084413,0.083501575390497837,0.10321235343029625,0.13481892751795904,0.12286160793155432,0.058363950794695744,-0.042771432852252753,-0.067188594889427938,-0.11130331211960783,-0.12147813568784234,-0.28087908341014972,0.0,0.11795113038291068,0.75278835835522173,0.86153993634290471,0.82966991023319525,0.78377112299203877,0.69422014305988944,0.2843719440821737,0.2528197420331148,0.71859788397947943,0.78536273964813774,0.76718688011169434,0.66810383730464507,0.5488390140235424,0.42562656998634341,0.38831540942192078,0.37096216380596159,0.24803434541592231,0.21056824624538423,0.2038560681618177,0.12625102251768111,0.1278960148493449,0.090046979021281,0.0035312037382807049
0.2161940447986126,0.21797649748623371,0.22655738331377506,0.20461397990584374,0.1781455185264349,0.14604227824343574,0.094979773834347719,0.057958525915940605,0.039002545177936554,0.043044612384759463,0.063720350098960543,0.095397062599658966,0.087221537716686726,0.032550666946917772,0.039001173029343285,-0.01108218582949656,-0.09818470779806375,-0.20665642579919413,-0.356679819452648,-0.11722753974997129,0.042692022466498031,0.89344246491141943,0.967017162591219,0.90592779178877136,0.82727894272123059,0.70815086364746094,0.47909988107329066,0.4879993838931333,0.77092413495226608,0.76890883701188228,0.75442943118867423,0.65783200661341346,0.54234397808710733,0.41851907968521118,0.34497296351652879,0.32977621853351591,0.24878331273794174,0.2339155413210392,0.21530048549175263,0.12137479105821022,0.10020581301715639,0.0754707803328832,-0.00087888427411339108
0.31565853208303452,0.30242446437478065,0.2657870352268219,0.22645128890872002,0.17399688810110092,0.11961721628904343,0.040984372142702341,0.0017028438318944113,0.0022535104698573169,0.011642267935288449,0.0097965495785631764,0.038719960734905565,0.05640250568588575,0.073667684165032013,0.10819306503981352,0.050126212881878018,-0.0635965136545045,-0.17938370870219336,-0.31482871928570155,0.089754447504486787,0.12075536312779955,0.94804196107772087,0.93053463527134483,0.82558122518900279,0.73484708006317556,0.634956102113466,0.59701596697171533,0.68609260344037826,0.71031845380098391,0.68426154897763181,0.72445068034258753,0.65162403793895951,0.54712991629328045,0.40217121158327374,0.29965101317925885,0.25970853202872807,0.20873050391674042,0.19345746017419374,0.18918782472610474,0.095328502357006073,0.0562274140616258,0.034830915662870908,-0.034986440032038706
0.31103209086826872,0.28695655465126035,0.23682304554515415,0.20444216330846152,0.15335243526432249,0.078153077512979507,0.031799495892806187,-0.00053223497234284873,-0.010005093005020171,-0.0021218269029164871,-0.012794849066995084,0.0049347559834131971,0.077808057475421161,0.13823407515883446,0.14864002710038965,0.12179826489753193,0.007810015568975359,-0.070261183889293727,-0.088336805194636353,0.15390487654679796,0.45387202307581903,0.8692353120389974,0.79328682483770907,0.69774953358703184,0.58620346420341063,0.49681182785166633,0.45248687399758231,0.47135994456849006,0.54202901375921153,0.61567092935244239,0.70327174415191018,0.66289937846800862,0.544232468519892,0.39528426776329678,0.27776651829481125,0.20328381551163538,0.14280976230899492,0.10831697342487481,0.11903996160253882,0.041378196219311041,0.00852351960287813,-0.020008012288599275,-0.080966067314147946
0.28718268871307373,0.26712502166628838,0.24717797338962555,0.24170086426394327,0.20099259465932845,0.14528917190101412,0.098597935959696764,0.061264186352491382,0.027585897383026102,0.016267380605523404,0.01250022505589116,0.037667756101914814,0.14516774797812104,0.25779038229409384,0.28459529985081067,0.33512768408526544,0.33738446334997813,0.39429260331850785,0.45302561188445373,0.43110593700710731,0.76540681319992721,0.74085276912559161,0.6770756211545732,0.63491177943445021,0.53659003134816885,0.42913302530845004,0.33585411018651462,0.293754856767399,0.41133030107680785,0.551444662809372,0.65231445561284607,0.64290738456389485,0.56427196661631263,0.4030292868614197,0.28560982186060685,0.19007898246248564,0.12482692735890548,0.090706356442891628,0.092636566609144211,0.022249803529120982,-0.026585672257675066,-0.073576582223176951,-0.11244446411728859
0.30721002486017013,0.31457008793950081,0.33041495581467945,0.31169449005808147,0.27766541710921694,0.22758323450883231,0.17425081133842468,0.1104264756043752,0.047440858744084838,0.041812355206771332,0.07434543749938409,0.13754925905511931,0.26230302772351671,0.37166763842105865,0.42731670290231705,0.50076606727781747,0.59966657133329482,0.68685066699981689,0.64657974785024475,0.67585150724233578,0.68006232450174731,0.65450337954929894,0.67759045772254467,0.63527598381042483,0.55233463730130872,0.43119268616040546,0.28162808095415431,0.13162658226422289,0.23814172594575211,0.46652944187323253,0.58194529265165329,0.59406554698944092,0.58219886702649737,0.43165290951728819,0.32044377006017244,0.206063175201416,0.12642847906265939,0.088980381979661835,0.088248626274221087,0.047711301098267239,-0.00900028475249807,-0.086906478274613619,-0.13338963900293624
0.30338482345853535,0.34043203932898386,0.35115661472082138,0.33908382058143616,0.28614713890211924,0.23742472380399704,0.17681384299482619,0.10584772936999798,0.070154983136388988,0.12651665136218071,0.22274940162897111,0.30657579817555169,0.38686683986868176,0.45600438614686328,0.51496820449829106,0.62620364678533458,0.70129671692848206,0.66406013186161339,0.55857248817171368,0.566067292355001,0.53836887623324536,0.597500346857926,0.65025257858736762,0.64109723526856,0.55136399115285561,0.41408300303643747,0.27315204724287373,0.086242163553833961,0.18710520745892273,0.39282555282115938,0.49023828483544862,0.54178028305371606,0.59638422727584839,0.46371158431558046,0.32113603949546815,0.21091408928235372,0.12295094789827571,0.0853841970948612,0.084790119791732121,0.048199069686234,0.0083827907947124913,-0.064348063032541952,-0.13360299857763144
