SouthSea_Web/demo/jsonfile/2017-12-14-00.json
{"header": {"parameterUnit":"m.s-1","parameterNumber":2,"dx":0.1,"dy":0.1,"parameterNumberName":"Eastward current","la1":29.0,"la2":12.0,"parameterCategory":2,"lo2":131.0,"nx":250,"ny":171,"refTime":"2017-12-14T00:00:00","lo1":106.0}, "data":
[rows 114 to 132 of 171, columns 168 to 209 of 250]
-0.24077331058440671,-0.17234736680984497,-0.10360080651614977,-0.093045778572559357,-0.13116077333688736,-0.14631732071147247,-0.15126255061477423,-0.17066433149225571,-0.20341975872333235,-0.22138128131628038,-0.22146262441362655,-0.20650393068790435,-0.18800223370393118,-0.15952782332897186,-0.12544691562652588,-0.10589474812150002,-0.080370833476384476,-0.075707226991653442,-0.09899834543466568,-0.14341208338737488,-0.20097395032644272,-0.25153034925460815,-0.27074182033538818,-0.26940383017063141,-0.2913709282875061,-0.28433415293693542,-0.32282677292823792,-0.36414059996604919,-0.3552926778793335,-0.37577910721302032,-0.42230257391929626,0.0,-0.43987208604812622,-0.43743699789047241,0.0,-0.40848097205162048,0.0,-0.35168597102165222,-0.32672980427742004,-0.2749553918838501,-0.292807400226593,-0.25858454406261444
-0.19678279331752233,-0.17956786299193348,-0.14042844304016658,-0.11437720470130444,-0.14531351832879913,-0.15950619336217642,-0.14577837814303005,-0.16567477583885193,-0.19715062054720792,-0.22239345099244798,-0.22992174327373505,-0.2218480221927166,-0.18923245072364808,-0.14856050163507462,-0.10682314820587635,-0.073371902108192444,-0.057428326457738876,-0.044553970918059349,-0.0734529197216034,-0.10641531646251679,-0.17394217848777771,-0.24082276225090027,-0.27625587582588196,-0.27568167448043823,-0.28142407536506653,-0.2961382269859314,-0.32867549359798431,-0.35954451560974121,-0.36879697442054749,0.0,-0.40020149946212769,-0.44852983951568604,0.0,-0.45716607570648193,-0.41749989986419678,0.0,-0.35497328639030457,-0.324862003326416,-0.31292775273323059,-0.26885050535202026,0.0,-0.24122002720832825
-0.13906547210870252,-0.141781655450662,-0.15240871906280518,-0.14714422374963759,-0.14591002650558949,-0.15681620128452778,-0.13551931877930959,-0.14508425320188204,-0.18550217896699905,-0.22265199465411051,-0.23295131027698518,-0.2229753335316976,-0.19743286569913229,-0.14658189813296,-0.0923649271329244,-0.061755361656347908,-0.0468461811542511,-0.036783775314688683,-0.041866881772875786,-0.10949312150478363,-0.20927785336971283,-0.25722399353981018,-0.29653406143188477,-0.2894570529460907,-0.29749391973018646,-0.32040172815322876,-0.34968949854373932,-0.37996312975883484,-0.38709542155265808,-0.40664845705032349,-0.3975217342376709,-0.43672272562980652,-0.43892112374305725,-0.43986758589744568,-0.39745672047138214,-0.35811924934387207,0.0,-0.31081455945968628,0.0,-0.26820909976959229,-0.2462448924779892,0.0
-0.058143134694546461,-0.082949310217214661,-0.10660091179766153,-0.1374718980754123,-0.13781822522481282,-0.13193327421322465,-0.11913068840901057,-0.13933776505291462,-0.19002450406551361,-0.21887101233005524,-0.22854261100292206,-0.21005932092666627,-0.1674498071273168,-0.12112805247306824,-0.086955942213535309,-0.060848611096541085,-0.042455816641449928,-0.051441926509141922,0.0,-0.0687401257455349,-0.13965725153684616,-0.24261604249477387,-0.29188904166221619,-0.28279757499694824,-0.267336905002594,-0.29085725545883179,-0.30099153518676758,-0.34192746877670288,-0.37484049797058105,-0.38373531401157379,-0.40049749612808228,-0.40058660507202148,-0.4020950049161911,-0.37342178821563721,-0.36823102831840515,-0.34017527103424072,-0.31160525977611542,-0.29215329885482788,-0.26691985130310059,-0.26009052991867065,-0.24225234240293503,-0.22312624752521515
0.013098554960300175,-0.029538007320037911,-0.043628358864225447,-0.077617818117141718,-0.0751086063683033,-0.060973516000168662,-0.09324869016806285,-0.13719020908077559,-0.1715467929840088,-0.19517859071493149,-0.2067139558494091,-0.18890077248215675,-0.15323775261640549,-0.11614781369765599,-0.095395378768444061,-0.075948141515254974,-0.0695758480578661,-0.07858358696103096,-0.093343280255794525,-0.12099144235253334,-0.18302619457244873,0.0,-0.24686162918806076,-0.24895638227462769,-0.23180747032165527,0.0,-0.26878654956817627,-0.32046458125114441,0.0,-0.35063943266868591,-0.35402002930641174,0.0,-0.355621337890625,-0.34442389011383057,0.0,-0.32135999202728271,0.0,-0.29192894697189331,-0.26377055048942566,0.0,-0.24137446284294128,0.0
0.06045160154727372,0.010522570354891393,-0.018651379854418337,-0.036364368535578249,-0.019570182426832616,-0.017808360480038182,-0.059863331262022257,-0.12069247166315715,-0.14667016565799712,-0.16875822842121124,-0.18225600719451904,-0.1710826406876246,-0.1425103023648262,-0.11915490031242371,-0.095811750739812851,-0.091043949127197266,-0.10418251156806946,-0.12068793922662735,-0.16096398234367371,-0.13563278317451477,-0.18772312998771668,-0.2315485030412674,-0.23748397082090378,0.0,-0.21073764562606812,-0.23705267906188965,0.0,-0.27373760938644409,-0.32317668199539185,0.0,-0.35691800713539124,-0.34259030222892761,0.0,-0.34222373366355896,-0.31600856781005859,0.0,-0.28521955013275146,0.0,-0.26353594660758972,-0.23926573991775513,0.0,-0.21457788348197937
0.079207183527094979,0.04031923548741774,0.01320453139487654,-0.0018281221215147524,0.013023699435871094,0.013481893149825433,-0.022889686205113929,-0.068546809256076813,-0.11097084234158199,-0.14135077968239784,-0.16649819910526276,-0.16363076865673065,-0.1367023785909017,-0.10597463448842366,-0.093791037797927856,-0.10811856761574745,-0.13352447748184204,-0.15102487802505493,-0.14792267978191376,-0.18230359256267548,-0.218553826212883,-0.25705525279045105,0.0,-0.24258057773113251,-0.20992769300937653,-0.19150140881538391,-0.21231229603290558,-0.207973450422287,-0.24699003994464874,-0.29555177688598633,-0.26633471250534058,-0.28150062263011932,0.0,-0.27360837161540985,-0.2717096209526062,-0.24047735333442688,-0.24144297093153,-0.24108889698982239,-0.20607149600982666,-0.21561968326568604,0.0,-0.21312948316335678
0.08685379972060521,0.043931566644459963,0.028605617582798004,0.019812368477384251,0.010145065491087735,0.0088152566701561828,-0.01470211831231912,-0.045141257345676422,-0.0962509498000145,-0.133483799174428,-0.15454602738221487,-0.1557697206735611,-0.11829010397195816,-0.089096900075674057,-0.089106840391953782,-0.10574155673384666,-0.1336786225438118,-0.15898649394512177,-0.18429842591285706,-0.183826245367527,-0.17982102930545807,-0.22280662506818771,-0.20707179605960846,-0.17678798735141754,-0.15347087383270264,-0.17711803317070007,-0.15646189451217651,-0.18651944398880005,-0.19858254492282867,0.0,-0.22362509369850159,-0.21638347208499908,0.0,-0.21166807413101196,-0.20190265774726868,0.0,-0.19049634039402008,0.0,-0.17865310609340668,0.0,0.0,0.0
0.074010695020357772,0.034370853798463941,0.02820960535771317,0.020106639402608078,0.013722988776862621,0.00069866352714598179,-0.022797263925895095,-0.058088096976280215,-0.094335323572158819,-0.12755329720675945,-0.1306679422656695,-0.12975307554006577,-0.11778547987341881,-0.1017925962805748,-0.13110137730836868,-0.15896080931027731,-0.17036107182502747,0.0,-0.20073660711447397,-0.22918015718460083,-0.25153157114982605,-0.23976445943117142,-0.2074003666639328,-0.17077471315860748,-0.13439691811800003,0.0,-0.1119731143116951,-0.1300613135099411,0.0,-0.16802879422903061,-0.17873021960258484,0.0,-0.19689688086509705,-0.18211618065834045,0.0,-0.17038504779338837,0.0,-0.15768109261989594,-0.16133074462413788,-0.20279569923877716,-0.18271882832050324,-0.20375499129295349
0.0600695823403922,0.025359450706413815,0.013913682817171017,0.012074328559849943,0.01394807438676556,0.00038325628265738486,-0.028724702540785074,-0.0663550952449441,-0.10820103622972965,-0.12540064503749213,-0.11998430639505386,-0.11404948184887569,-0.1272640178600947,-0.14184262603521347,-0.17474634200334549,-0.20449644327163696,-0.20344602316617966,-0.21434850990772247,-0.23749803006649017,-0.25089766830205917,-0.2473050132393837,-0.23621205985546112,-0.20626623183488846,-0.17229083180427551,-0.14025644958019257,-0.0941062904894352,-0.074012946337461472,0.0,-0.11455332487821579,-0.13350333273410797,0.0,-0.13076649606227875,-0.14454776793718338,-0.14848066866397858,-0.12048646807670593,-0.11596363037824631,-0.12904517352581024,-0.1128450408577919,-0.14429965615272522,-0.12883691489696503,-0.158957377076149,-0.17619906365871429
0.033520953862794807,0.007525297231040895,0.00165080825536279,0.00861699931556359,0.0040137227042578161,-0.019165590987540781,-0.051022317260503769,-0.089997727423906326,-0.11379850655794144,-0.12622901611030102,-0.11984049280484517,-0.12587449451287588,-0.16067968308925629,-0.20032691955566406,-0.22516952455043793,-0.23931219428777695,-0.22920093685388565,-0.23745781928300858,-0.24903326481580734,-0.25291934609413147,-0.24702192097902298,-0.21527513116598129,-0.17619024217128754,-0.16142795979976654,-0.10905966907739639,0.0,-0.05829199030995369,-0.060467876493930817,-0.071978148072957993,-0.07694602757692337,-0.081466861069202423,-0.074182033538818359,-0.088194973766803741,-0.060578543692827225,-0.069015838205814362,-0.057715795934200287,0.0,-0.081285469233989716,-0.099419377744197845,0.0,-0.12590675055980682,0.0
-0.0028673512977547945,-0.014990050449139543,-0.010691139817936346,-0.0090317193341131,-0.022133921661103766,-0.049354528542608023,-0.084131822735071179,-0.11183608137071133,-0.14324944317340851,-0.14503956586122513,-0.14237458010514578,-0.15935253600279489,-0.2074459989865621,-0.23158374428749085,-0.27085649967193604,-0.27363207936286926,-0.27109767993291217,-0.25990456342697144,-0.24517810344696045,-0.24803520739078522,-0.21457971632480621,-0.17822228372097015,-0.14538271725177765,-0.11974810063838959,-0.07618674635887146,-0.061790283769369125,-0.042763996869325638,-0.054956037551164627,-0.073874756693840027,-0.05180695652961731,-0.041408393532037735,-0.023185830563306808,0.0,-0.01976502314209938,-0.026854077354073524,0.0,-0.030149398371577263,0.0,-0.045729652047157288,-0.090632207691669464,0.0,-0.12587398290634155
-0.025607888586819172,-0.0308322799815373,-0.033782498083180852,-0.048589415149763227,-0.064821055957249227,-0.0948679472009341,-0.13029744923114778,-0.1541542649269104,-0.17119930187861124,-0.17591855302453041,-0.18141710261503855,-0.19659355282783508,-0.22546932473778725,-0.28318701187769574,-0.31332211693127948,-0.321695014834404,-0.32945112884044647,-0.29522812366485596,-0.26320855319499969,-0.21966361254453659,-0.17916245758533478,-0.15302581340074539,-0.11035329103469849,-0.060820844024419785,-0.042950069531798363,-0.040242645889520645,-0.026198086328804493,0.0053260033018887043,-0.018483441788703203,0.0,-0.013623137027025223,-0.020777870784513652,-0.000530195829924196,0.0,0.019320830702781677,0.038714345544576645,-0.00011472585902083665,0.035758797079324722,0.0065486324310768396,-0.054515179246664047,-0.045702043920755386,-0.10263253003358841
-0.062177827374802694,-0.055916653480380774,-0.067538508679717779,-0.097868228331208229,-0.11402705560127895,-0.13213513791561127,-0.15671386197209358,-0.17541582385698953,-0.1938632900516192,-0.2051449753344059,-0.20017210766673088,-0.20701902111371359,-0.23371747632821402,-0.28518444299697876,-0.33142181237538654,-0.34119728207588196,-0.33464357256889343,-0.28890978296597797,-0.23834270983934403,-0.20115628093481064,-0.1327182725071907,-0.091234408318996429,-0.04587982315570116,-0.012284805998206139,0.010341247543692589,0.025530381128191948,0.029116922523826361,0.0,0.04365098848938942,0.017629212234169245,0.0051404461264610291,0.0,0.033669454976916313,0.067841656506061554,0.044148378074169159,0.0787535198032856,0.10232141613960266,0.0691390410065651,0.082703463733196259,0.030141415074467659,-0.019174907356500626,0.0
-0.11064371466636658,-0.098925236198637218,-0.11295374482870102,-0.13655312891517366,-0.15873949974775314,-0.17947824050982794,-0.18930493667721748,-0.20465473085641861,-0.20376803477605185,-0.21148989498615264,-0.21605767905712128,-0.22518180310726166,-0.25534594058990479,-0.28756934404373169,-0.316647211710612,-0.31512268384297687,-0.27772689610719681,-0.20284590125083923,-0.1668146476149559,-0.11719611659646034,-0.032082073390483856,0.012683503950635592,0.0,0.062091584627827011,0.0866786539554596,0.11069543659687042,0.092110440135002136,0.06918441504240036,0.084078073501586914,0.0,0.0730542354285717,0.11122848838567734,0.1098935566842556,0.10307814925909042,0.14651229977607727,0.12713459134101868,0.13361850380897522,0.0,0.1126861572265625,0.017407180741429329,0.0,-0.045312568545341492
-0.16359125263988972,-0.16410936787724495,-0.1508892983198166,-0.17735923081636429,-0.19938096217811108,-0.21618947386741638,-0.22492380191882452,-0.22209502458572389,-0.21905243893464407,-0.23176882788538933,-0.250452521443367,-0.2772107521692912,-0.2899063378572464,-0.27147316187620163,-0.26598668098449707,-0.25048643350601196,-0.20885298649470011,-0.13744740188121796,-0.084339462220668793,-0.041683980263769627,0.017017954960465431,0.074397522956132889,0.11070342361927033,0.15025100111961365,0.16895715892314911,0.18516609817743301,0.1356578953564167,0.15132300183176994,0.0,0.13571276515722275,0.16862401366233826,0.16542022675275803,0.17416122555732727,0.0,0.19798946380615234,0.16959115117788315,0.0,0.14476078748703003,0.11124468594789505,0.049523420631885529,0.053236670792102814,-0.043598681688308716
-0.21214102767407894,-0.23332110260214126,-0.22143043826023737,-0.24228749956403459,-0.25205249786376954,-0.25571573376655576,-0.25667027632395428,-0.25380712002515793,-0.25505416691303251,-0.26649033526579541,-0.28139558434486389,-0.28586465120315552,-0.29125770926475525,-0.26418174430727959,-0.22745970884958902,-0.18747435510158539,-0.13212238003810248,-0.095995483299096421,-0.070118356496095657,-0.034481475750605263,0.012390468269586563,0.059569839388132095,0.13019860163331032,0.18310996890068054,0.21309465169906616,0.23032724857330322,0.23482793569564819,0.18514297902584076,0.20050671696662903,0.22799133509397507,0.2340969443321228,0.25983657687902451,0.0,0.23687473684549332,0.20917254686355591,0.0,0.19087892770767212,0.16682888567447662,0.13758160173892975,0.13123248517513275,0.0769268348813057,-0.010003474541008472
-0.24583515773216882,-0.27985915541648865,-0.30984023213386536,-0.30368625521659853,-0.30095721036195755,-0.29185125231742859,-0.29473631978034975,-0.29710799881390165,-0.28756282329559324,-0.28269772231578827,-0.2742161552111308,-0.26905663311481476,-0.29339455366134642,-0.3057701587677002,-0.29521671682596207,-0.26503337919712067,-0.20680171748002371,-0.17024938265482584,-0.16678170114755631,-0.13445317248503366,-0.055287563242018223,-0.017285083420574665,0.06739642471075058,0.14310137182474136,0.19963465631008148,0.18149977922439575,0.23283701390028,0.23153056204319,0.26579132676124573,0.29972176253795624,0.0,0.33134919404983521,0.29623900353908539,0.28282228112220764,0.25973489880561829,0.24571272730827332,0.2482629269361496,0.20967875421047211,0.15313179790973663,0.0,0.094500936567783356,0.0
-0.2697332153717677,-0.32001374165217084,-0.34626550759587971,-0.35147889171327862,-0.343121487647295,-0.34543758630752563,-0.339719614812306,-0.32325408288410734,-0.30602980156739551,-0.29042004545529682,-0.27831517798560007,-0.28658849000930786,-0.32427309453487396,-0.35774681468804675,-0.39038689136505128,-0.37408056110143662,-0.32897600531578064,-0.2546529546380043,-0.25176591177781421,-0.20534573495388031,-0.11371277272701263,-0.05791555717587471,-0.015122330078156665,0.046873332001268864,0.063189968466758728,0.10810009762644768,0.19932673871517181,0.23230358958244324,0.2749306857585907,0.31915974617004395,0.34076549112796783,0.34903252124786377,0.0,0.32259501516819,0.31862720847129822,0.27864784002304077,0.26454424858093262,0.0,0.21363162249326706,0.1380903422832489,0.0,0.074174607172608376
