SouthSea_Web/demo/jsonfile/2017-12-15-06.json
{"header": {"parameterUnit":"m.s-1","parameterNumber":3,"dx":0.1,"dy":0.1,"parameterNumberName":"Northward current","la1":29.0,"la2":12.0,"parameterCategory":2,"lo2":131.0,"nx":250,"ny":171,"refTime":"2017-12-15T06:00:00","lo1":106.0}, "data":
[rows 19 to 37 of 171, columns 172 to 214 of 250]
0.14495254904031754,0.16270207464694977,0.1397214395304521,0.12774447910487652,0.1205687876790762,0.12210378497838974,0.11926639974117279,0.11397177577018738,0.08530669510364533,0.011273186789670339,-0.071147304338713482,-0.034867835976183412,0.028637063689529896,0.075691696256399155,-0.044458991537491478,-0.0056193372389922542,0.143483174033463,0.0702654394720282,-0.0679318228115638,0.10128578310832381,0.14910186231136322,0.22140481661666522,0.32085286908679539,0.30167052014307544,0.2823705236117045,0.31718396289008005,0.34387286220278057,0.42387771606445312,0.53235227366288507,0.59235349068274867,0.61688245259798491,0.52224946480530954,0.42150265177090962,0.34106867817732006,0.375266029437383,0.42184439989236683,0.40339644891875132,0.2855927451298787,0.302154137690862,0.30212964713573454,0.16028739760319391,0.0882375303369302,0.019112703274004161
0.13584030419588089,0.15743593126535416,0.18034402430057525,0.18612344861030578,0.17774091448102677,0.16378066316246986,0.16806084414323172,0.14821719974279404,0.13737683122356734,0.045294499583542348,-0.034213026403449476,-0.083547648787498471,-0.069371030006247267,-0.011088163791490453,-0.15118101292422839,0.0053337778275211649,0.12566062701599939,0.056248438660986722,0.073269773367792362,0.22367723534504572,0.24748256667093796,0.26843520626425743,0.24943145488699278,0.2463991527373974,0.20345180588109152,0.24597855231591634,0.36623642061437878,0.451879810828429,0.56779201541628155,0.58909329501065344,0.56686626747250557,0.46920492996772128,0.35171543757120766,0.31429318835337955,0.36208124195828156,0.36977847493611848,0.310406964023908,0.19431759646305671,0.23584713958776915,0.20919553362406218,0.10850468774636586,0.0409660829231143,-0.0799141086351413
0.14113988429307939,0.18785969416300455,0.19788207113742828,0.22146605253219603,0.25014484425385791,0.27760027945041654,0.29636766229357037,0.23156349956989289,0.14517371356487274,0.041021414846181867,-0.042516049183905127,-0.096513997231210985,-0.095685848345359162,-0.083189218305051327,-0.24324522912502289,-0.008492655644658953,0.077517094279831625,0.0068244803273542357,0.19845787097107281,0.21551433950662613,0.23910219852740949,0.25327363461256025,0.24452830851078033,0.21040786377021245,0.253838715950648,0.38047683468231785,0.4383025360958917,0.50682821182104254,0.57403428639684406,0.53378118918492246,0.511629323164622,0.39051041007041931,0.28590215398715091,0.27306866563028759,0.3334830030798912,0.30011784471571445,0.18749470091783083,0.10428981063887477,0.12589994961252579,0.11019299517978322,0.084439757195386017,-0.023327481816522777,-0.12583248317241669
0.14940628409385681,0.20219727357228598,0.24762655581746781,0.29063311964273453,0.33026282986005145,0.362730997800827,0.36897327899932864,0.24206948876380921,0.060654764374097191,0.0045841716229915617,-0.031484363800180812,0.00755613351551195,-0.10214824788272381,-0.19955849487866675,-0.25276219336823985,0.11329749375581741,-0.02749708486505999,0.084394018094127,0.18169554447134337,0.16532144763252951,0.25987975070109737,0.22701020936171215,0.20284763257950544,0.25223248501618706,0.38771319176469532,0.46188216762883322,0.49247563343781692,0.57921017591769874,0.51505899180968606,0.48514309326807659,0.47251286109288532,0.32861626361097607,0.24112399853765965,0.23902092980487005,0.3195777475833893,0.2475444753964742,0.096086736302822828,0.050876357521002107,0.026666897557263907,0.0641852632503618,0.062019860164986715,-0.00503067053311194,-0.046915174038572746
0.15294827769200006,0.20232646465301513,0.2771355616194861,0.32381895610264372,0.36152149736881256,0.38867255051930744,0.34816733215536388,0.17753707120815912,0.041192369807201125,-0.025403668900253251,0.056658013723790646,0.11295364366378635,-0.10247553838416934,-0.23312358558177948,-0.052932622927156364,0.057304931846870619,0.02338489118653039,0.23095911834388971,0.25336514661709469,0.26530734449625015,0.24681507280239692,0.23898766189813614,0.318805601199468,0.42532958434178281,0.51315811276435852,0.48330719669659933,0.5822378471493721,0.54376593445028576,0.4578685334750584,0.42449307441711426,0.4277699669202169,0.2758026123046875,0.20083814515517309,0.21007423806521627,0.28324402476611893,0.15283108217751279,0.0284852878190577,0.046243500107756026,0.013122771507672345,-0.033655861631268637,-0.016685979422898248,0.044675708981230855,0.078144289553165436
0.123806032538414,0.18116437963077,0.23573812629495347,0.27804046496748924,0.33166957646608353,0.36956590041518211,0.29528397818406421,0.15698213130235672,0.070663001388311386,0.0026797577193065081,-0.0035792021662928164,0.032814903384340663,-0.039760133590210571,-0.1401164449751377,-0.11398224889611204,0.069556666382898882,0.11552019417285919,0.13320816881381548,0.18654002424548655,0.23971225108419145,0.2632025959236281,0.30619831170354572,0.4305804165510031,0.498403054017287,0.54461881731237682,0.585129177570343,0.5714021750858852,0.48659670811433059,0.39355932749234712,0.36416593719931212,0.370807769043105,0.23220982650915781,0.11576792186028079,0.20308231956818523,0.2419547231660949,0.061256733616270743,0.011512215831317008,0.0770119268979345,0.055436038598418239,-0.030273228218512877,-0.058469877312225957,0.048775888020720554,0.0907260961830616
0.083000762122018,0.1456403099000454,0.19079268723726273,0.24809879623353481,0.30821086679186138,0.35295049633298603,0.315619558095932,0.16443394869565964,0.10929831489920616,0.075155577762052422,0.0043557247974806363,-0.02119372149463743,0.031374318183225114,-0.11311516124341223,-0.074900050647556782,0.11917710916272231,0.044869269859710972,0.055848237127065659,0.13656874398390453,0.21025747912270681,0.24399064137385443,0.40597299199837905,0.52843877673149109,0.59436168808203482,0.5943504273891449,0.58375966548919678,0.5237665116786957,0.42629125714302063,0.31017907212177914,0.28616002202033997,0.29219322958413291,0.1455309372395277,0.023279048509293181,0.14687587338544073,0.17909937858581543,-0.0416335822083056,-0.023130011067471722,0.085833907624085742,0.079654457420110708,0.067321251231161033,0.045637676569943629,0.083499547953789055,0.05355479594852243
0.028090765441043511,0.099689392579926386,0.14727866277098656,0.22568745911121368,0.30742376049359638,0.33489725738763809,0.330531722969479,0.19326232075691224,0.096413903277028687,0.035590454851361836,0.062359851940224566,0.052511731162667274,-0.0041455585509538647,0.0016600624613392239,0.068909597710113638,0.079043382512671609,0.024131155290108706,0.11556436742345493,0.11368185132741929,0.14454732606044182,0.30828291292373949,0.53403682433641875,0.61211231946945188,0.5647370598532937,0.5695854929777292,0.57258777057423316,0.50108136137326553,0.39220800724896515,0.25068733628307072,0.23852384388446807,0.25163099595478605,0.10149873026153621,-0.038057498045657813,0.072341760265685257,0.1364615986059452,-0.059707583936064373,-0.017196492857086316,0.071757475135936624,0.10611851054888505,0.15074664023187426,0.17740383676507257,0.13420686396685513,-0.0080877994610504666
-0.023050924410603732,0.026954734801418252,0.068681067166229084,0.15688193440437317,0.27320825755596162,0.28312450978491044,0.314681613445282,0.20807696506381035,0.11908871349361208,0.078481282883634165,0.034396848315373062,0.10311525789174167,-0.022760901832953095,-0.077363046080184475,-0.014951211617638667,-0.012215657452803239,0.10560094279104046,0.15251646510192327,0.24965685712439673,0.42133881577423643,0.56429141759872437,0.6202351129972018,0.53657444318135583,0.49449637745107922,0.57654776022984433,0.5638465921084086,0.49716887090887341,0.3844604721436134,0.25026171375066042,0.23751048557460308,0.21523828015607946,0.068721035699127242,-0.066183560141852421,0.0397638949596932,0.06429734865490061,0.0674697475688946,-0.046919667923689956,-0.031622442949031083,0.070142358326568052,0.1275565360080112,0.23241037244980151,0.14092078064145011,-0.096535830317359225
-0.031213782366830856,0.021442650775001806,0.0684923492372036,0.1738281011581421,0.2371596872806549,0.22681857496500016,0.2737807457645734,0.19931162435274857,0.11914342535393578,0.065351484200129137,0.073686114584024132,0.05075952193389336,0.028209639220641784,-0.1420634500682354,-0.13513439281710557,0.11715192267050346,0.16918312708536784,0.23832940310239792,0.44494825601577759,0.59422056873639428,0.64078012534550255,0.55718422853029692,0.44761081039905548,0.51674201167546785,0.578816564877828,0.5353650227189064,0.46687253671033041,0.35157734155654907,0.27345900436242421,0.26538980752229691,0.21298501509077408,0.0645630557814406,-0.047383191407118976,0.032802194298710674,0.032995570464717114,0.046991290162420936,0.025103407874121332,0.078728908021003,0.12712023300783976,0.056319552287459371,0.10399904130026698,0.0760013711962687,-0.0081928354084084276
0.044751429767347875,0.075869103521108622,0.10989029829700787,0.15310538086024197,0.17557059770280664,0.17178336220482984,0.20300130410627884,0.16806705754536849,0.051546525783263721,0.093846074988444647,0.11785541009157896,0.10110903220872085,0.0320380178745836,-0.036695091801588066,-0.020424986276059195,0.077041406308611241,0.19988901855853888,0.42920365116812964,0.56687367420930124,0.61876629193623855,0.62250165505842725,0.48084047622978687,0.40700355443087494,0.5350956879556179,0.55678972601890564,0.49087058901786806,0.42289446408932024,0.34234896103541057,0.28035075962543488,0.2471664662544544,0.20279932022094727,0.057376057224567324,-0.044853174526776583,0.015641896112356335,-0.022538422622407475,0.012641449628063128,0.12234847387298942,0.15797036771590894,0.15387684293091297,0.07678880004419221,0.17188393111739839,0.0318560325716989,-0.13401156663894653
0.11339783606429894,0.11150391603058035,0.13432557135820389,0.12214082044859727,0.12314216047525406,0.0855014594271779,0.16255101019685919,0.12868077556292215,0.002986973353351156,0.042216880929966769,0.083402753162842527,0.0942381518582503,0.0523481482717519,-0.022346580168232322,0.0510975465710674,0.12980484882635729,0.34922781472022718,0.54455961585044865,0.58593035202759958,0.59479703505833947,0.55633268611771725,0.34817637999852497,0.42251212321794951,0.55100547841617042,0.54624438658356667,0.45110848758901867,0.37437478559357779,0.3172709175518581,0.267121160030365,0.20175406982501348,0.10456576850265265,0.0039000174030661581,-0.0069833210633078128,-0.015628934605047107,-0.053759084615324228,0.030760757501971405,0.16821390864523975,0.20658197728070346,0.17423326075077056,0.072828510569201574,0.1103912740945816,-0.042779892974067479,-0.024071347328241576
0.16308149580772108,0.16698329218409277,0.17211288710435233,0.087055544058481857,0.072395568414192119,0.038894980951833226,0.15644683742097446,0.11981341386070618,0.058061117655597627,0.053534898278303447,0.10496168640943673,0.095475273672491312,0.14679819252341986,0.14120041082302728,0.26654823812154621,0.34756116798290837,0.48628952640753526,0.528327884276708,0.51494023662347055,0.564437672495842,0.48034535050392152,0.29397753477096555,0.46396959040846142,0.54937590360641475,0.50720645913055962,0.41456664353609085,0.33089030640465872,0.26909487148125966,0.22316189323152816,0.12006834667408839,-0.030271222456716575,0.0056665586170685641,-0.00902017894920639,-0.0331009563524276,-0.0033731141817182875,0.10323354143362779,0.19249666631221771,0.1994878277182579,0.17609919160604476,0.071419311348687523,0.0058095836633583527,0.030972012877464296,0.054591586021706461
0.25095681101083755,0.19548391476273536,0.098046895985802018,-0.023718545865267514,-0.076844120385690731,-0.06273910887539387,-0.048105132100837569,-0.0366390376750912,-0.0010387363771979625,0.044046527984392014,0.063800490461289883,0.15500501939095557,0.27350897987683614,0.34831057832791257,0.38376644253730774,0.42394837339719138,0.459030153354009,0.45308347684996469,0.50853598756449558,0.52519280770245724,0.40905238262244631,0.29623111869607655,0.47912158710615976,0.49703523914019265,0.43949509598314762,0.35138717719486784,0.26967183252175647,0.18467302341014147,0.12483193991439683,-0.00730865596727069,-0.05696495994925499,-0.024049505555572417,-0.032312812856756724,-0.035787571390921417,0.037700000985447936,0.10038355489571889,0.17641456696120175,0.18854651532389902,0.17357290618949467,0.10162033326923847,0.0046516527421772477,0.0354103846475482,0.0071769069618312642
0.20648074629051344,0.1752925122777621,0.11392229448326609,0.072534628744636259,-0.015302781989289955,0.0034905942156910896,-0.032653215861258404,-0.046721592794970741,-0.017734308326907922,0.038173535621414581,0.11161581327517828,0.21205169488401973,0.26231683102937847,0.30951077384608133,0.35315341552098595,0.40583921395815337,0.41865702867507937,0.45267165700594586,0.5055685457256105,0.50969327092170713,0.38386818766593933,0.35330624183019005,0.4866167147954305,0.44142627257567185,0.36528504746300833,0.27149395458400249,0.14763175472617149,0.08374008243637425,0.036692117076988023,-0.020645700618236635,-0.029983769931520025,-0.00016682122474197638,0.030941556169030566,0.03842601138167083,0.046216507442295551,0.12441121990030463,0.18473526537418367,0.14616402345044272,0.152762062019772,0.077273920178413391,0.019562861778669886,0.033101668995287686,-0.034015187120530754
0.19678190151850383,0.21476928545878485,0.21419231127947569,0.20530154023851668,0.18238465674221516,0.16427999391005591,0.13771634250879289,0.090821837509671849,0.066954936948604882,0.068267917526619773,0.11117806633313497,0.14392317872908381,0.23274660855531693,0.31033534929156303,0.3392681498080492,0.374295208384009,0.39763154433323789,0.49361994303762913,0.56205319441281831,0.46096724096466513,0.34996135532855988,0.44121415913105011,0.43369443342089653,0.38908527232706547,0.26754070520401,0.16700488527615864,0.054966836576708235,-0.023937059595482424,-0.047340747757026784,-0.025130999642318453,0.0037567377356546266,0.16064602173864842,0.14617013782262803,0.13340729949149219,0.13565535098314285,0.1935784411099222,0.14919330096907085,0.083959429923977175,0.12688794483741125,0.045956481364555657,0.053898332433568105,0.021978968538210859,-0.0019834253637652311
0.22433794637521107,0.15387576499155589,0.15771926194429398,0.20913960834344228,0.20685370862483979,0.18997236021927424,0.1829613053372928,0.18780621389547983,0.15578463992902211,0.10066295368596911,0.089921584086758752,0.11930632094542186,0.21516645167555129,0.26482068804594189,0.30141116492450237,0.34672822554906207,0.43599267005920411,0.53426974639296532,0.41765793093613218,0.37403249906169045,0.41464236553977518,0.4108628213405609,0.38170638505150289,0.34008977619501263,0.1778298611442248,0.074084238039658357,-0.03273230348713696,-0.14136195182800293,-0.042594811807458215,-0.025280273011462254,0.12923972308635712,0.237104055556384,0.22724457457661629,0.19252742330233255,0.20498381886217329,0.19622047431766987,0.12323335723744498,0.10269625717774034,0.085577953606843948,0.0273131292196922,0.057286621381839119,0.031875930194343836,-0.0098567333770915866
0.26782434433698654,0.19511096080144247,0.14939000285588777,0.16397810899294341,0.18131996691226959,0.189943702891469,0.1784360334277153,0.21505716542402903,0.20009211500485738,0.14130981479372298,0.11698881573975087,0.11574078695132183,0.16281513080877416,0.21739986326013291,0.26395894487698873,0.3325773517290751,0.47050244174897671,0.37497754316580922,0.36415258225272684,0.39064406520790523,0.38480719592836166,0.29665473103523254,0.37107608517011009,0.27064816215459037,0.15402077723826682,0.14692583450904259,-0.056486841291189194,-0.18780415677107298,0.0049426944897277281,0.087777105884419546,0.17206485908139835,0.17638408806588915,0.15904038151105246,0.22163314265864237,0.21923351138830186,0.16746633313596249,0.091860439162701368,0.054637599363923074,0.010880437413496631,0.0054624015465378761,0.030391355168831069,-0.00661780396476388,-0.045330443233251569
0.32524133429807778,0.2519259974360466,0.15427349720682418,0.11351613653823733,0.11174503763516744,0.13585217927510923,0.14809568524360656,0.21813269456227621,0.21096278514180863,0.16402349527925253,0.12973146984974543,0.10447978427012762,0.12294234441859382,0.17294650743989384,0.23117614643914358,0.30662372182397279,0.33322753384709358,0.35431819452958946,0.33928938663524127,0.36358796466480603,0.2961422431728114,0.25189307928085325,0.31309313740995193,0.25271597901980081,0.16846425656010122,0.041054241144313261,-0.16001143554846445,-0.23505781232737577,0.042659369297325611,0.1699483645233241,0.20198544412851333,0.20874204188585283,0.24267156049609184,0.19590407858292261,0.15282782167196274,0.10226874053478241,0.051787804013916423,-0.00045701100801428157,-0.045957578656574093,-0.045416452223435044,-0.022590664448216558,-0.046207159757614136,-0.062998945824801922
