SouthSea_Web/demo/jsonfile/2017-12-15-20.json
{"header": {"parameterUnit":"m.s-1","parameterNumber":3,"dx":0.1,"dy":0.1,"parameterNumberName":"Northward current","la1":29.0,"la2":12.0,"parameterCategory":2,"lo2":131.0,"nx":250,"ny":171,"refTime":"2017-12-15T19:58:07.5","lo1":106.0}, "data":
[rows 38 to 56 of 171, columns 129 to 171 of 250]
-0.20225955401029852,-0.28723776024380315,-0.0979159843721448,-0.0684049639943017,0.0081365499153251055,-0.11023619057327184,-0.08869922372374546,0.01940318388204473,-0.06831104496685679,0.037166110205570937,0.10787437359491985,0.039320952163132673,-0.068265484708647892,-0.1122284503446685,-0.14153265678568891,-0.082083687056129909,-0.0103299853624776,0.060162050798535344,0.10834272265434265,0.17586152548236506,0.26200654795941186,0.27320886809717526,0.26503230445086956,0.074070053298255778,-0.059135502787370585,-0.052768449427116962,0.013864429309114712,0.32331255823373795,0.26077355912450373,0.025765844739418335,0.010543337252772884,-0.043047450808808209,0.07982069675133309,0.27104744360302435,0.53709172358115509,0.62394515846086585,0.56400800835002551,0.46464908123016357,0.31577134053958089,0.19923640228807926,0.20642268019063131,0.25717731863260268,0.23761408825715383
-0.016773606202830478,-0.23864393100499887,-0.071102397723629474,0.019742971740698702,-0.063303809026808433,-0.079044870512724727,-0.076752667081208245,-0.0053531479128208518,0.035392770298820889,0.11312472149729728,0.073700464359123488,-0.023363699837188636,-0.15856273273049398,-0.18622427204480538,-0.0718724878335541,-0.038100206022781712,0.022655480687885924,0.066151903584026367,0.17831674803580558,0.29506632884343464,0.34917854428291323,0.42686743580482223,0.066214982222248045,-0.077439353023444055,-0.0713404636970529,-0.071294765228547316,-0.0082917366391764245,0.0,0.0013345330022275447,0.064437086380914679,0.18738401897856272,-0.06693929629201241,0.20664729331082737,0.46737006306648254,0.64552399516105652,0.65240042713972235,0.53431593965400348,0.3760641734851034,0.27026435174047947,0.19288949575275183,0.18539761094486013,0.2261772882193327,0.26931749863757026
0.037323298650242538,0.013350040877260957,-0.23547038814254973,0.054084028563617416,-0.03490275417061639,-0.047344091264194393,-0.074460768669065258,-0.0068632821871166226,0.13075912975758877,0.12778554111719132,-0.019921233445139869,-0.16027960432693361,-0.19907588784287617,-0.10575661854818463,-0.042530042269001048,-0.011889626355696237,0.068827134603634474,0.08486675760812229,0.23295342946244824,0.35953749681628028,0.48168924960650894,0.24715092352017859,-0.13454431792100272,0.0,0.0,0.0,0.0,0.0,0.0,0.0,0.0775159593453751,0.22332287202351092,0.39605530255244342,0.41727114640749419,0.56907320767641068,0.56759544748526358,0.44102461906996643,0.29397842660546303,0.18706855550408363,0.14898857722679773,0.15173104405403137,0.17389006829924053,0.21886212104245237
-0.03563712872686841,0.058383358468489951,-0.055230775508353459,-0.0022769954910824798,-0.037335986312936546,-0.057051392014210042,-0.057974729717510644,0.10244885563174737,0.22253955961490163,0.084526224912246456,-0.14807131506192187,-0.3171419041497367,-0.24739218247123063,-0.084725101960116414,-0.0084783903956373134,0.065389614650764719,0.095492324648568258,0.14219410871637278,0.31072882115840911,0.46051938885024618,0.34713796993113449,0.062430164449521014,0.0,0.0,0.0,0.0,0.0,0.0,0.0,0.060876020696014166,0.026488423668640064,0.19400305465041173,0.3535465063913813,0.58536232394330645,0.718975959285613,0.61162757873535156,0.41742270018743433,0.27745500342412427,0.21103080113728842,0.19665600806474687,0.20698948866791195,0.22458852670694651,0.24145947835024664
0.056042902374094844,0.074605409771902484,0.01038875625079581,-0.034360630572923732,-0.073162864627582688,-0.006665719917509705,0.1357106735735075,0.29857907773450365,0.16194746145842279,-0.079716414150930684,-0.31472446353119965,-0.37363743872353528,-0.22969410231997889,-0.12920579835772514,-0.014430740840154988,0.14016940941413245,0.21507686720444605,0.25336595985197252,0.40812032538301807,0.47972509477819714,0.15427791249061371,0.0,0.0,0.0,0.0,0.0,0.0,0.0,0.0,0.17155513944345768,0.16716150663092633,0.45301996678527856,0.75627868026494982,0.89817686006426811,0.8575440713992486,0.68584923170231,0.4507168460459936,0.34786957908760419,0.34129748689500911,0.297807479682176,0.312813631512902,0.32664304120200022,0.31113552600145339
0.089596724164658692,0.054563848221940651,0.021871311193118331,-0.037335948492649811,-0.016289679540561878,0.20180682105322678,0.33119970701989676,0.21179823730236444,-0.021762082476925571,-0.22303658723831177,-0.30521482421505836,-0.29743793812291375,-0.195106141269207,-0.10867462247610092,-0.055886824138859217,0.11429279973661458,0.21352015526005716,0.32332947663962841,0.48154638432290242,0.14142332054991152,-0.048027892907460533,0.0,0.0,0.0,0.0,0.0,0.0,0.0,0.0,0.21931790187954903,0.44896505556060273,1.0032107594112556,1.160254745106948,1.0941949582869006,0.8320885278560497,0.66049184936743521,0.4665356075221842,0.42262370949206146,0.39886275927225751,0.37682626545429232,0.33323331815855844,0.30587164380333642,0.23227454784015814
0.10385349513061586,0.07222341617633557,0.060660923407836395,0.00854669663896586,0.090274188619775653,0.28083351875344914,0.27025302563394821,0.040766711844803974,-0.19941968008154823,-0.28675852219263714,-0.34114662121082173,-0.313950573022549,-0.20655790888346159,-0.0803734777122736,-0.021917408992661737,0.10731373039575723,0.24577929937478268,0.4209081515089258,0.33695271634496748,-0.014342129062901348,0.0,0.0,0.0,0.0,0.0,0.0,0.0,0.0,0.0,0.200883150100708,0.640466059426095,1.0111681010763525,0.9650573811015567,0.87043881993139949,0.791690833568573,0.64047298828760779,0.45772143939267035,0.41242692917585372,0.35793514031430951,0.31658720195293427,0.28196467991386143,0.18590863923663678,0.060471900226548317
0.11634000142415364,0.10540482143943127,0.10690583040316899,0.092566662309009853,0.14014985344626688,0.20856173476204276,0.11628285790432309,-0.0893357758235652,-0.22772285739580792,-0.29780925534389635,-0.3032054292658965,-0.22303195904802392,-0.20504422982533774,-0.0262105118483305,-0.0510566311173274,0.11671444565057755,0.30468843588905947,0.37754238666881113,0.17513347808789048,0.0,0.0,0.0,0.0,0.0,0.0,0.0,0.0,0.0,0.0,0.24661563757002691,0.67084357233599146,0.96533677194799694,0.90019192083461863,0.710361381371816,0.63502851376930869,0.59755618870258331,0.47276844626123254,0.34366990625858307,0.22736356939588273,0.18995425040307251,0.2553062177065647,0.0983036135439761,0.021454401228887341
0.12540902510285379,0.16046980354521009,0.14208166897296906,0.11163991396174286,0.098834136080357335,0.0764400548974259,-0.036057200748473406,-0.12079761148645328,-0.2232723514670911,-0.21047517485343492,-0.19351844303309917,-0.23785980045795441,-0.18949793969039563,-0.067707534413784742,-0.059159041071931519,0.15028355816113098,0.35330162279001653,0.18270709266233229,0.0,0.0,0.0,0.0,0.0,0.0,0.0,0.0,0.0,0.0,0.0,0.50791570494572325,0.803252419075334,0.92239060044288634,0.80107379129954748,0.61540233266764677,0.51133427565748046,0.47543621063232422,0.41611503777296649,0.34321995892307977,0.290074864313716,0.26554501733996649,0.26745839044451714,0.16276157687545992,0.23508239105077727
0.16398137093832096,0.16586112939729925,0.12273633217110354,0.070001621072047521,0.070315798399625,0.050529662188357458,-0.046115299744997174,-0.14535533043521423,-0.25492107930282754,-0.21516364932060242,-0.23073347924011095,-0.25386758259049169,-0.21259990284840266,-0.1239031719473692,0.0745609118145824,0.25763364851474763,0.15404540542186351,-0.1356020586565137,0.0,0.0,0.0,0.0,0.0,0.0,0.0,0.0,0.0,0.0,0.15092116966843605,0.5407033500572046,0.89442635447748242,0.85814249786463648,0.66363332727376156,0.54056544601917267,0.48766615986824036,0.43733252520146576,0.35782308727502821,0.34194951843131671,0.34411856248265221,0.35708455617229146,0.36760694194923749,0.40382350981235504,0.36892669541495188
0.10707493863172002,0.086246574082626745,-0.020353026258008968,-0.04707252338592862,0.009284745470116226,0.022863259211320569,-0.072199666443608562,-0.15406548925514879,-0.19819272969450269,-0.24231429315275616,-0.31369457074574064,-0.23463657317129341,-0.14857335405217276,-0.028052634906340787,0.15062148958843732,0.070542058819213826,-0.017582216631853952,0.0,0.0,0.0,0.0,0.0,0.0,0.0,0.0,0.0,0.0,0.0,0.085850314453448942,0.67392068071129885,0.93699411226778617,0.81540227787835262,0.63104552030563354,0.55143912775175907,0.52500600570982148,0.49523921634839929,0.47778807953000069,0.41804291473494637,0.34836246656334918,0.30826001365979511,0.29054792296318782,0.37670134007930756,0.41496603629168344
0.075206737155499664,-0.0074133254337783267,-0.10507357442701185,-0.082934977543173416,-0.036889431549719083,-0.0582256737527334,-0.14376105095904607,-0.19879053479858808,-0.18035855648979063,-0.28647184414522986,-0.30516688565950134,-0.092674819982927689,-0.056467543921566436,-0.016105018924319762,0.010761658609113541,-0.086218404976858037,0.0,0.0,0.0,0.0,0.0,0.0,0.0,0.0,0.0,0.0,0.0,-0.08224858892591376,0.25126490295112419,1.0041601923795847,0.98322583262513319,0.77055053999929712,0.63602710763613379,0.58612277607123053,0.57126351942618692,0.60829352790659119,0.59988466799259188,0.56541895568370815,0.47194479703903197,0.33659714791509843,0.23675067325433094,0.26220959027608237,0.30219871018614086
0.038567528630105347,-0.064678601872844577,-0.1110692744453748,-0.0953630255253026,-0.10590022554000218,-0.16182931537429493,-0.21799266870532716,-0.24739715218544006,-0.22982277950415245,-0.22698867001703807,-0.18010451336359157,-0.032457295275219768,-0.10009534764244701,-0.089780857330095942,-0.088357128659563675,-0.10673062152722303,0.0,0.0,0.0,0.0,0.0,0.0,0.0,0.0,0.0,0.0,0.0,0.09562666155397892,0.672424300717629,1.135271791978316,0.96615626720281744,0.72075821052898059,0.65108476082483924,0.62168330192565913,0.647732978517359,0.676376882053557,0.66573132439093152,0.59918854111119324,0.488491847326881,0.36347542703151703,0.24692755658179522,0.18451917270819346,0.14548041245767049
-0.072100963118991321,-0.095056200543275252,-0.088103866148175614,-0.065537945315655738,-0.14943036424616973,-0.23273413674905896,-0.21995769350817709,-0.20785184405170953,-0.15871494622142227,-0.19338645786046982,-0.19167558517720965,-0.16164892870518896,-0.24340576126977995,-0.099177729542538548,-0.039864281993559611,0.0,0.0,0.0,0.0,0.0,0.0,0.0,0.0,0.0,0.0,0.0,0.0,0.41362970692422635,0.975059089941137,1.1196818125247956,0.90881875157356262,0.72345196406046552,0.68050182748723909,0.68956633754398511,0.7284881885235126,0.73451456853321617,0.69680870771408077,0.61327204250154044,0.48445040980974835,0.33798541956477696,0.23450327883748448,0.16552038597209112,0.099599722772836685
-0.15961250911156336,-0.14657221558062653,-0.15157521395264445,-0.076052079509411535,-0.12641832686495036,-0.23437062998612721,-0.186494713028272,-0.2169089142379223,-0.19067393456186568,-0.2104165873357228,-0.25373575759345085,-0.2355439626589054,-0.28313569628661223,-0.026699156903331755,0.03052726857872172,0.0,0.0,0.0,0.0,0.0,0.0,0.0,0.0,0.0,0.0,0.0,0.0,0.48674255477324607,1.1021793702958336,1.0757036514060443,0.83095941373280113,0.71030446373183154,0.7012832427024841,0.72985204147255944,0.76827812465754419,0.74073344469070435,0.6778253376483917,0.60305882127661459,0.47825335044609874,0.34271302322546643,0.22406284417957068,0.13919250766436259,0.058255983133088142
-0.13331666551530361,-0.17885006070137025,-0.1609483029889433,-0.091090102953945887,-0.16406634792282776,-0.25017644423577523,-0.18348409536078439,-0.10598519453886088,-0.19302301672366212,-0.18667266190052032,-0.23736353791677034,-0.25420898910273204,-0.066391096206670025,-0.042481764645448755,0.0,0.0,0.0,0.0,0.0,0.0,0.0,0.0,0.0,0.0,0.0,0.0,0.17556506821087428,0.59631588278556025,1.1939259691843911,1.0113277973198309,0.78310040696974725,0.70131434500217438,0.68922270586093271,0.74759885072708132,0.7570215605554127,0.7062585115432739,0.65872954428195951,0.60225510001182558,0.47488946467638016,0.35380543602837455,0.25156586710363626,0.14430107395438588,0.03186539037819279
-0.14546167367213481,-0.16960199741092888,-0.15810284508126124,-0.18372958677040563,-0.31188008068381129,-0.40653804805543686,-0.094377373981456944,-0.074924565654278685,-0.12399655706758495,-0.30463394057005644,-0.22875836234668207,-0.095319795596878976,0.10533925668564198,0.0,0.0,0.0,0.0,0.0,0.0,0.0,0.0,0.0,0.0,0.0,0.0,0.0,0.20821111106842355,0.85389643418255134,1.2197827182967087,0.94574585154249857,0.79124491810798647,0.76700269955175893,0.75024601546200842,0.76890552611578078,0.72599716186523433,0.65973812010553146,0.62573819725137,0.586215873559316,0.47507595139391284,0.35695695720220866,0.26163253467530012,0.15432882073678469,0.038857552333195745
-0.14464195268718819,-0.17136267125606536,-0.17562165621079898,-0.27370416765150268,-0.39781570587402737,-0.54883951512542928,-0.055349461540071372,-0.023425268726892205,-0.04394314950838199,-0.26179815323225092,-0.19922461211681367,-0.0220652877229325,0.050998823627917869,-0.0064561294081310434,0.0,0.0,0.0,0.0,0.0,0.0,0.0,0.0,0.0,0.0,0.0,0.0,0.386830845359012,1.1395978211088385,1.1626001389659182,0.85982688433594179,0.81398439407348633,0.81186354431239038,0.80617686717406567,0.81889471709728245,0.784804180264473,0.68412770330905914,0.5883432659837935,0.51707138452265,0.438568277284503,0.32328462776015787,0.22483175116426804,0.13172638986040564,0.052481880993582308
-0.15244233649637964,-0.22955982346792478,-0.30429696769286424,-0.41997806018307093,-0.37721835264423187,-0.48924247968581414,-0.18143810491325357,-0.28137706122116041,-0.24181940660970966,-0.14507156495864576,-0.13641465334005135,-0.031976200637160869,0.0019661149244348053,0.014347228221595287,0.0,0.0,0.0,0.0,0.0,0.0,0.0,0.0,0.0,0.0,0.0,0.0,0.62000774247340917,1.3363056834538778,1.072916522968647,0.80206762827359712,0.81429444597317624,0.81646789745851,0.83916377737408587,0.86727939380539787,0.8279513927067027,0.726173930308398,0.58415257505008156,0.51753503746456575,0.42165529355406761,0.30644581072470722,0.21192064092439764,0.13671134691685438,0.049583340556744265
