SouthSea_Web/demo/jsonfile/2017-12-14-07.json
{"header": {"parameterUnit":"m.s-1","parameterNumber":3,"dx":0.1,"dy":0.1,"parameterNumberName":"Northward current","la1":29.0,"la2":12.0,"parameterCategory":2,"lo2":131.0,"nx":250,"ny":171,"refTime":"2017-12-14T07:01:52.5","lo1":106.0}, "data":
[rows 95 to 113 of 171, columns 43 to 85 of 250]
0.0,0.0,0.0,0.0,0.0,0.03570737269781122,0.0004733759685073835,-0.059077200332504451,-0.093221913594966649,-0.086746373314123881,-0.087105384333567182,-0.082986947537089392,-0.035033320851479879,0.031316611885191185,0.082549779365460083,0.073367203157898547,0.073834742583772719,0.15085050277411938,0.18211456458084285,0.090840880924295028,-0.10003165144007653,-0.081593984862168636,-0.065621701037061622,0.088485357019817454,0.21878122124407026,0.16577118198419438,0.11961632731060187,0.086068403308412852,0.063164769833674653,0.014634810371457465,-0.024854715884430334,-0.0761370609893843,-0.15334388272215924,-0.17241869866847992,-0.13113442339279033,-0.082912129960183434,-0.034776525502955472,0.021798844493379623,0.060439914393310361,0.099569153757049486,0.12707505837596697,0.13063497215509415,0.091603897768875647
0.0,0.0,0.0,0.0,0.023807103726322623,0.0066110578251476464,-0.041700625511121643,-0.094347633712459356,-0.12309056415182093,-0.12642710839640603,-0.11413648250428113,-0.087047799900174139,-0.01301010219520487,0.035191417450550946,0.0639055050495598,0.044543770452340446,0.04970463109202683,0.0937104971345627,0.08307205765478072,-0.0768611467074758,-0.0545693589274065,-0.0060184807749465111,0.059486242626527588,0.14914195835590363,0.0933568278948466,0.099101247886816665,0.077235167215835177,0.0011032514833329646,-0.046260583559396093,-0.10238839153732572,-0.09455193027302071,-0.094333864461917147,-0.11842625422610177,-0.14097210144003233,-0.12966102247054762,-0.086863206630503689,-0.02216716582636134,0.036446691257879138,0.11381232079405051,0.16934871992894582,0.18250476375774102,0.15712165611761589,0.10938325248382709
0.0,0.0,0.0,-0.017960382350297135,-0.0084833661951551238,-0.023106613828424709,-0.082814782571334108,-0.1304135032675483,-0.16121641927886576,-0.16547250177930384,-0.13893507197499275,-0.0777692599222064,0.0035955425701104105,0.047291923935214676,0.074898114644510808,0.05308398412484111,0.091607777508241783,0.12988202380282538,0.10532248496504811,-0.021263321869135383,-0.018607830092410689,0.041293775934415557,0.07498583197593689,0.084468816273978772,0.0736475087069266,-0.0024060202714312694,-0.055696565140452653,-0.0910840132938964,-0.14087408753456893,-0.15221652388572693,-0.11607537142656467,-0.091771535043205538,-0.13100989961198398,-0.14534779608249665,-0.10644497970740001,-0.065627635528261841,-0.034031205893760283,0.0214815779894205,0.084608183600581616,0.1481571536925104,0.16615453706337854,0.13850764371454716,0.10984140303399828
0.0,0.0,0.0,-0.087990144739968759,-0.063189279373992185,-0.065139717536587871,-0.081043655939754988,-0.11913570784032344,-0.13038714063518186,-0.099820901037139045,-0.067201934588540874,-0.016300166236200873,0.012452932744054124,0.0513880999968955,0.00971881379499226,0.068289005456285343,0.1421900770493916,0.13085256920021493,-0.0088916574925955,0.02422564965672791,-0.0056938363845331656,0.058560101700754,0.047386272224011247,0.059598853490475952,0.0031800951900160207,-0.08182563393243722,-0.072192065816904821,-0.11321198109250802,-0.14736978930455666,-0.13924006692000798,-0.13005726956404173,-0.1333278441535575,-0.14086005146856662,-0.13820504700696026,-0.09567253471448503,-0.04210501268076209,0.0057343422936705444,0.00232583271805197,0.051571367083982168,0.11077816204892264,0.14680590968707513,0.13106479868292809,0.10937613695859909
0.0,0.0,0.0,-0.12943588761242128,-0.081558868609832233,-0.10558700630775629,-0.1178565626963973,-0.12988591310568154,-0.0770658827447272,-0.081696202847319585,-0.057705474955340223,-0.028955585193791787,0.020966304030724397,-0.0017971620588313516,0.04645766618686091,0.10774016272472708,0.067863717434867729,0.036722785354747128,-0.051077687943523582,-0.049694649124097441,0.050514451319551359,0.075189011419812837,0.05474160797894001,0.010098350230556982,-0.042115150758161628,-0.034474695316964281,-0.040489345478514828,-0.085220024265624861,-0.07458081801554986,-0.073320191752697744,-0.082260997742414479,-0.12488409242144337,-0.16366330640656607,-0.16692444130226417,-0.089424270838499076,-0.053832153454422951,-0.019320265369190435,-0.020327580874436535,-0.00755134568316862,0.0680804287807809,0.13352697973067945,0.14774230581063491,0.127454559864669
0.0,0.0,-0.14552345240344516,-0.17352175627760763,-0.11173746419873665,-0.12788677743157825,-0.12309619907597851,-0.13714047195841966,-0.11818298045545816,-0.026662115058791118,-0.0013653738561830464,-0.036160899765293478,0.028056447541651628,0.12006557023582551,0.052539617728648916,0.010275421934502741,0.011840773139256806,0.011505583597360836,0.042158087060200952,0.064841708268171969,0.14859103714115918,0.11406102869659662,0.066612400114536285,0.020017220036544162,0.011782489896107178,0.0001793395483848424,-0.045565902690993552,0.00026504662281905231,0.007698468460822133,-0.01542342130518851,-0.051842743459229283,-0.12434446439146996,-0.15946853436805583,-0.1310997097087758,-0.088333559632301328,-0.058902290132310658,-0.0451858312321397,-0.025662127774781905,-0.00441011851944495,0.054670800939202312,0.11575244424434808,0.14761775093419211,0.1399290097447542
0.0,0.0,-0.21760385629171744,-0.19050228023822879,-0.0981590898425549,-0.073555137712713173,-0.071797495643992681,-0.0946514689661924,-0.088554986742742411,-0.086904729207834375,-0.080882642162488957,-0.049733004861754242,-0.0518852014874303,0.011346071888692678,-0.019676362137709347,-0.049900925326112067,-0.060421675648258039,-0.0035730379884515778,0.040516391904516655,0.064292039389589009,0.048864742474896569,0.014923151717327225,0.021752730606489683,0.03520820731366122,0.017103283266936029,-0.025683517597047154,-0.005503138312503454,-0.0037352861212899108,0.014036321647626419,-0.0079998780080738161,-0.054846258260882817,-0.10638951190880366,-0.13052893906831742,-0.12573212292045355,-0.089492778078867838,-0.074424488040117115,-0.0712787864299921,-0.061520248055458068,-0.031001315608871385,0.031900078716437116,0.099717663290599987,0.12982324808835982,0.1408779168358216
0.0,0.0,-0.20626691226851041,-0.23913438381997584,-0.12042234924735215,-0.14381158652187753,-0.12882329706723492,-0.14626683793182999,-0.1408668434648197,-0.071889440711317351,-0.071245746668428186,-0.075389182745394384,-0.11818706008948778,-0.048747048584266088,-0.015417073550634087,-0.041261258583258964,-0.02448558763398978,0.013112370267793137,0.041871516167053154,0.032059049050855846,0.0043842824421257576,-0.0056151762047582975,0.017541207107050077,0.012583471399180039,-0.011780637316405773,-0.044650321926123331,-0.019889918908190269,-0.037664188854396347,-0.0390728485201382,-0.038892108880515606,-0.082877768725156786,-0.12070018494570697,-0.10087438128315486,-0.10059896005051476,-0.085839970347781971,-0.072842813311861113,-0.074815186858177188,-0.078331441239074429,-0.051174092143774032,0.0117520493243189,0.069351833114134412,0.11989851146936417,0.1392399468100988
0.0091439705448836724,-0.057618136713316552,-0.11736031260858126,-0.14292215764477939,-0.13270896152995737,-0.16340911179019588,-0.20275161382354176,-0.095244994297850064,-0.072392332984285573,-0.085619977193659755,-0.12430652529001236,-0.068782665834921167,-0.054725082596719619,-0.052526060341586987,-0.023500902130212071,-0.037532816699240357,0.00782936789431504,0.01127329032169655,-0.019409243217004195,-0.0063554112816096419,-0.02951754245441407,-0.025079680683524605,0.036982241983490961,-0.022676410225148384,-0.0643726193990845,-0.086282882094383243,-0.060942278775785654,-0.079571186116448159,-0.074381568282842633,-0.038198551611491931,-0.054520731895334192,-0.087235739454627037,-0.074898704439401623,-0.040646220246950783,-0.020400249320082366,-0.016852452800863969,-0.035774714020253333,-0.048428577035665513,-0.038469616124140363,0.00064700183823636814,0.0401518780272454,0.10360867902636528,0.12577830410252014
0.031929891960728929,-0.092930659574366553,-0.16167616212424174,-0.15103226079341561,-0.1061519132513139,-0.10517059932687912,-0.12509752402180119,-0.090144320635251629,-0.1368078149855137,-0.097922668290825993,-0.044281864476700621,-0.012229450523758905,-0.0236848545333915,-0.016920819185997971,-0.012215073207757556,0.0036102673590957079,0.011550520611967057,0.0047252397884481722,0.011796027828885209,0.003281807050505584,-0.036837366675691943,0.0027476460904667706,-0.031535242390991362,-0.044838538095355034,-0.082971782290509763,-0.08832949543228516,-0.084586877375841141,-0.060284761138833486,-0.036257970180096369,-0.0093923526077085862,-0.0090423454024383555,-0.028961150978620235,-0.029058002444260097,-0.018463827911764385,0.0027039321430493146,0.0009637590427882969,-0.011112189498297604,-0.012801919723171051,-0.021857228595763445,-0.015663881786167622,0.027061210707567323,0.082018100139167577,0.12111599842707316
-0.060762123646747906,-0.12950646647950634,-0.16995627835472638,-0.1268255152406359,-0.11013758372802,-0.10593583827126325,-0.0992062154536446,-0.097245710467298824,-0.074034668619816113,-0.0647371294366759,-0.045275361186302293,-0.022748432760792119,-0.021619807202114316,-0.017862458549995696,-0.032555774387512955,0.01971185058372894,0.015593415639679214,0.017051907126317798,-0.0068383318721316755,-0.029888755995435296,-0.013686225826084544,-0.021799816512681831,-0.03250809910672682,-0.059966019354760647,-0.082763992870847389,-0.05912809915326793,-0.066671122027480087,-0.04433547705411911,0.017960700143773396,0.044129494398545757,0.021233269474648226,0.0085284086919812218,0.0053922655406495323,-0.008872704157881715,-0.0162652949616313,-0.019181080317745607,-0.0003273474952869077,-0.0023907477902517151,-0.022746268280402378,-0.018197111242140334,0.024763032351620494,0.093437641859054565,0.14063412795464197
-0.13822628330723855,-0.16951566477494737,-0.15289329773896224,-0.14027745176558895,-0.11338998993922925,-0.071271707008342192,-0.061384812478913739,-0.097199197009771685,-0.058392444983697854,-0.0417238298023856,-0.045279685983105618,-0.058356618974357843,-0.068186795788592311,-0.070397591667956325,-0.030175033674043204,-0.026676045283758349,-0.019727903038815216,-0.017189616285447431,-0.034022994753387242,-0.041567491298472439,-0.059824350934762224,-0.059232320153602851,-0.080452551394701,-0.077508245809720114,-0.0749959207519337,-0.036302877160219044,-0.015225369017571211,-0.017408712444683679,-0.00995311475932025,0.029927115777315084,0.063127684372442747,0.056481745392084122,0.029636189043521881,0.0078512731879190716,-0.0099578377724995979,-0.0046544218012758605,0.0030091696479268228,0.0034534875754616222,-0.0011324704682920128,0.0032515540070188068,0.047448945293823881,0.11380877684463155,0.15392786264419556
-0.13724420993634734,-0.12159200154284633,-0.077593578557399956,-0.12347286435269418,-0.096993628825425143,-0.083902962915941112,-0.073591652871021679,-0.04341188023487727,-0.041912356164397264,-0.059090925888581711,-0.071029600128531462,-0.074076371267437935,-0.094179813974890211,-0.069603345715082615,-0.024699789229780434,-0.047208152189850805,-0.052220270170697143,-0.060315699316561222,-0.06977367862349465,-0.084076641886322592,-0.089248659355299811,-0.070208062827587125,-0.072204261397322014,-0.096646140462585864,-0.084140657757719353,-0.059349306076765057,-0.039395921648694918,-0.038707834223042366,-0.029937752379247777,0.0203642098326236,0.060691153225691422,0.053483743071556095,0.018020681852552418,0.0059853084461461876,0.000170942368034351,-0.012433344478030567,-0.012301708150930195,0.0084931622167299364,0.024576847441494465,0.024947514358375753,0.052399415212372936,0.095396595245057891,0.12173793677772794
-0.15895526561459217,-0.15420169020696292,-0.1565640688952753,-0.1555252109678483,-0.090502827080508955,-0.029019719703743854,-0.053605899516440611,-0.029009213164034816,-0.031693232910973687,-0.062526241545715636,-0.097980989573093563,-0.093579711461508716,-0.088099660575389857,-0.067104832914013132,-0.053550551831722262,-0.056887566894292835,-0.065619312364746024,-0.0819204467535019,-0.095992970065428659,-0.089075885092218712,-0.087250698930942089,-0.063150982527683183,-0.02297108484288821,-0.07239035531878471,-0.095296111889183521,-0.0776221834950977,-0.074064123359593476,-0.059176344871520993,-0.026393011746801098,0.013146844692528248,0.027371061300592765,0.016359621216543017,0.0095324880676344037,0.0021357252782763679,-0.015720772673375905,-0.020123385824263096,-0.01880581014077453,0.0014262522958839933,0.0249945055693388,0.024772016976315241,0.023341065709246323,0.04414855981511729,0.073512379700938865
-0.22539460414827467,-0.17814214966187242,-0.1545350780320722,-0.12239766546882658,-0.10336389442284902,-0.03621129066707978,-0.0022280143048772788,-0.0030900998947410181,-0.035081604012736571,-0.07812500715255738,-0.11638618180794376,-0.10119451238558842,-0.086058643405084262,-0.087700837158731046,-0.078958733539496145,-0.061414341176194806,-0.071539080834814486,-0.095788338436530188,-0.11550097197294235,-0.11430245355285447,-0.089228187042933241,-0.031853918945416809,0.0022638083028141409,-0.029563071671873331,-0.059249855092038277,-0.070143069262089935,-0.069609356153270477,-0.06150213341143998,-0.056234619447163174,-0.0097556347725912922,0.01630743343848735,0.0055426708545143668,0.0046253395052381647,0.019902317435480654,0.015002597312559374,0.0023527712941618767,-0.00930468700438117,-0.0080346644584399964,-0.0016217641168623231,0.0048370964832429308,-0.0034261134424014017,0.0014768949975924833,0.044366531384487949
-0.12324292763419774,-0.18577079609833627,-0.137117863463801,-0.0634280588761296,-0.024565037988469231,0.018357412193694876,0.045976294091705117,0.024829363689260107,-0.024881412228569388,-0.052022102737316382,-0.073509715896632,-0.088794853152899908,-0.077948588345732012,-0.06440957635641098,-0.08318772832197803,-0.080268700172503787,-0.0856844290558781,-0.10990083111183983,-0.11368267623514965,-0.097307368396566465,-0.040662991818473007,0.011254022549837827,0.0047108430917433,-0.022876603087554584,-0.04719345628594359,-0.055208670906722546,-0.043517165647988972,-0.043510671971099715,-0.046103234255784435,-0.0040408822387689725,0.010155571955692722,-0.0095038706614800229,-0.016684284171788022,0.0094114009058102969,0.017445709059635797,-0.004403453140604632,-0.021581513091223314,-0.031870468053966761,-0.022987804492004216,-0.0046128793993765226,-0.003619164131426563,-0.010705377720296384,0.00869218677689787
-0.1452239968236087,-0.14040384403545492,-0.053283660638650567,-0.0073136928556648073,0.036125128633927465,0.066634140792302787,0.063807054802223484,0.034764055520869218,0.00064968057491709117,-0.028573950463584786,-0.028711293990324651,-0.031113735883048287,-0.040068268655769283,-0.070768843374906049,-0.081842873711138964,-0.07852613877865576,-0.090256377540785693,-0.10359346049447213,-0.096489515027095532,-0.046178615116514263,0.017606586468620941,0.017064091510422128,-0.03901062466428374,-0.040258941650390623,-0.026147552859038116,-0.0168782607095478,0.0085349367776264753,0.023793872401473067,0.022421827613327065,0.045246891138192857,0.036023551536103086,0.029813436985326309,0.016332195406513556,0.010187737480737268,0.01870425612044831,0.018446915317326784,0.002337668101641942,-0.019602593209128827,-0.025332251563668251,-0.017435080970504453,-0.015154517721384764,-0.01810093317180872,-0.023006040416657925
-0.066927973587031578,-0.068974423774138649,-0.057138037665382675,-0.0012539312476292253,0.048093300762361492,0.056039832979440686,0.0339892844117626,0.011299060376976351,0.013625327654279255,0.0013698856308755854,0.0025535746134319826,0.010821682520563135,-0.021675126963325027,-0.071950624950907441,-0.09650409547612071,-0.11150851221503438,-0.1195133976412542,-0.088394632055000824,-0.0532899871468544,-0.0054504672404039993,0.030801371247930961,0.0059359765186070886,-0.039239224945676734,-0.01491384778637439,0.023168900230162902,0.038635378636951954,0.082671069794080468,0.090640972412767862,0.074340525837171642,0.0872128845045441,0.085929154418408871,0.085566906524556022,0.071022979915142059,0.043877271362222157,0.033368354663252831,0.036470665003765716,0.027242137947016291,0.0026229617797071114,-0.022935554784323488,-0.037581769749522209,-0.041829557716846467,-0.042664564214646816,-0.0458721158405145
-0.14320418520697525,-0.05139492535298424,-0.015283425846913208,0.011828075708278145,0.055195159350450225,0.052176721394062042,0.029339744261017552,0.027497973492427264,0.04970547545235604,0.034102290950934679,0.03935578760380546,0.03646488535617079,-0.012215022431949987,-0.067018741349640643,-0.086841200256631487,-0.073744118006692991,-0.057047522185664425,-0.042830813014389651,-0.015584269016416687,0.033935962222570989,0.042856346815824509,0.025027017000441749,0.012136376852265977,0.056726057618756646,0.087591037584038883,0.097098725632979319,0.14798443727195262,0.15399289089772436,0.11492331139743328,0.098995173970858261,0.10547201997703976,0.10852271119753519,0.10051000920625833,0.080238141796805648,0.059051924198865888,0.045058333780616522,0.031295206604732409,0.000301520408053572,-0.024001576627294224,-0.03524934003750483,-0.044685421511530876,-0.053238116949796674,-0.057302462557951607
