SouthSea_Web/demo/jsonfile/2017-12-15-16.json
{"header": {"parameterUnit":"m.s-1","parameterNumber":3,"dx":0.1,"dy":0.1,"parameterNumberName":"Northward current","la1":29.0,"la2":12.0,"parameterCategory":2,"lo2":131.0,"nx":250,"ny":171,"refTime":"2017-12-15T16:01:52.5","lo1":106.0}, "data":
[rows 76 to 94 of 171, columns 43 to 85 of 250]
0.0,-0.067255312534557146,0.0,-0.054620138908687388,-0.20549259307517787,-0.089378967111222,-0.031218787689076,-0.041778263252344912,-0.14735538728847475,-0.225588228009108,-0.0018369832229752517,-0.011450023848635577,-0.047467223058144249,-0.076277842515936264,-0.086554580809254392,-0.11379662217938753,-0.18284324606259664,-0.21582292362314756,-0.27378980513068213,-0.25335601727167767,-0.179879472984208,-0.2195968840564235,-0.25645859150782874,-0.29362807273864744,-0.24909899728511697,-0.17646891504958057,-0.12600189149379731,-0.11851825282698678,-0.10634632484387543,-0.15062882195589905,-0.24895673863968607,-0.23472014352165418,-0.18140267113507805,-0.14614038661880008,-0.11682371608912945,-0.12608474754450613,-0.16077946025436207,-0.16919325709342956,-0.13626101899605531,-0.10370555450208485,-0.11967777304591672,-0.0787088368088007,-0.030492325457904874
0.0,-0.16573682491067951,-0.0002234777038789947,-0.3283904168482234,-0.083467055990340627,-0.08190013961819223,-0.095550282915001325,-0.12713361086530817,-0.15750340953332567,-0.12396113741762783,-0.074155615057264049,-0.068822469362722974,-0.10560211682071288,-0.17455793489686777,-0.20953691999117532,-0.070484835446476324,-0.23610970592599803,-0.32334469643331343,-0.29864867776632309,-0.28434728107908191,-0.17531407667057855,-0.16520024136160361,-0.15787085223553785,-0.15793663010758868,-0.14986050862532396,-0.14091858640313149,-0.13322845308995637,-0.15652084472726602,-0.16827897280454635,-0.17777174030398502,-0.22494228035211564,-0.25600298573928221,-0.22779623459685933,-0.16507801214853923,-0.14270277292682573,-0.11943737417459488,-0.0945091648372235,-0.075114509742707017,-0.074162390807436571,-0.087570782750844955,-0.076214169890716152,-0.0768596554795901,-0.07994540236317195
0.0,-0.23447480382113403,-0.0082240638148505241,-0.065713171069698789,-0.09791758396755243,-0.11844290813261812,-0.16988249868154526,-0.18863071464002132,-0.16463229816693525,-0.14293793874482313,-0.12560183461755514,-0.17157530076801777,-0.16485453718181314,-0.25779175632080792,-0.2889307859924532,-0.18369416314466247,-0.1587879384957975,-0.24747502033909161,-0.23495605226719019,-0.21542073468692968,-0.20834225867733811,-0.19147145166061819,-0.19983026559154193,-0.14261419665918015,-0.14487240960200629,-0.16884596474835131,-0.15234628730806812,-0.18519927639710276,-0.16880469756611324,-0.20623258584075505,-0.17196201800175434,-0.19999066511025795,-0.21453578770160675,-0.16732378337118362,-0.11690983158904453,-0.10180058311671018,-0.100582666896485,-0.090164900695284211,-0.065505726503268372,-0.059255459944584539,-0.093451238082100943,-0.12504231482744216,-0.1081645792722702
-0.14715136130568376,-0.10935982619412243,-0.20956232284047721,-0.029066233787792346,-0.11810824832218325,-0.18723145599166552,-0.21152322378122446,-0.21571067531230087,-0.18973794983605208,-0.18794873786174646,-0.19847938790917397,-0.25274912836187979,-0.26346616340535028,-0.191555724346212,-0.20420728829400292,-0.17754412541786829,-0.18878526712457339,-0.20331141450366036,-0.17194469427240305,-0.19257942721491955,-0.19941467997328988,-0.18767358236393686,-0.20122911907591909,-0.17679907571185718,-0.15823701820496855,-0.15684836849851427,-0.16141875002246636,-0.1328097448921671,-0.14130704939365388,-0.16014795847561048,-0.14233189523220063,-0.14813100527494383,-0.17548199258744718,-0.14834309262888773,-0.12681126309668317,-0.10567791556770151,-0.06610356169121881,-0.021078163705734086,-0.027195128696885975,-0.0443487799278012,-0.063835343001065428,-0.072761225253343581,-0.10239566689623254
-0.30010468988766659,-0.1684800144170831,-0.0606867182755568,-0.05272987431061326,-0.2415434864639234,-0.26620553433895111,-0.24863380836001758,-0.23980861588528282,-0.26133553355427114,-0.259542706821646,-0.2948584814192885,-0.25500990583428312,-0.20215701670558364,-0.22428451844903288,-0.21608164587191173,-0.20599848447275942,-0.20231179918273021,-0.19531407083074251,-0.18609471417079537,-0.19516787087095194,-0.17340116362486566,-0.19737445110199497,-0.19367729888317434,-0.19111807709154877,-0.18524530945822251,-0.15403740886184905,-0.13845540329136633,-0.13990148298797153,-0.11447043847292662,-0.14769849808592545,-0.151419251329369,-0.14124356779982061,-0.14039264138667815,-0.1404603046755637,-0.11368695961741301,-0.089426873517887931,-0.096397195871059715,-0.070552293901090274,-0.075011356518818781,-0.11252765440278584,-0.13691326541205248,-0.11829437956213951,-0.097761814743280412
-0.079315490115607415,-0.26315463426921032,-0.26401115461888769,0.13633054802284658,-0.27794762346239987,-0.32925241600189892,-0.26177474621095154,-0.28035649098455906,-0.38627765895956656,-0.31518739360873982,-0.254425954143956,-0.23453862565968717,-0.21132943156312722,-0.2319704887681994,-0.22026682620247204,-0.19604382232615822,-0.1881213009846015,-0.2017333397739812,-0.18697055063005222,-0.14779355795237056,-0.18516630243580295,-0.1685379184782505,-0.1996434944726172,-0.21295230510907295,-0.15607849390883194,-0.15754303100862002,-0.14078340543942017,-0.13197252919545044,-0.11293963162284909,-0.10735346050933003,-0.14585207053460181,-0.1394347440579842,-0.14101283108958831,-0.13527852988668851,-0.13091970649030474,-0.10051273709783952,-0.08828533870669511,-0.10425727897220188,-0.10781693110863368,-0.045171607095443718,-0.027610652701696381,-0.0252127549611032,-0.050347397748667463
-0.18801149311992857,-0.25954334623151526,-0.34996011329984122,-0.30453473556647326,-0.27713658288121223,-0.40187081992626189,-0.30112525394984652,-0.31969862200062849,-0.425465109994856,-0.347245753325265,-0.26883726293842,-0.23854728724996924,-0.23427012434293484,-0.20590917567412059,-0.19857457418132712,-0.21369181419241018,-0.21614907383918763,-0.18376976168817943,-0.18070739029713398,-0.17888561164846226,-0.13555276976979297,-0.1536796945027816,-0.17891672764505659,-0.17341476591194377,-0.15207939391786401,-0.13780283273169489,-0.10321791357163226,-0.109858687967062,-0.10076600313186646,-0.11003635464994996,-0.1117646090154137,-0.12956604533470595,-0.16172970113930879,-0.16913851966028629,-0.14974544942378998,-0.16415358134187186,-0.1487130954861641,-0.056591449771076441,-0.019464199725771323,-0.045336099128083639,-0.0544153794956704,-0.10024002711806032,-0.16385729811512506
0.0024589127928646673,0.10992574549417052,-0.21610116669894347,-0.39608592405551818,-0.4212098635378338,-0.50670104006589467,-0.40824868530035019,-0.38975548639632107,-0.40817984373405064,-0.33412748070086462,-0.28992486154210978,-0.23680589702285704,-0.19916270228854396,-0.2090592206056629,-0.20690220993544375,-0.19221508109344626,-0.20153772571812506,-0.18673436516939207,-0.15774950318866307,-0.15946947322005317,-0.13836103677749634,-0.14740892206177567,-0.17758188375404904,-0.1711983288327853,-0.15392738928397495,-0.16084058120332914,-0.15719011631505242,-0.11983948173346343,-0.10939900777660884,-0.11124558001756668,-0.12011752619097631,-0.12481505663267203,-0.14773241487833169,-0.15394059769236124,-0.12824358254671098,-0.080739082195437878,-0.050077355824984036,-0.03420770149594838,-0.038693709427240756,-0.095717453254530058,-0.15928483147312095,-0.18462195648596838,-0.20486006726111686
0.0,-0.11282459802059908,-0.27132989180173139,-0.60792532401780286,-0.70248958280706031,-0.66824389631683767,-0.5539948652710831,-0.44181217352549235,-0.38851424474870006,-0.34646754577511646,-0.28901864666687815,-0.23704117426165827,-0.21079745474788877,-0.19072552651166916,-0.19679465724362266,-0.19639009769473756,-0.18877263520008478,-0.18747660145163536,-0.18171869963407517,-0.16046059628327689,-0.13179465311188851,-0.13356220670815172,-0.1449853213770049,-0.1473535762301513,-0.13077558301113271,-0.12681527107954024,-0.128875131217333,-0.14374366574562514,-0.11491605639457703,-0.12225076728142224,-0.14941526376284087,-0.16548398292313019,-0.17415390883026452,-0.20244307930652911,-0.1502810473052355,-0.089172974228858948,-0.10213387697935104,-0.13168810401111841,-0.18063325409231515,-0.17761736097080366,-0.2054262294300965,-0.19204695026079813,-0.17016110072533289
0.0,0.0,-0.69975624316268492,-0.83614516326281574,-0.90386184173471784,-0.80441107894435071,-0.74324702209150284,-0.51315348186800558,-0.43126125056897441,-0.35450946167111397,-0.29417574791996565,-0.22517150822950868,-0.19785642797170683,-0.1833676480148968,-0.17031971654958195,-0.194314541043462,-0.17708655604810425,-0.20394345809673442,-0.18612617151490574,-0.13697958820396,-0.14672156230167108,-0.15284826692480308,-0.16490340462097755,-0.17704157829284667,-0.13613772707489821,-0.11704211022991401,-0.13434033453464508,-0.13481306084073508,-0.17526008933782578,-0.20232148525806573,-0.22423886565061715,-0.23525512103851026,-0.20001208037137985,-0.13569421063248927,-0.12255098339584139,-0.17076778798191636,-0.21726227871009282,-0.25141145564891676,-0.27078066479701263,-0.23389092673148429,-0.19782855042389461,-0.12162887577765755,-0.078806431465117
0.0,0.0,-0.80452035851292791,-0.76303864945383637,-0.83147403575918255,-0.64161483715246392,-0.68552982053124756,-0.56868150581916177,-0.44989457390000742,-0.35536274172010873,-0.30271631396479076,-0.2225965132767504,-0.18826809972524644,-0.18491969767369723,-0.21062473952770233,-0.18350703616937,-0.19227431313349649,-0.22486379689403943,-0.17092629880816848,-0.13237569977839789,-0.1209230163693428,-0.1053162147956235,-0.091654703307610288,-0.105726000059534,-0.13191547811031343,-0.15854862460802341,-0.18370609730482101,-0.19489413614456469,-0.17133964763747323,-0.14986535734855211,-0.1160034527285741,-0.081738170788243969,-0.098384578746777987,-0.16064708679914475,-0.24830288171768189,-0.31046487115047594,-0.32997752038332134,-0.31539094227331654,-0.26721939136242046,-0.27382450674970943,-0.2291343973151275,-0.071721079925607362,0.01687534393775942
-0.24947548112059254,-0.48625568673014641,-0.634261490503947,-0.49865907691158617,-0.301860955381177,-0.39250600031720329,-0.2638026082448745,-0.39009854126544224,-0.39051451369867485,-0.369614336051439,-0.29680650637430306,-0.22415206333001456,-0.181306688274656,-0.179088962174231,-0.18167392107156608,-0.18521621885399023,-0.18503056301010978,-0.17340102734474036,-0.17899378389120102,-0.1486938792679991,-0.13810645731595847,-0.1632265288914953,-0.15557674974203109,-0.11459885344461158,-0.10907636225223541,-0.1745193479237733,-0.21028640700711143,-0.14288324289597,-0.0738897771678037,-0.067568626565237835,-0.085259570341025076,-0.12551544085144997,-0.21843230265837449,-0.29886406660079956,-0.3568904846906662,-0.42871963519316453,-0.40113951762517291,-0.31775538325309755,-0.25934160988906335,-0.16218139286394473,-0.10102467845868447,-0.051426123417913916,-0.08759178874703745
-0.2528675362964018,-0.15165787652512294,-0.12517140243860508,-0.21502519015188989,0.11416538660482496,0.24573557689623202,0.052506050623550606,-0.20846672759192889,-0.28110325165459366,-0.28907188055691896,-0.27734019592696546,-0.24651339650154114,-0.22886800333376853,-0.1824660328803239,-0.17869041603187036,-0.20237014041497156,-0.21083237285967227,-0.19424497694880874,-0.16104857071682258,-0.15250017245610556,-0.14284092453973635,-0.12409574791256871,-0.11618330582976341,-0.13000958592251496,-0.16123577473419054,-0.18693569357748385,-0.15009964257478714,-0.044707951422121063,-0.012346019174271663,-0.037667649417506673,-0.13007231084284959,-0.22354909391314895,-0.26843701413384191,-0.29016337571320711,-0.2806051832437515,-0.33088521659374237,-0.30863459050655367,-0.21099959589816905,-0.13996134425203005,-0.087903945276943535,-0.074975634280305639,-0.12227503353108962,-0.20044421910175256
-0.14329983315943484,0.092607546028150009,-0.024873005218812388,-0.064688788430885324,0.40121238658736857,0.29443319225193637,0.096372504978150614,-0.090731698119918172,-0.23689086518941388,-0.28228750824928284,-0.28765278557936352,-0.26183410277289731,-0.24422415152744012,-0.22444497931886603,-0.2021405381652025,-0.22584504716926152,-0.1763613685965538,-0.15333228475517696,-0.16827279063207762,-0.12589629766132152,-0.043349492984513439,-0.01464065965514497,-0.059370403028359373,-0.13203330117243309,-0.21609653360568559,-0.20661547504089498,-0.080155576915583671,0.013384880936847856,-0.008688255008310079,-0.080556778968977075,-0.21091466700589215,-0.30721641847720516,-0.33043399042096633,-0.32575200841977048,-0.28262988134072375,-0.21714999328056972,-0.2168430930376053,-0.18892856114185774,-0.16045307265273456,-0.15822873436487639,-0.12640995612101896,-0.11468386605927913,-0.069882862390605385
-0.011934334478849595,0.15016096830368042,0.025636124504517091,0.15644660435119195,0.0,0.046405690740548858,0.0074687946352324534,-0.13351249858914388,-0.26091317713260653,-0.30631122670390387,-0.33707043613706317,-0.26502952245729311,-0.24627969626869475,-0.24319798925093242,-0.20571979006816601,-0.18941029752122945,-0.17965548819509045,-0.14779220495758386,-0.082292417513913127,-0.044184341474815654,-0.054790402696068795,-0.10562847105079684,-0.1655368463924298,-0.19320957414035139,-0.23680893871290931,-0.10767942465005305,0.057909340298027488,0.020065741914581377,-0.10036244139505121,-0.22352514305600413,-0.29380450665950775,-0.32558467763441579,-0.3555400252342224,-0.35758733290892381,-0.26164639879156043,-0.15135332397543466,-0.1227709229237267,-0.080898078124004388,-0.033700143185409683,-0.032750152191147207,0.0063654436403885488,0.0434378954456546,0.08391713909804821
0.0,0.0,0.0,0.019198534577703361,0.0,0.0,0.0,-0.30267373720804852,-0.37519968978383322,-0.33715105056762695,-0.29762391320296694,-0.28217243616070065,-0.249642263198721,-0.21685437569695135,-0.18340968859918189,-0.18673554541809218,-0.14987941122343462,-0.056100373355937858,-0.038808785700078667,-0.080369148274947858,-0.13667234592139721,-0.18812760710716248,-0.24604091336650233,-0.23237750982796704,-0.0614795714486368,0.061056843227041621,0.023416698135686323,-0.12545962042866216,-0.22654728812200051,-0.24683433936701882,-0.32074351995079603,-0.41559413737720913,-0.382904235805784,-0.30604783732157487,-0.1469626147300005,-0.065296907219345918,-0.00859174266640496,0.025417496000641381,0.0401622898876667,0.03678396888426505,0.038371587051979954,0.0728570677872215,0.0668985682672688
0.0,0.0,0.0,0.0,0.0,0.0,0.0,-0.4675765580990735,-0.41806201562285422,-0.31679320228951319,-0.28539208074410755,-0.2907004663720727,-0.24358270610823776,-0.17233448615297675,-0.15761855436909583,-0.17436812724918127,-0.10941960046003604,-0.08298459238019483,-0.10504328433809609,-0.16010333481244743,-0.2263439328506075,-0.2692956036100021,-0.18186058095776506,-0.033893142102493182,0.068451080712731233,0.014880884217965448,-0.12667378327543183,-0.24093120332275117,-0.30421618314889759,-0.34210697455065592,-0.36264028080872129,-0.34248547531940321,-0.24350795701698022,-0.14911876701646382,-0.067258547544479366,-0.021791922849811744,0.030935276833619792,0.057349488909902241,0.06143562952356954,0.034447834037044753,0.032353370312463353,0.06688519247940608,0.088068827158874929
0.0,0.0,0.0,0.0,0.0,0.0,0.0,-0.44689329681189166,-0.38157640770077705,-0.30297072638164868,-0.29013947178335753,-0.28099103312234619,-0.24753009922364178,-0.20439271670248774,-0.18779956680886886,-0.12173871789127588,-0.084141517931129783,-0.10217785265515833,-0.12910502172749619,-0.18384184952705138,-0.23657789286868325,-0.10183805391264694,0.020113560692246617,0.035577391440273019,-0.075601892961033937,-0.17792508724544728,-0.2648731177603757,-0.30779568507121158,-0.32430842977303725,-0.3884841910114995,-0.36788296699523926,-0.308363762166765,-0.24915856982652956,-0.1675034209533974,-0.10913831354291351,-0.070299693048000336,-0.0076229277161743358,0.041333014973335795,0.03503193099189688,0.0010225133403394095,0.0014959674964692177,0.042232798219754779,0.074744429439306259
0.0,0.0,0.0,0.0,0.0,-0.12977387860566966,-0.070112417639999577,-0.18549642780730311,-0.32510993078998895,-0.29934174734718944,-0.29195233920346136,-0.25776484499617319,-0.22277967892587186,-0.18578325361013412,-0.15781056096679286,-0.087729183463927579,-0.085744233269776621,-0.13595456501533246,-0.14198038354516029,-0.21504306327551603,-0.098445660554959125,0.023327656212495641,0.013312275098912694,-0.067293870915558981,-0.18142492100596427,-0.27976045278566225,-0.36522407995329964,-0.38002053009612219,-0.36955473489231533,-0.39655739298233617,-0.30677838673194252,-0.21572059268752733,-0.15582849371891755,-0.12080984622240067,-0.090575361624360085,-0.07864131316542626,-0.016166343881869345,0.04350543087693276,0.031582293004311361,-0.0028183956406232589,-0.0062048602935478644,0.046956932438271384,0.11016258081564537
