SouthSea_Web/demo/jsonfile/2017-12-15-23.json
{"header": {"parameterUnit":"m.s-1","parameterNumber":3,"dx":0.1,"dy":0.1,"parameterNumberName":"Northward current","la1":29.0,"la2":12.0,"parameterCategory":2,"lo2":131.0,"nx":250,"ny":171,"refTime":"2017-12-15T22:58:07.5","lo1":106.0}, "data":
[rows 95 to 113 of 171, columns 168 to 209 of 250]
0.016188780777156353,0.066111740656197071,0.16001988255551883,0.19911924577676332,0.18915249655644098,0.15560834109783173,0.12772002981768715,0.094791216775774956,0.098458724362509589,0.10441896691918373,0.076365530490875244,0.041274520878990494,0.017714258749037981,-0.00084622559370473027,0.011923994868993759,0.034732185304164886,0.081736779461304351,0.10890787839889526,0.14756483336289725,0.14435009658336639,0.13054640963673592,0.12643398344516754,0.11161960288882256,0.092931073158979416,0.053091011941432953,0.017200968228280544,-0.036743798293173313,-0.084178715944290161,-0.12693045288324356,-0.17087414860725403,-0.19337469339370728,-0.20940254628658295,-0.15798157453536987,0.0,-0.079420879483222961,-0.0088517655967734754,0.068061837926507,0.0,0.19322919845581055,0.30713880062103271,0.38717928528785706,0.42707715928554535
0.1182940672886999,0.19415378702037475,0.24238617066293955,0.24663713574409485,0.21615268560973081,0.19999835978854785,0.17225595977571276,0.126667326523198,0.11052605509757996,0.1226398691534996,0.093085107704003647,0.046206065453588963,0.019306430282692116,0.019921149748067062,0.0374648654833436,0.064670074731111526,0.11978484690189362,0.14866099506616592,0.18231359869241715,0.16575925052165985,0.14632780849933624,0.13085422664880753,0.11216286569833756,0.087422557175159454,0.053901748731732368,0.0044825579971075058,-0.033245135098695755,-0.098775774240493774,-0.12155257910490036,-0.18019324541091919,-0.20134206861257553,-0.1979658454656601,-0.18149635940790176,-0.15511681139469147,-0.086402349174022675,-0.012018369510769844,0.034498840570449829,0.11495423689484596,0.19789282977581024,0.28317221999168396,0.42724284529685974,0.5188671350479126
0.19575947806948707,0.29086660061563763,0.35044859349727631,0.31864735881487527,0.24905429085095723,0.21618633568286896,0.19127445966005324,0.15168623812496662,0.12203171849250794,0.11790012568235397,0.094054060677687332,0.0580561434229215,0.050951437652111055,0.0570584312081337,0.071561625227332115,0.10287399590015411,0.14894017577171326,0.18078098446130753,0.19872121512889862,0.17888852457205454,0.14829444885253906,0.11924706399440765,0.10311761870980263,0.082610167562961578,0.063909046351909637,-0.0019396054558455944,-0.042255875654518604,-0.089373502880334854,-0.12944008782505989,-0.16440265625715256,-0.18929944932460785,-0.19648155570030212,0.0,-0.1411406584084034,-0.0939084142446518,-0.045934949070215225,0.033957544714212418,0.13333211839199066,0.25781914591789246,0.35674701631069183,0.0,0.52727043628692627
0.26332398184708189,0.32221024444228724,0.35945788356992936,0.33273918554186821,0.28799181059002876,0.24042046939333281,0.1880058315065172,0.15214401270662034,0.1372216691573461,0.12250919746501106,0.0964121197660764,0.075231184065341947,0.080173755685488388,0.082157101482152939,0.090805076062679291,0.11531467735767365,0.16070296863714853,0.19433678686618805,0.20221567153930664,0.18042057752609253,0.14651089161634445,0.12363870814442635,0.10319003835320473,0.089316993951797485,0.056301392614841461,0.015320389065891504,-0.034174925647675991,-0.088547136634588242,-0.1331397294998169,-0.15299578011035919,0.0,-0.19160371273756027,-0.17775813490152359,-0.13734041899442673,-0.081238105893135071,-0.029701814521104097,0.0,0.12797646224498749,0.28930222988128662,0.38443920016288757,0.47763517498970032,0.0
0.29877671599388123,0.33897835583913893,0.33089547408254522,0.31158583129153533,0.26892847816149396,0.23701943084597588,0.17922676478823027,0.14099685682190788,0.14287097113473074,0.12553564086556435,0.10069516797860463,0.088114731013774872,0.093067824840545654,0.097298940643668175,0.10013362020254135,0.13095435872673988,0.16099834442138672,0.1969620039065679,0.20100963860750198,0.18080561608076096,0.15097095568974814,0.12188015505671501,0.10423176363110542,0.085883386433124542,0.055342953652143478,0.03209364041686058,-0.048891913145780563,-0.078570462763309479,0.0,-0.15943919122219086,-0.18273154646158218,-0.18632188439369202,-0.180036261677742,-0.12318550422787666,-0.07825826108455658,-0.01342042488977313,0.071021370589733124,0.22105476260185242,0.25900524854660034,0.41671141982078552,0.52083280682563782,0.59141921997070312
0.32707170040711114,0.33283164103825885,0.28628979074327571,0.27719880640506744,0.24731516558676958,0.21726325727426088,0.19022465971383182,0.15713830788930258,0.14772497969014303,0.13920948654413223,0.11587988026440144,0.11952349245548248,0.12359217926859856,0.11828171461820602,0.13481620450814566,0.16237135976552963,0.1816207617521286,0.20427663624286652,0.201641246676445,0.17836142331361771,0.15448710322380066,0.12133148312568665,0.098558232188224792,0.085800625383853912,0.056909855455160141,0.016457162564620376,-0.022138712927699089,-0.075299043208360672,-0.12432211264967918,-0.16378428786993027,-0.18145596981048584,-0.18554657697677612,-0.15726412832736969,-0.094530485570430756,0.0,-0.012756951153278351,0.076279560104012489,0.19284510612487793,0.3752644956111908,0.0,0.51272416114807129,0.57796552777290344
0.3298935525947147,0.30614657948414487,0.25658390332352032,0.25428753828301148,0.24847065843641758,0.206428183352246,0.19863057949326254,0.19239511837561926,0.16365980770852831,0.1470209981004397,0.14964953809976578,0.17060551792383194,0.17216257254282633,0.15911484261353812,0.17812216281890869,0.20254101604223251,0.20801027864217758,0.21887034177780151,0.21078411489725113,0.17927997559309006,0.15357548743486404,0.12932108839352927,0.10658635944128037,0.085943182309468583,0.059662360697984695,0.019510282203555107,-0.024307904299348593,-0.0737428367137909,-0.12494263797998428,-0.14979879558086395,-0.16599175333976746,-0.17272530496120453,-0.16071157157421112,-0.11020313948392868,-0.03512447327375412,0.0,0.11981248110532761,0.22565828263759613,0.33098632097244263,0.46201601624488831,0.0,0.56123828887939453
0.31204386972464049,0.27930768614723567,0.248714750011762,0.25703822714941843,0.24898366257548332,0.20953337760532603,0.19495003031832831,0.20337277108972723,0.1847276794058936,0.1860490164586476,0.20344347134232521,0.21741348132491112,0.22818663716316223,0.21297840029001236,0.2260648806889852,0.24478306621313095,0.23419222980737686,0.23087617754936218,0.20571219921112061,0.17751983553171158,0.15338435769081116,0.13790221512317658,0.10482207685709,0.082222707569599152,0.050423368811607361,0.0,-0.037550777196884155,-0.0921967402100563,-0.10821089148521423,-0.13483977317810059,-0.15740720927715302,-0.14867864549160004,-0.12694156542420387,-0.10351921617984772,-0.044570397585630417,0.044810758903622627,0.0,0.23761507868766785,0.34311747550964355,0.43832790851593018,0.51608401536941528,0.0
0.3219614827632904,0.24293953409561744,0.25044615877171356,0.2690658152103424,0.25876728313810687,0.23447347618639469,0.21123261004686356,0.22320143190714029,0.22084799595177174,0.24443443971020834,0.246916658111981,0.25756204128265381,0.26591116189956665,0.2632882495721181,0.27831614762544632,0.26760317385196686,0.25479899346828461,0.23818867653608322,0.20766006410121918,0.17441527545452118,0.14005415141582489,0.11743341758847237,0.0959942601621151,0.072807095944881439,0.030261633917689323,-0.00078047765418887138,-0.037620082497596741,-0.067000634968280792,-0.083251934498548508,-0.1156676672399044,-0.14119994640350342,-0.13697950541973114,-0.10842695459723473,-0.054072797298431396,-0.050613522529602051,0.02756577730178833,0.14589513838291168,0.27352583408355713,0.0,0.40562859177589417,0.48920360207557678,0.56763255596160889
0.35532122277296507,0.25103200972080231,0.26320024757158189,0.27457505621408163,0.27419766932725909,0.277647132674853,0.26803302671760321,0.26254727393388749,0.26069002225995064,0.27069275719778879,0.27370784963880268,0.27906720836957294,0.28022025823593139,0.29212614148855209,0.29827606678009033,0.28695834676424664,0.2646033763885498,0.23302386701107025,0.1958603635430336,0.16982631385326386,0.12407546490430832,0.10869418084621429,0.090920861810445786,0.060853632787863411,0.014785476960241795,-0.0061779456445947289,-0.022412537597119808,-0.045580822974443436,-0.0559215284883976,-0.10713961720466614,-0.12578988075256348,-0.11086712032556534,-0.098877705633640289,-0.054187718778848648,0.016598440706729889,0.074349461123347282,0.14501811563968658,0.24073757231235504,0.35784013569355011,0.0,0.46213892102241516,0.53634321689605713
0.44166590459644794,0.33366047419034517,0.29656593501567841,0.29445125091643559,0.30561199156861557,0.31943182411946747,0.30453412660530638,0.28408324292727877,0.273488812148571,0.26569231351216632,0.2709909975528717,0.27662206441164017,0.2812620997428894,0.29330560564994812,0.2929104169209798,0.271002600590388,0.2543986514210701,0.21962609142065048,0.18337397277355194,0.16521952301263809,0.13171657547354698,0.10660907377799352,0.082037735730409622,0.059208601713180542,0.034191988408565521,0.002081417478621006,0.0042213532142341137,-0.017629406414926052,-0.045881755650043488,-0.0680471919476986,-0.089392505586147308,-0.079543005675077438,0.0,-0.045091945677995682,0.02162344753742218,0.114802286028862,0.15795648097991943,0.22191305458545685,0.30964124202728271,0.42042389512062073,0.0,0.50911086797714233
0.5004793030600394,0.391056715146355,0.32131375048471533,0.28531932688894723,0.29930721152396428,0.32367653213441372,0.29128271341323853,0.26266785391739439,0.25872833198971218,0.26310248970985411,0.26594202717145282,0.26942574481169385,0.2791079506278038,0.27170907457669574,0.27070654431978863,0.24523128072420755,0.23579348623752594,0.19952618330717087,0.16438255459070206,0.13902771472930908,0.12130941450595856,0.097215782850980759,0.072556955739855766,0.049268333862225212,0.02634517103433609,0.021029637195169926,0.0079329041764140129,0.0014530972111970186,-0.0033407595474272966,-0.035009209997951984,-0.065317332744598389,-0.051653679460287094,-0.028434900566935539,0.032677482813596725,0.061774693429470062,0.12700165808200836,0.21202674508094788,0.28588131070137024,0.32012051343917847,0.39991994202136993,0.47654202580451965,0.0
0.48269367526317464,0.37311727496293873,0.29985394938425586,0.24860502282778421,0.272258518373265,0.3165798695648418,0.27967818776766457,0.25683899567677426,0.2631261870265007,0.25011146813631058,0.2449052557349205,0.25516939461231231,0.25629732261101407,0.2424577921628952,0.232853963971138,0.21833505729834238,0.20566264539957047,0.16909945756196976,0.15269877016544342,0.12262905016541481,0.10383109748363495,0.063721403479576111,0.074889488518238068,0.030018782243132591,0.035448549315333366,0.026739667169749737,0.017104513943195343,0.024038007482886314,0.011510897427797318,-0.0051122221630066633,-0.00685983058065176,-0.0061294408515095711,-0.0029074819758534431,0.079411312937736511,0.15056145191192627,0.0,0.19817639142274857,0.29517921805381775,0.0,0.38653069734573364,0.45426511764526367,0.51995062828063965
0.43524751253426075,0.34031699299812318,0.288281524181366,0.25592358071695676,0.2908082202076912,0.32167277112603188,0.29026586376130581,0.27502631743748984,0.27010495132870144,0.23963206675317553,0.22363176114029354,0.23387715220451355,0.22408107668161392,0.20528504252433777,0.19352968037128449,0.18213500082492828,0.16620931774377823,0.13705173879861832,0.12970047444105148,0.10504571348428726,0.105584517121315,0.060979700647294521,0.040956329554319382,0.042710995301604271,0.043681971728801727,0.043322816491127014,0.037857040762901306,0.03502160869538784,0.0,0.024696873500943184,0.023030506446957588,0.059141974896192551,0.083231236785650253,0.11606548726558685,0.17826960980892181,0.20712178945541382,0.0,0.26062113046646118,0.36535139381885529,0.0,0.44157415628433228,0.497768759727478
0.41878855327765147,0.32918705984398172,0.30719718709588051,0.30611764030023053,0.29913401133135747,0.31671460866928103,0.29844268970191479,0.28456061390730053,0.26824621607859928,0.24149586446583271,0.2212728589773178,0.2092149555683136,0.19559029986461005,0.18019577860832214,0.16109190384546915,0.13950374722480774,0.12684240440527597,0.10379122197628021,0.10789232701063156,0.096301671117544174,0.072133829817175865,0.042939108796417713,0.041354460641741753,0.072567198425531387,0.068952485918998718,0.062152791768312454,0.055172571912407875,0.054254084825515747,0.047274712473154068,0.0,0.052917938679456711,0.095583528280258179,0.15410040318965912,0.20087172091007233,0.19320143759250641,0.22728355973958969,0.25063642859458923,0.26576581597328186,0.31728997826576233,0.43483540415763855,0.0,0.49434265494346619
0.46563607113701955,0.365317330316261,0.34941257860349573,0.34396446834911,0.29937542080879209,0.30814898539991942,0.31788975828223759,0.3093876918156942,0.28470270742069592,0.26434756153159672,0.23378536956650869,0.20363237212101618,0.17464074989159903,0.15961069365342459,0.14001202583312988,0.086783088743686676,0.082032548884550735,0.063888786360621452,0.072640035301446915,0.05409910436719656,0.032023361884057522,0.045075766742229462,0.073786504566669464,0.083846524357795715,0.090794861316680908,0.073836721479892731,0.075269214808940887,0.069743670523166656,0.074882648885250092,0.083647660911083221,0.11324890702962875,0.0,0.1638253778219223,0.20714300870895386,0.0,0.25227698683738708,0.26881948113441467,0.31306490302085876,0.33018827438354492,0.42575462162494659,0.48681259155273438,0.4934704601764679
0.58868028521537785,0.46243141362300288,0.40540989736715954,0.37452545626596973,0.3422835633158684,0.33298955622472259,0.357007152893964,0.332838749184328,0.30591478518077303,0.27256938137791376,0.22994571924209595,0.19778800755739212,0.16612674668431282,0.14159919321537018,0.10407274713118871,0.045142795890569687,0.0323135982422779,0.010010444559156895,0.024365119636058807,0.018605444114655256,0.023736300878226757,0.04220941849052906,0.083425521850585938,0.0,0.094571243971586227,0.10009544342756271,0.09638010710477829,0.11302913725376129,0.1139717809855938,0.10533495247364044,0.12847697734832764,0.16991926729679108,0.0,0.21945713460445404,0.262118861079216,0.0,0.27116154134273529,0.33660271763801575,0.0,0.44055172801017761,0.0,0.49290567636489868
0.68488659461339318,0.52222494551768672,0.42995220422744751,0.38685193116014654,0.3537429315703256,0.34643256664276123,0.36590980782228355,0.33894162142977996,0.2970600426197052,0.24725637923587451,0.20054179430007935,0.16548923775553703,0.14105101798971495,0.11359161635239919,0.070030494282643,0.0026258965954184532,-0.02866428507695673,-0.047317175194621086,-0.014883683994412422,-0.011737728025764227,0.0051064882427453995,0.032943711616098881,0.068778581917285919,0.0884784460067749,0.094481974840164185,0.12321973592042923,0.12864163517951965,0.14121568948030472,0.15660354495048523,0.16449137032032013,0.1670975387096405,0.19047766178846359,0.22758175432682037,0.22660765051841736,0.26162388920783997,0.27367246150970459,0.0,0.31792950630187988,0.41341280937194824,0.0,0.49636119604110718,0.0
0.75652292884629346,0.57210704808433854,0.43461795896291733,0.36628546317418414,0.33255393505096437,0.34185833334922788,0.3499513603746891,0.33498737428869518,0.26973200695855276,0.2053339034318924,0.15129700601100921,0.13356120139360428,0.10068119565645854,0.072440218180418015,0.032222942914813757,-0.041724404320120811,-0.094783271352450058,-0.081215851008892059,-0.051243577152490616,-0.04595293290913105,-0.026990260928869247,0.0044627995230257511,0.033805921673774719,0.071470603346824646,0.09536357969045639,0.13638965785503388,0.0,0.1521788090467453,0.16610586643218994,0.19775189459323883,0.20891149342060089,0.20447498559951782,0.219546839594841,0.24570827186107636,0.2533305287361145,0.26543989777565,0.3355480432510376,0.35171273350715637,0.41611191630363464,0.4606056809425354,0.0,0.51490163803100586
