SouthSea_Web/demo/jsonfile/2017-12-14-14.json
{"header": {"parameterUnit":"m.s-1","parameterNumber":3,"dx":0.1,"dy":0.1,"parameterNumberName":"Northward current","la1":29.0,"la2":12.0,"parameterCategory":2,"lo2":131.0,"nx":250,"ny":171,"refTime":"2017-12-14T13:58:07.5","lo1":106.0}, "data":
[rows 133 to 151 of 171, columns 86 to 128 of 250]
0.1156695179330806,0.41157921190772739,0.41405476056612456,0.30241184575217112,0.21580640226602554,0.13232324570417403,0.076439959307511643,0.046410957351326942,0.015093043446540833,0.025681931525468826,0.020318204537034035,0.041213374584913254,0.037015810608863831,0.092337533831596375,0.10368870943784714,0.0,0.13553722202777863,0.14305825531482697,0.0,0.088176563382148743,0.0,0.0,0.010140645317733288,-0.0042539886198937893,0.0,0.0,-0.050810620188713074,0.0,-0.032866209745407104,0.0,0.061605695635080338,0.070824123919010162,0.0,0.074817337095737457,0.087681092321872711,0.052492376416921616,0.055795609951019287,0.049163930118083954,0.029519251547753811,0.0419344212859869,0.050332119688391685,0.054840498914321266,0.083090640604496
0.45978477783501148,0.44660306893862212,0.36260483993424308,0.2714320570230484,0.19346235692501068,0.12684811155001322,0.0769304595887661,0.03839865792542696,0.026468599215149879,0.0097174802795052528,-0.00069927499862387776,0.017684802412986755,0.031023517134599388,0.048528887331485748,0.098394796252250671,0.11901803687214851,0.0,0.0,0.0,0.0,0.07546127587556839,0.0479256846010685,0.0,0.0,-0.043243050575256348,-0.06873832643032074,-0.050060566514730453,0.0,-0.0017465077107772231,0.0,0.0035390167031437159,0.0,0.050709359347820282,0.056496884673833847,0.0394457820802927,0.05789995938539505,0.031049099750816822,0.042466990649700165,0.042844910174608231,0.0401919869085153,0.059574158862233162,0.08724929143985112,0.11412796378135681
0.43868701837279578,0.40201100334525108,0.33099237084388733,0.26744181414445239,0.21104031801223755,0.15052588284015656,0.082762904465198517,0.061726352199912071,0.034306954592466354,0.020175145473331213,0.0072933165356516838,0.0,0.0466872900724411,0.037965860217809677,0.0,0.0,0.13825732469558716,0.11377982050180435,0.13491728901863098,0.1061909943819046,0.0,0.0,-0.0055452506057918072,-0.03870135173201561,0.0,0.0,-0.0812084898352623,-0.073729932308197021,-0.0631701648235321,0.0,-0.0094602061435580254,-0.0030334265902638435,-0.023275574669241905,0.0022287815809249878,0.0,-0.0016049717378336936,0.0,0.017763278447091579,0.015767664648592472,0.0,0.046646014476815857,0.085763774812221527,0.10098967204491298
0.39745280891656876,0.35215874654906137,0.28894709050655365,0.24636701866984367,0.19420095533132553,0.15198846906423569,0.11719538271427155,0.062013104557991028,0.053453337401151657,0.037283182144165039,0.017413415014743805,0.018639694899320602,0.006085284985601902,0.0,0.096281059086322784,0.091520227491855621,0.0,0.0,0.074645854532718658,0.0,0.037728458642959595,0.0054576480761170387,0.0,-0.055494088679552078,0.0,-0.078294478356838226,-0.090570561587810516,-0.085040248930454254,-0.086071066558361053,-0.057702403515577316,-0.058676797896623611,0.0,-0.0828830674290657,-0.037397820502519608,-0.039786621928215027,-0.072844140231609344,-0.019936572760343552,-0.032834757119417191,-0.039583140984177589,-0.0066428389400243759,0.0231479958165437,0.043458332074806094,0.041597206611186266
0.35050843159357709,0.30910225957632065,0.25580083578824997,0.22283954421679178,0.20042258501052856,0.14648565649986267,0.12394982203841209,0.093500267714262009,0.072207542136311531,0.0525563508272171,0.0,0.037158705294132233,0.043794561177492142,0.0,0.053008738905191422,0.0,0.0945042297244072,0.07956387847661972,0.0,0.059022288769483566,0.0,-0.023673262447118759,-0.044137775897979736,0.0,-0.074860118329525,0.0,-0.087260700762271881,-0.086506880819797516,0.0,-0.095726877450943,-0.081997282803058624,-0.10014156252145767,-0.1048874706029892,-0.093401089310646057,-0.11455263942480087,-0.07040897011756897,-0.086785018444061279,-0.090003497898578644,-0.08757135272026062,-0.068248655647039413,-0.032543917962660394,-0.034301184117794037,-0.015751137398183346
0.31434423923492433,0.28152775764465332,0.24067718784014383,0.20068062841892242,0.18263345211744309,0.15958235164483389,0.12777751684188843,0.0,0.085739023983478546,0.07143557071685791,0.055604621767997742,0.049147088080644608,0.0,0.057642415165901184,0.065772239118814468,0.067452304065227509,0.0,0.0,0.068389080464839935,0.021761523559689522,-0.0014537329552695155,0.0,0.0,-0.044786263257265091,-0.060922419652342796,-0.0752030611038208,0.0,-0.0836074948310852,-0.085357323288917542,0.0,-0.10580591857433319,-0.11755156517028809,-0.13005714118480682,-0.13905526697635651,0.0,-0.15026823431253433,-0.15240933746099472,-0.14643684774637222,-0.13012852519750595,-0.12351435422897339,-0.093415821592013046,-0.08567066739002864,-0.067857854068279266
0.26443563401699066,0.249802827835083,0.21120563894510269,0.18966855853796005,0.17799311876296997,0.0,0.15527480840682983,0.12433255463838577,0.10906464606523514,0.0,0.071046456694602966,0.057096090167760849,0.046888064593076706,0.0,0.06911458820104599,0.0,0.077900782227516174,0.052592169493436813,0.0,0.041117008775472641,0.0,0.00049646955449134111,-0.010464782826602459,0.0,-0.038085334002971649,0.0,-0.06556498259305954,-0.066575184464454651,0.0,-0.09277937188744545,0.0,-0.12092833966016769,-0.13009995222091675,-0.14605528116226196,-0.15460582077503204,-0.18000279366970062,-0.19114845991134644,-0.16159392893314362,-0.15703807026147842,-0.1547238826751709,-0.14762043952941895,-0.14699885497490564,-0.10543358325958252
0.22853422164916992,0.22353991121053696,0.19586677849292755,0.17747677862644196,0.18149890750646591,0.18191877007484436,0.18720188736915588,0.16120494902133942,0.1294037364423275,0.097312867641448975,0.0,0.067263118922710419,0.0672469288110733,0.060836385935544968,0.051782079041004181,0.047650657594203949,0.0,0.0702119916677475,0.0,0.048770014196634293,0.029594657942652702,0.0,-0.011643619276583195,-0.019369035959243774,0.0,-0.033550924621522427,0.0,-0.0480012409389019,-0.0655340626835823,-0.070717595517635345,-0.089068133383989334,-0.10916570946574211,-0.12489642202854157,-0.14041132479906082,-0.15700546652078629,-0.18079692870378494,-0.1970621719956398,-0.17759977281093597,-0.16835243999958038,-0.17748044431209564,-0.18327478691935539,-0.17106102903683981,-0.13398144394159317
0.19399386644363403,0.19404135644435883,0.17657720297574997,0.18125699460506439,0.189274862408638,0.19847247749567032,0.0,0.18811944872140884,0.14431172609329224,0.13254319131374359,0.097214162349700928,0.0917067751288414,0.089164808392524719,0.0,0.07713424414396286,0.067820645868778229,0.056646067649126053,0.0,0.070480898022651672,0.061641834676265717,0.036237910389900208,0.024099467322230339,0.0058919172734022141,0.0,-0.016453542746603489,0.0,-0.028061730787158012,-0.043698552995920181,-0.051220037043094635,0.0,-0.08684270828962326,-0.094156138598918915,-0.12063392251729965,-0.12716421484947205,-0.15194456279277802,-0.16476383805274963,-0.18472115695476532,-0.17414946854114533,-0.16979067027568817,-0.19052340090274811,-0.19951716810464859,-0.17495519916216532,-0.15018423199653624
0.1481005847454071,0.16163524985313416,0.16062875092029572,0.1607387587428093,0.16988814622163773,0.20063094794750214,0.20123367756605148,0.0,0.17802244424819946,0.13699370622634888,0.14440928399562836,0.10974118113517761,0.1195046603679657,0.10758734121918678,0.0,0.099301397800445557,0.081628903746604919,0.060076631605625153,0.079769283533096313,0.050742857158184052,0.0,0.015508423559367657,-0.0082048000767827034,-0.016361156478524208,0.0,-0.024830542504787445,-0.021259170025587082,-0.036219637840986252,-0.055641375482082367,-0.063958846032619476,-0.077545911073684692,-0.10257415473461151,-0.10622788220643997,-0.13685166835784912,-0.14066395163536072,-0.16292496025562286,-0.14985891183217368,-0.14730192720890045,-0.1651665618022283,-0.19330445677042007,-0.19322437047958374,-0.18135902782281241,-0.1711144894361496
0.10328106954693794,0.12521027028560638,0.12924298644065857,0.1251496933400631,0.13761889934539795,0.16734418272972107,0.20201218128204346,0.19595140218734741,0.0,0.17811675369739533,0.16456356644630432,0.18047499656677246,0.14669211208820343,0.15325453877449036,0.11280708760023117,0.0,0.11308898031711578,0.089215435087680817,0.063399195671081543,0.064555943012237549,0.03457389771938324,0.0,-0.018840102478861809,-0.038183813914656639,-0.036019567400217056,0.0,-0.041144318878650665,-0.040795572102069855,0.0,-0.0797470360994339,-0.091233175247907639,-0.1012176014482975,-0.12082688137888908,-0.13579472899436951,-0.13500837981700897,-0.14260133355855942,-0.13270978629589081,-0.12943515181541443,-0.16285081704457602,-0.1857561394572258,-0.18093277141451836,-0.18066301941871643,-0.17794859906037649
0.049972832202911377,0.0674501471221447,0.084570477406183883,0.0,0.11162791028618813,0.13864968717098236,0.17584838718175888,0.20500561594963074,0.20365370064973831,0.0,0.204186849296093,0.2055298388004303,0.21734371781349182,0.18456590175628662,0.16419334709644318,0.13254731893539429,0.0,0.10776104778051376,0.083313420414924622,0.0,0.027284334413707256,-0.017663376405835152,0.0,-0.066970176994800568,-0.074879355728626251,-0.061006419360637665,-0.064467702060937881,-0.0676998719573021,-0.075866267085075378,0.0,-0.11053498089313507,-0.11965213716030121,-0.12199600040912628,-0.12361513078212738,-0.12589730322360992,-0.12555046007037163,-0.12034783884882927,-0.11690495163202286,-0.12121071666479111,-0.16220654547214508,-0.16960938771565756,-0.17146329085032144,-0.18091843277215958
0.022262861952185631,0.039123239926993847,0.052535198628902435,0.081358291208744049,0.12076152861118317,0.11484549194574356,0.15757705271244049,0.18972389400005341,0.21695895493030548,0.22338582575321198,0.0,0.23880340903997421,0.24234737455844879,0.0,0.20748896896839142,0.16722643375396729,0.15122470259666443,0.10520201921463013,0.0,0.068768881261348724,0.017791323363780975,-0.015249012038111687,-0.033962108194828033,-0.058188319206237793,0.0,-0.10147817432880402,-0.094828754663467407,-0.086987562477588654,-0.11183445900678635,-0.11279015988111496,-0.14222811162471771,-0.13725518435239792,-0.12721698731184006,-0.1222989484667778,-0.12086917087435722,-0.13536396622657776,-0.11781112849712372,-0.11181841045618057,-0.125574991106987,-0.14999295771121979,-0.16764275232950845,-0.164581298828125,-0.16668514410654703
0.011475124396383762,0.023434514179825783,0.046840561553835869,0.0618273951113224,0.09408806636929512,0.1315329372882843,0.0,0.17951174825429916,0.20762299001216888,0.23122353851795197,0.25498718023300171,0.0,0.261286199092865,0.24865441024303436,0.0,0.21922057867050171,0.1782708615064621,0.15643401443958283,0.11223818734288216,0.0,0.040391590446233749,-0.01776568591594696,-0.040380634367465973,-0.081839822232723236,-0.10195674747228622,-0.1270689070224762,-0.12704769894480705,-0.12094432860612869,0.0,-0.14108683168888092,0.0,-0.155415341258049,-0.14623907208442688,-0.11960191279649735,-0.11974066868424416,-0.11500784382224083,-0.10341978445649147,-0.11077354848384857,-0.13995436578989029,-0.16004153092702231,-0.16179993003606796,-0.15064830084641775,-0.154023215174675
0.016150791198015213,0.0303408345207572,0.05215640552341938,0.069504790008068085,0.078234173357486725,0.1111731231212616,0.14866916090250015,0.0,0.19315344840288162,0.21599693596363068,0.24014678597450256,0.2654135525226593,0.265848845243454,0.0,0.2521330714225769,0.0,0.23206959664821625,0.18520651757717133,0.1432885080575943,0.092616073787212372,0.056429710239171982,0.024127224460244179,-0.039521906524896622,0.0,-0.10768818482756615,0.0,-0.15100722014904022,-0.15079901367425919,-0.15102322399616242,-0.16970932483673096,-0.16533297300338745,-0.17398975789546967,-0.15282834321260452,-0.12993872910737991,-0.12156201153993607,-0.1102496050298214,-0.10496442392468453,-0.12772775813937187,-0.15372007340192795,-0.16051701207955679,-0.15870616833368936,-0.14702274277806282,-0.15228380262851715
0.027936588972806931,0.046125210821628571,0.0627701636403799,0.075757972896099091,0.090937919914722443,0.0,0.13703601807355881,0.16742563992738724,0.18389043211936951,0.0,0.21406839787960053,0.23752781003713608,0.26266449689865112,0.2640460729598999,0.25634914636611938,0.25504380464553833,0.21683000028133392,0.0,0.17819482088088989,0.11463049799203873,0.071203671395778656,0.037750590592622757,-0.0055955392308533192,-0.07710188627243042,-0.12069618701934815,-0.1346064954996109,-0.15536414086818695,-0.1736363023519516,-0.18101729452610016,0.0,-0.19155944883823395,-0.19769710302352905,-0.15530933439731598,-0.13863462209701538,-0.12680062279105187,-0.11699067056179047,-0.12264885008335114,-0.13209144771099091,-0.15345414727926254,-0.16133777797222138,-0.14490532875061035,-0.14391882717609406,-0.14771386981010437
0.05564272403717041,0.071984089910984039,0.078270040452480316,0.09286460280418396,0.11378858238458633,0.13689577579498291,0.15663138031959534,0.0,0.17204543948173523,0.19025211036205292,0.0,0.21442298591136932,0.256604939699173,0.27160641551017761,0.27039295434951782,0.2669416069984436,0.25361743569374084,0.23246049880981445,0.2092665433883667,0.15255133807659149,0.0,0.0616698507219553,-0.00025418089353479445,-0.049428801983594894,-0.10379456728696823,-0.12443549185991287,-0.16133181005716324,-0.17907935380935669,0.0,-0.19712567329406738,-0.20029208064079285,-0.1963191032409668,-0.17145262658596039,-0.15229030698537827,-0.13957662880420685,-0.12780850753188133,-0.13699308782815933,-0.15177332609891892,-0.14916983991861343,-0.1438174694776535,-0.12994273751974106,-0.12874802388250828,-0.14824899037679037
0.09284580871462822,0.10594324395060539,0.11433009803295136,0.12013709172606468,0.12952379882335663,0.14552688598632813,0.1542159765958786,0.15503638982772827,0.15698100626468658,0.17222689092159271,0.20612823963165283,0.0,0.23862548917531967,0.0,0.27611815929412842,0.286409392952919,0.28142613172531128,0.25268795341253281,0.21563921868801117,0.1872158944606781,0.13642075285315514,0.0,0.047869458794593811,-0.024588558822870255,-0.080997580662369728,-0.12530985474586487,-0.16583047062158585,-0.18799209594726563,-0.19658438861370087,-0.20542483776807785,-0.210272416472435,-0.21097703278064728,-0.20435281097888947,-0.18278405070304871,-0.16103608161211014,-0.14689922332763672,-0.16149355471134186,-0.15466097742319107,-0.13265334069728851,-0.11927424743771553,-0.11536544933915138,-0.12272156029939652,-0.13572536408901215
0.12929689139127731,0.13364675641059876,0.1349746584892273,0.14060987532138825,0.14518777281045914,0.15073946118354797,0.15207566320896149,0.14583869278430939,0.15769107639789581,0.16448032855987549,0.1925954595208168,0.22125875949859619,0.25892409682273865,0.27097436785697937,0.27897191047668457,0.28853031992912292,0.29209709167480469,0.2809026837348938,0.25690147280693054,0.21690463274717331,0.0,0.12980762124061585,0.07683253288269043,-0.021229581907391548,0.0,-0.11226794868707657,-0.15363889187574387,-0.18359807133674622,-0.20312688499689102,-0.21405936777591705,-0.22511675208806992,-0.23396037518978119,-0.2236490324139595,-0.20027539134025574,-0.18861318379640579,-0.18004839867353439,-0.1745837926864624,-0.15490983426570892,-0.11607691645622253,-0.1099788062274456,-0.11000147461891174,-0.11929380148649216,-0.12485728785395622
