SouthSea_Web/demo/jsonfile/2017-12-14-13.json
{"header": {"parameterUnit":"m.s-1","parameterNumber":2,"dx":0.1,"dy":0.1,"parameterNumberName":"Eastward current","la1":29.0,"la2":12.0,"parameterCategory":2,"lo2":131.0,"nx":250,"ny":171,"refTime":"2017-12-14T13:01:52.5","lo1":106.0}, "data":
[rows 57 to 75 of 171, columns 168 to 209 of 250]
0.20532376070817313,0.2283069140144757,0.24195136328538258,0.2845354755719503,0.28124428221157621,0.29869485087692738,0.29846867546439171,0.28609053151948111,0.2788172937356509,0.27851848517145428,0.24581524108846983,0.2125275582075119,0.18000781784454981,0.14129737445286342,0.096889705707629517,0.052426530979573727,0.025015552528202534,0.017224729992449284,0.031472463781634964,0.043503329157829285,0.035726947089036308,0.0086050370882730931,-0.0080181874800473452,-0.012552086031064391,-0.022103818133473396,-0.010120759950950742,-0.00574934168253094,-0.013805258087813854,-0.02439217207332452,-0.02597030159085989,-0.030826841791470844,-0.038735845436652504,-0.052842089906334877,-0.052478553727269173,-0.03816604738434156,0.015743931755423546,-0.0064907548949122429,0.013240547074625889,-0.0027479482814669609,-0.0071797741111367941,-0.010651816613972187,-0.020896423608064651
0.16146733363469443,0.20250948690451109,0.21774428884188335,0.24632124044001102,0.26762473796095165,0.26070410127823168,0.26905940260205952,0.25953500096996623,0.25568359631758469,0.24716514199972153,0.2213322872465307,0.18365109525620937,0.14908388008673987,0.10740358914647784,0.069900184869766235,0.035889634396880865,0.014674420468509197,0.027965143943826359,0.048020545393228531,0.046475881710648537,0.026344163343310356,0.0042684402239198489,-0.016446751076728106,-0.026071018539369106,-0.035350165640314422,-0.033082054927945137,-0.02780360107620557,-0.027068674564361572,-0.024594486691057682,-0.026702520127097767,-0.038382463157176971,-0.053525324910879135,-0.064140968024730682,-0.073474839329719543,-0.077289629727602,-0.051477052271366119,-0.037603767588734627,-0.030842247419059277,-0.038265636190772057,-0.046850591897964478,-0.061109015097220741,-0.068862654268741608
0.12408091127872467,0.16412348300218582,0.19067317806184292,0.21421193977197012,0.22050180228856894,0.20361929599727904,0.20772780105471611,0.21321553885936737,0.2188513996926221,0.20526391081511974,0.18307361337873671,0.15692653613431112,0.11683436203747988,0.067004836164414883,0.050330780446529388,0.029405543114989996,0.025400852784514427,0.0418720580637455,0.041207710281014442,0.042711971948544182,0.01707814447581768,-0.00073889860262473428,-0.020246162079274654,-0.035908931866288185,-0.05333087220788002,-0.0530187264084816,-0.036148456856608391,-0.021881897933781147,-0.019527249969542027,-0.024888923391699791,-0.043752290308475494,-0.063455097377300262,-0.085264012217521667,-0.089747902005910873,-0.11922193691134453,-0.10222539554039638,-0.083444241434335709,-0.0692980233579874,-0.075918838381767273,-0.0988767072558403,-0.11223601922392845,-0.11111251637339592
0.074971695989370341,0.12065866245673253,0.13998112827539444,0.16403190099767276,0.15771073227127394,0.136322554733072,0.12523975782096386,0.13482447465260825,0.15080509334802628,0.14675662387162447,0.13249324013789496,0.13566940597125463,0.091684533903996154,0.043624624609947205,0.027125143632292747,0.0313905676205953,0.034416951239109039,0.027325110509991646,0.022776789963245392,0.024871265050023794,0.011842949781566858,-0.0050373071959863109,-0.02487649954855442,-0.033523810096085072,-0.052339006215333939,-0.060902975499629974,-0.042017200340827308,-0.023135603715976078,-0.020107363350689411,-0.028059320524334908,-0.044995926320552826,-0.064230810850858688,-0.093587644398212433,-0.12010464072227478,-0.14806618541479111,-0.14706304669380188,-0.12385324761271477,-0.09449932724237442,-0.10656500607728958,-0.14258000999689102,-0.16121028363704681,-0.16565897315740585
0.0034075657437954631,0.042963949099850234,0.0611644309014082,0.10144348442554474,0.10630237311124802,0.089964326471090317,0.073194517195224768,0.060002265328710731,0.0781109057366848,0.091890906915068626,0.091093967003481727,0.10291704908013344,0.058328261226415636,0.014561679214239121,0.014052229234948754,0.026305982222159702,0.016414201818406582,-0.0015626139938831329,-0.0052580346042911215,-0.008147183689288795,-0.010078310035169125,-0.020147005096077919,-0.020983477123081684,-0.0412353885670503,-0.065630631521344185,-0.067250020802021027,-0.050259951502084732,-0.034404877573251724,-0.033880695700645447,-0.045443039387464523,-0.061206094920635223,-0.087207097560167313,-0.10676468163728714,-0.14493799209594727,-0.17195070534944534,-0.182797372341156,-0.14378440380096436,-0.12070953845977783,-0.13336014747619629,-0.17371121048927307,-0.19830664992332459,-0.21743516623973846
-0.054279347509145738,-0.0398757022630889,-0.0070061563155225789,0.055221002424756686,0.071654184410969421,0.062154197348998144,0.037032616531683341,0.010119018443219829,0.021421473176980562,0.037987682851962745,0.047068219321469464,0.056298798322677611,0.036703769117593765,0.003906171699054539,0.011652343440800905,0.007461941335350275,-0.0061064402107149363,-0.040252893231809139,-0.057331645240386329,-0.042062044143676758,-0.032703696750104427,0.0,-0.016365007497370243,-0.026975738815963268,-0.060552056878805161,-0.068144042044878,-0.059012535959482193,-0.041773993521928787,-0.043991189450025558,-0.056880500167608261,-0.074391331523656845,-0.086738824844360352,-0.12092939019203186,-0.16882071644067764,-0.19526020437479019,-0.19761347770690918,-0.17404060065746307,-0.15506774187088013,-0.1730814203619957,-0.20004903525114059,-0.23035671561956406,-0.24941597133874893
-0.0772970337420702,-0.08145854861608573,-0.039228206428770833,0.035489908264329038,0.06238452803630095,0.043817148357629773,0.0077510298566873343,-0.030260657193139195,-0.024118059366527531,-0.014334766734724067,-0.0054634257020162681,0.011470969393849373,0.0098505541682243347,-0.0018342651892453432,-0.00016226779553107917,-0.028924604877829552,-0.04329545795917511,-0.082037528355916337,-0.096415985375642776,-0.0868152566254139,-0.066851407289505,-0.036043558890620865,-0.000713093439117074,0.00059980619698762894,-0.045055568839112915,-0.071350254118442535,-0.0729677863419056,-0.0546229612082243,-0.051342029124498367,-0.064147260040044785,-0.0786806158721447,-0.094461496919393539,-0.13633386790752411,-0.20114884525537491,-0.22641865164041519,-0.22592779248952866,-0.20243004709482193,-0.1869230791926384,-0.19261923432350159,-0.22030679881572723,-0.2575436532497406,-0.28787635266780853
-0.081189171969890589,-0.087329471374259282,-0.053443060256540775,0.024513604779106874,0.051446295343339443,0.034099597483873367,-0.0014020464084751438,-0.0472332239151001,-0.053893991435567536,-0.053767438977956772,-0.041999651119112968,-0.0073623284891558187,-0.00115024433034705,-0.0079765401314944029,-0.014847651589661837,-0.031258099712431431,-0.068946248541275665,-0.10486933961510658,-0.12214269489049912,-0.10917158424854279,-0.089449122548103333,-0.034694451838731766,0.0061538629233837128,-0.0083134175123025979,-0.045990816317498684,-0.07261371985077858,-0.070833586156368256,-0.056156344711780548,-0.056828847154974937,-0.0662199929356575,-0.072623062878847122,-0.10396602749824524,-0.16596594452857971,-0.23966024070978165,-0.26285380125045776,-0.25815869867801666,-0.22942715883255005,-0.20759333670139313,-0.20497096329927445,-0.23895855247974396,-0.26746523380279541,-0.32168038189411163
-0.074677230091765523,-0.080309866544078373,-0.073488412691014152,-0.0093877343460917473,0.031115787769002572,0.033431828529997307,0.0064385232981294394,-0.041751031577587125,-0.066091330721974373,-0.063649376588208337,-0.047993025432030358,-0.017813121744741995,-0.011115023439439634,-0.026877523399889469,-0.043484945315867662,-0.062239246442914009,-0.10012598832448323,-0.13744005560874939,-0.14529114961624146,-0.12172022461891174,-0.08085966482758522,-0.024759773630648851,0.014125803019851446,0.0042723083170130849,-0.0395210844775041,-0.068250086158514023,-0.062602557241916656,-0.055341962724924088,-0.056489799171686172,-0.064010849843422576,-0.088082481175661087,-0.13428302109241486,-0.180020272731781,-0.23467124998569489,-0.28044618169466656,-0.27015265822410583,-0.24480371177196503,-0.20569438487291336,-0.22371767461299896,-0.24978850781917572,-0.29739217460155487,-0.33041167259216309
-0.071431116866213937,-0.092085389154297967,-0.12335557838280996,-0.065042557194828987,-0.00850971604655472,0.039027088321745396,0.032137819565832615,-0.020975897616153816,-0.07156210796286662,-0.0658894640703996,-0.050515080243349074,-0.043819427490234375,-0.057285352610051632,-0.069443689038356141,-0.080991069475809738,-0.0815601497888565,-0.11106898138920467,-0.1482040137052536,-0.16007569432258606,-0.13787305727601051,-0.082999929785728455,-0.019901270978152752,0.0047477024490945041,-0.012906338102766313,-0.026362240314483643,-0.056475834921002388,-0.062044015154242516,-0.060021970421075821,-0.064112432301044464,0.0,-0.08260552957654,-0.11620986213286717,-0.18218004703521729,-0.25322270393371582,-0.25124063342809677,-0.24951785057783127,-0.20000642538070679,-0.18852762132883072,-0.20456449687480927,-0.22342661023139954,-0.28495283424854279,-0.3227999359369278
-0.088385714590549475,-0.136541469132199,-0.16744160453478496,-0.11276553251913615,-0.049223164593180019,0.030621306314556437,0.0430447498167103,-0.016725623634556541,-0.083650572225451469,-0.0860177150794438,-0.084509981796145439,-0.099656315147876734,-0.11519440884391467,-0.11769687011837959,-0.11514834314584732,-0.10142798721790314,-0.12256096800168355,-0.14912981539964676,-0.15812842547893524,-0.13670950382947922,-0.086093805730342865,-0.017255678632257816,0.0097401172388345,-0.00037722103297710419,-0.0026753237470984459,-0.032480380497872829,-0.047040510922670364,-0.058603614568710327,-0.077793333679437637,-0.080323647707700729,-0.091963127255439758,-0.12672607600688934,-0.15448325872421265,-0.20559898018836975,-0.20533739030361176,-0.22001653909683228,-0.19547833502292633,-0.16034261882305145,-0.17940623313188553,-0.24189683794975281,-0.29226651787757874,0.0
-0.12305399725834529,-0.20650998751322428,-0.23238720695177714,-0.1359557225368917,-0.044245330350739617,0.0075975406851450152,0.02557879649102688,-0.032190091442316771,-0.1136644793053468,-0.12898368494851248,-0.140517886195864,-0.15436530113220215,-0.156079438328743,-0.14329418043295542,-0.12334510187307994,-0.11033839732408524,-0.12146814664204915,-0.14419715851545334,-0.15691763907670975,-0.14138162136077881,-0.091853253543376923,-0.012589801102876663,0.009895719587802887,0.028931419365108013,0.0,-0.031154796791573364,-0.067209742963314056,-0.082555446773767471,-0.0850825160741806,-0.075172368437051773,-0.0788266584277153,-0.08402535505592823,-0.11472149193286896,-0.17383947223424912,-0.20584907382726669,-0.19302307814359665,-0.17417573928833008,-0.17635954916477203,-0.18585153669118881,-0.23349985480308533,-0.28970232605934143,-0.33882711827754974
-0.14741876075665156,-0.25320327083269756,-0.30195437930524349,-0.20230410993099213,-0.074865900512252531,-0.010857049153525044,-0.0070037057041190563,-0.076942505314946175,-0.16638992913067341,-0.18481600497450149,-0.18684635311365128,-0.1890669415394465,-0.17145080864429474,-0.14722923934459686,-0.11554334064324696,-0.10241273790597916,-0.099100793401400253,-0.13251586258411408,-0.14574062079191208,-0.13589063659310341,-0.082031849771738052,-0.0044596185907721519,0.049813512712717056,0.059280898422002792,0.016763800289481878,-0.031707665417343378,-0.0762705107529958,-0.08866560086607933,0.0,-0.063094861805439,-0.028180327576895554,-0.052757985889911652,-0.079199118539690971,-0.14292361959815025,-0.16897716373205185,-0.17058932036161423,-0.15926647186279297,-0.17198783904314041,-0.19167939573526382,-0.21683663129806519,-0.29991564154624939,-0.33167657256126404
-0.16854870777863723,-0.27203398446242016,-0.33166752457618714,-0.24759439059666225,-0.15219294279813767,-0.076057820496234024,-0.057155236415565011,-0.12763206474483013,-0.21447613622461045,-0.22191369285186133,-0.20149731387694678,-0.19702103734016419,-0.17977080047130584,-0.12575684736172357,-0.09150991402566433,-0.077567774802446365,-0.078683290630579,-0.10025843729575475,-0.12052231281995773,-0.10856710001826286,-0.052876513451337814,0.025161624420434237,0.0717714677254359,0.054940059781074524,0.017552851815707982,-0.038405769504606724,-0.084966450929641724,-0.08237321674823761,-0.054969300826390587,-0.010648457333445549,0.0029422801453620195,0.0,-0.045136557891964912,-0.1161438450217247,-0.16150934994220734,-0.16770608723163605,-0.16540105640888214,-0.17293144017457962,-0.20267358422279358,-0.24192914366722107,-0.29644976059595746,-0.36606423556804657
-0.17846157054106396,-0.27025914390881856,-0.35959902230431051,-0.30079867797238485,-0.2259748508532842,-0.1443670324303887,-0.11160354316234589,-0.17733985930681229,-0.25606219656765461,-0.22733073149408614,-0.2057025283575058,-0.19645090401172638,-0.1500888355076313,-0.087892636656761169,-0.061355743557214737,-0.053323702265818916,-0.056363999843597412,-0.080664798617362976,-0.11531071364879608,-0.083227064460515976,-0.030045810155570507,0.025630835443735123,0.055142621199289955,0.035955575294792652,0.0071171722374856472,-0.02946992707438767,-0.058409946039319038,-0.0698220543563366,-0.026038905275830377,0.019966668449342251,0.0,0.022744761779904366,-0.065625090152025223,-0.13605599353710809,-0.16372819989919663,-0.16432996094226837,-0.16659922152757645,-0.18366757780313492,-0.20932555943727493,-0.24702687561511993,-0.34509816765785217,-0.38457325100898743
-0.19965156123918645,-0.29449217898004193,-0.37953227013349533,-0.34363559683163963,-0.28649578988552094,-0.19877028006773728,-0.14695099741220474,-0.20834854741891226,-0.27433466911315918,-0.2361809206860406,-0.20490606874227524,-0.19178109169006347,-0.12313035689294338,-0.056823810562491417,-0.036265360191464424,-0.037044601980596781,-0.047285361215472221,-0.0775492216149966,-0.10314849391579628,-0.0739695094525814,-0.022736934944987297,0.019800192676484585,0.039144406095147133,0.033546596144636474,0.0089731237385422,-0.010666756425052881,-0.031841758638620377,-0.039202034473419189,-0.0021813726052641869,0.051850110292434692,0.036892792209982872,-0.0080768931657075882,0.0,-0.12330716848373413,-0.16467218101024628,-0.16483977437019348,-0.16516819596290588,-0.16112622618675232,-0.21230107545852661,-0.24438213557004929,-0.31394541263580322,-0.36694216728210449
-0.24428235832601786,-0.31100896331999039,-0.39225643475850425,-0.37483181272234234,-0.31917186081409454,-0.24357099424708972,-0.18119480378097957,-0.21855433098971844,-0.2815121442079544,-0.24215735495090485,-0.21308369934558868,-0.19346296414732933,-0.13911235705018044,-0.0664416566491127,-0.041110207637151085,-0.040642566978931427,-0.0629592016339302,-0.0887883131702741,-0.10222030058503151,-0.06540101021528244,-0.0091226021759212017,0.031869061291217804,0.048328718170523643,0.042093722770611443,0.019487455254420638,0.0018695387989282608,-0.02270670747384429,-0.014528177212923765,0.01085591153241694,0.022485475987195969,0.03503812849521637,-0.021587864030152559,-0.0778313223272562,-0.17343641817569733,-0.17633445560932159,-0.16869955509901047,-0.16601449251174927,-0.16296415030956268,-0.1768922284245491,-0.2198689803481102,-0.284333735704422,-0.34854292869567871
-0.2636529803276062,-0.318670822514428,-0.3893011212348938,-0.39125693908759523,-0.34605731708662851,-0.26706822893836279,-0.20466647906736893,-0.23392666503787041,-0.28888002038002014,-0.25709693878889084,-0.23187254741787911,-0.2280106395483017,-0.15753419250249862,-0.085355679194132492,-0.05863419733941555,-0.0618595244983832,-0.08054795116186142,-0.094083016117413834,-0.1008676141500473,-0.053591299802064896,0.01878722757101059,0.051729515194892883,0.072927750647068024,0.052381428579489388,0.02624599845148623,-0.015543590416200459,-0.0178468469530344,-0.027010293677449226,-0.02972895372658968,0.021349217277020216,-0.0033842318225651979,-0.089378222823143,-0.10380182787775993,-0.16750109195709229,-0.18272674083709717,-0.15965192019939423,-0.15967784821987152,-0.16658475995063782,-0.15466822683811188,-0.2140890508890152,-0.27573856711387634,-0.33132804930210114
-0.276324812322855,-0.31276188045740128,-0.38990679809025358,-0.3815704561196841,-0.33282672546126624,-0.25141584724187849,-0.20999426075390407,-0.23883426561951637,-0.29186623692512514,-0.28244993090629578,-0.26589410006999969,-0.2539106085896492,-0.199168731768926,-0.114883986612161,-0.087044339627027512,-0.083946558336416885,-0.08065345510840416,-0.0834137611091137,-0.086364064365625381,-0.032868903130292892,0.047482676804065704,0.077453799545764923,0.0831255167722702,0.0641329288482666,0.0048391139134764671,0.0,-0.058327281847596169,-0.083523359149694443,-0.075937844812870026,-0.035743760876357555,-0.057460429146885872,-0.054375238716602325,-0.13951067999005318,-0.1826741099357605,-0.18710748851299286,-0.173240527510643,-0.15909425169229507,-0.15364767611026764,-0.16021991521120071,-0.19492961466312408,-0.25599488615989685,-0.31269684433937073
