SouthSea_Web/demo/jsonfile/2017-12-14-09.json
{"header": {"parameterUnit":"m.s-1","parameterNumber":2,"dx":0.1,"dy":0.1,"parameterNumberName":"Eastward current","la1":29.0,"la2":12.0,"parameterCategory":2,"lo2":131.0,"nx":250,"ny":171,"refTime":"2017-12-14T09:00:00","lo1":106.0}, "data":
[rows 38 to 56 of 171, columns 168 to 209 of 250]
-0.088906088494695723,0.0068229307154459616,0.14607440121471882,0.26522438526153563,0.2603298286596934,0.19799975837979997,0.13182041002437472,0.12423745411283829,0.17014465574175119,0.19103371898333232,0.22444809873898824,0.22431568056344986,0.26091018319129944,0.30118021368980408,0.30877403489180971,0.28664141334593296,0.28762749210000038,0.27747846075466703,0.20275142087655909,0.15097001294294993,0.17443937852102168,0.17373017528477838,0.18020492114804007,0.15961335923360742,0.1325192398702105,-0.0090302850696302589,-0.13531849209381186,-0.22327730556329092,-0.264948498744231,-0.24387001097202302,-0.14607626013457775,-0.041390482150018212,0.030504429120231758,0.092222093045711523,0.11619388229317135,0.10256126616150141,0.055035070399753749,-0.00964165773309235,0.0059211268136485683,0.021426248364150524,-0.015550807850169284,-0.060656681035955749
-0.12011237815022469,-0.02981471935944522,0.077651038416661322,0.17582116772731146,0.20937204017088965,0.18586952721371369,0.16046922840178013,0.1533437104601609,0.1994498214300941,0.26944408379495144,0.31314045985539757,0.25620828568935394,0.27291800826787949,0.29459444327013834,0.28452448174357414,0.2727222740650177,0.26924645155668259,0.25101191337619511,0.16143556634585063,0.19628965947777033,0.18443032933606041,0.1263093838566228,0.13869826753552145,0.083422084718390743,0.02831599446599958,0.069546783003412813,-0.10978791470590391,-0.20375516923034892,-0.13629182800650597,-0.052699259697244719,0.046423722345095411,0.093087149597704408,0.080486624416979874,0.11044002663005482,0.089627204835414892,0.063894331920892,0.030593304894864559,0.025269333007080213,0.033850429313523431,0.022062876572211582,-0.0060724432114511728,-0.012019903631880879
-0.12736664712429047,-0.049457152276054808,0.047761442760626473,0.1210381863148589,0.16049620043486357,0.16012065813821905,0.15296643109698044,0.15071722952758565,0.20240893587470055,0.30385617824161754,0.32450557313859463,0.29043364028135937,0.3099595537552467,0.30154895037412643,0.25256871432065964,0.24604548250927644,0.21662440257413046,0.16007924452424049,0.11984740135570367,0.14474418358160898,0.1376759740523994,0.059528653848577633,0.082336277700960636,0.011180813102615312,-0.17271432491100353,-0.017188964344677517,0.019583617838529441,-0.041187501649427062,0.0356720974396012,0.081453046202659612,0.10466346268852551,0.12853298988193274,0.12959467247128487,0.13533369749784469,0.06020590580172009,0.030959525810820714,0.040020027508338295,0.067021677004439492,0.063303890948494271,0.030029379917929571,-0.0027225794813906154,0.011667264705465641
-0.09424287173897028,-0.034128914380239114,0.043871691058340823,0.082679700763786543,0.11265303641557693,0.12610409173526263,0.12518463064642513,0.15758645008592045,0.24400516599416733,0.32433026327806358,0.32845542828241986,0.29467500050862633,0.28666706295574412,0.22933080593744915,0.18719792709900782,0.15542118091668403,0.12364006730226371,0.12166892054180305,0.10602815793110774,0.10400382228768788,0.048212718415575534,-0.0354858609692504,-0.054178477909702524,-0.067739057071183037,-0.10269817851561432,0.013519216520226982,0.014327175337423729,0.039915519724176687,0.15733603305286831,0.14935836515256337,0.18496966308781079,0.19861564412713051,0.21200838353898791,0.11822221055626869,0.055471065143744148,0.035238534910604358,0.063938618171960115,0.094215764353672668,0.083806949357191726,0.032846425939351317,-0.00056172818100700772,0.028694728389382362
0.016066191130844149,0.043590249059806491,0.085286767000243777,0.085278439521789554,0.11312568187713623,0.1108912069350481,0.12283893586958156,0.19373264991574818,0.27118510007858276,0.31934576729933423,0.32807175552143769,0.26593345403671265,0.2232361756838285,0.16935544461011887,0.083141629149516422,0.054214773941426896,0.040656995493918657,0.021399204541618626,-0.044393660249904945,0.038341533599628344,-0.014414067380130291,-0.085263177255789441,-0.18931890867258372,-0.16286403513341038,-0.12322067595390684,-0.011921671178424732,-0.067910981693250286,-0.054035673402501525,0.14827601239085197,0.24387288590272269,0.215662800348722,0.17612191869152916,0.13308032006025314,0.079368600414858922,0.060426302254199982,0.063794314240415886,0.085201727847258255,0.10364573945601781,0.11248160302639007,0.075860915705561638,0.029130433065195877,0.067101394757628441
0.11024261899292469,0.087251549320561547,0.12148459187962792,0.11694401316344738,0.11041274836117571,0.11096999682486057,0.13959229489167532,0.20585763785574171,0.24292041775253084,0.26554198283702135,0.20667889825999736,0.1227298378944397,0.098606036842933717,0.067182723578298464,0.00987196547122529,-0.0053366811235288254,-0.014913405890443496,-0.056479926204441915,-0.19625006926556429,0.032269338921954237,-0.033161599571550529,-0.075798290853316963,-0.090850537544802615,-0.11485053226351738,-0.042614326305818143,-0.023711040001273012,0.0062642516779967327,0.12793756101746112,0.22849049520763484,0.23051252216100693,0.18155928062541143,0.12476153150200844,0.0874239852031072,0.067734920730193451,0.054061196212257655,0.059398970965828211,0.077572417755921677,0.10907779447734356,0.13313301503658295,0.12753157565991083,0.13279819488525391,0.19268236557642618
0.13134009569883345,0.12810132146946021,0.16973660756712375,0.10437993980944156,0.077955182996534172,0.1388329416513443,0.19038349472814137,0.19250813477179585,0.18129161670804023,0.14779518952681905,0.06884483268950134,-0.043878039766031392,-0.045671744887450974,-0.0458528189919889,-0.080840041674673555,-0.068204861446948983,0.02763580020982772,-0.02685027914897849,-0.15932656937677944,-0.13000388208914687,0.012763493151093522,0.0069232198293320835,-0.01538340776012494,-0.0047761082969373092,-0.0019284673338836949,0.048898168795165564,0.15680649104927266,0.20926598498695775,0.19662813511159685,0.17136606260349876,0.12777705552677313,0.080394907639576838,0.068195796261231109,0.046886297741106579,0.038456576743296216,0.048704368372758232,0.06975817605853081,0.10880722602208455,0.13982646663983664,0.17535444100697836,0.22550910711288452,0.25463196635246277
0.17312407299228336,0.21175220744176346,0.1530265387361093,0.034609403249730046,0.17857656230529148,0.23808895746866862,0.21601961459964514,0.1601913007242339,0.10485811271549513,-0.0041859819454354392,-0.027296376813735281,-0.0737030268769319,-0.076986504464664249,-0.10110707492345855,-0.17034342075171677,0.011360263114176249,0.068085204979235481,0.0045963381205431442,0.017258662216287728,0.097731988139760986,0.18449950441718102,0.097081059912362919,0.039293421565421989,0.0516341609450487,0.071866046388943991,0.097868550036634722,0.12036281277736029,0.1271875833471616,0.11771722367176643,0.10028957288998824,0.067139373160898685,0.051680651493370533,0.049768717028200626,0.035722842173916955,0.044539731306334339,0.064283613115549088,0.090738552312056228,0.14793954292933145,0.18387924134731293,0.22610133389631906,0.25668517251809436,0.28275686502456665
0.26996016299182718,0.33024837366408771,0.3355090694830698,0.30122136484299389,0.37286926543011384,0.35558911971747875,0.26280763745307922,0.15940392146939816,0.023932594516924744,-0.13538183200187862,-0.049506833124504393,-0.060400858959730935,-0.079963148305458684,-0.0979382890311755,0.0,0.014322798331984533,-0.0075771676169501413,0.018875230414172012,0.042936622863635421,0.10757176660829121,0.18857680396600204,0.19227832406759263,0.10942639335989952,0.076122622191905978,0.076890985553081215,0.0887507926672697,0.10054447767989976,0.10919159054756164,0.10228672488169237,0.0904681384563446,0.05575810931622982,0.038113356335088611,0.026756123950084049,0.036915850515166916,0.0662483861669898,0.090668562799692154,0.12185411155223846,0.15234866738319397,0.1924368292093277,0.23938824236392975,0.27699388563632965,0.30151581764221191
0.37724781533082324,0.42344958944754169,0.47201911698688159,0.46159162833577111,0.44150304443695965,0.41485690895248861,0.30327693329137917,0.19011773796457993,0.01035854110822958,-0.088395832980879482,-0.14997080639004706,-0.10754455094905319,-0.10590090033365414,-0.16816663629336592,-0.059793961182650596,-0.075602510657448038,0.048005693570303265,0.070464673638343814,0.10256608846512708,0.13004107698798179,0.16326946426521649,0.16624898666685278,0.12266876325011253,0.092368162340588034,0.095309596170078628,0.0783807571977377,0.058600520342588426,0.083595515125327646,0.098361294302675456,0.12071555852890015,0.10072439577844408,0.081449061011274651,0.054166218638420104,0.057236190885305405,0.083959300071001053,0.10779297053813934,0.13075780682265759,0.14595716819167137,0.19712147613366446,0.23556556552648544,0.25927761197090149,0.25862293690443039
0.43591965522084919,0.449014649504707,0.45721909829548429,0.53342729631592245,0.53906653019098139,0.48013577741735119,0.38918391149491072,0.23391940272771394,0.14298591916175449,0.031267603981847823,0.0013114889006828889,-0.08278300231083846,-0.16235940295061277,-0.18361478175639229,0.01342708021402359,0.15469413250684738,0.1800313244263331,0.1628620818257332,0.16683354079723359,0.15328332947360146,0.15181060694158077,0.14712697598669264,0.14242152443953923,0.12509492225944996,0.10389942675828934,0.057753862192233406,0.037931287040313087,0.074146755039691925,0.10102086327970028,0.12967816647142172,0.14138546027243137,0.12029004469513893,0.099441960453987122,0.085996633395552635,0.080778153240680689,0.10711555431286494,0.12687209062278271,0.15557371576627097,0.17771246035893759,0.17914251983165741,0.18378273149331412,0.19167226552963257
0.50514746705691016,0.49868292808532716,0.4327612618605296,0.43926949586187092,0.48565286168685329,0.45526911504566669,0.42802507479985558,0.36930274504881638,0.23675109446048737,0.18170379180657237,0.18160829039290546,0.17193145106236141,0.1575511931018396,0.1616455732534329,0.18447050948937735,0.20685788176276468,0.20649962425231933,0.20477656722068788,0.21718423813581467,0.20394359976053239,0.16411384609010485,0.14553094123091018,0.14091887573401132,0.12058472633361816,0.0767219066619873,0.041261838749051094,0.054800561318794884,0.086184675494829818,0.11221038301785787,0.11008847629030545,0.11942896246910095,0.11279381066560745,0.095526103675365445,0.091955708960692092,0.07921515591442585,0.088879600167274475,0.12369205554326375,0.14231140911579132,0.13185871144135794,0.16213299334049225,0.137603297829628,0.12822028746207556
0.52479257186253869,0.53849548101425171,0.50721367200215661,0.46436827736241476,0.43391620715459189,0.40530818700790405,0.40494909069754859,0.41993113855520886,0.33729821691910428,0.26267378131548563,0.071159162055701011,0.091153759509325027,0.12000361416074964,0.19282247275114059,0.25751934448877972,0.273250874876976,0.23308681547641755,0.19673097692430019,0.20220887064933776,0.20188496155398233,0.15046996942588262,0.12592023611068726,0.13108975546700613,0.11367574706673622,0.079990071058273313,0.070448199287056923,0.096525985215391436,0.14426747461160025,0.1785516321659088,0.12959872931241989,0.10667967051267624,0.10091863721609115,0.096572957932949066,0.0870073636372884,0.0888319481164217,0.092236977070569992,0.0917978323996067,0.098259560763835907,0.091298289597034454,0.10225192954142888,0.10714230438073476,0.11416789516806603
0.522552384270562,0.49074152112007141,0.48838227561541964,0.48643319308757782,0.44810669697248018,0.41544080575307213,0.4020887567446782,0.39890593061080348,0.38758893311023712,0.33317828550934792,0.30526893518187781,0.27008205155531567,0.24822028130292892,0.29125660061836245,0.31296295921007794,0.30699468031525612,0.27512361109256744,0.22097955085337162,0.18893331076417649,0.15831361959377924,0.11200243607163429,0.10389152728021145,0.11015344943319048,0.10799922943115234,0.096683667600154871,0.1202718511223793,0.14890516921877861,0.182154843211174,0.20124607781569162,0.17563180128733316,0.13777686655521393,0.15049831569194794,0.1376065711180369,0.1239432655274868,0.07716769352555275,0.053074744840463005,0.044246669858694077,0.039253810653463006,0.062864655628800392,0.073245272040367126,0.095387715846300125,0.10994024574756622
0.513404142525461,0.435757776722312,0.41222056746482849,0.41849244868054108,0.40637834270795187,0.39892627596855162,0.3951950462964865,0.39939040131866932,0.40914822121461231,0.38849531687222993,0.39845083080805266,0.3801964683966203,0.35270662470297381,0.35587732493877411,0.34889215230941772,0.32870270684361458,0.29780693848927814,0.2413957417011261,0.15586236715316773,0.10805277153849602,0.064095260309321542,0.074707250297069552,0.094157698750495913,0.0903263899187247,0.090898843482136726,0.12024132162332535,0.13932798504829408,0.1583276242017746,0.16299666091799736,0.1577121913433075,0.1270402055233717,0.13285510738690695,0.1172795295715332,0.083995077759027481,0.034623927747209869,0.019997484982013702,-0.0042855701176449656,-0.018943937495350838,0.0056079162556367619,0.041490351781249046,0.078384082764387131,0.10201910138130188
0.44899017115434009,0.38174094073474407,0.36153628720956688,0.36888025369909072,0.38888473908106486,0.39787507515687209,0.37808667868375778,0.38549429575602212,0.41178364120423794,0.39544205119212467,0.39339140057563782,0.38493186235427856,0.3524307840400272,0.32927235960960388,0.30791083276271819,0.27908135205507278,0.267452253235711,0.21327275782823563,0.13549143945177397,0.053242927975952627,0.024938466586172582,0.050664571672677995,0.085707133635878563,0.097378854950269059,0.12075621075928211,0.15158129036426543,0.15529082218805948,0.15698408335447311,0.14449534813563028,0.12084799756606419,0.080427061766386032,0.066128123551607132,0.037615814246237278,0.034121781277159847,0.015559822010497252,-0.0044536721058345092,-0.018956192769110203,-0.026854163035750389,-0.01326247506464521,0.024663547053933144,0.058736024424433708,0.06938837468624115
0.34584847876900121,0.31227982416749,0.31278603171047409,0.3471786756264536,0.38401119311650594,0.3727155853720272,0.39019651897251606,0.39919546672276091,0.39451716954891497,0.38667847911516823,0.38086724529663724,0.36699160635471345,0.33396574606498081,0.28714234630266827,0.25123930474122363,0.22501404583454132,0.20043277442455293,0.18812244534492492,0.114894337952137,0.034775049736102424,0.011838366463780402,0.039077875514825187,0.059586805601914726,0.087882792577147484,0.11942791007459164,0.12294902155796687,0.11350694298744202,0.10670565254986286,0.08537298534065485,0.062528621405363083,0.030769597738981247,0.0084870339681704845,0.0015079665463417769,0.01694683451205492,0.0073938726272899657,-0.010922515299171209,-0.027911337092518806,-0.03808858866492907,-0.024126332874099415,-0.0057317521423101425,0.015145228244364262,0.060336624582608543
0.26725505905992847,0.25114702652482424,0.25933577470919666,0.28228194080293179,0.32264962441780987,0.34632488659449984,0.36163280290715832,0.38348300059636437,0.37747137993574142,0.35691430047154427,0.3722719887892405,0.35022968692438944,0.32910241352187264,0.26835402473807335,0.2108383114848818,0.18514526883761087,0.1695680797100067,0.14373869821429253,0.083208347360293075,0.025057799182832241,0.0033346222480759025,0.012839634592334429,0.038614470977336168,0.066698160022497177,0.0870659127831459,0.0778917744755745,0.064709771424531937,0.040278170257806778,0.016069425968453288,0.0019577024504542351,-0.030367477098479867,-0.036423610523343086,-0.027276773005723953,0.0072324782765160007,0.0072979005053639412,-0.011263708816841245,-0.032772603444755077,-0.046906504780054092,-0.045651845633983612,-0.032222766429185867,-0.024130447767674923,0.00836451369104907
0.19079270257669337,0.20404988527297974,0.2196594849228859,0.22680609278819142,0.25069263151713778,0.29661335839944725,0.33184307175023214,0.33877024267401012,0.34236639936765034,0.33901548614868748,0.3316205825124468,0.31895645369182934,0.30942444875836372,0.25359625475747244,0.20862971246242523,0.17996405959129333,0.15141646067301431,0.12891520746052265,0.062889912476142243,0.021153590409085155,0.0038313125260174274,-0.0037418073043227196,0.0055281914925823612,0.036625264212489128,0.043413868173956871,0.035629038698971272,0.026582206599414349,0.0090240422869101167,-0.015259186271578074,-0.04214191809296608,-0.055879432708024979,-0.062791578471660614,-0.044464564571777977,-0.024085935205221176,-0.0206458643078804,-0.031668448820710182,-0.057267088443040848,-0.063004959374666214,-0.071021517738699913,-0.063719868659973145,-0.057152500376105309,-0.020609442144632339
