SouthSea_Web/demo/jsonfile/2017-12-14-05.json
{"header": {"parameterUnit":"m.s-1","parameterNumber":2,"dx":0.1,"dy":0.1,"parameterNumberName":"Eastward current","la1":29.0,"la2":12.0,"parameterCategory":2,"lo2":131.0,"nx":250,"ny":171,"refTime":"2017-12-14T04:58:07.5","lo1":106.0}, "data":
[rows 19 to 37 of 171, columns 126 to 167 of 250]
0.0,0.0,0.0,0.0,0.0,0.0,0.0,0.0,0.0,0.0,0.0,0.0,0.0,0.0,0.0,0.0,0.0,0.071502244853510769,0.12720181526572233,0.11988124424296562,-0.039999765604894995,-0.17112851344932945,-0.17366715495785076,-0.17318115396014713,-0.10746785463585008,-0.0460584575557732,0.0061410723186997793,0.028136875641760987,0.065447081334707211,0.06212579158525313,0.067374375501745631,0.054092658683657646,0.053559552305019818,0.095055961050093174,-0.01863167570395903,-0.032572290501915492,-0.034825521521270275,-0.024759243087222178,-0.019335042506766816,-0.025158359167667534,-0.02911134013398127,-0.017932756571099162
0.0,0.0,0.0,0.0,0.0,0.0,0.0,0.0,0.0,0.0,0.0,0.0,0.0,0.0,0.0,0.0,0.043054851552975983,0.12603739362169317,0.10821230408410489,0.019329888296802843,-0.14383699038802689,-0.097984817660887666,-0.14600627856062992,-0.089800519744555149,-0.048616959522554619,-0.018593503650360315,0.027941655858066277,0.025931412333577302,0.023588608590858606,0.028194934891706162,0.028105011166189797,0.01573404875727227,0.013066615139205869,0.089450708844444962,0.0167880873195827,0.00049220166207912064,-0.014985027220973279,-0.027976559785505135,-0.077128094807267192,-0.084038600636025265,-0.10418443474918604,-0.10045926805053439
0.0,0.0,0.0,0.0,0.0,0.0,0.0,0.0,0.0,0.0,0.0,0.0,-0.0006506596109829843,0.0,0.041036331405242286,0.11496911651354619,0.14553759743721456,0.14051157634300915,0.11279483394931154,0.017431888068676925,-0.0734658726202003,-0.12178242588376279,-0.084720901687417111,-0.036275760751838484,-0.0055773928880760229,0.035405946628783234,0.0658740344541994,0.0656739592419139,0.057258179187084791,0.05746254555526234,0.010220954726849283,0.023384902644186065,-0.0040783395525068045,0.0469840309497985,0.039284124271944165,0.073302481696009641,0.024182398268021644,-0.040334342652931808,-0.1070829736334937,-0.10557632272442181,-0.12226491545637448,-0.11501584308488029
0.0,0.0,0.0,0.0,0.0,0.0,0.0,0.0,0.0,0.0,0.063303238004683043,0.054230575546508016,-0.064099771092371458,0.013448257412771151,-0.077504686012356869,0.044721780681903751,0.083731759878829387,0.0769709212181624,0.033538769798454,-0.06771283469320874,-0.12100060548513167,-0.076188479743476187,-0.053089199051008389,-0.0324586563447321,0.013656501831844383,0.053601862786783146,0.1363727565150003,0.16974158638289996,0.16184098208728043,0.1448201721436099,0.11337320068303276,0.090251511679245874,0.059739128819533756,0.076815024018287659,0.0940678883343935,0.064639008707470358,0.066402336116880178,0.02803375490475446,-0.023641050929048408,-0.068856625152485709,-0.11639786064624787,-0.10987031646072865
0.0,0.0,0.0,0.0,0.0,0.0,0.0,0.0,0.0,0.0,0.091293980470341818,0.14575316087273943,0.059663529261054594,-0.043492345372137232,-0.11257231061387239,0.032465564755451246,0.098638308399434507,0.049271811182071065,0.020322581796034529,-0.10443895211210474,-0.051819374784827232,-0.059870428631477284,-0.026022861983316641,0.05473195045688671,0.14038235328539653,0.19251294087531956,0.21030515161427585,0.23236794999012581,0.20564219568456923,0.17786150644807255,0.16625179816037417,0.12212238609790801,0.077380937834580735,0.072540466602032,0.07175002822821791,0.0877571264281869,0.098567505367100239,0.097047293558716774,0.0727419809748729,-0.0058775789104402064,-0.0640581153333187,-0.0976392241815726
0.0,0.0,0.0,0.0,0.0,0.0,0.0,0.0,0.0,0.0,0.14017465103126933,0.26094613634715125,0.035902328488924877,-0.19555125926209724,0.25830508820901132,0.24365160646177278,0.1473750830720105,0.13042613180335036,-0.027868739984712679,-0.035457290977126722,-0.033071443768999266,-0.016884407998441021,0.053892654645356482,0.14298359214745718,0.19049065576299376,0.20864880340439931,0.19579755568078586,0.20103149354457855,0.16388340158896012,0.12256591854726567,0.13070369511842728,0.090008784351604323,0.09053442471971114,0.04633162468671799,0.07716828677803278,0.11605121474713087,0.12018589302897453,0.13308943808078766,0.13530157655477523,0.10846259072422981,0.050036643321315445,-0.033000108599662778
0.0,0.0,0.0,0.0,0.0,0.0,0.0,0.0,0.0,0.0,0.047777924048098025,0.11160788312048206,0.068891581971547572,0.20123846081133262,0.28382750326222506,0.2785208651473125,0.21364050372770638,0.018339063210815593,-0.015874339643607314,-0.029268305407879922,-0.0055700642612688516,0.027733820984365359,0.074635404708056616,0.12811086174784875,0.11806236609864311,-0.0045477694665480937,0.066181819778508871,0.11744853401822704,0.20785427540540696,0.11053639091551304,0.11371618030326706,0.057102520484477282,0.099660881484548255,0.11071003191173076,0.13295035995543003,0.14624091734488806,0.16506340230504671,0.17789065837860107,0.17830424755811691,0.18025908512728556,0.18236545622348785,0.16131693444081716
0.0,0.0,0.0,0.0,0.0,0.0,0.0,0.0,0.0,0.0,0.031901856385437508,0.12205227093561265,0.10762740497624404,0.094438311063128277,0.058895198234558167,0.21703372469970159,0.14877625166009817,-0.032595282968352825,-0.010523461790252176,0.059049280024505692,0.041337735645356588,0.12119360896758735,0.13538893327116966,0.15294868013886517,0.20576934951047102,0.095631611471374833,0.015798171084801044,0.00602009779097335,0.090998196827165562,0.19921159393647137,0.19529407268220728,0.17533938959240913,0.21699072544773421,0.23241862282156944,0.22128018736839294,0.25133750215172768,0.23783702651659647,0.19541006038586298,0.20417025933663049,0.20782976150512694,0.21756019336836679,0.24485611667235693
0.0,0.0,0.0,0.0,0.0,0.0,0.0,0.0,0.0,0.0,0.16238611222555241,0.16163125733534495,0.098950126154615764,0.099414897583691139,0.017208381969398126,0.12648035190724047,0.026094648648256388,0.0081560896064799566,0.097392453891890385,0.12643857853552803,0.10701898878038514,0.159729931427508,0.17982787418771873,0.20124992065959507,0.20394675027240405,0.19256751997203664,0.12487392720173705,0.13352594603049128,0.074588248739019036,0.14355780432621637,0.21625100672245026,0.25236330926418304,0.33780033886432648,0.34355481962362927,0.33889912068843842,0.33256978392601011,0.26847000916798908,0.2669966548681259,0.26330321175711496,0.24878943525254726,0.25946230760642458,0.26687626871797776
0.0,0.0,0.0,0.0,0.0,0.0,0.0,0.0,0.0,0.0,0.13111484300863652,0.21671164048774566,0.1198477565587653,0.042365277500268271,0.059395317111345235,0.033655055508085896,0.010862984240689464,0.052727471585526611,0.077452752739191055,0.0965347409529506,0.14287913031876087,0.19983780176140542,0.20657597639058767,0.17137759580061987,0.17114593806090178,0.21927365546043104,0.19062030044468967,0.16648015108975497,0.16596905974780812,0.21869704020874842,0.26791456800240737,0.29572870731353762,0.37097988887266681,0.37240269354411532,0.37156937271356583,0.36140936116377514,0.33274177710215253,0.3119918517768383,0.28854477405548096,0.285952664911747,0.31333541125059128,0.30536919087171555
0.0,0.0,0.0,0.0,0.0,0.0,0.0,0.0,0.0,0.22894918207807102,0.2863565696249088,0.24880405637341435,0.14559152272043072,0.10079128821646929,0.030101479485474394,-0.031493757452625677,0.0028517252188731928,0.036517799118618396,0.063429322838783261,0.12857706980271774,0.16921388573116727,0.20138286016881465,0.17946585291816342,0.15604381032031159,0.18436557311436225,0.19129440188407898,0.17975148829546842,0.17242447379976511,0.2430898224314054,0.35001054512602942,0.40817477840643662,0.38830097363545346,0.34962553211620878,0.38634232183297473,0.3453732083241145,0.28653914162090849,0.31606288467134747,0.30705913007259367,0.29301223531365395,0.28085470497608184,0.2785333760760047,0.28359601016228014
0.0,0.0,0.0,0.0,0.0,0.0,0.0,0.0,0.0,-0.047159326601434841,0.20683904540012865,0.21872255540656624,0.10397794208891019,0.0554040511192012,-0.032019559391980541,0.0014019309498561436,0.041498626357004527,0.078440513868223538,0.11152883056475192,0.15965509378328557,0.18697976507246494,0.19015821330249311,0.188686666681486,0.23082384135988024,0.26391398587397169,0.22874404055376849,0.20705302608640572,0.28109919279813766,0.3636526097269619,0.504399944628988,0.43671076297760009,0.36264247074723244,0.33469678759574889,0.36873788237571714,0.34815743938088417,0.29641744991143543,0.26678962310155235,0.24711039215326308,0.22729110988703641,0.20642030537128447,0.19261799210851843,0.19302902573888953
0.0,0.0,0.0,0.0,0.0,0.0,0.0,0.0,0.0,0.0,0.042187761533835043,0.075568351860561031,0.039805510323964247,0.088145302427182728,-0.023969726140897433,0.036216649275636024,0.069597171003659891,0.12096532018711934,0.1706973605685764,0.16467991793020206,0.14450104103276604,0.13796472068755858,0.069893381614559172,0.15347553699587782,0.2085469514131546,0.22084949227670828,0.25453393631859828,0.38853218965232372,0.39011013110478721,0.46058359742164612,0.32338305686910945,0.2516115073646818,0.1613442562520504,0.18436702862381935,0.14933857108865464,0.13028568258741871,0.12590078347259098,0.16359807391251838,0.21012754602865738,0.22233197465538979,0.21779977902770042,0.18195269256830216
0.0,0.0,0.0,0.0,0.0,0.0,0.0,0.0,0.0,0.0,0.032682669092371892,0.14231963880103818,0.15836672385021583,0.048340489198301875,-0.053606596180739312,0.0053436988083246564,0.059367676926539992,0.12626142510109478,0.14819762760654409,0.04952601219595569,0.080014663295367286,0.17033930442162923,0.12198984573177736,0.15326165583414528,0.1918161873306547,0.22391891025978586,0.27950025382249249,0.39439343935564947,0.29866449215582441,0.27599501311779023,0.20400346194704375,0.1284431703388691,0.10366199724376202,0.058151679346337914,0.055187044572085141,0.089984278000580772,0.13268328954776129,0.13618799138607252,0.060831237801661095,-0.029407573147461966,-0.058413807209581135,-0.037559354516605921
0.0,0.0,0.0,0.0,0.0,0.0,0.0,0.0,0.0,0.19917612022344861,0.23233845368471323,0.26887022296738761,0.25068069241593927,0.1020749285351485,-0.035485849972220436,0.020960097190371955,0.068266510528822738,0.10161649070832195,0.15215991404321458,0.15290938876569271,0.10605386347909059,0.18924027681350708,0.19802562040942057,0.20982168504485377,0.21866693437099458,0.20827281863793082,0.27016949721358041,0.28402985110878942,0.23910663028558096,0.21041202942530315,0.10853409652526562,0.09897076214353244,0.17215417176485062,0.20830233457187811,0.12238649708720353,0.070289289129764912,-0.036722494929563254,-0.11742412004553314,-0.27726717758923769,-0.33938476145267488,-0.27837659977376461,-0.14842663074915224
0.0,0.0,0.0,0.0,0.0,0.0,0.0,0.0,-0.0078215468674898148,0.13579169636941516,0.11605479699155523,0.091650163909221427,0.0077458452837954215,0.055887668255172857,-0.080538646470416669,0.036261032982908475,0.11068858180129737,0.14121607845684267,0.1430713579785533,0.15998789540358951,0.17879779194481671,0.20933457563320795,0.15107055316711293,0.13952396118215152,0.17801539540290834,0.23200328767299652,0.26256646454334259,0.18925400575002035,0.22194801341919673,0.18588324154124541,0.057173209016521773,0.031621069181710482,0.085574764615068064,0.067941803424175648,-0.10306849729269743,-0.27378377221200778,-0.29647455116113025,-0.31111663021147251,-0.28220451451264894,-0.18130072312695639,-0.068973980098962787,-0.0021889038434892427
0.0,0.0,0.0,0.0,0.0,0.0,0.11244880727555773,0.01827301007483223,0.033084624580178391,-0.011959782103076577,0.028481475662961719,-0.04172489325152301,0.063626593178998186,-0.070632107495651422,-0.081031859554867774,0.055058274221413864,0.10359507811776662,0.13363937970171583,0.15016335303463588,0.13890321469969219,0.18280236264972977,0.13957231252321176,0.12461137452295848,0.176315244860374,0.11657825553858722,0.24505658686161042,0.25002604780288845,0.11536444847782452,0.14465087852798975,0.12212369768392473,-0.025083516968325489,-0.08650836807346958,-0.014017946390595171,-0.071043363329954451,-0.25780609250068665,-0.47214896196410772,-0.35659127848015892,-0.14814218357205392,-0.020501575018796656,-0.0015341001038905234,0.058639938340467566,0.18534216086069744
0.0,0.0,0.0,0.0,0.0,0.086461997492925116,0.29139393724016543,0.36342800356304417,0.20885628129976491,0.13115329418183311,0.048904771935055616,0.11800020042351646,0.16132665589789449,-0.049994963671769796,-0.041404482200908074,0.033175846583617385,0.056188037286379507,0.0757885924449154,0.071832593824518357,0.079292010515928268,0.042369526270176136,0.06898982425291951,0.088264806339373961,0.13489043943840881,0.15883312076330186,0.2521439376804564,0.30160930007696152,0.1923484229208792,0.27064887493064527,0.29660483750211464,-0.11919123284216668,-0.24150987782261588,-0.0694871856725182,-0.055329951781617558,-0.30811297375222912,-0.38231143527306044,-0.1708141534763854,0.056547450642524796,0.31815773091818156,0.28231030089013714,0.31936724659274607,0.37383939884603024
0.0,0.0,0.0,0.042508403066590074,-0.11730205308083656,0.0,0.12512827546081759,0.33225180322701547,0.25511274093806469,0.42015452742174986,0.40895476005971432,0.24633497535194843,0.09333671849466614,-0.061455069777538195,-0.034404073017412884,-0.030898428393796213,-0.025486393567497052,-0.015612239235038445,0.016649720267528985,0.050771825248375535,0.040698708520115666,0.074680334164036646,0.11254773344154712,0.16427547007799148,0.20563435664883367,0.26746774026576209,0.36779274518896893,0.33284769239632978,0.44894330427050588,0.66228058463496753,0.04982301781257225,-0.33292782881803679,-0.14872598607928075,-0.03105089390620349,-0.088282061523447433,-0.107317444398844,0.11960631050169468,0.18379676535173697,0.37608676723071505,0.40716606080532075,0.49454647302627563,0.50263300206926131
