SouthSea_Web/demo/jsonfile/2017-12-15-09.json
{"header": {"parameterUnit":"m.s-1","parameterNumber":2,"dx":0.1,"dy":0.1,"parameterNumberName":"Eastward current","la1":29.0,"la2":12.0,"parameterCategory":2,"lo2":131.0,"nx":250,"ny":171,"refTime":"2017-12-15T09:00:00","lo1":106.0}, "data":
[rows 95 to 113 of 171, columns 42 to 83 of 250]
0.0,0.0,0.0,0.0,0.0,0.0,-0.089547079579221714,-0.30151319748983951,-0.47485658891346988,-0.467089536888846,-0.50490605464348426,-0.53552405400709668,-0.51266370651622617,-0.47085086078870864,-0.49495724392564672,-0.55320739294543408,-0.51306761116594879,-0.40653811833437753,-0.30916372779756784,-0.31509116012603045,-0.25457628648127278,-0.45071130146582922,-0.56891938249270124,-0.54981548005136949,-0.5106777131557465,-0.39877634026386122,-0.26962064566283389,-0.2036271497607231,-0.24278773367404938,-0.34082902193069459,-0.30773581883737017,-0.34360233942667645,-0.37512706606476393,-0.40541711946328479,-0.4333605170249939,-0.44886047310299343,-0.48414990922500345,-0.44772120868718185,-0.40606329153323995,-0.400492488191678,-0.35276943215957057,-0.30403057871193723
0.0,0.0,0.0,0.0,0.0,-0.09499850574689217,-0.26219421266316079,-0.444119476342714,-0.47576523991301656,-0.4926208306265914,-0.51404913974134891,-0.54906455603512849,-0.54871787011623385,-0.5052729418331926,-0.46857277005910875,-0.42803928173250622,-0.43480327419745618,-0.3653644947335124,-0.33311015999678412,-0.35957946796571055,-0.46200195054213206,-0.6069548952168432,-0.52023788690567019,-0.50253136988197056,-0.42237179676691688,-0.304613600174586,-0.21839349137412178,-0.24610172725957016,-0.38115068844386507,-0.37765226430363125,-0.36847060918807983,-0.34579115774896407,-0.30747713721715486,-0.33802672006465773,-0.40321192021171254,-0.46148537557858688,-0.49072098621615656,-0.43799287653886354,-0.41162542998790741,-0.37326941467248476,-0.30716066275324139,-0.28773919851691637
0.0,0.0,0.0,0.0,-0.042814264412630691,-0.21211794688746985,-0.39823846577266075,-0.47234334749775331,-0.51050856655294241,-0.538922073940436,-0.54763861088191756,-0.53134928246339164,-0.48337649367749691,-0.44013578444719315,-0.4167319429772241,-0.44851188396298608,-0.39501793637420191,-0.30954947982515607,-0.33367996982165743,-0.44568270544211069,-0.64008765835915837,-0.5081021796379771,-0.45522805827635304,-0.39736056019519939,-0.30781510099768639,-0.24214774795940944,-0.21670131128409814,-0.308565988584801,-0.39931177135024754,-0.36937207204324229,-0.36647770021642956,-0.34350492998405741,-0.29176407200949533,-0.32586308462279184,-0.41049375176429748,-0.46375958235175524,-0.46226909183538878,-0.41436757679496494,-0.37770986865306722,-0.3344811831529324,-0.25434587619922777,-0.22368949365157348
0.0,0.0,0.0,0.0,-0.13493837531164496,-0.30807690730072418,-0.40069800211537271,-0.46978778427555445,-0.53884768307209019,-0.54043724852449748,-0.51910510703044777,-0.51455170075808254,-0.48772063794044346,-0.4550843604586341,-0.40250554026626961,-0.30782494230850321,-0.25841609016060829,-0.27119143605232238,-0.38398096617311239,-0.49162194646638013,-0.44369549211114645,-0.40377115792241591,-0.35574026457194624,-0.28156418932808769,-0.24126451590965534,-0.19021288624831609,-0.24664693857942308,-0.30926468116896494,-0.29234497077189958,-0.31506785971147044,-0.30066264207874027,-0.27847074373410297,-0.23828586616686412,-0.31714648008346558,-0.43704362710316974,-0.47601504675273237,-0.44997204610934627,-0.41298630719001478,-0.37400657773017881,-0.30964009676660809,-0.22669497408248759,-0.18115196094430727
0.0,0.0,0.0,0.0,-0.21797833287878438,-0.3402143915018967,-0.39197949071725208,-0.43183367922902105,-0.47450824050853652,-0.48531180271854646,-0.45614871550613728,-0.41498301426569623,-0.41410936688890265,-0.36181357284871546,-0.27720472034884663,-0.25012676574681936,-0.30013786452381236,-0.37823210512438127,-0.444764307141304,-0.41550272703170776,-0.38311712972579465,-0.36577116485152927,-0.28386707603931427,-0.21264639419728312,-0.14781802202816363,-0.18652909326142278,-0.23605679527476983,-0.17859036613393714,-0.20514039805641882,-0.20107154920697212,-0.17881037640784467,-0.17481205970048905,-0.20575324363178676,-0.30561864003539085,-0.38439572519726223,-0.39144177079200743,-0.3434691393375397,-0.31878647846835,-0.3097603214638574,-0.29504177103871887,-0.23376829922199249,-0.16633891314268112
0.0,0.0,0.0,-0.11105373726209759,-0.27393884605896429,-0.36471346880846878,-0.42770817521456128,-0.45474342923415334,-0.47862499315761825,-0.45772793330252171,-0.48537458479404449,-0.46716073040778822,-0.36182636281718378,-0.2442366169558631,-0.20767530225790465,-0.27571620999111068,-0.4171867851288088,-0.37998464528252096,-0.35036201073842888,-0.37211424208456473,-0.35492084388222012,-0.26699457271024585,-0.14180321100034884,-0.076273516786319231,-0.12979928776621819,-0.22961399016472009,-0.15821313915344384,-0.15689833515456744,-0.12731174035714224,-0.065697489789238686,-0.065215246751904488,-0.088475295700705975,-0.13458267359861306,-0.21098543813935033,-0.27340799995831083,-0.30538607239723203,-0.32207602704012833,-0.33015601107707393,-0.27780606769598448,-0.25257019592182978,-0.21073714077472686,-0.14346075803041458
0.0,0.0,0.0,-0.1756299360717187,-0.29179949481302586,-0.39028910941669337,-0.45131072877296086,-0.49709881842136383,-0.50494938596938421,-0.45847755012574132,-0.37074672121268054,-0.33743235468864441,-0.24762279281149741,-0.27435381433298422,-0.31043889746069908,-0.38941929255213054,-0.35506066915236023,-0.33586612885648554,-0.33914337826497626,-0.29563299769704993,-0.21260705537029676,-0.17299104002969606,-0.0933513667434454,-0.076473305134900985,-0.16148556603325737,-0.14403225694383895,-0.11499192113322872,-0.1235900805996997,-0.0730325813804354,-0.017828319150094803,-0.0085035047765510772,-0.0046313470274281614,-0.022676314613948177,-0.099888595342636111,-0.19257782120257616,-0.26218945876910138,-0.32698854001668781,-0.35560631637389845,-0.30218225002288818,-0.22329009553560844,-0.16607472128593004,-0.1182986767962575
0.0,0.0,0.0,-0.050893681766333514,-0.30567360278594735,-0.33715291944130388,-0.35397429463981223,-0.40737350169155334,-0.475808551935392,-0.46366469844987118,-0.41059132147643523,-0.27403597444295885,-0.27292230793020944,-0.36774397602206782,-0.31595554867306269,-0.28064187083925518,-0.31793505261684285,-0.32339677773416042,-0.30214047644819531,-0.25258159637451172,-0.19225268651332175,-0.13034506993634359,-0.12024358087884528,-0.15209084749221802,-0.094356367295538937,-0.05949181428662053,-0.09864419113312449,-0.0983216306911065,-0.05176939383149147,-0.0085671469041025614,0.047331441493172734,0.0634423241019249,0.034158801359741052,-0.037542527890764177,-0.12193406053951808,-0.21310455786685148,-0.28627987148670048,-0.32171923637390137,-0.30473343531290692,-0.23487207233905794,-0.15428805404475757,-0.10729535057076386
-0.047630656510591507,-0.010816929357300158,-0.11278903388819979,-0.30977085936833854,-0.38954416930140134,-0.41894976684199575,-0.46193109082914618,-0.44015147304162383,-0.47751216576733718,-0.36741001823463953,-0.29355669612514562,-0.25294896231757269,-0.26159801388659126,-0.27296200926814762,-0.27092158025310886,-0.2483421771815329,-0.23522136945809638,-0.19126561957020913,-0.15920929045512758,-0.13887716882995196,-0.11781136079558305,-0.13386984675058297,-0.14723832877697768,-0.11790701553777412,-0.055246592141114749,-0.054741369130519718,-0.08262693107128144,-0.10543969193739551,-0.049676263084014259,0.017686564521864057,0.093971092667844563,0.089760860635174647,0.049581138067878783,-0.020633778418414295,-0.083731943120559052,-0.15699595123529433,-0.23917678800913003,-0.27227018056092439,-0.26992532670497893,-0.22819828987121582,-0.15140807504455248,-0.099067231640219688
-0.024769796788709834,-0.0942961171223193,-0.29794126263983672,-0.35996124080931735,-0.37434103479359876,-0.43597968825035627,-0.44350272782673178,-0.41856238308705784,-0.37325624441637578,-0.29849058474813189,-0.29102912229987293,-0.3252015733056598,-0.26413053823144811,-0.2392964779454119,-0.23290482023730874,-0.20134414876660994,-0.18770495758337133,-0.17537068190245791,-0.16041441208549909,-0.11307622518922601,-0.16249625964297187,-0.1408420896955899,-0.075986823136055912,-0.06433539892788287,-0.041652870215475563,-0.052488835195877721,-0.077056406782223627,-0.09840671603496258,-0.012518724605727654,0.093283240151192465,0.16342964897985043,0.14063379136116608,0.0687170376857886,-4.966160028103601E-05,-0.049186369385570285,-0.12339368015527726,-0.18449257552623749,-0.20256803663713591,-0.19241756587116807,-0.18133479667206606,-0.14313042789697647,-0.093919828223685428
-0.11181362538295711,-0.26368166495508122,-0.37138164942152796,-0.37389791638668418,-0.36436979595674285,-0.38318734544974109,-0.34505189966741218,-0.38090310080183876,-0.27143417464362252,-0.34411193132400514,-0.3194031029246574,-0.30938610797975119,-0.23749421238899232,-0.17254764679819346,-0.15836681329434918,-0.17128901568151289,-0.14551961755958096,-0.1277503315359354,-0.0938718148640224,-0.10261284027780805,-0.076298560257311215,-0.066742206475249047,-0.059960918456244357,0.0034939402895462182,0.01125470887368115,-0.0041913254050693167,-0.029308054531956541,-0.012432078608190235,0.043555349266777434,0.10443295337832891,0.13795424424684966,0.14135104016615793,0.11603571916068042,0.051328816630232796,-0.022479829520711467,-0.1044391730427742,-0.1434329323194645,-0.14789504622635635,-0.15863298911314744,-0.17217734124925402,-0.15120426104182289,-0.11619181483983994
-0.27137181993568482,-0.363541523686099,-0.40942500047157149,-0.401339205342295,-0.38056069974265344,-0.32943393120477937,-0.36178211323228704,-0.30612097873168737,-0.34385473177402837,-0.31266697553487927,-0.26942161765209466,-0.21503049091381185,-0.16400507837533951,-0.12283350424519901,-0.0933742536039188,-0.072699633027826033,-0.082014011219143867,-0.073463820610885272,-0.043342324805312922,-0.021322391914307244,-0.015270777282205893,-0.01722548778455418,0.023119643244340463,0.0696263726055622,0.034768923615606934,0.013835498688018156,0.002027794010176037,0.03716196022233581,0.10359857260034634,0.12737254397227213,0.11948232611884242,0.14400395888973167,0.15625501632690431,0.10351541385054588,0.032897114249256752,-0.036596627733497707,-0.078833949250670582,-0.10455572662445214,-0.12818941384553909,-0.13862009346485138,-0.14179735762231491,-0.13544640690088272
-0.33205162148090955,-0.33344806797754584,-0.33904063333792411,-0.35529886446572989,-0.38161867842176894,-0.2821089598469268,-0.30263869573763752,-0.2865917168135913,-0.26601280868053434,-0.24268768128098511,-0.16037426166462176,-0.0911699070284764,-0.0817802171888096,-0.08130266684396513,-0.059804813649791941,-0.0431946700066328,-0.049887521117925646,-0.050958371854254177,-0.031684052132602246,-0.014973753752807776,-0.012473765622686458,-0.017765696709310368,-0.0020140043774154038,0.05072844703681767,0.058019038156739304,0.034253303310833871,0.023376419730484484,0.03398773493245244,0.064865648260583053,0.0909883868522369,0.13317450672388076,0.17321120850417926,0.16681510031223298,0.12130942692359288,0.0613849957219579,0.0023718853529620296,-0.042888278708509774,-0.07069451480426571,-0.088480391923119045,-0.11295651197433472,-0.13309014854686602,-0.15509742622574171
-0.45476931266820253,-0.43465975431932341,-0.38481342901543875,-0.3481410921630213,-0.35913737201336149,-0.32880489377281336,-0.29174934188524881,-0.26769775991708461,-0.21342212922043272,-0.098828836583665439,-0.046551291500368429,-0.046629541768477514,-0.0629808468123277,-0.061282028704881669,-0.067017692069594681,-0.087344679534435268,-0.085666930973529815,-0.067170814507537424,-0.044846924021840096,-0.030468145170463964,-0.03038053847073267,-0.033690648368344858,-0.017034886324836407,0.018880470557353243,0.034106689691543582,0.014297384116313575,0.0063680973404121616,0.012188637547131459,0.037954664751887322,0.074457595632834869,0.091275804454372042,0.09084963603388696,0.067261912859976292,0.042113340855576095,-0.011287790373899043,-0.062669917974792613,-0.085127702311557876,-0.084917173666112566,-0.073883242408434552,-0.085461296673331938,-0.12589818181899878,-0.16860386542975903
-0.39488260749774645,-0.47230007666409213,-0.38597962112291484,-0.39725976801195811,-0.41657903237181876,-0.35348987181981406,-0.25421510407557857,-0.1693571019679942,-0.057006881199777128,-0.010817180470675576,-0.016404925789684058,-0.039805793935166936,-0.073614594311668322,-0.0813383760827559,-0.082915830026779852,-0.10159346780606679,-0.10404027732355255,-0.10231938292937619,-0.095508273404378161,-0.0930915655195713,-0.1031656794506928,-0.084742744381611168,-0.060419119447469714,-0.019181296332345273,0.001000424399971962,-0.021067481209604961,-0.024721075476997572,-0.016534034218436675,-0.0090957667720927438,-0.011951343907553348,0.0049515359161887316,0.00404138486192096,-0.0022845589678342406,-0.025475511891081146,-0.051084866980090737,-0.079424093244597316,-0.0805864900882755,-0.080615287522474918,-0.076467644423246384,-0.078771231075127915,-0.11268278956413269,-0.16380111873149872
-0.45587417817023729,-0.53352765909767907,-0.46599686059932161,-0.40659224612768308,-0.41220913006775622,-0.34418495039682129,-0.19525401128662956,-0.089654164106556869,-0.036072842712546217,-0.018861755868420003,-0.025780270904996776,-0.05853752525789397,-0.091517086172926018,-0.10632277014000076,-0.11579134874045849,-0.13095801962273462,-0.14152312676111858,-0.14617548403995379,-0.1604015412075179,-0.19142256009167638,-0.19157647513426268,-0.15511504613927432,-0.12557414472103118,-0.073035830964467349,-0.052415663538419685,-0.064312367234379053,-0.0626070258828501,-0.052445555444468155,-0.045957422504822411,-0.025272267380435216,-0.0022858847632960533,-0.013688747800188139,-0.027686191229697538,-0.049816343700513244,-0.05691892628868421,-0.056671009461085005,-0.049473207730513349,-0.056585838645696641,-0.077615248660246536,-0.086465675383806229,-0.099890109683786116,-0.14759189138809839
-0.51005847849084074,-0.57323705036956141,-0.49336515377907858,-0.4005000141138832,-0.34665404951998163,-0.196540218106536,-0.094339105766266584,-0.063231705929394116,-0.056686112657189369,-0.077793443575501442,-0.077493218769287248,-0.080205527001193586,-0.097269829776551991,-0.12402164767826757,-0.15088737683911477,-0.1563724703155458,-0.16688128248337777,-0.19220057540926441,-0.23735729532857094,-0.27441870035796329,-0.25201707979043325,-0.20756690834577268,-0.16996333641665323,-0.12003370981525492,-0.093088634014129645,-0.076355590224266051,-0.067076455963694534,-0.035351487408791273,-0.0049733231925139466,0.019996054041640537,0.030673028067930749,-0.0042190718774994217,-0.050301704762710467,-0.095147547977311273,-0.13730424642562866,-0.128209525719285,-0.084454055198214265,-0.075029420581730927,-0.083574764430522919,-0.075225459677832465,-0.0762021616101265,-0.12042296056946118
-0.36477754488587377,-0.40352937261589239,-0.38776863559528635,-0.30065422019232874,-0.16596093922853469,-0.093320322576267961,-0.083913638591766357,-0.084902337579815482,-0.11127876463745322,-0.1405956570444436,-0.11894831349772791,-0.096044021176880809,-0.10340273480963062,-0.12438376293037877,-0.15099114269921274,-0.1654742625541985,-0.22195125391354431,-0.27619191868738696,-0.30460780588063324,-0.29144789143042132,-0.24643341835701105,-0.18513102377905991,-0.13377889399898463,-0.11138472629004512,-0.09004397489703618,-0.076941593048664242,-0.073942657737504872,-0.059761462479152462,-0.033436085396845429,-0.005090395421055811,0.011638799890581714,-0.039242107246536762,-0.074098266927259307,-0.10417097274746213,-0.13580771879507944,-0.14456507089463147,-0.10408457910472696,-0.069023611644903823,-0.0541296717710793,-0.037097680249384472,-0.0457557238638401,-0.085530921816825867
-0.3460956234484911,-0.2573509501559394,-0.30648421815463472,-0.22782613088687262,-0.12224668810764948,-0.073678932797450289,-0.11302365362644196,-0.12286962734328376,-0.15274570286273956,-0.16996887233108282,-0.14141352036420038,-0.13597789179119799,-0.11942757708685739,-0.14811085341008087,-0.1995815034759672,-0.24948071830329441,-0.32061307463381028,-0.34918537657511861,-0.32855280763224554,-0.28999908403916791,-0.25406213056656624,-0.1961542954047521,-0.14912178069353105,-0.12222832801013157,-0.097336851326482635,-0.091593054338143423,-0.097665999371271864,-0.11959596425294876,-0.072914946410391063,-0.031281870091333985,-0.029689088619003694,-0.0739545077085495,-0.067737100025018052,-0.053519185489186875,-0.063816173510117966,-0.0720630507916212,-0.057783987605944276,-0.033866767254140645,-0.021379550608495872,-0.020660875986019771,-0.028492644118765991,-0.05650088656693697
