SouthSea_Web/demo/jsonfile/2017-12-14-23.json
{"header": {"parameterUnit":"m.s-1","parameterNumber":3,"dx":0.1,"dy":0.1,"parameterNumberName":"Northward current","la1":29.0,"la2":12.0,"parameterCategory":2,"lo2":131.0,"nx":250,"ny":171,"refTime":"2017-12-14T22:58:07.5","lo1":106.0}, "data":
[rows 114 to 132 of 171, columns 172 to 214 of 250]
0.23041963328917822,0.22252864434438593,0.24198358133435249,0.25162849443800311,0.22657488630368158,0.19582688212394714,0.17827316054276057,0.16288986504077913,0.15275744100411734,0.13690525790055594,0.10231668129563332,0.061129020527005196,0.022240954761703808,-0.016866373363882303,-0.010209201835095882,-0.017209204845130444,-0.010445899795740843,-0.01109118782915175,-0.036513380706310272,-0.034223427064716816,-0.0077603361569345,-0.0047408780083060265,0.027976453304290771,-0.00069174019154161215,0.020131850615143776,-0.0382195170968771,-0.036945942789316177,0.0,-0.051242269575595856,-0.060839716345071793,0.0,-0.024318519979715347,0.0,0.040740258991718292,0.1507442444562912,0.23555214703083038,0.25757229328155518,0.31692557036876678,0.34784939885139465,0.37014436721801758,0.38131752610206604,0.38924643397331238,0.39082494378089905
0.21348965167999268,0.19773770403116942,0.20368289158624761,0.20879233578840892,0.18235877156257629,0.15630020201206207,0.15754619453634536,0.16476915031671524,0.15560688078403473,0.14439710974693298,0.12027665600180626,0.080618254840373993,0.036973454058170319,0.0049511117395013571,-0.025692559778690338,-0.022085122764110565,-0.0072021558880805969,-0.01178860105574131,-0.038927854970097542,-0.074466228485107422,-0.065320871770381927,-0.009649437852203846,0.034489840269088745,0.046520877629518509,0.0019729151390492916,0.0,-0.0097924917936325073,-0.026016587391495705,0.0,-0.024967286735773087,-0.0066943462006747723,0.0,0.052408743649721146,0.14796458184719086,0.14338429272174835,0.23988044261932373,0.0,0.2967485785484314,0.0,0.3559240996837616,0.37059691548347473,0.0,0.36855509877204895
0.177601114846766,0.15926366113126278,0.16068565646807353,0.16206678499778113,0.14076604507863522,0.1369374075106212,0.15342612862586974,0.15678827464580536,0.15984331568082175,0.15381496151288351,0.13726212829351425,0.10211764772733052,0.057519685477018356,0.011897444957867265,-0.0091088482877239585,-0.019163904711604118,-0.020376987755298615,-0.037824530154466629,-0.080917220562696457,-0.092842355370521545,-0.094626791775226593,-0.03697025403380394,-0.0094882757402956486,0.020542295649647713,0.0024475280661135912,-0.014432265423238277,-0.048701748251914978,-0.04047678504139185,-0.01696442998945713,-0.047051873058080673,-0.0045933250803500414,0.056575868278741837,0.0,0.14243091642856598,0.0,0.22420492768287659,0.28957945108413696,0.0,0.32913953065872192,0.0,0.37034985423088074,0.36606681346893311,0.0
0.19087440272172293,0.12809877190738916,0.12354375484089057,0.15741904824972153,0.13035985976457595,0.1186775950094064,0.14193300902843475,0.16561253368854523,0.16916568080584207,0.16729716956615448,0.15215982496738434,0.12635205686092377,0.074282661080360413,0.021786097437143326,0.0,-0.022026205435395241,-0.02420840784907341,-0.030084934085607529,-0.0841551423072815,-0.13660614192485809,-0.096206344664096832,-0.058036312460899353,-0.01827361062169075,0.021836472675204277,0.036087498068809509,-0.0056869732216000557,-0.029466582462191582,-0.0485151931643486,-0.02223662193864584,0.017563683912158012,0.01519374642521143,0.069133006036281586,0.11417581140995026,0.16244754195213318,0.20904849469661713,0.2249913364648819,0.267572358250618,0.29422363638877869,0.34264805912971497,0.35958713293075562,0.36802804470062256,0.34741494059562683,0.347388356924057
0.24985597708395549,0.18008664463247573,0.16729708181487191,0.18297766894102097,0.15678929388523102,0.1385643295943737,0.16081395372748375,0.18408983945846558,0.18716435506939888,0.18485045433044434,0.16441337267557779,0.13031099736690521,0.097821604460477829,0.057715684175491333,0.014906813157722354,-0.016174627467989922,-0.024142583832144737,0.0,-0.060561565682291985,-0.091783814132213593,-0.060214664787054062,0.0,-0.0016792401438578963,0.014238460920751095,0.0,0.014054927043616772,-0.010237205773591995,0.0,-0.0018113913247361779,0.040334936231374741,0.0,0.092671550810337067,0.0,0.16197901964187622,0.20423467457294464,0.0,0.2408992201089859,0.0,0.29241397976875305,0.328785240650177,0.0,0.302287757396698,0.0
0.29762186358372372,0.2397985373224531,0.22819308936595917,0.20869291325410208,0.17631189823150634,0.15815943479537964,0.18347035646438598,0.20833454032739004,0.19555394351482391,0.17026209086179733,0.13689637929201126,0.10792658850550652,0.081354949623346329,0.047602985054254532,0.022948369383811951,0.014152692630887032,-0.011980053503066301,-0.0352281890809536,-0.0851513221859932,0.0,-0.083422131836414337,-0.037159066647291183,0.0,0.012758480384945869,0.0048241754993796349,0.0,0.014766848646104336,0.0012000622227787972,0.0,0.045807402580976486,0.081689782440662384,0.0,0.15012797713279724,0.0,0.19916629791259766,0.23507139086723328,0.0,0.26418823003768921,0.0,0.32262095808982849,0.32601055502891541,0.0,0.25872579216957092
0.325781574845314,0.28879228234291077,0.27149439851442975,0.23680705896445684,0.19916936258474985,0.19254089519381523,0.21250638365745544,0.2106671966612339,0.17276425162951151,0.13160555561383566,0.10234392061829567,0.087283089756965637,0.074200466275215149,0.053746111690998077,0.058437421917915344,0.03304685652256012,-0.00417685741558671,-0.043799076229333878,0.0,-0.094720348715782166,-0.0807667002081871,-0.013985772617161274,0.04613780602812767,0.029809029772877693,0.0495752040296793,0.05218370258808136,0.053342510014772415,0.046587919816374779,0.0,0.073452737182378769,0.11953380703926086,0.11579450964927673,0.16670743376016617,0.20313736796379089,0.19306632876396179,0.24200750142335892,0.0,0.27450723946094513,0.2990252673625946,0.0,0.28363901376724243,0.0,0.21099099516868591
0.35399161651730537,0.32148685057957965,0.28569728136062622,0.23526093736290932,0.18904767036437989,0.18023622781038284,0.19698789715766907,0.19440469145774841,0.14785178999106088,0.10400901734828949,0.096499462922414139,0.088366225361824036,0.084943421185016632,0.093331784009933472,0.049681484699249268,0.028071562759578228,0.014353208243846893,-0.013484123337548226,-0.0693219006061554,-0.0630195289850235,-0.036790989339351654,0.015898870304226875,0.036455821245908737,0.058965457603335381,0.0791206806898117,0.0,0.095758192241191864,0.08709176629781723,0.0,0.12626925110816956,0.15323410928249359,0.0,0.18970686197280884,0.0,0.22331021726131439,0.0,0.0,0.0,0.0,0.30127048492431641,0.0,0.2462114542722702,0.0
0.34127328793207806,0.302287499109904,0.24734993278980255,0.18517746925354003,0.13754852414131163,0.14150658249855042,0.13886557767788568,0.13738320209085941,0.12632532604038715,0.10525659471750259,0.11288123577833176,0.11415629337231319,0.11962933465838432,0.0,0.112813966969649,0.064754648134112358,0.028114473447203636,-0.0095172098372131586,-0.046444747596979141,-0.057534866034984589,-0.030603331513702869,0.0,0.039856482297182083,0.095165401697158813,0.0,0.10853149369359016,0.11423515900969505,0.0,0.12037632614374161,0.14881214499473572,0.0,0.15577298402786255,0.0,0.18532837927341461,0.22056350111961365,0.24565742909908295,0.25267606973648071,0.26284214854240417,0.26575219631195068,0.25393145531415939,0.23709101974964142,0.17299868166446686,0.15168958902359009
0.31099368135134381,0.2679771065711975,0.20377037674188614,0.13988513126969338,0.089427553117275238,0.086301560203234359,0.08523382805287838,0.0952331970135371,0.1036009465654691,0.11549997702240944,0.12346510589122772,0.13399437069892883,0.1268104687333107,0.12180767580866814,0.11347774416208267,0.088083773851394653,0.046242944896221161,0.012455672025680542,-0.012885370291769505,0.00020232773385941982,-0.020934190601110458,0.025207493454217911,0.089806139469146729,0.0,0.09700455516576767,0.12427608668804169,0.0,0.14591203629970551,0.16407700628042221,0.17222191393375397,0.18043245375156403,0.17623536288738251,0.20939314365386963,0.19004423916339874,0.22607493400573731,0.21167644858360291,0.25366165488958359,0.25993233919143677,0.0,0.23704254627227783,0.0,0.19243855774402618,0.0
0.30116519331932068,0.23436416313052177,0.18169802725315093,0.10922598280012608,0.073482119478285313,0.038673569448292255,0.058248281478881836,0.076166406273841858,0.10611710883677006,0.12085370967785518,0.12433565780520439,0.12039985880255699,0.12643613666296005,0.1335732564330101,0.13369122892618179,0.11003759503364563,0.0800781399011612,0.040806089527904987,0.041084431111812592,0.00968758575618267,0.031330649740993977,0.0,0.097974345088005066,0.10150504857301712,0.11693264544010162,0.1501738429069519,0.157310351729393,0.17496705055236816,0.20036581158638,0.21229527890682221,0.20658403635025024,0.18982294201850891,0.0,0.19736549258232117,0.21954132616519928,0.0,0.25709947943687439,0.0,0.22433887422084808,0.0,0.19117774069309235,0.13253246247768402,0.0
0.28589848180611926,0.23116440698504448,0.1767539769411087,0.12562782689929009,0.068548629432916647,0.052987545728683472,0.072891390571991607,0.081898823380470276,0.10431379824876785,0.11628688499331474,0.11129237959782283,0.11676027625799179,0.12831796705722809,0.13901561126112938,0.13870663940906525,0.12796758860349655,0.088896568864583969,0.081375904381275177,0.068271845579147339,0.044479856267571449,0.10166884213685989,0.10017755627632141,0.0949385017156601,0.10030585899949074,0.11565567553043366,0.1390720009803772,0.16437259316444397,0.1820409893989563,0.0,0.21475435793399811,0.18857523053884506,0.0,0.1672903448343277,0.0,0.15852205455303192,0.20088185369968414,0.0,0.20274421572685242,0.20204849541187286,0.20415033400058746,0.15834115445613861,0.14801771938800812,0.096566960215568542
0.28406261546271189,0.22918701668580374,0.18087190687656402,0.13409849107265473,0.10005147010087967,0.076509175822138786,0.079692875345547989,0.083440529803435012,0.084587976336479187,0.098587192595005035,0.092405172685782119,0.10590153560042381,0.10568397864699364,0.11141478270292282,0.098833347360293075,0.090118523687124252,0.084436848759651184,0.080435734242200851,0.063391678035259247,0.093258757144212723,0.095998417586088181,0.11374396830797195,0.11969571560621262,0.1268693208694458,0.13798007369041443,0.0,0.13913550972938538,0.15344160050153732,0.19442157447338104,0.0,0.18079331517219544,0.16303311288356781,0.17873372137546539,0.14226551353931427,0.16217495501041412,0.1838037520647049,0.15640801191329956,0.18658223748207092,0.18431217968463898,0.0,0.14754410088062286,0.0,0.0
0.26594440639019012,0.23095898330211639,0.18898070231080055,0.14738405247529349,0.10770450159907341,0.081041231751441956,0.063821176066994667,0.0597469670077165,0.066085598121086761,0.0804044504960378,0.082871568699677781,0.091362910966078445,0.078632347285747528,0.0739943062265714,0.064952118322253227,0.063792480155825615,0.065220857039093971,0.071179755032062531,0.10825375467538834,0.1271824985742569,0.12286354228854179,0.12902003526687622,0.13810557872056961,0.0,0.13886332511901856,0.11893444880843163,0.1263437420129776,0.0,0.15836501121520996,0.14233925938606262,0.16581094264984131,0.14140690118074417,0.1189618781208992,0.13061933219432831,0.086320750415325165,0.10851038247346878,0.13236828148365021,0.0,0.16997045278549194,0.15778902173042297,0.0,0.12635831534862518,0.14108043909072876
0.24226930737495422,0.20256620893875757,0.16320306435227394,0.11695265583693981,0.089226067066192627,0.075561049580574038,0.058255363255739212,0.056756995618343353,0.058135443367064,0.057302031666040421,0.0641662006576856,0.075868750611941024,0.071153011173009872,0.078320540487766266,0.080280903726816177,0.078831231221556664,0.091431893408298492,0.12965685129165649,0.0,0.13579540203015009,0.12508474290370941,0.13090752065181732,0.12811632454395294,0.12671305984258652,0.10189273580908775,0.0,0.11042075976729393,0.076289467513561249,0.093250889331102371,0.10672008991241455,0.067777551710605621,0.10088156163692474,0.090787418186664581,0.0,0.0610387921333313,0.093873970210552216,0.0,0.13968303799629211,0.1685488373041153,0.14226347953081131,0.13032525777816773,0.16076198220252991,0.0
0.21657330542802811,0.16731409480174384,0.11848826333880425,0.0801709234714508,0.067864055434862777,0.061456480994820595,0.051372623443603514,0.0412505678832531,0.0326922507956624,0.042177703231573105,0.073940027505159378,0.0948331927259763,0.094516855974992112,0.0991167314350605,0.12638319532076517,0.1107100360095501,0.14761091768741608,0.15989448875188828,0.1513073742389679,0.14876985549926758,0.14004798978567123,0.12750469893217087,0.11798818409442902,0.086576454341411591,0.0,0.069104552268981934,0.018754081800580025,0.021356386598199606,0.042630534619092941,0.0,0.032657347619533539,0.045940164476633072,0.0,0.040766213089227676,0.011178727261722088,0.059859175235033035,0.031900588423013687,0.10228969901800156,0.11328708752989769,0.0,0.15379409492015839,0.0,0.1458125114440918
0.1712488740682602,0.1291839897632599,0.085443181296189621,0.06751142255961895,0.059906446933746339,0.055413966377576195,0.044886992312967777,0.036942096799612044,0.037918576349814735,0.08523409441113472,0.12360003590583801,0.14727427810430527,0.14396321276823679,0.18583760162194571,0.20505084594090781,0.19657883048057556,0.18873260915279388,0.19374269247055054,0.17659618705511093,0.16384612023830414,0.15941754728555679,0.11697148531675339,0.094139494001865387,0.09246470034122467,0.044461101293563843,0.022620283532887697,0.00065059599000960588,-0.032971528358757496,0.0,-0.019393449183553457,-0.01999247819185257,0.0,-0.015034660696983337,-0.0083192391321063042,-0.0031617549248039722,-0.039700180292129517,0.019054802134633064,0.08416660875082016,0.0,0.13074047863483429,0.0,0.14836052060127258,0.16214878857135773
0.13046176824718714,0.1015477900703748,0.08896218538284302,0.0878326701266425,0.078622826933860773,0.068664203708370522,0.060644002010424934,0.056770414113998413,0.08908690363168717,0.13763339320818582,0.17450966313481331,0.2170475959777832,0.23792105416456857,0.26774330933888751,0.30239930748939514,0.28850698471069336,0.24057526141405106,0.23834086954593658,0.22980384528636932,0.209451362490654,0.18306355178356171,0.20825500041246414,0.13563845679163933,0.09795815497636795,0.046145202592015266,-0.010341977700591087,0.0,-0.057303976267576218,-0.077064940705895424,-0.08457724004983902,-0.070789523422718048,-0.081714591011404991,-0.10865113139152527,-0.08667968213558197,-0.063625350594520569,0.0,-0.03636606503278017,0.0,0.053609199821949005,0.13422724232077599,0.12272343784570694,0.14445099234580994,0.0
0.13325037993490696,0.12042008588711421,0.12388199887105397,0.12319554814270564,0.095130417495965958,0.073986923942963287,0.071385831705161509,0.096237270534038549,0.13255824769536653,0.17178591340780258,0.23631951510906218,0.28184796124696732,0.30996867020924884,0.31716546416282654,0.34126694997151691,0.34917004406452179,0.29586244622866315,0.32764779031276703,0.30677467584609985,0.28398223221302032,0.29262517392635345,0.27393926680088043,0.21764887869358063,0.15721490979194641,0.07890072837471962,-2.765655517578125E-05,-0.057184638455510139,-0.094530209898948669,0.0,-0.13603863120079041,-0.16774749755859375,-0.17470183968544006,-0.14904238283634186,0.0,-0.11856922879815102,-0.07581532746553421,0.0,-0.014244727790355682,0.045237071812152863,0.092471979558467865,0.11023701727390289,0.0,0.094340626150369644
