SouthSea_Web/demo/jsonfile/2017-12-16-18.json
{"header": {"parameterUnit":"m.s-1","parameterNumber":2,"dx":0.1,"dy":0.1,"parameterNumberName":"Eastward current","la1":29.0,"la2":12.0,"parameterCategory":2,"lo2":131.0,"nx":250,"ny":171,"refTime":"2017-12-16T18:00:00","lo1":106.0}, "data":
[rows 57 to 75 of 171, columns 84 to 125 of 250]
0.0,0.0,0.0,0.0,0.0,0.0,0.0,0.0,0.0,0.0,0.0,0.0,0.0,0.0,0.0,0.0,0.0,0.0,0.0,0.0,0.0,0.0,-0.058755484126306261,-0.0847695472300577,-0.074779295645465579,-0.34868607453761563,-0.49030490716298419,-0.73855271280234591,-0.72369423813707245,-0.67504222790400192,-0.74236956020680867,-0.83676192889342438,-0.89916715911916789,-0.90809453385216854,-0.92481035334723338,-1.0569102994857296,-1.0296738280190363,-1.0012576202551524,-0.92521248199045658,-0.81920608546998763,-0.74453320332935879,-0.75181387771259656
0.0,0.0,0.0,0.0,0.0,0.0,0.0,0.0,0.0,0.0,0.0,0.0,0.0,0.0,0.0,0.0,0.0,0.0,0.0,0.0,0.0,0.0,-0.045883050746157429,-0.20844488587186094,-0.42978452351251312,-0.508758527451548,-0.56788489278757348,-0.60641467462886467,-0.6586866941182844,-0.73713790682645941,-0.76430332320077077,-0.79560360620761739,-0.8698009686036543,-0.851498023668925,-0.96251028546920192,-1.0355427998762865,-1.08100976393773,-0.93591741058561539,-0.98359302112034386,-0.93612267176310227,-0.85170383056004839,-0.71655363229013258
0.0,0.0,0.0,0.0,0.0,0.0,0.0,0.0,0.0,0.0,0.0,0.0,0.0,0.0,0.0,0.0,0.0,0.0,0.0,0.0,0.0,0.016916013992158696,-0.17497080255102795,-0.55282556265592575,-0.73466682434082031,-0.57481722398237745,-0.56427338780189051,-0.59222329159577691,-0.68672081888938441,-0.69725813006245818,-0.69967177600571606,-0.7422102997379918,-0.78892235670770916,-0.80957590103149413,-0.89687052965164182,-0.97615295648574829,-0.89118234032676336,-0.87002997777678748,-0.85913898633873986,-0.8481022191047668,-0.91193639773588919,-0.93862185875574744
0.0,0.0,0.0,0.0,0.0,0.0,0.0,0.0,0.0,0.0,0.0,0.0,0.0,0.0,0.0,0.0,0.0,0.0,0.0,-0.08845108623305957,0.0,-0.27854914187143248,-0.37312173935389448,-0.64508947730064392,-0.58606674808722281,-0.53583753466606143,-0.55398572252151812,-0.58579938279257882,-0.59892701811906768,-0.63437503410710228,-0.60395542300980665,-0.63954169622489387,-0.66976177913171275,-0.68622523027917615,-0.74278849363327026,-0.8692288336000944,-0.94422298338678146,-0.55614365968439317,-0.67034356627199387,-0.57924962219069986,-0.70980900526046753,-0.79308474957942965
0.0,0.0,0.0,0.0,0.0,0.0,0.0,0.0,0.0,-0.0028492921737463053,0.0,0.0,-0.018195952288295843,-0.0073180070845410231,0.0,0.0,0.0,0.0,-0.14388304345640421,-0.25452928669084379,-0.48201093306908238,-0.65546000345808564,-0.64157518965226634,-0.5307785592697285,-0.50937888391163888,-0.54088609814643862,-0.55416534945022233,-0.56792027194325512,-0.585312995645735,-0.59456370996706409,-0.60271537083166615,-0.53551072835922242,-0.55175179378552874,-0.59099180423296416,-0.72161053235714256,-0.72894163773610043,-0.91778884150765161,-0.66719301603734493,-0.36315532922744753,-0.3455978085597356,-0.35606076071659726,-0.25148665500455536
0.0,0.0,-0.016024642274715006,-0.030832198832491862,-0.047894848399054141,0.018611616159731482,0.00053798989071951811,-0.0100915494469527,-0.011629851599024913,-0.0241861168131688,-0.065985308312580052,-0.018069607629017395,-0.018819911247625158,-0.039225510831267851,-0.0327389104233589,-0.19118258987481779,-0.2270583328409273,-0.34263152768835425,-0.35346564872940972,-0.45165233165025709,-0.58922519592138434,-0.59374586906698013,-0.51695844052093365,-0.5095562863349915,-0.52741939187049869,-0.570307293203142,-0.60492731695589808,-0.58625209165943992,-0.61160694102983215,-0.61241613280388618,-0.556653474216108,-0.48661829176403226,-0.42028362084837523,-0.456451459063424,-0.67347519844770432,-0.67522933808240027,-0.72579889947717835,-0.74342525005340576,-0.5959060241778692,-0.28940628265792673,-0.16576789558998176,-0.12815903127193451
0.0,0.0060089808544877017,0.0084887418973155753,-0.0042310000886549484,0.0,0.07126599011219098,0.02143965317078558,-0.014448085613906956,-0.024349792389612591,-0.034951092788802561,-0.11100739634341815,-0.08380242155787225,-0.05845758911772219,-0.15804779198434618,-0.23327326436992735,-0.2455382459476346,-0.28239537287375022,-0.3396326957041757,-0.39903592749645833,-0.45316932964743228,-0.44834533554536327,-0.49736488624052566,-0.51809915082127445,-0.549184171592488,-0.57467825089891755,-0.60782147673043341,-0.666440561413765,-0.68895369342395241,-0.64555607297841244,-0.57986495169726282,-0.52963489523300755,-0.45194125459307716,-0.37679075635969639,-0.30102330115106368,-0.32769413143396375,-0.44297804310917854,-0.66853265961011255,-0.622867594162623,-0.48971125185489656,-0.54913863870832658,-0.53229332301351762,-0.4680518090724945
0.02301748743720014,0.021901419510061419,0.0090596841866405244,0.015819750553380526,0.0079697885099210639,-0.034503961996250283,-0.0339491379601793,-0.0496510490889381,-0.0790506741721873,-0.12015597167813662,-0.18080163403843227,-0.21860513583193592,-0.28431984225669538,-0.29674908062142713,-0.3164234615740229,-0.3341113208678731,-0.35867649821911829,-0.38781181519681757,-0.3775822556855386,-0.42389637127257229,-0.450310975845371,-0.52649945186244118,-0.56602366238224266,-0.60541433217574137,-0.58937647819519046,-0.65589995043618343,-0.66398692537437787,-0.66466747359796008,-0.649714680094468,-0.61248716215292609,-0.49916165967782339,-0.43920144811272621,-0.33057578007380167,-0.30667020593370709,-0.29200651496648788,-0.31678503751754761,-0.32574433647096157,-0.6150747405158149,-0.57605524857838952,-0.49611062237194609,-0.61089423724583214,-0.75284705843244282
-0.010279777264596061,-0.0178105063275426,-0.026716155417942811,0.003844261452489537,-0.0092729530490457852,-0.063039486314701576,-0.088134746522057883,-0.11823733571556307,-0.14117787868298334,-0.20555199531175322,-0.27703284011000678,-0.33376459163777966,-0.390121738412487,-0.404578291811049,-0.4431991102331776,-0.46448306534804551,-0.49418552385436165,-0.52892437411679161,-0.47624716216867619,-0.51364663297479807,-0.50545278608798982,-0.55240104220948127,-0.57511730606739342,-0.60203751977884545,-0.60886993231596775,-0.60987633590896928,-0.59221332564073448,-0.6072936852773031,-0.57764516803953381,-0.58565947277979413,-0.49332516081631184,-0.41572765432871306,-0.39847404671751935,-0.305903361602263,-0.33959972485899925,-0.3664067728178842,-0.36175081559589933,-0.511165569225947,-0.58843249082565308,-0.61894808212916053,-0.67382364273071294,-0.84859210252761841
-0.015969751170026334,-0.0064005913857579973,-0.017967256653509969,-0.072539972343608872,-0.12080289603721711,-0.15593700249821452,-0.18794028858343762,-0.19410748421042054,-0.19679771539042978,-0.23076614619247496,-0.32248086970427942,-0.41716779122749964,-0.46261545631193346,-0.46721500891905565,-0.509972717227607,-0.5362261891365051,-0.56346197625001271,-0.59837295114994049,-0.58901296831943373,-0.58498796874826609,-0.58215541884584243,-0.575943329210939,-0.59976759377647848,-0.58682959698713744,-0.65489405900874031,-0.61270146953816318,-0.63767176450685015,-0.60046083701623454,-0.5805026781864655,-0.53942591037069043,-0.48478012106248308,-0.41559957374225964,-0.43110554913679761,-0.45936927625111174,-0.36194304873545963,-0.35704447541918072,-0.38755058869719505,-0.433377491576331,-0.549905002117157,-0.618154376745224,-0.67438174287478125,-0.78837523857752478
-0.027215504910377077,-0.058298927120944505,-0.094957703780947311,-0.13164062129662318,-0.18269877009472604,-0.24911614921357897,-0.26194061162108084,-0.26385803346832593,-0.25667696830726439,-0.2387910209229735,-0.316591477394104,-0.38470503663023314,-0.40203098068803045,-0.36900950489299639,-0.38897585760463366,-0.44527321391635472,-0.51693650769690669,-0.55525421548862841,-0.61096425927602327,-0.57214330575045413,-0.58314958397223027,-0.57998457267170855,-0.59169548882378475,-0.60102493640704036,-0.62648756911114944,-0.59997475998742245,-0.60142688137112243,-0.56373564473220283,-0.559585852007712,-0.52915702866656444,-0.52987525255783741,-0.49006407286809839,-0.4976016110495517,-0.52513246337572739,-0.5048096455060519,-0.43089049723413253,-0.39156038065751392,-0.379624742269516,-0.37824874619642895,-0.44755180676778156,-0.44062664253371103,-0.58393884301185606
-0.075891947084732181,-0.10119581384113036,-0.12617419670439428,-0.17738568082903372,-0.25574995015488294,-0.31177236555052584,-0.32146991789340973,-0.32124792115162992,-0.30230399966239929,-0.23166001794186045,-0.180946899122662,-0.13923245208694579,-0.15727986224616566,-0.22953062154808823,-0.26888119096451618,-0.30776709814866382,-0.35787105336785319,-0.410307145432422,-0.47655288351548686,-0.493190552507128,-0.48840810884447661,-0.50101019814610481,-0.49198330640792848,-0.51890218709454394,-0.5039958581328392,-0.52495417512696363,-0.50616241140025,-0.52863216179388539,-0.54784451850822991,-0.56084539989630378,-0.57986301412949193,-0.56221188783645626,-0.55810283660888671,-0.55878295710212311,-0.51304861215444708,-0.40714782747355377,-0.282553942874074,-0.2735399603843689,-0.29590480029582977,-0.27796414121985435,-0.27050855507453281,-0.33611369878053665
-0.12798632974877502,-0.12742361903190613,-0.20111158159044054,-0.26813910097356825,-0.29902767042318978,-0.31636708033712285,-0.32836814414371146,-0.34311493972073431,-0.33268108414976222,-0.29494956135749817,-0.25054597673994122,-0.21754563553258777,-0.211817429959774,-0.24584834020713281,-0.2610849062601725,-0.25081727440868107,-0.24025039323445024,-0.24930714236365426,-0.27428788957851274,-0.31127195219908443,-0.30433613966618267,-0.32951087770717485,-0.3701837482275786,-0.44123398641060141,-0.440381788290464,-0.45914698793337894,-0.44247867663701373,-0.43997741134270379,-0.4909983155903993,-0.55333914111057914,-0.59111993587934053,-0.59617418299118674,-0.54461461021786639,-0.543088941110505,-0.55056596152922688,-0.42526709288358688,-0.27936610579490662,-0.21172623833020529,-0.10297933085398241,-0.042555702651787382,-0.091078591533005238,-0.21844915407044546
-0.17167766650517782,-0.16982417962920499,-0.25204853521239373,-0.29062419359026281,-0.2999104880819134,-0.30757807299148204,-0.32142697020274835,-0.32816924949487053,-0.30236464065890156,-0.26567988150886129,-0.23771379351615907,-0.22434272731725985,-0.24340812144456087,-0.25526095697512996,-0.25264210641384127,-0.23888327869085166,-0.20824942578162467,-0.18708628072188452,-0.16596194542944431,-0.15896023330943926,-0.15861666892413739,-0.170510939680613,-0.19203397631645203,-0.26887501718906254,-0.331974201968738,-0.30255187506025488,-0.36409726738929749,-0.40979934692382813,-0.55079083603162027,-0.63448384533757751,-0.68356390880501794,-0.64793250958124793,-0.7040891335124061,-0.68081108833614146,-0.52284960874489372,-0.44945843815803527,-0.27099851984530687,-0.1821900480068647,-0.13106674030423166,-0.081813615746796131,-0.10705422320299679,-0.19405570377906165
-0.22869977688611443,-0.15583811916651263,-0.15577756180878608,-0.19359710945614747,-0.224951121271873,-0.2312033121074949,-0.22128206419367943,-0.18250334649174302,-0.1479207007214427,-0.11301909301143426,-0.082557594546904936,-0.072488329731501072,-0.13586388029424207,-0.20066537364171103,-0.19284594271864211,-0.18239490917095771,-0.17139295041561126,-0.15708773223490552,-0.16040053069591523,-0.16080543931041444,-0.16745093863989627,-0.20708601336394036,-0.19207862764596939,-0.16445544002384976,-0.18894698630486215,-0.25930787622928619,-0.334861981647986,-0.50763581969119886,-0.51614526143440831,-0.57347973739659341,-0.59477295523340057,-0.56836005417924174,-0.5294100830429479,-0.43423427806960213,-0.51489373866249533,-0.47130535630618825,-0.35301064042484059,-0.25562694276634018,-0.21688713471997867,-0.17151300981640816,-0.19062554091215134,-0.27644447833299635
-0.26864233229196433,-0.25944599057688855,-0.21569349815448125,-0.17072734936159484,-0.13230952009176597,-0.10532855122320113,-0.0855103819989241,-0.089414814916940838,-0.10864809459006344,-0.10621661841869354,-0.073899954695392539,-0.051711651496589184,-0.06219587552136388,-0.13142962647335871,-0.1718513390847615,-0.19024190945284708,-0.15849182133873305,-0.14492202344639549,-0.18685025374094647,-0.22816289550271526,-0.29157870156424387,-0.25091361527641615,-0.23711646695931751,-0.28903539159468244,-0.36528480820583575,-0.3470027766057423,-0.21718667576025272,-0.29842635269822748,-0.49992840794416576,-0.55452345477210152,-0.51690320670604706,-0.37692958593368531,-0.26501163716117543,-0.39401386891092571,-0.57628990160791493,-0.59473345910801612,-0.46941759884357454,-0.37385871052742004,-0.36597412960095838,-0.31454677600413561,-0.33131249822103059,-0.3483165403207143
-0.13174454817327402,-0.15631643884767921,-0.19648214985453893,-0.2058832833300466,-0.18005058765411378,-0.14333375649792807,-0.12768524015943208,-0.15347328864865834,-0.18926929256745748,-0.20066621899604797,-0.19572031442765836,-0.17698188985769564,-0.13074792043438979,-0.1268148206706558,-0.20587965743295078,-0.25292051847903957,-0.19503348295030923,-0.22792995156663837,-0.36487540369853377,-0.34511105825795846,-0.19953234144486487,-0.19003233087785315,-0.4001338447843279,-0.41936915300109168,-0.23795085224426454,-0.073142203953907345,-0.10636538313701749,-0.21250433754175901,-0.339511140667159,-0.54123493496860775,-0.41555110790899824,-0.093656714870240132,-0.13327713885708994,-0.34074016321789136,-0.4784815538497198,-0.578157331262316,-0.52323398987452185,-0.49099786400794981,-0.49330922663211824,-0.50187203619215226,-0.47794243196646374,-0.38627352118492125
-0.14980217475782742,-0.098542989335126341,-0.058499855654580254,-0.054105228366884028,-0.060605391972265873,-0.054180973051115869,-0.0594535244203269,-0.10621282209952672,-0.17951195858992064,-0.1921183036433326,-0.18448008652086612,-0.19865930440097018,-0.18861475001488412,-0.23564794899955874,-0.289648940662543,-0.21647118512661226,-0.32210658211261034,-0.46231545905272164,-0.30466584003332892,-0.11679795850068331,-0.22736112690634197,-0.49709836550449071,-0.62501015365123747,-0.33276086954808815,0.0058680834701737841,-0.01592571156031293,-0.12771886504358715,-0.30445993560201984,-0.58163424274500675,-0.67623943707038614,-0.25414964710843974,0.00075466518561976648,-0.14345313670734564,-0.3633261227607727,-0.49129921907470342,-0.59273711204528812,-0.58903047868183678,-0.56522733926773072,-0.61411128531802783,-0.63995647033055625,-0.54887430942975557,-0.417307512326674
-0.23171601113345888,-0.19608809260858429,-0.14566541245828071,-0.08369108786185582,-0.021858699296617174,0.0073867820575833319,0.018034597530329068,-0.021744140395894646,-0.093706451489457068,-0.086925998192142556,-0.069083799679691971,-0.12283268288291734,-0.2278130982191332,-0.316739016212523,-0.27085115880735461,-0.36930651026112693,-0.528907984495163,-0.39133101515471935,-0.2034584560564586,-0.2794547462392421,-0.56687216218127756,-0.75652600526809688,-0.52226288586246727,-0.23469512216573538,0.0022517894729080193,-0.15811784972053525,-0.23884671829316928,-0.63168310755636636,-0.88937733624432536,-0.63611832802945922,-0.22431076654503424,-0.11508634686470032,-0.24180222188050932,-0.41439880889195663,-0.58349206759816119,-0.69539902968840162,-0.69264280796051025,-0.63989005486170447,-0.6730113804340363,-0.69093311578035355,-0.58416850750262916,-0.47787234458056366
