SouthSea_Web/demo/jsonfile/2017-12-14-20.json
{"header": {"parameterUnit":"m.s-1","parameterNumber":3,"dx":0.1,"dy":0.1,"parameterNumberName":"Northward current","la1":29.0,"la2":12.0,"parameterCategory":2,"lo2":131.0,"nx":250,"ny":171,"refTime":"2017-12-14T19:58:07.5","lo1":106.0}, "data":
[rows 95 to 113 of 171, columns 172 to 214 of 250]
0.0843190507342418,0.055836568400263784,0.061270438548591405,0.09409832488745451,0.12824344741446631,0.11758261173963547,0.092442981898784637,0.080300991733868912,0.0740013811737299,0.090241948142647743,0.13134720176458359,0.1588442474603653,0.1579147974650065,0.13802692294120789,0.097678897281487778,0.067446921020746231,0.051931655034422874,0.04076731763780117,0.034303028136491776,0.030431731604039669,0.016445159912109375,-0.0085160240996629,-0.053936021402478218,-0.092407997697591782,-0.1270328126847744,-0.15169712901115418,-0.15972985327243805,-0.1681748628616333,-0.14580985903739929,0.0,-0.11565914005041122,-0.066183693706989288,-0.0045583075843751431,0.0,0.072615563869476318,0.13643018901348114,0.17466059327125549,0.22520649433135986,0.24228432774543762,0.29700076580047607,0.33646348118782043,0.0,0.31398764252662659
0.065731633793223984,0.038062781095504761,0.039634238721595869,0.071305427700281143,0.10831813663244247,0.099467043578624723,0.070382083455721542,0.053172550164163113,0.062203956147034965,0.0889626294374466,0.13026100769639015,0.15796611458063126,0.15406686067581177,0.13008281961083412,0.10439533740282059,0.077015411108732224,0.053465742617845535,0.03763744980096817,0.029560389928519726,0.01800162810832262,0.0027326205745339394,-0.035424239933490753,-0.062327917665243149,-0.11498670279979706,-0.13176940381526947,-0.16138263046741486,-0.16806413233280182,-0.16687825322151184,-0.17793695628643036,-0.16303887963294983,-0.1308484673500061,-0.083547800779342651,-0.046688646078109741,0.006337764672935009,0.058292854577302933,0.10346485674381256,0.19705568253993988,0.27419894933700562,0.30167493224143982,0.32412880659103394,0.32908686995506287,0.31005589663982391,0.0
0.029866602504625916,0.016815691784722732,0.03256711754947901,0.053912168834358454,0.060762044663230576,0.058653532837828,0.028970603908722598,0.0212723466878136,0.053228532522916795,0.090820727248986557,0.13381033763289452,0.15913473069667816,0.16259536147117615,0.13860266655683518,0.10538151115179062,0.070614732801914215,0.042141127400100231,0.01215952355414629,0.010959315579384565,-0.0058299368247389793,-0.0095691995229572058,-0.0668238028883934,-0.089889127761125565,-0.12366177886724472,-0.14557139575481415,-0.16530567407608032,-0.18124663084745407,-0.18319742381572723,0.0,-0.18179178237915039,-0.1482478678226471,-0.11991044133901596,-0.069320030510425568,-0.007809959352016449,0.063128009438514709,0.12722723186016083,0.0,0.2426576167345047,0.31626734137535095,0.32469528913497925,0.33447882533073425,0.30263522267341614,0.27935096621513367
0.033740331185981631,-0.0069857528821254773,0.021048508170578215,0.036888225802353451,0.028822848883767922,0.013140572268249733,0.0061060300019259257,0.017234079469926656,0.052502098182837166,0.094314513728022575,0.13034114241600037,0.15734520057837167,0.16651106377442679,0.14328741282224655,0.097430083900690079,0.057171576966842018,0.024313222151249647,0.010061695473268628,-0.0089377579279243946,-0.0084086088463664055,-0.04063376784324646,-0.0688724797219038,-0.10789105296134949,-0.14225155115127564,-0.16418430209159851,-0.17384518682956696,0.0,-0.20050381869077683,-0.2066512405872345,-0.19981308281421661,-0.16538204252719879,-0.12389045581221581,0.0,-0.049067981541156769,0.045912519097328186,0.10286103188991547,0.17514772713184357,0.0,0.29725129902362823,0.3218936026096344,0.30191564559936523,0.29944700002670288,0.28343361616134644
0.039123905450105669,0.0049559729632164817,-0.0023354351772771529,0.0069698011001390926,0.0081876824676458317,-0.005054482608102262,0.0067401585097286443,0.031483143102377653,0.050420913845300674,0.0776774138212204,0.11072051028410594,0.14663495868444443,0.16649731248617172,0.14082006365060806,0.088889230042696,0.057673357427120209,0.021892310585826635,-0.0034847846254706383,-0.018942207563668489,-0.028223431669175625,-0.052160564810037613,-0.064492978155612946,-0.1193092092871666,-0.14460605382919312,0.0,-0.18231173604726791,-0.19441130012273789,-0.20643433928489685,-0.21414971351623535,-0.20998245477676392,-0.18578395247459412,-0.14715813100337982,-0.0941910669207573,0.0036657811142504215,-0.026100745424628258,0.078319892287254334,0.17616957426071167,0.24770885705947876,0.0,0.30867272615432739,0.30917230248451233,0.0,0.31856235861778259
0.03215051768347621,0.030914960536532678,0.017007200116164644,0.002578643260575417,0.0042386737020154086,0.013491121208062396,0.034518010914325714,0.037930215150117873,0.044691640883684158,0.061989905312657356,0.095171732207139328,0.14648541808128357,0.1623251810669899,0.13396272311607996,0.089508112519979477,0.059319620952010155,0.029146416112780571,-0.0076845700386911631,-0.023880476132035255,-0.026251045055687428,-0.041127197444438934,-0.0712844580411911,-0.10400138050317764,-0.1242746077477932,-0.16275506466627121,-0.17480620741844177,-0.19366884231567383,-0.201766699552536,-0.21170426905155182,-0.21542845666408539,0.0,-0.18186713755130768,-0.13584612682461739,-0.0714026689529419,0.029022233560681343,0.0,0.126163050532341,0.19994835555553436,0.25775393843650818,0.28357666730880737,0.29296410083770752,0.32061117887496948,0.0
0.044884974951855838,0.071226246874122059,0.06369577517563646,0.04189844592474401,0.033183704182091683,0.060099147260189056,0.052765977258483567,0.031554872790972389,0.031333201875289284,0.053519169489542641,0.10799725353717804,0.148832306265831,0.15598613023757935,0.13830985128879547,0.10528197139501572,0.058606630191206932,0.0278340894728899,0.0019521381473168731,-0.00651841564103961,-0.014059268248577913,-0.027589602395892143,-0.048407228663563728,-0.08373120054602623,-0.088061697781085968,-0.13939154148101807,-0.14637993276119232,-0.17069017887115479,-0.19743795692920685,-0.20270974934101105,-0.21787650883197784,-0.21079269796609879,0.0,-0.15520902723073959,-0.097317293286323547,-0.014747347682714462,0.0971798226237297,0.0,0.15311042964458466,0.24054107069969177,0.26953151822090149,0.29982107877731323,0.32763175666332245,0.3700612485408783
0.086183706531301141,0.09368858223452288,0.10216014353292328,0.089830408719452942,0.082914296005453386,0.0780695378780365,0.047292165458202362,0.027928892988711596,0.039803401877482734,0.064075512811541557,0.12672386566797891,0.14684845507144928,0.14362972229719162,0.12554537132382393,0.09211074312527974,0.047786619514226913,0.021187249571084976,0.003780480707064271,0.00509407272329554,0.0027685414534062147,-0.016483409330248833,0.0,-0.0638015866279602,-0.10829924792051315,-0.097363583743572235,-0.12579646706581116,-0.16578219830989838,-0.17549830675125122,-0.20267193764448166,-0.22447684407234192,-0.22025063633918762,-0.20588184148073196,0.0,-0.10483716428279877,-0.033700767904520035,0.043281232938170433,0.12584765255451202,0.0,0.20417963713407517,0.277459979057312,0.0,0.32863533496856689,0.35895368456840515
0.13654289701405695,0.11849756585434079,0.11501645669341087,0.11669470828313094,0.10063229035586119,0.075749648468835015,0.044485742492335181,0.038477374240756035,0.058257613331079483,0.094067779680093125,0.13706590607762337,0.13860099762678146,0.12721985578536987,0.11226065829396248,0.085422150790691376,0.05373320604364077,0.024145846255123615,0.014211670495569706,0.023397982120513916,0.0059629026800394058,-0.00475595926400274,-0.035294788889586926,-0.038728842511773109,-0.057140342891216278,-0.065734449774026871,-0.098541643470525742,-0.13318496197462082,-0.17637191712856293,-0.19771059602499008,-0.21897664666175842,-0.23333197832107544,-0.21832840144634247,-0.16753728687763214,-0.0922468975186348,0.0,-0.010748355649411678,0.095414485782384872,0.1709078848361969,0.0,0.24324843287467957,0.30064550042152405,0.31158491969108582,0.35981354117393494
0.18779938668012619,0.16577418545881908,0.13327371422201395,0.10519662722945214,0.085115529596805573,0.063570413738489151,0.047095874058348794,0.047308294723431267,0.067031005769968038,0.10957403667271137,0.12480000406503677,0.12412199874718984,0.11600370332598686,0.10128553584218025,0.077452778816223145,0.057481484487652779,0.04264536127448082,0.035280344076454639,0.0418825875967741,0.021763423457741737,0.019576499238610268,-0.010751729132607579,-0.017234888393431902,-0.034264586865901947,-0.042501114308834076,-0.095529280602931976,-0.13899646699428558,-0.137958824634552,-0.18671739101409912,-0.21005482971668243,-0.21615362167358398,-0.20112551003694534,-0.16991071403026581,-0.10732945054769516,-0.025415184907615185,0.0,0.078945592045784,0.15753839164972305,0.22708939015865326,0.25263288617134094,0.29445198178291321,0.34074056148529053,0.0
0.18631611450722344,0.16738929874018618,0.14356095876012529,0.10000951534935407,0.063280924689024687,0.04560004878375265,0.040958447588814631,0.040806611999869347,0.06733137244979541,0.093148887157440186,0.11032253503799439,0.10700556884209315,0.10928427428007126,0.098883446305990219,0.082414239645004272,0.071312043815851212,0.05996938981115818,0.061382184425989784,0.054838553071022034,0.043019980192184448,0.041776761412620544,0.018634197767823935,-0.0034260591492056847,-0.018298476468771696,-0.042667295783758163,-0.067459702491760254,-0.097925685346126556,-0.1514974981546402,0.0,-0.20520932972431183,-0.21551564335823059,-0.17950107157230377,-0.1511952355504036,-0.12838579714298248,-0.043591316789388657,0.064490057528018951,0.0,0.14805851876735687,0.24039295315742493,0.29319795966148376,0.31544259190559387,0.346621572971344,0.34300783276557922
0.12989549800044015,0.14899837970733643,0.12342819711193442,0.091032116540840688,0.074384759283728064,0.051284727826714518,0.037630899498860039,0.037158411617080368,0.060468954965472221,0.069593432048956558,0.089650961260000869,0.096246426304181412,0.1012544296681881,0.096264418214559555,0.086736686527729034,0.077471625059843063,0.0784330666065216,0.074372492730617523,0.068563729524612427,0.060479216277599335,0.062544465065002441,0.036066621541976929,0.011641652323305607,-0.024123383685946465,-0.03446674719452858,-0.05768275074660778,-0.099108628928661346,-0.11539308726787567,-0.16718283295631409,-0.20001128315925598,-0.18804089725017548,-0.15474627912044525,-0.13178707659244537,-0.041892707347869873,-0.033583760261535645,0.059517126530408859,0.13114066421985626,0.0,0.20841626822948456,0.0,0.31289094686508179,0.34517204761505127,0.0
0.10601785998134052,0.14669070436674006,0.13645740399758022,0.11211202179010098,0.096956007182598114,0.0651345856487751,0.037394589123626552,0.034618874639272691,0.049114235987265907,0.057167043909430504,0.074709761887788773,0.080389226476351425,0.090786613523960114,0.092504184693098068,0.089643843472003937,0.079016618430614471,0.082130748778581619,0.070846341550350189,0.076624453067779541,0.084063522517681122,0.065044675022363663,0.026402946561574936,0.0080874068662524223,-0.023021954111754894,-0.041291072964668274,-0.055248847231268883,-0.083840660750865936,-0.12827249616384506,-0.17430014908313751,-0.16345888376235962,-0.15040008723735809,0.0,-0.10875173658132553,-0.038064301013946533,0.0,0.052639231085777283,0.13330869376659393,0.19100214540958405,0.22529803216457367,0.26668292284011841,0.3173675537109375,0.0,0.35912938416004181
0.1182491160929203,0.16553986631333828,0.15678874589502811,0.14894845386346181,0.11627087907658683,0.066298600286245346,0.034225118863913745,0.035322990268468857,0.047576626762747765,0.056002919872601829,0.051990796811878681,0.054083641618490219,0.072530981153249741,0.0769251324236393,0.079321343451738358,0.070373162627220154,0.085307210683822632,0.076872888952493668,0.072459008544683456,0.0740407183766365,0.063500074669718742,0.022626765072345734,-0.021137427538633347,-0.034096688032150269,0.0,-0.038416013121604919,-0.077635891735553741,-0.095482997596263886,-0.12999014556407929,-0.15771624445915222,-0.11827642098069191,-0.08281216025352478,0.0,-0.033608295023441315,0.056671854108572006,0.0,0.15098918974399567,0.21197572350502014,0.27980715036392212,0.28076925873756409,0.32121133804321289,0.31748566031455994,0.36615943908691406
0.13139860998643071,0.1667863517999649,0.17171120271086693,0.1492063460441736,0.12010530506571134,0.0778268575668335,0.041624164581298827,0.023864719457924365,0.02979440800845623,0.0342704551294446,0.019086302413294714,0.015196079388260841,0.042300158490737282,0.053995698690414429,0.067907489836215973,0.073313232511281967,0.084322202950716019,0.076683633029460907,0.075208097696304321,0.085023313760757446,0.054863246157765388,0.028880367055535316,-0.012149924412369728,-0.023313816636800766,-0.031227126717567444,0.0,-0.04556749016046524,-0.092606261372566223,-0.12516790628433228,-0.089935988187789917,-0.10408158600330353,-0.063897125422954559,-0.00858791172504425,-0.027857830747961998,0.059514470398426056,0.15760508179664612,0.0,0.21650974452495575,0.0,0.32898640632629395,0.37172487378120422,0.0,0.39448940753936768
0.1452609457075596,0.17486108927165761,0.21349696401092741,0.17139700651168824,0.12882479551163587,0.083512258612447321,0.042541395340647013,0.012469089201961955,0.0033619420234269151,0.00044543548331906396,-0.0030466677853837609,-0.0089923586929216981,0.015826277434825897,0.033292208798229694,0.051153736189007759,0.067026220262050629,0.09580843523144722,0.097344174981117249,0.089627973735332489,0.086578685790300369,0.057019226253032684,0.022170135751366615,0.0008184211328625679,-0.022606538608670235,-0.014435136690735817,-0.022375628352165222,-0.053978700190782547,0.0,-0.086651187390089035,-0.070761449635028839,0.0,-0.027905508875846863,0.040818314999341965,0.091242566704750061,0.074144788086414337,0.16120904684066773,0.25482204556465149,0.26612380146980286,0.31812393665313721,0.0,0.35299000144004822,0.38936352729797363,0.40055593848228455
0.24641782268881798,0.27805649920513753,0.26805947896312265,0.18708117393886342,0.12943543600184576,0.075608336451378738,0.037532695336267352,0.00722028138989117,-0.010013721010182053,-0.011037066578865051,-0.01418178528547287,-0.015947799198329449,-0.0063990369283904629,0.012614608043804765,0.044392619282007217,0.084177020937204361,0.12699977308511734,0.11506639420986176,0.10381106659770012,0.0,0.071376770734786987,0.041398722678422928,0.02706902427598834,0.023505270481109619,0.0067074892576783895,-0.0094605311751365662,-0.018421376124024391,-0.0413794182240963,0.0,-0.039622370153665543,0.015123302116990089,0.0,0.069511281326413155,0.095342166721820831,0.0,0.19154857099056244,0.0,0.29267773032188416,0.34216909110546112,0.3884023129940033,0.39269500970840454,0.39883217215538025,0.0
0.28699624396505807,0.29460367911002217,0.25374595470288219,0.18243688695571003,0.12455647066235542,0.0766374570402232,0.029469064126412075,-0.003744832138181664,-0.0059191275698443251,0.0015314424720903237,0.0028816843405365944,-0.00081123551353812218,-0.014840479730992229,0.0018476757686585188,0.062243908643722534,0.11107896268367767,0.15219658613204956,0.1380356103181839,0.098404254764318466,0.078000962734222412,0.058471985161304474,0.085763648152351379,0.074185259640216827,0.062955072149634361,0.038058783859014511,0.020289360545575619,-0.016453921794891357,-0.010672087781131268,0.012829620391130447,-0.019678231328725815,0.051556803286075592,0.096365511417388916,0.0,0.10838277637958527,0.19306996464729309,0.0,0.30615793168544769,0.0,0.37470933794975281,0.0,0.41269832849502563,0.40013796091079712,0.37076470255851746
0.24158702194690704,0.22946319356560707,0.21604603994637728,0.19006161178861344,0.1378993099289281,0.080703989687291061,0.043835592269897458,0.030720415525138378,0.040092056306699909,0.045684505254030228,0.038067793007940054,0.028557293117046356,0.023995286474625271,0.046359632164239883,0.09022102877497673,0.12218905240297318,0.14341256022453308,0.12012890726327896,0.096009194850921631,0.0752754881978035,0.075030289590358734,0.099363327026367188,0.0,0.080476723611354828,0.028209403157234192,0.0063506481237709522,0.040513284504413605,0.011043060570955277,0.026922762393951416,0.064341150224208832,0.038698237389326096,0.080766182392835617,0.1192905381321907,0.10796619206666946,0.21019598841667175,0.25156507641077042,0.0,0.35907638072967529,0.0,0.40476104617118835,0.41404557228088379,0.0,0.0
