SouthSea_Web/demo/jsonfile/2017-12-14-18.json
{"header": {"parameterUnit":"m.s-1","parameterNumber":2,"dx":0.1,"dy":0.1,"parameterNumberName":"Eastward current","la1":29.0,"la2":12.0,"parameterCategory":2,"lo2":131.0,"nx":250,"ny":171,"refTime":"2017-12-14T18:00:00","lo1":106.0}, "data":
[rows 76 to 94 of 171, columns 0 to 41 of 250]
0.0,0.0,0.0,0.0,0.0,0.0,0.0,0.0,0.0,0.0,0.0,0.0,0.0,0.0,0.0,0.0,0.0097904990959380347,-0.039644166576075342,-0.1037786367922901,-0.20399672192676613,-0.25017556329385116,-0.01862760454324806,0.024688079093937717,0.03774247580440715,0.055119785250898334,0.072578876453917474,0.096442610988843033,0.076931487378333843,0.10055091114980834,0.13299471333622934,0.098513077208684435,0.14646994645590894,0.15264309337582441,0.065241692708261093,0.18604021236028667,0.29542648994945475,0.19378185339567619,0.33640602941665315,0.28233650539313321,0.11238456807797775,0.0,0.0
0.0,0.0,0.0,0.0,0.0,0.0,0.0,0.0,0.0,0.0,0.0,0.0,0.0,0.0,-0.080103351869459813,-0.20362936424545519,-0.23293531547432456,-0.15102270904380977,-0.1165390565966155,-0.0799156398026613,-0.029576124351394052,-0.00797556042455434,-0.03590058392189719,-0.059634980257777942,-0.048597772066530431,-0.022501603420823812,-0.0072072809071917279,-0.006640799686364416,0.018469423775331961,0.055964266083070209,0.1020289605949074,0.16102206639268182,0.28147098269997811,0.26129085272550584,0.26608234291435567,0.3524014269177978,0.29158126195551642,0.17446006991797022,0.029545589360183287,0.0,0.0,0.0
0.0,0.0,0.0,0.0,0.0,0.0,0.0,0.0,0.0,0.0,0.0,0.0,0.0,0.0,-0.016274862547073065,-0.22864932055879189,-0.23531953744232476,-0.16951333178403269,-0.079499210805299175,-0.0857651474758644,0.00581702754122786,-0.012298725925763298,-0.069573016837239265,-0.0806018247416145,-0.064970760182900864,-0.048536117887124419,-0.037313022837042811,-0.022156837607987902,0.017339832357330515,0.048106081783771515,0.077512964775616477,0.11958217282186855,0.17775575578212738,0.23587719516621697,0.27550966626611251,0.27763361667377362,0.25274861603975296,0.18627976733363338,0.045991775860931096,0.0,0.0,0.0
0.0,0.0,0.0,0.0,0.0,0.0,0.0,0.0,0.0,0.0,0.0,0.0,0.0,0.0,0.19113127190259197,0.0993618931779366,0.0024060861040179171,0.1125272430486515,-0.025320520338505213,-0.14365460192379745,-0.019043099233385874,-0.046651868583770316,-0.097326089712706482,-0.10772202210500836,-0.10671343430876731,-0.098585928479830429,-0.08226212326969419,-0.06214600269283567,-0.012139039479994349,0.04278268339112401,0.12906947561229268,0.1344162759009693,0.0806128382784031,0.18071842406477248,0.18519560827149284,0.17655941774137318,0.11018508592886585,0.01992713586103333,0.0,0.0,0.0,0.0
0.0,0.0,0.0,0.0,0.0,0.0,0.0,0.0,0.0,-0.023365508313016856,-0.019015863587680672,0.017642704877873176,0.1746773626573126,0.37124031499221793,0.23496268099747805,0.1313978338082627,0.032495352044208226,0.08223531605791394,0.0576797083076525,0.020922863455780316,-0.020085640374288363,-0.10542705392136294,-0.12325242410103481,-0.12258999142795801,-0.1134061376963343,-0.095045386503140136,-0.082521267235279083,-0.0733368347088496,-0.057735809021525912,-0.02707342819000284,0.011095219948661647,0.089443622881040574,0.14200378110011419,0.14886106586172468,0.15749624136247134,0.14305656202710593,0.09596067011695017,0.052997939101608021,0.0,0.0,0.0,0.0
0.0,0.0,0.0,0.0,0.0,0.0,0.0,0.79459191933274265,0.0683794204417912,0.049704146440547665,-0.0041875454189249711,-0.061514636302157671,0.0913947433355333,0.1172488663841556,0.030004682426596079,0.040757983170774892,0.078637531207829348,0.058332063473894129,0.1051274743193472,0.039098966836688981,-0.0584511803873979,-0.10020244959741831,-0.11152187628405434,-0.10677724704146385,-0.092640763521194464,-0.077697239816188812,-0.067231860756874082,-0.066163821766773864,-0.061699047684669495,-0.041825891871537478,0.0012124428924705302,0.076964894575732093,0.08698392761024562,0.055158023477384917,0.098227704153396184,0.10687369236658359,0.058339783084366909,-0.020179763616879984,0.0,0.0,0.0,0.0
0.0,0.0,0.0,0.0,0.0,0.0,0.0,0.0,0.070580736108862646,0.0334178197319816,0.044212334880804907,-0.10069452641515195,-0.038357710972801468,0.091156779457704687,0.12671837650120008,0.11255797116072534,0.062134186698434256,0.067937742754378735,0.011590227673185013,-0.018509814764062563,-0.0561284851282835,-0.084355369210243225,-0.0901833325624466,-0.087032653391361237,-0.059784453362226486,-0.05765436589717865,-0.052183080464601517,-0.058883305106844218,-0.065557443536818027,-0.047557951468560428,-0.00071379984728991985,0.037383895739912985,0.02118911618211617,-0.025507261292659678,-0.087191123613401464,-0.052199657814686787,-0.011090683951967066,0.00804656762418725,-0.0018163586725757895,0.0,0.0,0.0
0.0,0.0,0.0,0.0,0.0,0.0,0.0,0.19703612710123486,0.10376738857886585,0.14832238678117188,0.24382266572004632,0.29003276385706644,0.26572303590364754,0.14712806334909129,0.25551086057972466,0.1576885087563405,0.087815844123401945,0.085512560925313411,-0.0036178297208001218,-0.054264855467610888,-0.080730279535055155,-0.093102416396141058,-0.083387317756811782,-0.069871562222639724,-0.047081110998988152,-0.035115563621123634,-0.040382909029722212,-0.060767959803342819,-0.064441372773477015,-0.040453401817516846,-0.0027966428278887179,0.01880947791505605,0.00413911512049918,-0.02437176996547925,-0.091554917749904458,-0.172461352414555,-0.036518483207930393,0.034196800350394442,0.079413460508266531,0.0,0.0,0.0
0.0,0.0,0.0,0.0,0.0,0.0,0.00715958608447441,0.0932876310414738,0.15925314030106608,0.04470328626055748,0.08221218979193104,0.21845644694708644,0.23859032873923963,0.10644782241433859,0.087070826854970723,0.092228043338526855,0.070163755367199584,0.025099938480707351,-0.038532391087048583,-0.065693910632814684,-0.08874332532286644,-0.078661659732460976,-0.061482725664973259,-0.035123591311275959,-0.033402396366000175,-0.029813675209879875,-0.035260667093098164,-0.05191945843398571,-0.043737879954278469,-0.016110998844461783,0.0080778672301676131,0.010634723614202812,-0.0041585942356808419,-0.036811766563914716,-0.044218246928519674,-0.10885202219052349,-0.18666693541620458,-0.11702472640263295,-0.01146399763041869,0.0,0.0,0.0
0.0,0.0,0.0,0.0,0.0,0.0,0.020331238023205175,0.0377730840210995,-0.034858612040587669,0.022038355816621332,0.0074527168990639239,0.0018634334280106582,0.043829666334204376,0.080144508217927068,0.11938443473156761,0.1043801049099249,0.0514642670750618,0.0074796408668837766,-0.02752502608512129,-0.037223023176193235,-0.04013205816348394,-0.039872303605079651,-0.048840738832950592,-0.034365501254796982,-0.030803875997662544,-0.036737984046339989,-0.037818893790245056,-0.031720538623631,-0.017315613571554422,-0.0067813245404977351,-0.00976284357602708,0.020277246925979854,0.021072385196860593,-0.002692446161649729,-0.061917881149080735,-0.040363064595462322,-0.15345096855670354,-0.13194939599627942,-0.026863620695363397,0.053941662350476094,-0.015636432683095336,0.0
0.0,0.0,0.0,0.0,0.0,0.0,0.023335334165646298,-0.015800086149658242,-0.02743966754254264,0.010196667718922808,-0.036587247624993324,-0.0819896784211908,-0.075320878281043127,-0.0066140570027831318,0.044818641035817564,0.068632550029592079,0.03424281430973982,-0.0092965071962680668,-0.036141603812575342,-0.036328231543302537,-0.015596962301060557,-0.0096458768239244819,-0.022857807576656342,-0.030985002405941486,0.0,-0.031430767849087715,-0.029086800292134285,-0.022187903213004272,0.0089034958800766617,0.0045307682536076758,-0.01359776125755161,0.030385058373212814,0.043016861241899039,0.010066614602692425,0.0168127028243334,-0.085156598220285221,-0.058279893940521611,-0.085252272946007068,-0.013628033838661699,0.042388015536632719,0.00920841199167172,0.0
0.0,0.0,0.0,0.0,0.0,0.33525821276836926,0.13901368406272208,-0.0084558513412690342,-0.04528644988313317,-0.01245870590411449,-0.04360538899588088,-0.0668765977025032,-0.066555955260992047,-0.01061690563801676,-0.0098788131409409379,0.023471200559288263,0.017019591685051898,-0.0342465482120003,-0.033250353485345843,-0.018292689230293036,0.0039379534622033434,0.011496571358293295,-0.000556446029804647,-0.0043060844764113426,-0.015090134926140308,-0.028074886649847031,-0.036932392045855522,-0.025432323416074116,0.018058450683020054,0.015921311970386241,0.00623081067057613,0.05598598787266957,0.063551774409671247,-0.056053008760327,-0.1178075576756607,-0.091702919795976154,-0.12496108823397663,-0.18722223700024188,-0.0054939892989932558,0.069952595035085163,0.1062876165021905,0.12046659693710114
0.0,0.0,0.0,0.030371606349945068,0.0839342204376291,0.14707289395434126,0.15223668167909868,-0.023520663910513294,-0.045072261572760695,-0.046858813613653183,-0.081141657267625511,-0.085263651880350982,-0.078779187984764576,-0.065133203855819166,-0.021478117909282446,0.0033603373837346831,-0.0011053005146095529,-0.01797761773923412,0.010609448499356708,0.028946620722611744,0.028579965233802795,0.021196206100285053,0.0061903966125100851,0.0022569262655451894,-0.012151916977018118,0.0,-0.023830665896336239,-0.029857956804335117,-0.023152984146560942,-0.021443879024849996,0.004652464535042998,0.0828235027966676,0.12208004497193001,0.061051487875473057,-0.0415473611367976,-0.28036485732805849,-0.45660844890870783,-0.55169329663308764,-0.62215788227319713,-0.23389537948390057,-0.25607502882091981,-0.29222013629279942
0.0,0.0,0.00825159220645825,0.074757832997277673,0.082655511638798,-0.01031465924089834,-0.11424864515323531,-0.092293475500561981,-0.056555221974849704,-0.095653955909338867,-0.10477142930030822,-0.1027533399562041,-0.0796255071957906,-0.043230763985775411,0.0012731295104862915,0.038875451311469078,0.030938959995182813,0.025544108357280493,0.040956268459558486,0.03435856755822897,0.030157069675624371,0.022850504145026207,0.014942862093448639,0.013689910527318716,0.0049096000147983432,-0.017051301430910826,-0.021832134574651718,-0.029959418500463169,-0.014659324544481933,0.016886651917287197,0.048450459769271592,0.088110562742632972,0.0011956129333890613,-0.11772550120994955,-0.30419382126575972,-0.54625414368329628,-0.62678994805040489,-0.712894303156129,-0.871943594995609,-0.87173406159983269,-0.731052421388172,-0.59329987765788983
-0.022015879865106631,-0.072903473790923254,0.049489576703506628,-0.011087220656241528,-0.20901688039302827,-0.28835482522845268,-0.15619042360534272,-0.076410397887229919,-0.0777783492313964,-0.11919696815311909,-0.12748641707003117,-0.098447677679359913,-0.040482216980308294,-0.00069006969819643672,0.045154194480606487,0.084134606644511223,0.08539961899320285,0.047352147909502186,0.040014777798205614,0.024196442837516468,0.026652757078409195,0.018163363449275494,0.011795411352068186,0.0016811997629702091,0.0089465159690007567,-0.0061781765543855727,-0.026197752915322781,-0.018507677751282852,0.012168777773955039,0.060544870172937713,0.1042511329493102,0.11558753131209193,0.02858503543644805,-0.090507736699140376,-0.12750718164482219,-0.059107094826622734,0.0916275621766188,-0.019838267664040277,-0.18478593691496179,-0.31701888153849406,-0.35408890224061906,-0.15598023076854911
0.027464841017303804,-0.00917312597864241,-0.017400299217919572,-0.16983864699368892,-0.12324198573827744,-0.054348821518942714,-0.06413068970044454,-0.072125819257714538,-0.10320680737495422,-0.10097126993868086,-0.057797839658127889,-0.039839670682946839,-0.010515929066709109,0.036628482597214837,0.060784929990768434,0.08003668487071991,0.0815200178573529,0.025780461262911558,0.015317144493261973,0.021655867497126263,0.021558284759521484,0.010035492479801178,-0.0058779085520654917,-0.044162875041365623,-0.033887411467731,-0.015078478027135134,-0.018945032730698586,-0.011661054566502571,0.034205708342293896,0.093345673206974483,0.13278085601172948,0.13069217520601609,0.15160746602844952,0.18635933844383212,0.075617600698382942,0.041374972374329189,0.0,0.0,0.0,-0.015551057948659245,0.012025806628419863,0.0
0.026240057206155756,-0.021378806301502771,-0.20164585022664652,-0.16146334663033485,-0.1002679036131927,-0.0613185739410775,-0.067642741836607456,-0.11001263186335564,-0.10181507633792029,-0.069104131311178207,-0.046698988229036328,-0.017990212887525558,-0.003047231410164386,0.035619169473648071,0.061997259408235549,0.068284692242741585,0.052725537990530334,0.012730499108632406,0.023235618136823177,0.020039002411067486,0.0075862552039325237,0.0038932152868558965,-0.017657718621194363,-0.062135249376297,-0.069526690989732742,-0.041462723165750504,-0.034040194936096668,-0.00493186918780945,0.022097374234969418,0.02727511792909354,0.070361641987871662,0.058831502410716247,0.092157486785914469,-0.0019678299725790949,0.0,0.0021799599198857322,0.0,0.0,0.0,0.0,0.0,0.0
-0.062206365880282485,-0.10178675803213587,-0.029984297230839729,0.017042059466863671,-0.018176000299198285,-0.072134753316640848,-0.11097555110851924,-0.11631907688246833,-0.084273456285397216,-0.066825984045863152,-0.038880282267928126,-0.015045886160805821,-0.0045647347966829939,0.022345746867358685,0.03692364227026701,0.04237397201359272,0.042754944413900375,0.034136531253655754,0.0174919287674129,0.0,0.0091754905879497528,0.0066924432758241892,-0.020623801741749048,-0.05416784187157949,-0.063870973885059357,-0.042206155136227608,-0.0055107800872065127,0.029701624927110971,0.075178400675455725,0.080639402519035,0.06463059289074552,0.077382703871467132,0.049938169428660271,0.013891305300144314,0.0,0.0,0.0,0.0,0.0,0.0,0.0,0.0
-0.036716629354522606,0.012386220509087611,0.026460646910709328,0.021841659389722805,-0.022253537423570047,-0.0875939795604119,-0.094866082072258,-0.0840923972427845,-0.081057363500197724,-0.058902662247419357,-0.037181292660534382,-0.015730113722383976,-0.015635951422154903,-0.0091467683669179678,0.011068938300013542,0.0086877052672207356,0.0057648368529044092,-0.001997312530875206,0.013962104450911284,0.014091602060943842,0.014035246334969997,0.01874898886308074,-0.048450082540512085,-0.045233389362692833,-0.032484328490681946,0.0010080570646096021,0.073587125400081277,0.11606229891379674,0.13269147862281119,0.16122996410273988,0.18457666328667025,0.12162356526602673,0.025713355513289571,0.0,0.0,0.0,0.0,0.0,0.0,0.0,0.0,0.0
