SouthSea_Web/demo/jsonfile/2017-12-14-05.json
{"header": {"parameterUnit":"m.s-1","parameterNumber":3,"dx":0.1,"dy":0.1,"parameterNumberName":"Northward current","la1":29.0,"la2":12.0,"parameterCategory":2,"lo2":131.0,"nx":250,"ny":171,"refTime":"2017-12-14T04:58:07.5","lo1":106.0}, "data":
[rows 95 to 113 of 171, columns 0 to 42 of 250]
-0.44658053031674139,-0.32499945883093206,-0.31973427865240311,-0.29333002521441531,-0.27702933549880981,-0.24726557502379784,-0.24297825660970476,-0.2085878223180771,-0.16230904757976533,-0.11418267587820689,-0.059087352827191353,0.0026613405595223107,0.049465207383036613,0.043958256021142006,0.0028078686445951462,0.010579771362245083,-0.032195006497204304,-0.0487609189003706,-0.0583394393324852,-0.04853537306189537,0.0,-0.06201634369790554,-0.06048944965004921,-0.063783412799239159,-0.042710384353995323,-0.0024227019813325671,0.0257463006535545,0.038565561062945376,0.02927328810943032,0.02062773708040121,0.0410224564660054,0.0,0.0,0.0,0.0,0.0,0.0,0.0,0.0,0.0,0.0,0.0,0.0
-0.36212663192834171,-0.26106586435745505,-0.30973013304173946,-0.29440130541721982,-0.28810368342833087,-0.28269389271736145,-0.25562401364247006,-0.20458604643742243,-0.13849895000457763,-0.082551140338182449,-0.033288288861513138,-0.0014223768375813961,0.039539100602269173,0.0,0.02847391739487648,-0.00929001229815185,-0.038767077028751373,-0.051328331232070923,-0.063156425952911377,-0.070923941830794021,-0.055565282702445984,-0.062377734109759331,-0.071887961030006414,-0.068773387620846435,-0.0058866531588137152,0.075103687646333128,0.096673634452897991,0.040823519846398225,0.064143756609077437,0.0,0.0,0.0,0.0,0.0,0.0,0.0,0.0,0.0,0.0,0.0,0.0,0.0,0.0
-0.35941631076010788,-0.39897151415546733,-0.36097892125447589,-0.31690353900194168,-0.31359515918625724,-0.29519659280776978,-0.21688052586146764,-0.15947253257036209,-0.1107272282242775,-0.088859468698501587,-0.040802666917443275,0.0036566176568157971,0.033200617879629135,0.03867645189166069,0.0078717204742133617,-0.036780426278710365,-0.054932381957769394,-0.056294502690434456,-0.0745619460940361,-0.09237748384475708,-0.040578187132875122,-0.043724220246076584,-0.045893795788288116,-0.068448256435138841,0.024369006404109921,0.11276095804381878,0.1437762414312197,0.11609094890041484,0.0,0.0,0.0,0.0,0.0,0.0,0.0,0.0,0.0,0.0,0.0,0.0,0.0,0.0,0.0
-0.46845521671431406,-0.54399339192443419,-0.40701357381684439,-0.34842893252005946,-0.32110109925270081,-0.24022557054247176,-0.18804262081782022,-0.14301229417324066,-0.10161570459604263,-0.061976578086614609,-0.022727321600541472,0.0239644693210721,0.036220580339431763,0.044839490205049515,0.026855243369936943,-0.018723249435424805,-0.047969963401556015,-0.057572897523641586,-0.070764226838946342,-0.073804177343845367,-0.048167064785957336,-0.028668913990259171,-0.035678801825270057,-0.063721885735338379,0.027530818657286352,0.16016063819060455,0.19902007327858767,0.014283360315797229,0.0,0.0,0.0,0.0,0.0,0.0,0.0,0.0,0.0,0.0,0.0,0.0,0.0,0.0,0.0
-0.5738994660584823,-0.55112517438828945,-0.38449130952358246,-0.3593490446607272,-0.27429416626691816,-0.21831841580569744,-0.19491090128819147,-0.14017110876739025,-0.090061657130718231,-0.037918820977211,0.0013631266774609685,0.0,0.056231291964650154,0.051057465374469757,0.036672057583928108,0.0073991603567264974,-0.0220772847533226,-0.031043196097016335,-0.055505057175954185,-0.058927701165278755,-0.056240805424749851,-0.031832005000776716,-0.037184421953402068,-0.050097203741853051,-0.012017286918307946,-0.013095998140648234,0.053572070717062749,-0.0025529996491968632,0.0,0.0,0.0,0.0,0.0,0.0,0.0,0.0,0.0,0.0,0.0,0.0,0.0,0.0,0.0
-0.61950987293606707,-0.43347328475543428,-0.37378403941790261,-0.34410903851191205,-0.26743934800227481,-0.23548174968787602,-0.20957245826721191,-0.15697013959288597,-0.077550612390041351,-0.022440784610807896,0.014716628938913345,0.034539326094090939,0.068332495167851448,0.07240864634513855,0.061620939522981644,0.0041734334081411362,0.014781617792323232,-0.020435456186532974,-0.028556699864566326,-0.048487965017557144,-0.064672845105330154,-0.070838638666001236,-0.05947459988634695,-0.065748967920188556,-0.023347345061863409,-0.043396364198997617,0.032194517308740164,0.0,0.0,0.0,0.0,0.0,0.0,0.0,0.0,0.0,0.0,0.0,0.0,0.0,0.0,0.0,0.0
-0.4851836886094964,-0.33355127487863812,-0.35414331234418428,-0.33428371250629424,-0.28144120628183539,-0.24813236130608452,-0.22497678175568581,-0.17054574564099312,-0.075544461607933044,-0.01694896025583148,0.006477992981672287,0.048555644229054451,0.087505601346492767,0.099923089146614075,0.10688438266515732,0.068348266184329987,0.058319982141256332,0.011002351733623073,-0.014247816366453966,-0.057371253147721291,-0.078610111027956009,-0.095506486083780012,-0.098269961277643841,-0.088635650989801987,-0.063034753315150738,-0.011742363620952174,0.053290963663158962,0.045331577211618422,0.0,0.0,0.0,0.0,0.0,0.0,0.0,0.0,0.0,0.0,0.0,0.0,0.0,0.0,0.0
-0.34446021676063537,-0.33784260118708892,-0.32789596063750132,-0.34266865750153858,-0.30849992483854294,-0.28121241596009994,-0.23870516195893288,-0.17329532802104949,-0.10362735639015834,-0.02569167036563158,0.03630385547876358,0.0787426009774208,0.11376195773482323,0.117961086332798,0.11723911017179489,0.10541926324367523,0.10742446035146713,0.054301247621575989,0.007945149516065916,-0.043564788997173309,-0.0713958740234375,-0.097480056541306634,-0.11658249348402024,-0.10902463704347611,-0.098783172170321148,-0.010193901207425039,0.065847244548025124,-0.016962284381518918,0.0,0.0,0.0,0.0,0.0,0.0,0.0,0.0,0.0,0.0,0.0,0.0,0.0,0.0,0.0
-0.3873940885066986,-0.38440261545934173,-0.36401356118065969,-0.37293824801842373,-0.34369927048683169,-0.30236177643140155,-0.25184119386332376,-0.19338646829128264,-0.10336325131356716,-0.033911172611018024,0.033578570621709027,0.0881572887301445,0.12891533970832825,0.13780718296766281,0.14442130923271179,0.12780269607901573,0.13573683798313141,0.10290311649441719,0.0670795738697052,0.0061257273579637212,-0.040988601045683026,-0.10414877347648144,-0.14143886665503183,-0.12421774580365136,-0.10414071240135141,-0.0856712169220878,-0.01629194068306658,-0.021868293787216924,0.0,0.0,0.0,0.0,0.0,0.0,0.0,0.0,0.0,0.0,0.0,0.0,0.0,0.0,-0.030484387651085854
-0.33278181945735757,-0.37568570673465729,-0.46156414184305405,-0.40022593239943188,-0.35863203236034941,-0.31395789709958161,-0.28343408968713546,-0.20764496549963951,-0.11470807467897733,-0.035694800006846585,0.02983986958861351,0.061901675537228584,0.10713673134644826,0.14597379416227341,0.16347081214189529,0.15303011238574982,0.15967632830142975,0.1178266629576683,0.095262117683887482,0.039032585298021637,0.0041427935163180036,-0.082947363145649433,-0.14186851431926092,-0.13693208796413323,-0.082480781944468617,-0.094855785171190893,-0.074436293106596427,-0.060777745336632834,0.0,0.0,0.0,0.0,0.0,0.0,0.0,0.0,0.0,0.0,0.0,0.0,0.0,-0.028159103688916991,-0.0061305303163112909
-0.34269464015960693,-0.37616075930141268,-0.505519094467163,-0.37556620438893634,-0.36248898506164551,-0.35204305251439411,-0.32574079334735873,-0.21316055787934196,-0.12265148013830185,-0.058353101213773094,0.011567993399997553,0.052940215915441513,0.10721542686223984,0.139143705368042,0.17018349468708038,0.17313659191131592,0.18642740696668625,0.16062750915686289,0.14397188276052475,0.10848409434159596,0.048079263418912888,-0.040304758027195929,-0.11621261984109879,-0.14942817046092108,-0.10691091587597673,-0.082088732648463475,-0.079336474934706885,-0.06762005134470879,-0.03993028597605805,0.0,0.0,0.0,0.0,0.0,0.0,0.0,0.0,0.0,0.0,0.0,0.0,-0.018550109991374727,-0.038478699975491047
-0.26554428671415037,-0.31999997215138543,-0.42914342038009479,-0.32608904866945176,-0.38217892458564356,-0.41420698165893555,-0.34261159300804139,-0.25334988087415694,-0.18204506114125252,-0.098713278770446777,-0.026562937535345554,0.014374656602740288,0.069867368787527084,0.12014182657003403,0.15310440957546234,0.18171544373035431,0.20351314544677734,0.20181082934141159,0.19941475242376328,0.16667847335338593,0.1155155822634697,0.035726212663576007,-0.074005169173081711,-0.11343690433672496,-0.13164253234863282,-0.09298162670298056,-0.059760625873293192,-0.04511041013818038,-0.07629034584345995,-0.069119840333015367,-0.059541827832120205,-0.015319966620264688,0.0,0.0,0.0,0.0,0.0,-0.026371019293687174,-0.010481085886298884,0.016376453724218119,-0.04490502679045804,-0.060370020061412309,-0.10804647990818281
-0.15702553259001839,-0.15081543478715634,-0.2654949160218239,-0.33290054315123063,-0.40066930651664734,-0.50436712801456451,-0.38673362783763721,-0.28310022420353359,-0.21304279938340187,-0.11958981603384018,-0.072491487860679632,0.003909864230081439,0.05923495814204216,0.0921434685587883,0.13455232977867127,0.18730330467224121,0.20929083228111267,0.23128990083932877,0.21632355451583862,0.17690335959196091,0.13343121856451035,0.096527628600597382,0.004075138208766778,-0.040439334775631629,-0.10093800971905391,-0.10667066027720769,-0.061919578084988255,-0.035175567632541059,-0.026266561696934705,-0.0325188989677996,-0.00942609348772422,-0.054343496236547488,0.018890495482442336,-0.0052262118881054483,-0.016521096637532821,-0.035203390274987076,0.0,-0.0036690746498237248,-0.044185768204611391,-0.0334148518841803,-0.13299568987854604,-0.10509811015650868,-0.17758400075654823
0.0,-0.013609450310468674,-0.19504575444192723,-0.30601110150579547,-0.3680280592976784,-0.47334989855686821,-0.53213105071336031,-0.36901553347706795,-0.24822458280966833,-0.18252498077021706,-0.11668284237384796,-0.04088024298350016,0.0227636459749192,0.044359643012285233,0.088909238576889038,0.14678009847799936,0.19537027925252914,0.21827258914709091,0.23737690597772598,0.21488019824028015,0.18234436586499214,0.13558349013328552,0.064337479571501419,0.025314546811083954,-0.050325287195543446,-0.076127217710018152,-0.066890407885823927,-0.03342149320191571,-0.022324689701781607,-0.027883221514500855,-0.017758515534036894,-0.010961920847306489,0.012301973270950839,-0.023340200757359039,-0.057576764673451769,-0.0651989927701924,-0.012879988079798604,-0.039644200204233843,-0.062640338976173521,-0.095482064011905871,-0.22616732012110549,-0.060932079299889773,-0.0665164719772763
0.0,0.0,0.0,-0.063967435888986554,-0.1490648054016204,-0.43562138365472064,-0.57720883274978063,-0.59098407914561613,-0.35354689464849587,-0.19826084127028784,-0.13787410110235215,-0.07403118908405304,-0.022089178984363873,0.026843187399208546,0.077974855899810791,0.13926562666893005,0.19222735365231833,0.21890552838643393,0.2373678982257843,0.23703296482563019,0.21445922553539276,0.1686855802933375,0.099847964942455292,0.019665447995066643,-0.021866261959075928,-0.0479156623284022,-0.057585487763086952,-0.026439387135074606,-0.01704115451623996,-0.036667916253209115,-0.033974365065140386,-0.035694998658953175,-0.023240485718767894,0.092580974689442472,-0.02706188362261111,-0.16480535259585322,-0.099565586382498142,-0.12622443232455372,-0.10107976939637685,-0.12101974693051286,-0.22709264471646279,-0.165172079554686,-0.065099013160657776
0.0,0.0,0.0,0.0,-0.15755665798981985,-0.30418353068114024,-0.53211399175787488,-0.683845865420806,-0.48576748122771579,-0.24908640384674072,-0.18378061481884547,-0.1248627170920372,-0.0783098079264164,-0.030227043976386387,0.038132687099277973,0.10262269526720047,0.16806499660015106,0.1920892745256424,0.2307718942562739,0.23954054713249207,0.22730266551176706,0.19094251096248627,0.14059526659548283,0.076453652232885361,0.023626864422112703,-0.03262510197237134,-0.048322625458240509,-0.011199203063733875,0.004093901118418823,-0.04685663165790694,-0.053814365011122495,-0.059432860194264275,0.14697634370025733,0.1389918980950659,-0.030321044121765658,-0.19405160878192296,-0.24056048095226287,-0.17828141897916794,-0.059589563990416733,-0.13925438675093141,-0.21393809041368617,-0.065962778703215721,-0.13807610810723545
0.0,0.0,0.0,0.0,-0.017424886301159858,-0.069061938954948915,-0.34882432823033294,-0.55679595078292643,-0.6158939254283905,-0.37608144879341127,-0.23979741334915161,-0.15042071416974068,-0.11186734586954117,-0.0820286472638448,-0.011067298939451575,0.061844704672694206,0.13514092564582825,0.18278325597445169,0.22309370338916779,0.23508442938327789,0.21181067079305649,0.19268347322940826,0.16007119119167329,0.11853675544261932,0.047528316266834736,0.0027707215049304068,-0.02768340225641926,-0.020429664446661871,0.0048447909066453576,-0.055448807775974274,-0.092415226357323785,0.014447276946157217,0.1636813667913278,0.017428668029606343,-0.15334353449621371,-0.2465989151969552,-0.17082533240318298,-0.10091879920890698,-0.05531887046020964,-0.10876316998015952,-0.23769118842624482,-0.15957960959283574,-0.13236885943268179
0.0,0.0,0.0,0.0,-0.049171831458806992,-0.065401091550787285,-0.20435948764868811,-0.4022177061997354,-0.62652875900268556,-0.45461523390951608,-0.28422317008177439,-0.17228543572127819,-0.14685851832230887,-0.12614940851926804,-0.067782310148080185,0.024590634430448215,0.091201667984326676,0.14197076112031937,0.19892114028334618,0.2178984135389328,0.20461900532245636,0.17337408661842346,0.14959386736154556,0.13920077979564666,0.079190452893575028,0.027792026102542878,-0.010438324871938676,-0.018885972172332306,0.0023467620121664368,-0.064488522176231661,-0.048414147924631834,0.022134095989167692,0.06451601734046232,-0.075495360263933733,-0.20522396537390622,-0.15978052001446486,-0.091893639415502548,-0.07076561264693737,-0.043732843982676663,-0.11183659949650367,-0.14791462288514987,-0.1983886052455221,-0.11600289475172758
0.0,0.0,0.0,0.0,-0.026701684264776832,-0.076705403706119932,-0.14309332184835311,-0.25730115820964178,-0.46428403854370115,-0.48254322012265521,-0.32345656471119988,-0.20633496802586776,-0.17379249446094036,-0.15157185991605124,-0.10183268412947655,-0.035801199109603964,0.025295630097389221,0.10498962799708049,0.17811027665932974,0.19975672165552774,0.19089226424694061,0.17430168390274048,0.14335167407989502,0.13878017663955689,0.11069799214601517,0.074402683973312372,0.033398573659360407,0.0047667174716480073,0.017007189603256329,-0.01154671230220369,-0.032418296020478007,0.016304585355101153,0.019966297957580537,-0.090814014098473964,-0.14051355142146349,-0.12111154837267739,-0.08782486369212468,-0.10859281569719315,-0.086426205933094025,-0.09550297980507215,-0.1063298576551935,-0.18081517671716624,-0.21930162515491247
