SouthSea_Web/demo/jsonfile/2017-12-14-14.json
{"header": {"parameterUnit":"m.s-1","parameterNumber":2,"dx":0.1,"dy":0.1,"parameterNumberName":"Eastward current","la1":29.0,"la2":12.0,"parameterCategory":2,"lo2":131.0,"nx":250,"ny":171,"refTime":"2017-12-14T13:58:07.5","lo1":106.0}, "data":
[rows 76 to 94 of 171, columns 84 to 125 of 250]
-0.20554194876125881,-0.20534195057277022,-0.17681970861223009,-0.14510509758083909,-0.12395375193311618,-0.11588331655814098,-0.10874479550581712,-0.10441883322265413,-0.048739497549831867,0.00064621420824551024,-0.018076659510720326,-0.094295614013641046,-0.14829074451699853,-0.14281733991468654,-0.0016116978573229384,-0.091988460812717679,-0.30536517853799622,-0.23567189772923788,-0.12473074589734493,-0.097894682111788769,-0.069157510047911527,-0.26984901521354915,-0.45243546318623329,-0.30577948079867795,-0.1487000048160553,-0.07510410185666784,0.0022989905927879887,-0.24781776962907248,-0.28376302247246105,-0.38290610229191574,-0.28505798067365373,-0.0389452855597483,0.077110058988534638,0.0852413938513824,0.067707267468390259,0.045174722514196256,-0.00686775436042808,-0.043513089346771054,-0.020051287677090027,-0.021661870174284559,-0.011633409187197685,0.039671039547432556
-0.14454763741404922,-0.1325525131363135,-0.16002263404704906,-0.1686575472354889,-0.14012556191947725,-0.16261795632265233,-0.15536615969958129,-0.086964717712895628,-0.060489901923574507,-0.11321082285472325,-0.18348797362658284,-0.23478611687134052,-0.23852610460349491,-0.16838430568124307,-0.075646309369605869,-0.24659465979307127,-0.24889090216972612,-0.15926539292559028,-0.10378426012762806,-0.11733181964037782,-0.20978081836882564,-0.52326865144717838,-0.51209224167690481,-0.31693288562249167,-0.12870074071142137,-0.031356625961502127,-0.23664611333799435,-0.35279913288023734,-0.34410428445217972,-0.62619536932633846,-0.25054369087923656,0.028152436124426979,0.10199919367028822,0.087428185189592431,0.017993742241882361,-0.021391852293163538,-0.030489676669239997,-0.056615369670369009,-0.0594590636236327,-0.0658491391222924,-0.031091186958032528,0.037809850146564156
-0.19725897431373596,-0.18974472999572753,-0.17535941675305367,-0.1857899438876372,-0.2047937466152783,-0.16206810595812621,-0.0884771889139866,-0.078604045324027538,-0.14685310448209446,-0.24606996178627014,-0.33424826110562972,-0.35184113726471411,-0.26635561532833996,-0.1297677562882503,-0.079371793636758073,-0.23776476230563187,-0.20504177563513318,-0.13198667700187519,-0.12625016422853583,-0.13168678609415507,-0.28866900615794683,-0.66020122448266561,-0.56421900670845193,-0.29358238414554538,-0.0480791702958855,-0.10855342509598727,-0.30340787136193476,-0.34431252197215434,-0.5355333163366689,-0.54361932123861,-0.19456540487706661,0.062581685359756917,0.15797434462343946,0.12793945968151094,-0.0066768528195098042,-0.0435073296002184,-0.016332088180048311,-0.034010359942913057,-0.048244819754645937,-0.069367945401204958,-0.03846835119960209,0.0024603422886381545
-0.20521888315677642,-0.17316279294235365,-0.16663631916046143,-0.19318142864439222,-0.18905415959083116,-0.11642279310358895,-0.14544790504234179,-0.25707985013723372,-0.38275957929676979,-0.4742229138982707,-0.41632347510141487,-0.27803818136453629,-0.17381100004745853,-0.074265939423016139,0.0067126124737445607,-0.12318982936917468,-0.13934307790123948,-0.14155945686563368,-0.12512426406145097,-0.17946794977847566,-0.31970977896090708,-0.57695016055493742,-0.6058936619812304,-0.34677925956403388,-0.0277781249686337,-0.09141307033904264,-0.31470706053612907,-0.27932646788838433,-0.56612973199649286,-0.43171408602708505,-0.13676478684340654,0.073630602309539758,0.19113541629753614,0.12984833994082043,0.0044224994760172975,-0.058591575029173067,-0.040713160686815776,-0.0073150579574639387,-0.028399938980684332,-0.070140141497055691,-0.055228791864854951,-0.049098713855658262
-0.260427902340889,-0.26261738538742063,-0.26366426582847324,-0.22372216100876147,-0.17623814940452576,-0.21732432395219803,-0.31918168546898024,-0.420586567123731,-0.420670170937815,-0.35021512815728784,-0.24766639340668917,-0.16212215186918483,-0.11522840909861229,-0.13133467924667569,-0.030398017737486332,-0.1367630161801163,-0.088983588559891691,-0.12959819826394764,-0.15183895852031379,-0.19758985019647157,-0.21133960989992257,-0.43049605242137251,-0.62186705446862556,-0.40298227869070968,-0.090643247040944355,-0.22439251779647557,-0.33596808187149724,-0.3387416100372439,-0.63187828088222553,-0.34639393516106182,-0.12250564633799133,0.031112983198836444,0.20592333303719032,0.12457437838117282,0.030480377523538969,-0.022178927566318844,-0.0046221369177926264,0.034521544687449932,-0.016553066492442189,-0.086544400546699762,-0.099558820327123,-0.11174264550209045
-0.34980187813440961,-0.32404498182810271,-0.25332176519764793,-0.22945705364490376,-0.259296358696052,-0.34472634430442539,-0.4268973797559738,-0.389666202877249,-0.35389584023505449,-0.23864688748313534,-0.12526148791824068,-0.13093443896089282,-0.16593110796652341,-0.11720033792349008,-0.081456143004090889,-0.039890217890592328,-0.075251093418416334,-0.16170047772558113,-0.21894748974591494,-0.2786884893631113,-0.2830252457563191,-0.41648941662000571,-0.4981883576883267,-0.26436089088433773,-0.16831728308183006,-0.22086988846359718,-0.32482765550479226,-0.35181736536161345,-0.61016367886353418,-0.369572258554399,-0.22026133988248675,-0.00846672990613755,0.18871518278994212,0.11732234309117,0.024698317454506954,0.01348937900642071,0.062500648200511932,0.072811417592068509,-0.0010382889794479859,-0.084171683341264722,-0.12141277469121493,-0.16012034778084075
-0.27312862541940475,-0.22391772327514795,-0.27361750492343195,-0.34830076513545855,-0.42633953796965735,-0.41109256975112424,-0.3747369925181071,-0.3572106549033412,-0.26043587224557996,-0.20396191829984839,-0.16147530780119054,-0.19123178975922719,-0.27205177082827214,-0.22994942466417948,-0.16554168098502689,-0.0900963175364516,-0.20203889114043069,-0.19784029124126043,-0.18675668588748165,-0.19941218422268922,-0.31989225495754359,-0.42014240298582162,-0.34206863074449073,-0.25958846827829463,-0.20379676489265206,-0.15852150009748967,-0.20115960950588252,-0.19163209848619742,-0.43568908310297766,-0.2469453274210294,-0.1575882869033978,-0.039781690557117992,0.078363024885198335,0.0848084249666759,0.035771449426970171,0.014777529016759343,0.047029599974242352,0.062201111698928085,-0.01434388003932933,-0.0750098464389642,-0.1162830379146796,-0.16812649700376722
-0.27626590717297334,-0.36597705738885061,-0.43237535158793133,-0.42903547485669452,-0.35535601845809389,-0.23453501483489728,-0.27566632628440857,-0.3158408371465547,-0.268148265340749,-0.25304864443117575,-0.21603843527180808,-0.22832118941319957,-0.2630507707595825,-0.28709180329156958,-0.24467472926430081,-0.24980512787314022,-0.13362805905842012,-0.11001633540727199,-0.18960824333927007,-0.28861560094121258,-0.42365195612201778,-0.392038971953126,-0.48211327008903027,-0.2494715079665184,-0.15606575267754982,-0.17441241623677872,-0.1394421517626088,-0.17154085270088651,-0.32853801312864334,-0.18445725985742234,-0.1477675337729783,-0.074409751663521179,-0.010046561581602449,-0.022446763140204197,-0.038120829997933467,-0.027685654292495369,-0.012705035642004358,0.029055548313243144,-0.038068951103519391,-0.072432848066091543,-0.074047505568999514,-0.11303194612264633
-0.35587482651074726,-0.44892530143260956,-0.42297878746802992,-0.38509478591955626,-0.30843579865271048,-0.26932267447312674,-0.31058056652545929,-0.28993912281528594,-0.2526198719938596,-0.18949515033851971,-0.14606030008622578,-0.1522599533200264,-0.25202713593056325,-0.31617906253512312,-0.31985053610294423,-0.21931381192472246,-0.16465335871492112,-0.19828532008748306,-0.21862575502106638,-0.35434089471464569,-0.46884463287535166,-0.41692425708832415,-0.43105574078479053,-0.55474012358033142,-0.39629859193149258,-0.27863405504991917,-0.26145618628825384,-0.27873941090626592,-0.27153427107671718,-0.19719126453138378,-0.09687832570294054,-0.078017285165305317,-0.062399229132815412,-0.070442597874823737,-0.062330366722468673,-0.084049166538394421,-0.085909973901624859,-0.030193399568088353,-0.065436607993700921,-0.071380726460899629,-0.035143183036284012,-0.064884438800315067
-0.47990061874900547,-0.4721134624310902,-0.35598068524684223,-0.29033975303173065,-0.2682737256250074,-0.31465198253763133,-0.28418607513109845,-0.21656309203668075,-0.15042701977140763,-0.11145583423785865,-0.12213958357460797,-0.21794401030791433,-0.35104829072952271,-0.41608304339785906,-0.33801525377708935,-0.27606594759338304,-0.26494089539708765,-0.262586417542377,-0.33107380894408828,-0.42905639743400831,-0.38402229843781011,-0.31587144851157095,-0.4046824230496579,-0.55080846094566838,-0.39353565910929128,-0.30266687409444287,-0.26914226585860856,-0.34162103910466807,-0.24127163881555611,-0.18396305854795342,-0.065568853115689926,-0.096004683904501856,-0.11073751688787811,-0.079421999305486685,-0.058880358163652752,-0.11698690056800842,-0.16486419635740193,-0.089327309280633926,-0.066943259040514624,-0.071039859578013426,-0.042440908029675484,-0.055393033143546849
-0.48963948977845057,-0.36529933022601263,-0.25535298403232326,-0.23421114323468045,-0.31373113741477332,-0.39975128605447968,-0.33223294615745547,-0.18109087646007538,-0.18471215069293975,-0.17929942409197489,-0.24699586795436013,-0.37038963053907664,-0.45063120368364695,-0.43334349553759505,-0.31255478082701216,-0.28423756236831349,-0.32407968870380466,-0.31806022560957709,-0.32111581518680232,-0.41598347143123027,-0.32350186219340876,-0.30679414093185581,-0.57700237148163613,-0.51189195354953088,-0.38959969016684204,-0.31015602102527373,-0.32601156479406568,-0.32891670425732933,-0.2201174654894405,-0.13744875532324596,-0.076062965948702932,-0.15532076412013599,-0.14382922401030859,-0.0870168617656154,-0.086136947627420773,-0.130247563123703,-0.14905735140755064,-0.093851664048783923,-0.0535818828890721,-0.053812382312921375,-0.048698549920862373,-0.073771101555653987
-0.43029942631721496,-0.32215155363082887,-0.27073216990188315,-0.353108571767807,-0.42184031903743746,-0.36444356154512475,-0.29086236457029979,-0.21769456926620368,-0.21538983592215708,-0.28451791857228137,-0.36522689875629211,-0.42014872155538419,-0.43117886260151861,-0.4099365043930891,-0.30235870588909497,-0.30794128593133419,-0.35609780690249276,-0.31989544732817288,-0.30485324008124215,-0.33457190117665697,-0.33068340249580913,-0.35560509492643178,-0.54590184432129529,-0.50437091812869617,-0.38077180726187571,-0.34531903400349973,-0.38098542206996194,-0.29588286820012077,-0.17649883718467227,-0.10195989434567976,-0.10772869007095047,-0.18954257055734977,-0.13541401252150537,-0.077612015707739471,-0.092292160416642829,-0.13401637463407082,-0.15377083946676814,-0.094102228326456885,-0.036215659517508283,-0.025337745125095051,-0.042880226159468293,-0.098767382092773914
-0.33881743550300597,-0.33856953148330959,-0.4025074690580368,-0.46398979624112446,-0.391114313687597,-0.28609662863516039,-0.27789920475333929,-0.25447941472133,-0.30293510469698137,-0.34005560725927353,-0.38793835134217236,-0.36829056371660795,-0.35814472498037875,-0.33601812024911243,-0.31109949094908579,-0.35073214639788086,-0.34487359702587128,-0.31549946677226287,-0.27441686636111773,-0.24828426986932756,-0.31108008958399297,-0.40282332274939986,-0.53737904628117883,-0.52032424708207448,-0.34744732444350784,-0.34255056913975068,-0.36647189185791407,-0.24346751650405485,-0.12510437071323394,-0.07905961899086833,-0.1150112952056684,-0.19022431550547481,-0.14335258125231185,-0.0720394030213356,-0.10038794915784489,-0.1693121310737398,-0.16510750353336334,-0.08595779724419117,-0.020300550851970911,-0.015345713077113032,-0.04762416286394,-0.088757743593305349
-0.46478530559046516,-0.4902175278575332,-0.52779244737965725,-0.46439105073610942,-0.3570706791111401,-0.30316882431507108,-0.26488938480615615,-0.27923597833689523,-0.29798547526200614,-0.31328392308205366,-0.32452595414537372,-0.31994262082236152,-0.26807077399321966,-0.23138536633671941,-0.25880760972092792,-0.3016783417690368,-0.29886712498135037,-0.25279629416763783,-0.24899394313494364,-0.27131881102405747,-0.33674448440151827,-0.40039606371971026,-0.49825545100422647,-0.47568229846656324,-0.38922276753413526,-0.36445816026793587,-0.30343862657363596,-0.17055193557028184,-0.11835443278153737,-0.09831212367862463,-0.096183080226182938,-0.14021818313215459,-0.12612783044576645,-0.074537998956182724,-0.12125980021322474,-0.19014646432229451,-0.16634741425514221,-0.069605372432205409,-0.025989998893981629,-0.027813903987407684,-0.0363310801663569,-0.040982531117541451
-0.49446223561580366,-0.51905807014554739,-0.48534897084419543,-0.38141055937324253,-0.30027657534394947,-0.24786014805237452,-0.22551362884455714,-0.2193132957507824,-0.24073287709192795,-0.27280828257401785,-0.26780332718044519,-0.23386579708141439,-0.17062226235866546,-0.1514766559832626,-0.19465962374532544,-0.22641438092940894,-0.23849678394340335,-0.19854876364386359,-0.21958789539833865,-0.24049572944641112,-0.33364349007606509,-0.42680377247078077,-0.45345616191625593,-0.43293979901533858,-0.37697701829095043,-0.35555913931918592,-0.2669676019156233,-0.16639811105348848,-0.1106275778852011,-0.13262151422746041,-0.13478319244138126,-0.12524871700085127,-0.091311096806417816,-0.069961722282802355,-0.12305525690317154,-0.18662835084475005,-0.16332399348417917,-0.10065259132534266,-0.060977158602327108,-0.045985335484147072,-0.011353807679067055,0.0031983499149126665
-0.41634291197572437,-0.41608488346849171,-0.3712669246726566,-0.31586401729748165,-0.26337312321577755,-0.23682499959551054,-0.21544204035709644,-0.17881937016700877,-0.18678053308810508,-0.19616943101088205,-0.1871726936660707,-0.1488185931117304,-0.10695644139366992,-0.11181771393333162,-0.15048092727859816,-0.16988651413056585,-0.18448539843430389,-0.13536355783079945,-0.11877451194450259,-0.14510096418996191,-0.22829773128032685,-0.36289355792897815,-0.396520908921957,-0.40369215413280157,-0.38936541585818579,-0.34797913900443483,-0.24768731724925158,-0.15691674128174782,-0.1135220646392554,-0.13657793054978054,-0.15275929371515909,-0.12060678885741667,-0.066676709143554461,-0.064628072828054425,-0.12815138138830662,-0.18026677586815573,-0.16715855625542728,-0.1177791344622771,-0.10124879454572995,-0.073097054979630885,4.9749854952096939E-05,0.033445508778095247
-0.39246294328144621,-0.36744976043701172,-0.31273924027170452,-0.272188989179475,-0.24262960820362486,-0.20587851934962803,-0.18575258039194961,-0.16354961693286896,-0.15902912668113051,-0.14650724455714226,-0.11995536930138065,-0.070925279850921327,-0.058697125168912338,-0.086167031132123054,-0.12831311826320255,-0.13831753565652952,-0.14042209833860397,-0.10258072040773728,-0.026272196059213264,-0.0340192145966107,-0.12771367570385336,-0.26688227837993983,-0.33810671195387842,-0.34435492083430291,-0.34132554050948882,-0.33031097905976431,-0.26168716992392682,-0.16208184352426819,-0.11371535009571485,-0.1170988392829895,-0.12128689658382665,-0.074489742811573181,-0.0385399607475847,-0.059468126093799416,-0.11995299973271111,-0.16889063020547232,-0.1521057209798268,-0.12460464984178543,-0.12706422805786133,-0.092189979340348921,-0.00075973258353769781,0.029714795574545861
-0.36827762270795888,-0.3174566990799374,-0.24312351644039154,-0.20210474729537964,-0.1866837128483016,-0.16429781858567838,-0.15768750063304243,-0.13514449521899224,-0.13224988505244256,-0.10850817734996478,-0.055331869516521692,-0.0027061875521515806,0.0015236557173921028,-0.042222232717904262,-0.0917655463245782,-0.089672037710746125,-0.09650624061332029,-0.070716334999922442,0.0057184258831613176,0.012127300075869579,-0.094087381433281631,-0.20310024878917596,-0.26335914134979249,-0.29480215992246356,-0.29735153642567719,-0.31151623497991,-0.28410477071039136,-0.207690884492227,-0.13671601993533281,-0.11201953426713035,-0.08131319539327371,-0.017887528220723783,-0.0074364474723831965,-0.070173458009958264,-0.13118825746434076,-0.15254941334327063,-0.14419569500855037,-0.12731991708278656,-0.1269006888781275,-0.095342798158526421,-0.032856889379521213,-0.0056016512680798769
-0.34566359434809,-0.29660606040404391,-0.19747092657619053,-0.15911128013222306,-0.16307021266427532,-0.14092850073107652,-0.11576411997278531,-0.10047561399362705,-0.10890741472442946,-0.089200430115063983,-0.043714384034532927,0.0033334507961333129,0.023954471697409947,-0.0028868389387254512,-0.026603796394798943,-0.016828007936162653,-0.03816528956998478,-0.026048138905935048,0.014179375601302394,-0.011201576398247305,-0.092861470738143631,-0.15843840156282699,-0.21594119491055608,-0.2454842827282846,-0.27581761637702584,-0.32109847150999926,-0.32267562437940528,-0.23644865533480278,-0.16194754126279251,-0.120154470205307,-0.056752144287411981,0.0062295889753537876,0.018263334990479052,-0.040287417877051562,-0.10843754346881594,-0.13681432179042272,-0.13697129984696707,-0.12690058201551438,-0.1183206558227539,-0.107137031853199,-0.082375263795256615,-0.063463652133941645
