SouthSea_Web/demo/jsonfile/2017-12-14-01.json
{"header": {"parameterUnit":"m.s-1","parameterNumber":3,"dx":0.1,"dy":0.1,"parameterNumberName":"Northward current","la1":29.0,"la2":12.0,"parameterCategory":2,"lo2":131.0,"nx":250,"ny":171,"refTime":"2017-12-14T01:01:52.5","lo1":106.0}, "data":
[rows 95 to 113 of 171, columns 129 to 171 of 250]
0.28424225747585297,0.341448826449258,0.39321872591972351,0.3582995931307475,0.29374178498983383,0.25436731676260632,0.23621635735034943,0.20609183609485626,0.17472733184695244,0.14559664204716682,0.085111572096745178,0.017784043960273267,-0.010525982594117522,0.030871315649710594,0.1858542887493968,0.47702416446473861,0.57184069603681564,0.345273630959647,0.19511507654731924,0.17330437953825351,0.2732789573761133,0.28633632842037415,0.16462992571051355,0.12380456054010071,0.21067568720192523,0.25147956418685424,0.60339495819062,0.68345396627079358,0.64818232233931383,0.65842980504035953,0.51133127970460024,0.43714651990343223,0.54784545241569982,0.50032726465127408,0.42656131264041452,0.36055086312755463,0.30057437181472779,0.30041956901550293,0.23823786566131994,0.14853429911952271,0.09071270707580778,0.081416853836604533,0.12116134395966163
0.2164684385061264,0.27451879531145096,0.30344627499580384,0.26890863850712776,0.23746229335665703,0.20605134218931198,0.17473157743612924,0.16233988851308823,0.16384923458099365,0.14630897343158722,0.083281626303990677,0.047193053923547265,0.0804812703281641,0.146645250916481,0.2697845169089057,0.4629153733452161,0.61169616381327307,0.50777722682271687,0.27166055466817773,0.15184066343036565,0.18928342943008131,0.28271955510844354,0.2942193272438916,0.35108120646327734,0.32145126735170682,0.13041557187059275,0.36959284779408741,0.66001963959290433,0.60816023160110821,0.60163971781730652,0.50955320508391766,0.46087948679924012,0.48693845518257306,0.46286663489464,0.47365888115018606,0.42121940199285746,0.3442586160131863,0.28647070874770481,0.22806624114513396,0.15326950934372449,0.11962422991500181,0.1395059721544385,0.19315656647086144
0.19412900507450104,0.20963615924119949,0.23167111476262411,0.20911887288093567,0.1712903119623661,0.15851774315039316,0.16498178243637085,0.16778457661469778,0.18731901049613953,0.13767599314451218,0.10948332026600838,0.16167323291301727,0.21928673485914865,0.30700325424020941,0.37170577347278594,0.42550781965255735,0.49998806085851455,0.52454321888776922,0.43151192739605904,0.26785604159037274,0.21654646166346289,0.19503449896971384,0.21009663521097258,0.67567208409309387,0.6524759696589576,0.16325018620666335,0.23127401301767245,0.42421990228911577,0.53721092776818713,0.58844357607316,0.52138171981020676,0.43945808573202655,0.46401271141237682,0.45844148769974707,0.46643466931400879,0.45741291557039532,0.40897600991385324,0.33910224172804093,0.29495715553110297,0.20917379501320066,0.18115503163564772,0.19032608065754175,0.23533963163693747
0.17169977352023125,0.18592566748460135,0.182927206158638,0.15472327669461569,0.14140953868627548,0.14776521921157837,0.17378312846024832,0.21500916530688605,0.19257643818855286,0.125620499253273,0.13678799942135811,0.21182172298431395,0.3247370918591817,0.37631699442863464,0.39607964570705706,0.42239946292506325,0.44880100282338947,0.43008007526397707,0.42312563372694928,0.41979442891620455,0.46544419364495709,0.3980605447292328,0.19879780432734734,0.39842256029979106,0.50710089382578116,0.21467610248006308,-0.019960284701858958,0.14702687934041023,0.25881837689599324,0.42439522399850516,0.58401199039958773,0.56843822246248077,0.51576195084131682,0.50574301183223724,0.47027634785455819,0.44858934544026852,0.43028747396809713,0.40045500374757326,0.3658682145178318,0.31364018860317411,0.31581203247371475,0.30540562255514991,0.27665473055094481
0.14965365082025528,0.16894058883190155,0.15731417387723923,0.13795266300439835,0.13482091575860977,0.16625704243779182,0.21781710386276246,0.24249452849229178,0.18339629719654718,0.13481735996901989,0.17901741216580072,0.30102575570344925,0.40131426602602005,0.4448737371712923,0.46559853413525748,0.48928841664677575,0.43538922848908795,0.3614896448949973,0.35665143947852285,0.42050673398706651,0.62605780363082886,0.69122695039819793,0.45740130093208581,0.25550584391106007,0.24062966368767186,0.2525329716662143,0.23126368579410372,0.19215601533651353,0.077240325976163149,0.05985190264633572,0.48447371235019282,0.66089340167887067,0.59316599091818167,0.60108999258432638,0.52160838324772685,0.47080801187023041,0.48114994264418082,0.44253069573435289,0.44029217710097629,0.40009957551956177,0.39999882947830928,0.40436247618574844,0.370229794698603
0.1156119704246521,0.15220294147729874,0.15923188626766205,0.15314126759767532,0.16336226960023245,0.19742864370346069,0.23446330428123474,0.23279446115096411,0.20093390345573425,0.18736776560544968,0.26739201508462429,0.39195138961076736,0.503130005672574,0.550903300444285,0.56066712195223023,0.52757565736770629,0.42215855295459431,0.37269658148288726,0.3624176189303398,0.37096620102723438,0.49722916597411748,0.70088055942739758,0.64488228947617288,0.12113902743483239,-0.0019838248149098197,0.12035889343286936,0.32979011654853818,0.50348789290506013,0.18316123575593035,-0.042822355307403907,0.11218022639054413,0.66333953402936463,0.631314835869349,0.55396585450285962,0.506600815702129,0.46973369152922378,0.47011005971580744,0.47934153874715169,0.48523766719377959,0.43072124538214313,0.43105042690322515,0.44075216745075424,0.42459672093391421
0.13120812177658081,0.14027564227581024,0.17584192752838135,0.17387715975443521,0.19036830216646195,0.20795130232969919,0.22318716049194337,0.2131226658821106,0.2013978436589241,0.23960531299764459,0.35302796959877014,0.47215186556180316,0.56846143901348112,0.619003875689073,0.61757233142852785,0.53569321582714713,0.45449794332186383,0.423225158139279,0.34528781202706421,0.2951150628782454,0.29960518444959933,0.48635137465692335,0.52590447738766666,0.18260416519508294,0.053008980271451685,0.013189922763251136,0.50701881492631917,0.567601367073544,0.030568849666006103,-0.34020494278021424,-0.10303091479401136,0.35194178192702297,0.59293080687522892,0.56773051484064618,0.5281871378421783,0.51143949740641825,0.5097407306943621,0.50117774153577865,0.49674062817185011,0.45321315637341253,0.43621522684892017,0.435415274717591,0.42825785980505104
0.11696770787239075,0.12276669591665268,0.13034669309854507,0.16019124537706375,0.16337284445762634,0.16382263898849486,0.18116846680641174,0.1743206512182951,0.19610961526632309,0.28765104023309856,0.3998425118625164,0.50218792590830064,0.60796356449524558,0.64378248651822412,0.60927445193131768,0.55854623516400659,0.57242749766869983,0.51050251225630439,0.278648485654387,0.14407046432747986,0.19649633886040868,0.27884527146816251,0.34857515280063334,0.3128247123251679,0.30994257019813526,0.39956204436020926,0.53382060954819865,0.336728271394968,-0.046361131169833245,-0.27556516592831987,-0.2234637956836272,0.35786781143748536,0.72002202722261532,0.77752119633886552,0.70313949244362972,0.6514428867535158,0.6108671771852594,0.55550680495798588,0.52574672632747221,0.48884281745323765,0.45950554382233394,0.43523206455366953,0.42066306017694022
0.0,0.088797695934772491,0.094527915120124817,0.10744368781646092,0.092184728011488914,0.10103299344579379,0.11642791011503764,0.15194442229611532,0.2093332993487517,0.30211804707845052,0.43106257087654537,0.55663755265149206,0.64678589344024662,0.65640437364578252,0.6462847137451172,0.68460985592433388,0.75538193517261076,0.57594753916446984,0.10293483649985048,-0.054700761619191782,0.14884305502994952,0.17645387429123124,0.20154464383457982,0.22836592671546069,0.41862804591655733,0.49681616246700289,0.3547586937649892,0.050592125803434654,-0.2870787884132005,-0.44378452837467192,-0.1133767641234127,0.36218029179356315,0.5422020057837168,0.8484106693002913,0.89951439337296923,0.79545840277121616,0.71316060021116923,0.64958454230252438,0.56108329693476355,0.51064656019210819,0.49872486064067256,0.46120833978056908,0.42544915676116946
0.1334272138774395,0.11801667511463165,0.072456277906894684,0.057206340134143829,0.033973464509472251,0.050840124487876892,0.095249280333518982,0.16608940213918685,0.23656363785266876,0.33668040434519447,0.52253959802064032,0.63052513698736823,0.664968671798706,0.69001939079978247,0.7198749468440101,0.80182766914367676,0.95554950049048981,0.46285632972007362,-0.099854812654497888,-0.18140885278524965,0.10328921501321677,-0.0059321303982330766,0.067283718890835051,0.15572900780551563,0.1449752962544153,0.2286398941912921,0.10392500134409936,-0.10952836030628532,-0.21226716199889778,-0.16656091455004962,0.12488066088379128,0.56695873905783112,0.31083600067109224,0.38717347336821617,0.93007778614125358,0.95656341214974716,0.81928260624408722,0.65458073524328375,0.52785885237878372,0.49151429533958435,0.50003701563064873,0.47895475370543344,0.4373528126039003
0.19922452668348947,0.13761124014854431,0.10726841539144516,0.034051040012855083,-0.0051727630198001862,0.024196866434067488,0.093832463558231077,0.18611512333154678,0.28019855810063227,0.42107308224627849,0.55213723752809607,0.609769222282228,0.61864063956520776,0.66765568758312022,0.70832539796829219,0.82037546917011861,0.92158980766932175,0.57554361886846328,-0.0061339267853238594,0.00034305648878216741,0.0,0.0,0.0,0.0,0.0089176128829075475,0.016230703175929222,0.042688174716013348,-0.00014890205843010168,0.094008148203675562,0.12722881490534002,0.28821259202822197,0.48512352129508707,0.14439201074264121,-0.064567831156266575,0.60931437597667548,1.0326406352030926,0.85128622714962277,0.66395058137614549,0.51116688166345869,0.46971910167485476,0.452470342700298,0.46400448408993805,0.4321619527680533
0.2188611626625061,0.20875416696071625,0.14889852702617645,0.074993446469306946,-0.0077571559231728315,0.0238084633768137,0.15874295350578097,0.23738449599061692,0.32499706745147705,0.44225284770915385,0.50652418577152747,0.52554274320602412,0.55149100642455251,0.54933417491290881,0.6343886093659834,0.748774718670618,0.66164543008317755,0.2590159031542692,0.0,0.0,0.0,0.0,0.0,0.0,0.0,0.079957819942917147,-0.10153547492630494,-0.12772130010401994,-0.081211710824591846,0.013313263096444478,0.15745219918437772,0.21751739022919886,0.041154096258089808,0.0,0.81994387261138479,1.2588883904386159,1.0217341003995952,0.75866191153940943,0.55731936875316834,0.46099423593090427,0.41796240080957825,0.42799563252407574,0.4280625127610706
0.26101137697696686,0.23996227234601975,0.18372965604066849,0.10806214809417725,0.04197084391489625,0.066206739749759436,0.20023021598656973,0.28062711312220645,0.33905994892120361,0.43119314469789205,0.467158695925837,0.48151814341545107,0.47866516351699828,0.5073155904257739,0.64745045092798048,0.73703729160248288,0.52409861224596621,0.10747739449531461,0.0,0.0,0.0,0.0,0.0,0.0,0.0,0.0,0.0,0.00908442578345005,-0.095814633411292385,-0.026685141848277423,0.073857690182048824,0.044696058171711114,-0.032913333736360073,0.0,1.1406382096224819,1.2048713725188682,1.0151251507432837,0.79192131012678146,0.60541473878057384,0.48742847504286929,0.412508840744312,0.40677944367582147,0.40617438529928523
0.27068292101224262,0.23716951161623,0.19225532934069634,0.14199585653841496,0.13239701588948569,0.16202902669707933,0.2313625170634343,0.25261807228837696,0.34931917682937952,0.42319922025005025,0.44396774116016569,0.45241762259427237,0.45356524105255419,0.54045164585113525,0.68229488337912214,0.70735111763310987,0.22637202533437534,0.079237230122089386,0.0,0.0,0.0,0.0,0.0,0.0,0.0,0.0,0.0,0.0,0.0,0.0,0.0,0.0,0.0,0.1054604238209625,0.634887830157515,0.93617129447508829,0.91702062716850863,0.76840289698706732,0.61668580927346883,0.50340354908257723,0.42922950625419615,0.40278397440910341,0.3919214348901402
0.23368243873119354,0.22587472200393677,0.18964807192484537,0.17451907197634378,0.22117824554443361,0.25299613816397531,0.2895185420146355,0.30111296971638996,0.38075495050066993,0.40518638633546378,0.40535051971673963,0.405347615480423,0.42615964435614073,0.51744152791798115,0.596551540286042,0.48295431211590767,0.17779480970412906,0.0,0.0,0.0,0.0,0.0,0.0,0.0,0.0,0.0,0.0,0.0,0.0,0.0,0.0,0.0,0.0,0.17415070261629065,0.54654200570751921,0.773973708567412,0.81792034630505539,0.74379884248430084,0.6240585181448195,0.5089640398820241,0.42251313946865221,0.37995873267451924,0.39238792657852173
0.22386651486158371,0.21429472416639328,0.19716777404149374,0.2012944370508194,0.27171078324317932,0.3166826135582394,0.32418181804510265,0.33589540209089008,0.38102011317792145,0.392387323654615,0.39503970907794106,0.38873417019844053,0.39921356524739948,0.49361883997917178,0.59783025059783668,0.3633281226526171,-0.03193058942449855,0.0,0.0,0.0,0.0,0.0,0.0,0.0,0.0,0.0,0.0,0.0,0.0,0.0,0.0,0.0,0.0,0.21972318229771506,0.46859859574485468,0.71295387912214847,0.809064507484436,0.76055324375629429,0.63871067581754737,0.49707399180957251,0.3830121468614649,0.35112712175949762,0.34351720864122565
0.21220970153808594,0.21233032643795013,0.21381055812040964,0.250078946352005,0.31324096024036407,0.32297590747475624,0.31922956613393932,0.3590944753243373,0.40969382664736581,0.42933635599911213,0.43912007269405184,0.42759573459625244,0.44387816786766054,0.5398281895452075,0.605456442936607,0.28929510147639947,-0.03701683282852173,0.0,0.0,0.0,0.0,0.0,0.0,0.0,0.0,0.0,0.0,0.0,0.0,0.0,0.0,0.0,0.0,0.049974310960124058,0.29119226986016983,0.63539820590189522,0.83620031939612494,0.82214252886019257,0.69364578254295117,0.5313726037740707,0.38329084676045638,0.299988587697347,0.27647411010482092
0.22250361740589142,0.2206965833902359,0.23802223056554794,0.27620144560933113,0.32726397116978961,0.327789843082428,0.35424894839525223,0.45996362219254178,0.49236282308896384,0.493744820356369,0.50770125876773486,0.51775642427114343,0.53564726729546819,0.61782529586698953,0.640755291908018,0.18269293027135675,0.0028314564842730761,0.0,0.0,0.0,0.0,0.0,0.0,0.0,0.0,0.0,0.0,0.0,0.0,0.0,0.0,0.0,-0.14557144542535147,-0.10365354165236798,0.09476153197775905,0.50030866293953014,0.862477978070577,0.89679824339376912,0.76103108376264572,0.59699060188399422,0.421201222218,0.29379133067347785,0.27701083232056012
0.22729787230491638,0.24118268489837647,0.24588286131620407,0.26350169877211255,0.3125641718506813,0.34757676348090172,0.41924937069416046,0.530506951113542,0.5353484511375427,0.518999170511961,0.52218861877918243,0.53428788582483933,0.56314697573261874,0.66478631521264708,0.65711548736714942,0.11404605600044362,0.0,0.0,0.0,0.0,0.0,0.0,0.0,0.0,0.0,0.0,0.0,0.0,0.0,0.0,0.0,0.0,-0.22818701714277268,-0.23850334094216427,-0.077082887779673731,0.29898024505863124,0.8238435159338281,0.97532872706651685,0.83961177203390336,0.66584926432576674,0.48905896271268529,0.33333272114396095,0.29532271907443092
