SouthSea_Web/demo/jsonfile/2017-12-15-02.json
{"header": {"parameterUnit":"m.s-1","parameterNumber":2,"dx":0.1,"dy":0.1,"parameterNumberName":"Eastward current","la1":29.0,"la2":12.0,"parameterCategory":2,"lo2":131.0,"nx":250,"ny":171,"refTime":"2017-12-15T01:58:07.5","lo1":106.0}, "data":
[rows 133 to 151 of 171, columns 42 to 83 of 250]
-0.17378809303045273,-0.18281702058655874,-0.2413233257830143,-0.26663450598716737,-0.32478792326790945,-0.30459813135010855,-0.29629149491136725,-0.273508008569479,-0.21832414113339924,-0.37089919885422323,-0.44395533792766523,-0.44543727964497681,-0.40684914137377881,-0.360066345334053,-0.31218966841697693,-0.27595771613873932,-0.28468187712132931,-0.25399267359783773,-0.23714901442113129,-0.32924619317054749,-0.408730448782444,-0.3830036205403945,-0.370143286883831,-0.34710526466369629,-0.30319676796595257,-0.2636942733079195,-0.24532115273177624,-0.23737262437740961,-0.21517998476823172,-0.2040567547082901,-0.19423555086056391,-0.1887744814157486,-0.21085109644465977,-0.26349561833418333,-0.30655411258339882,-0.34519740300519125,-0.37009597676140921,-0.342571306687135,-0.32364839954035624,-0.26835927367210388,-0.39832742214202882,-0.52769846870349
-0.18689675629138947,-0.1897070642028536,-0.24579294522603354,-0.25164190679788589,-0.27945769684655325,-0.26531722396612167,-0.29349330663681028,-0.29824553132057191,-0.29275634698569775,-0.37481914575283343,-0.40358960926532744,-0.4350348562002182,-0.40703906863927841,-0.32824986360289832,-0.25508201236908251,-0.24436803907155991,-0.27863985070815456,-0.258566626906395,-0.23268684212650573,-0.31976004838943484,-0.3679381489753723,-0.36532427271207174,-0.38370756970511544,-0.3813898530271318,-0.35245291675840107,-0.29873170171465191,-0.27796072959899903,-0.26859298348426819,-0.25308537234862644,-0.23915821909904481,-0.2413488601644834,-0.22944513261318206,-0.20895019599369594,-0.1775301354272025,-0.21843720112855619,-0.19875000402904475,-0.3395462025489126,-0.32227286944786709,-0.30169733762741091,-0.28095531649887562,-0.418337311063494,-0.32075738587549757
-0.1760648675262928,-0.20603035017848015,-0.22204633802175522,-0.234503635764122,-0.25063130632042885,-0.23211204409599304,-0.26158374920487404,-0.31850093603134155,-0.33182449638843536,-0.38761143599237713,-0.40860207006335258,-0.43375153839588165,-0.39555337652564049,-0.294848170876503,-0.2366681769490242,-0.2693520647784074,-0.33748722889206628,-0.31607391888445074,-0.28625773810423338,-0.343622045384513,-0.36445694349028845,-0.37689004010624355,-0.40510921676953632,-0.38387386287961689,-0.34222805003325146,-0.3124157190322876,-0.27568671107292175,-0.24886247813701629,-0.23294378221035003,-0.21409720430771509,-0.22936714547021048,-0.22035286256245204,-0.20096990466117859,-0.138152324491077,-0.065114237523327276,0.00025316566461697221,-0.01216823807252305,-0.1207138708080439,-0.18302670235817248,-0.17141415828206977,-0.20422239412243168,-0.079947117933382592
-0.19035133471091589,-0.21354475244879723,-0.21352456510066986,-0.23563942685723305,-0.2499594142039617,-0.21991712450981141,-0.24747342765331268,-0.30137325525283815,-0.33350640907883644,-0.375757110118866,-0.40082750841975212,-0.43424618244171143,-0.39848675206303596,-0.31903274522887337,-0.30735952655474347,-0.37271347912875091,-0.4147341251373291,-0.38799439370632172,-0.35782121370236081,-0.32771276343952527,-0.32046869769692421,-0.33268112275335526,-0.34933178499341011,-0.33055316284298897,-0.29426277279853819,-0.2605498752423695,-0.21427432596683502,-0.18175531710897172,-0.16450566550095877,-0.12978117913007736,-0.12930063034097353,-0.13962274044752121,-0.14146763937813894,-0.1130746528506279,-0.059783229773694817,-0.0077404361412239569,0.032234573115905128,0.050097158045641015,0.049179261550307274,0.13254884071648121,0.21718304107586542,0.16127152953829085
-0.18187727630138398,-0.20499091098705927,-0.20588028643812453,-0.24005448445677757,-0.24620881378650666,-0.23572114109992981,-0.24834802150726318,-0.3016223055975778,-0.32905597771917072,-0.3531477153301239,-0.38225791975855827,-0.42593515664339066,-0.40288626154263812,-0.36804801225662231,-0.4080152114232381,-0.44528473236344079,-0.46740273066929411,-0.45200030593311086,-0.40941888093948364,-0.33280824531208386,-0.30157715082168579,-0.29186265170574188,-0.2818385238448779,-0.25164748231569928,-0.22864774117867151,-0.19749574611584345,-0.15132257342338562,-0.10365010350942612,-0.097173810005187988,-0.081838835030794144,-0.074015525480111435,-0.059630380145141056,-0.063867281590189257,-0.054060999924937882,-0.028276027645915747,-0.0035508494668950639,0.034858731952096732,0.051902635289090018,0.084123343229293823,0.14479137087861696,0.20435934017101923,0.15623416900634765
-0.16050994396209717,-0.16574637343486151,-0.17716418951749802,-0.2229208712066923,-0.24829952791333199,-0.27114729583263397,-0.27768927315870923,-0.30911239484945935,-0.34415092070897418,-0.37147633944238934,-0.40335366874933243,-0.41880310007504057,-0.41774347424507141,-0.4241515427827835,-0.43907855699459714,-0.44496738910675049,-0.46917135682370925,-0.53390498897608585,-0.46045868471264839,-0.35154956827561062,-0.28951458260416985,-0.25633536030848819,-0.23266804218292236,-0.20827734097838402,-0.18602156000477926,-0.15642628322045007,-0.11085081249475479,-0.07509112047652404,-0.049472170323133467,-0.04140197038650513,-0.037264532542654445,-0.024557856610044837,-0.0183609380785908,-0.00066904483052591479,0.011427611587957168,0.024273293325677514,0.047367787361145018,0.070434353003899261,0.083418048918247223,0.10755080729722977,0.1227562390267849,0.10257672965526581
-0.15516830980777741,-0.14216236025094986,-0.15022361278533936,-0.19530941049257913,-0.24123681584993997,-0.28878984351952869,-0.302094429731369,-0.31672445535659788,-0.34290945529937744,-0.37227007746696472,-0.40703184902668,-0.41045556749616352,-0.43499328494071959,-0.44445507228374481,-0.41878874599933624,-0.38467223010957241,-0.40285010077059269,-0.44631117396056652,-0.43146590789159139,-0.3435436685880025,-0.29823239892721176,-0.25424442812800407,-0.20066004395484924,-0.15029188059270382,-0.12163105513900518,-0.093292764077583953,-0.063376717801604948,-0.049384620785713193,-0.022121422458440065,-0.0088779234307973329,-0.013100514095276595,0.0052809461485594511,0.03285095219810804,0.050945705920457843,0.059510619938373567,0.064960798248648643,0.070746691276629761,0.076109983026981354,0.080329713722070054,0.078555623069405556,0.073586600522200271,0.057228924706578255
-0.15614779591560363,-0.13075020040074983,-0.13527349258462587,-0.18835047483444214,-0.24902795255184174,-0.31148843963940936,-0.33547744154930115,-0.33446348139217924,-0.32971468071142834,-0.34344444870948793,-0.37176679447293282,-0.40083407859007519,-0.43357102785791668,-0.4019438558154636,-0.37708407392104465,-0.35452434234321117,-0.32988324016332626,-0.32713915705680846,-0.32319600631793338,-0.30998220708635116,-0.29289202094078065,-0.23416180411974588,-0.15961573645472527,-0.10707801952958107,-0.061779886484146118,-0.033207706175744534,-0.018496192176826298,-0.0090465886751189828,0.012289958132896572,0.017821914283558726,0.025810378914078076,0.042466517910361289,0.0626536875963211,0.073813640822966889,0.071962097659707069,0.073212710022926328,0.081267711520195,0.08205622062087059,0.077483182772994041,0.06826227530837059,0.057572256773710251,0.03657340444624424
-0.16188317164778709,-0.14029289595782757,-0.16468819230794907,-0.24082885682582855,-0.28512392640113832,-0.348124881585439,-0.35745195150375364,-0.33741397658983868,-0.32867324352264404,-0.341130793094635,-0.33227619156241417,-0.33735906084378559,-0.35262793302536011,-0.34505404531955719,-0.36848753988742827,-0.38397126644849777,-0.31375359594821928,-0.26858045326338875,-0.26286927610635757,-0.24727237224578857,-0.21873451130730764,-0.19397579319775105,-0.14472241327166557,-0.095828658342361456,-0.052542459219694138,-0.022968228906393051,-0.0023491304149501958,0.015093356557190418,0.031903321233888469,0.0447330117225647,0.055135101824998853,0.083292247354984278,0.10268777161836624,0.10912118665874004,0.091841498017311091,0.082969534397125247,0.07665516808629036,0.0773394450545311,0.076892739161849022,0.069756314158439636,0.057000094093382359,0.03966171108186245
-0.18556365370750427,-0.18515221774578095,-0.22815603762865067,-0.29294209182262421,-0.343669718503952,-0.38364381094773609,-0.36498567036220003,-0.32712319067546297,-0.3101927787065506,-0.30703021287918092,-0.27881738543510437,-0.26368290185928345,-0.27798437575499219,-0.30479736839021954,-0.35335783163706463,-0.37257101469569737,-0.31064405611583162,-0.22879088989325933,-0.20974895954132081,-0.17706894235951559,-0.17258267743246897,-0.15415561497211455,-0.12841846942901611,-0.090815307838576179,-0.053874566219747066,-0.014962895913049579,0.0032204780970156812,0.0092817331897094846,0.029336864128708839,0.056858477493127189,0.0742393471300602,0.088932991027832031,0.13029225468635558,0.13737027943134308,0.11938343197107315,0.10867211719353993,0.087049805869658783,0.071378668149312333,0.0761684278647105,0.0783735861380895,0.079721003770828247,0.063717981800436974
-0.21432650387287139,-0.21603624820709227,-0.25963876023888588,-0.34939643740653992,-0.373665452003479,-0.37457379698753357,-0.33330155412356061,-0.31013018637895584,-0.29638954997062683,-0.29158853491147357,-0.2593790739774704,-0.23726634979248046,-0.23722835097994124,-0.2549582655940737,-0.27479048371315,-0.27510435382525128,-0.24573603272438049,-0.20659384503960609,-0.17750328034162521,-0.16671651388917649,-0.16255291178822517,-0.11341321965058644,-0.059965389470259346,-0.018790372007060796,-0.00456080655567348,0.020087538287043571,0.028626754134893417,0.024519616737961769,0.038824585576852165,0.073322345813115433,0.096500679850578308,0.12361656129360199,0.14795668795704842,0.14681344727675119,0.14049886539578438,0.1332442257553339,0.11664805312951405,0.076036264499028519,0.085935598239302635,0.10631978064775467,0.1104281097650528,0.097025014460086823
-0.22046542167663574,-0.25130702257156373,-0.29442886511484784,-0.34508980065584183,-0.35638740658760071,-0.33234769602616626,-0.30046846965948742,-0.28376246690750123,-0.27722795605659484,-0.28419324258963269,-0.26292607436577481,-0.22226611028114954,-0.21627601608633995,-0.21932957818110785,-0.229243333141009,-0.21244885524113974,-0.19805704057216644,-0.19396829853455225,-0.18436764677365622,-0.16759468615055084,-0.1296225388844808,-0.071326006824771568,-0.01956245768815279,0.013117390975821763,0.027842311809460323,0.035564269249637924,0.043382122181355953,0.050773642957210541,0.066611779853701591,0.092181185260415077,0.12613744288682938,0.15201564629872641,0.16271806259950003,0.16461373120546341,0.16455381736159325,0.15521951019763947,0.13350290556748709,0.11116816848516464,0.11823820136487484,0.13363785296678543,0.13681768625974655,0.13828955590724945
-0.26471230760216713,-0.27818887929121655,-0.29021024703979492,-0.29786237080891925,-0.30741269389788312,-0.28650754690170288,-0.25190100712435587,-0.23685781160990396,-0.25089450553059578,-0.26210593432188034,-0.23701227704683939,-0.20425742864608765,-0.18914730350176492,-0.16564883291721344,-0.16440493613481522,-0.13822456002235412,-0.1427724152803421,-0.13906124234199524,-0.13835736662149428,-0.12163377553224564,-0.068627338856458664,-0.028326641768217087,0.00026477867504581809,0.030135066062211991,0.04953170008957386,0.048757778480648994,0.055982151379187904,0.0806701973080635,0.11821576021611691,0.12136518210172653,0.14214269071817398,0.15515556335449218,0.17409629374742508,0.18767598768075308,0.18362233539422354,0.16734277829527855,0.14938387274742127,0.15105564892292023,0.15957365185022354,0.16649940609931946,0.18220467865467072,0.17502810806035996
-0.27510566115379331,-0.270127072930336,-0.26572048664093018,-0.25342330932617185,-0.26900876760482789,-0.25388701508442563,-0.21756687263647714,-0.20256677269935608,-0.21483856439590454,-0.2273702710866928,-0.19158564507961273,-0.16155152767896652,-0.13517046843965849,-0.11315472175677617,-0.086537226103246212,-0.046006221789866686,-0.068834607489407063,-0.060763524472713472,-0.031979441021879516,-0.032459976151585579,-0.0071281776763498783,0.016305375844240189,0.032857528189197183,0.047070087864995,0.059226428158581257,0.056971669942140576,0.068836048245429993,0.11440043710172176,0.15750933190186819,0.16886439621448518,0.16780875995755196,0.17047001421451569,0.18251848717530569,0.19644016524155936,0.19071593284606933,0.17817951242129007,0.16955162584781647,0.17794903740286827,0.20327439159154892,0.20884137451648713,0.21502136439085007,0.2049231231212616
-0.29640683531761169,-0.24697567522525787,-0.23012166718641916,-0.23000425100326538,-0.23454944789409638,-0.22152044091905868,-0.18614202365279198,-0.1636880487203598,-0.15076003968715668,-0.16300536692142487,-0.15652544423937798,-0.116659776866436,-0.07364312931895256,-0.046466932321588196,-0.029392451979219913,0.0041713036131113771,0.02309081656858325,0.029913798905909061,0.035742340143769979,0.036968125340839229,0.045773842061559357,0.058677022345364094,0.075264411667982742,0.070024493336677554,0.058932311832904816,0.058075219392776489,0.087630182504653931,0.12976286746561527,0.1742290049791336,0.1981137196222941,0.20014661550521851,0.19323391964038214,0.20350461080670357,0.20964648574590683,0.20107574388384819,0.19531248013178507,0.21211135387420654,0.22327907383441925,0.23594531913598379,0.23991238077481589,0.223664328455925,0.22467451542615891
-0.28971197605133059,-0.25196303427219391,-0.22281165421009064,-0.22112268581986427,-0.21704692542552947,-0.19330258667469025,-0.17106311023235321,-0.14580084631840387,-0.14396535605192184,-0.14223279356956481,-0.11322052776813507,-0.075931721366941929,-0.039319142854462065,-0.0074878409970551727,0.012882566739184162,0.049785168220599495,0.08857226967811585,0.11458762735128403,0.095102662220597267,0.085407597323258713,0.066893725842237475,0.076556789378325149,0.084189553558826444,0.08694794587790966,0.066198565065860748,0.058421181887388228,0.0909865602850914,0.14045004049936929,0.18361588940024376,0.21025421222050986,0.22443809807300569,0.23134922484556833,0.23358852416276932,0.22099573413530985,0.22866204877694449,0.2353726290166378,0.24120941013097763,0.2498321533203125,0.25406958162784576,0.25472226738929749,0.24364287406206131,0.238605298101902
-0.29511611660321552,-0.24447941184043884,-0.21920216456055641,-0.20454027652740478,-0.19230943024158478,-0.17273604869842529,-0.15688597559928894,-0.13941740989685059,-0.13423325121402741,-0.12226568721234798,-0.098450265824794769,-0.055956809781491756,-0.016195495612919331,0.019997060124296695,0.055104429274797438,0.10038874447345733,0.13949732979138693,0.15782289206981659,0.14458302035927773,0.1018656250089407,0.047992427833378315,0.035042343661189079,0.054373431019485,0.0643145777285099,0.052192608825862408,0.056433386169373989,0.098655866459012032,0.14360958337783814,0.18628118932247162,0.22399035841226578,0.24427255988121033,0.25476516187191012,0.24599970877170563,0.24636213481426239,0.25891784578561783,0.27730509638786316,0.273713876803716,0.27333168685436249,0.27094125747680664,0.26993007957935333,0.25451139609018963,0.24744709581136704
-0.26925211896498996,-0.23939930895964304,-0.20670527219772339,-0.1873379722237587,-0.15899729132652282,-0.14495036751031876,-0.12185598909854889,-0.115078204870224,-0.11512302048504353,-0.096022459367911026,-0.054429225996136664,-0.019543647766113281,0.025291209825809347,0.0776001513004303,0.10427746425072353,0.1412974993387858,0.17245934903621674,0.18078117072582245,0.17709432542324066,0.12812680999437967,0.05007542809471488,-0.0076441003009676935,-0.0075945666564318044,0.016782553866505623,0.042344587544600167,0.0710170328617096,0.10479554161429405,0.13892535616954169,0.19678991734981538,0.2369266077876091,0.25612305601437885,0.25309331342577934,0.24966573715209961,0.26243636608123777,0.28449574112892151,0.2985256512959798,0.29314941167831421,0.2835974246263504,0.28023087978363037,0.26776647567749023,0.25641791025797528,0.25887872278690338
-0.2132121572891871,-0.19471841553846994,-0.1771389419833819,-0.1530900796254476,-0.11479601450264454,-0.10073743611574174,-0.079866578802466393,-0.072417733259499073,-0.059002993255853654,-0.028547115876184154,0.0088397351404031124,0.048693454513947167,0.089583404362201691,0.12157468870282173,0.16716787815093995,0.19039766490459442,0.21056771278381348,0.22071653604507446,0.21391879394650459,0.1536647155880928,0.04451596834696829,-0.045078134785095848,-0.051466342061758041,-0.0041932120220735669,0.043916599452495576,0.083530053496360779,0.110955148935318,0.15920581221580504,0.2100743999083837,0.23771166056394577,0.25028223991394044,0.24228736758232117,0.24532180527846018,0.26389064639806747,0.29254882534344989,0.30145525932312012,0.2904391884803772,0.28692135214805603,0.26364882290363312,0.25554434458414715,0.25722765922546387,0.25519508123397827
