SouthSea_Web/demo/jsonfile/2017-12-16-04.json
{"header": {"parameterUnit":"m.s-1","parameterNumber":3,"dx":0.1,"dy":0.1,"parameterNumberName":"Northward current","la1":29.0,"la2":12.0,"parameterCategory":2,"lo2":131.0,"nx":250,"ny":171,"refTime":"2017-12-16T04:01:52.5","lo1":106.0}, "data":
[rows 133 to 151 of 171, columns 168 to 209 of 250]
-0.0266590079118032,-0.0802775570191443,-0.12889780849218369,-0.14095858111977577,-0.15339154643671854,-0.14532334916293621,-0.11945369932800531,-0.0439950794291993,0.053290804548721225,0.16978063647236144,0.29583336661259335,0.41970069067818777,0.50152588486671446,0.58950966596603394,0.64568740129470825,0.69769306480884552,0.72975268959999084,0.75839469432830808,0.76294803619384766,0.76611977815628052,0.75111021598180139,0.74686845143636071,0.73069217801094055,0.67427682876586914,0.66019141674041748,0.64401531219482422,0.54769876599311829,0.48586007952690125,0.40153223276138306,0.30657878518104553,0.18618596345186234,0.1032126247882843,0.062539651989936829,-0.0078008156269788742,-0.060111142694950104,-0.0845399796962738,0.0,-0.0646180808544159,-0.066327258944511414,-0.037907131016254425,-0.05357428640127182,-0.021347323432564735
-0.037646977496998649,-0.095732575282454491,-0.149974774569273,-0.1863187419043647,-0.20110777206718922,-0.20034634508192539,-0.17937760551770529,-0.087183228693902493,0.0458619539729423,0.21632193028926849,0.35166868141719271,0.46465351680914563,0.55630061030387878,0.635082653590611,0.70277029275894165,0.74174466133117678,0.7767314612865448,0.79567161202430725,0.80700471997261047,0.81067035198211668,0.79825142025947571,0.768327514330546,0.71027210354804993,0.67485341429710388,0.66519412398338318,0.6447053849697113,0.57646334171295166,0.50455191731452942,0.4173872172832489,0.29622566699981689,0.17373353242874146,0.092325970530509949,0.044155102223157883,-0.045361347496509552,-0.097001451998949051,0.0,-0.12098332494497299,-0.12695006653666496,-0.11879811435937882,-0.11816225200891495,-0.064711011946201324,-0.058574806898832321
-0.047245277091860771,-0.099995066225528714,-0.15052433808644614,-0.20438785685433281,-0.250547813044654,-0.26195137947797775,-0.22711277504762015,-0.12704290300607682,0.051718457559631628,0.25564485622776878,0.40720783812659128,0.51363476779725814,0.5743475928902626,0.63486510515213013,0.70507383346557617,0.76215086380640662,0.79477870464324951,0.81637851397196448,0.83562526106834412,0.83711004257202148,0.83469523986180627,0.77789352337519324,0.71678739786148071,0.68405149380366,0.6572420597076416,0.64321494102478027,0.576795905828476,0.49627858400344849,0.40401966373125714,0.0,0.22180188447237015,0.10840059071779251,-0.0012240005889907479,-0.076077453792095184,-0.13509997725486755,-0.13783875107765198,-0.17954745888710022,-0.18854935467243195,-0.13806004822254181,0.0,-0.11973158270120621,-0.08642345666885376
-0.068012676512201622,-0.11999613212214576,-0.19347646170192295,-0.25680380562941235,-0.30012626051902769,-0.31220883876085281,-0.24615324205822414,-0.12431133704053031,0.074191916361451143,0.24077146127820015,0.42178661985830829,0.52113527432084084,0.58521232434681481,0.660767674446106,0.71974200010299683,0.79237649270466393,0.83735431730747223,0.85563734173774719,0.85984269777933753,0.84580289324124658,0.82568809390068054,0.77426330745220184,0.69094321131706238,0.66624712944030762,0.66134484112262726,0.64237216114997864,0.61140632629394531,0.50481322407722473,0.0,0.30836354692776996,0.18001018464565277,0.0,0.014359524473547936,-0.098040774464607239,-0.15023209154605866,-0.18817333877086639,0.0,-0.22222767025232315,-0.18097998201847076,-0.15948885679244995,-0.15711208060383797,0.0
-0.12736451998353005,-0.17949162589179146,-0.23853118446740237,-0.31015240773558617,-0.34801109631856281,-0.33228122194608051,-0.2596889242529869,-0.1358969041279384,0.022230097939344971,0.22370191290974617,0.38689727584520978,0.52732823292414344,0.61846654117107391,0.6963440328836441,0.77763723582029343,0.85225187738736474,0.89361461003621423,0.90835349261760712,0.89991885423660278,0.87167215347290039,0.82144138216972351,0.78202203909556067,0.72804498672485352,0.67448815703392029,0.67100393772125244,0.636490523815155,0.604100227355957,0.55358380079269409,0.39040887355804443,0.31803461909294128,0.22490061819553375,0.10280337184667587,-0.030859602615237236,-0.10250737518072128,-0.14951805770397186,0.0,-0.23934126645326614,-0.27133011817932129,-0.25533178448677063,-0.21627172827720642,-0.20444902777671814,-0.20006308704614639
-0.17735053040087223,-0.20311103016138077,-0.238600116637018,-0.280302580859926,-0.30148431658744812,-0.286728036403656,-0.2344968957560403,-0.13327858183119032,0.028056223876774311,0.21029791235923767,0.37829941511154175,0.52422076463699341,0.64405912160873413,0.776535153388977,0.85702125231424964,0.90545214925493511,0.9569874150412423,0.96674748261769616,0.93803125619888306,0.89769449830055237,0.83649349212646484,0.79319301247596741,0.76644066969553626,0.701325535774231,0.68676948547363281,0.63196644186973572,0.59531155228614807,0.47654452919960022,0.35533568263053894,0.2728470116853714,0.17932343482971191,0.0,0.013447161298245192,-0.10276902467012405,-0.14441679418087006,-0.19108139723539352,0.0,-0.28792580962181091,0.0,-0.28817811608314514,-0.2505505383014679,-0.24430428445339203
-0.16165527701377869,-0.18954967111349105,-0.22019383497536182,-0.25242449939250944,-0.2634981036186218,-0.25962590798735619,-0.24174921214580536,-0.16223198920488358,0.0064457332094510393,0.19130599167611864,0.34799390605517794,0.516301429271698,0.65841834247112274,0.82690739631652832,0.93769041034910416,0.96710403263568878,0.98695530210222515,1.0040901899337769,0.95863652229309082,0.89596553146839142,0.83644908666610718,0.78074036538600922,0.75270625948905945,0.71903510888417566,0.68385418256123864,0.62556767463684082,0.56526774168014526,0.50809679925441742,0.36859457194805145,0.26298099756240845,0.17556868493556976,0.074603643268346786,0.01026949193328619,-0.0779983401298523,-0.20471981167793274,-0.269502192735672,-0.27701824903488159,-0.3111550509929657,-0.32650074362754822,0.0,-0.30006599426269531,-0.26139339804649353
-0.17512696534395217,-0.19500764045450422,-0.21537722051143646,-0.23921549879014492,-0.25483882427215576,-0.26021960708830094,-0.22349066585302352,-0.1552627831697464,-0.028599836192110421,0.13321541808545589,0.28777841064665055,0.48402732983231544,0.71227163076400757,0.87937251726786292,0.99142914348178435,1.0196447836028204,1.0059580538007948,1.0141734566007341,0.98512864112854,0.90340035160382592,0.81099532544612885,0.75060807466506962,0.70800705750783288,0.697087566057841,0.68546584248542786,0.642522782087326,0.59986969828605652,0.5564473569393158,0.38835087418556213,0.28458793461322784,0.16786099970340729,0.084719348698854446,0.0,-0.077947491779923439,-0.18023165315389633,-0.28010666370391846,-0.30606773495674133,-0.3512948751449585,-0.34981465339660645,-0.33325353264808655,0.0,-0.305421382188797
-0.18694829195737839,-0.20488834381103516,-0.23051428463723925,-0.26319703790876603,-0.29602668020460343,-0.29596836864948273,-0.22105041332542896,-0.12859389558434486,-0.028146316576749087,0.090353739137450859,0.22918060847691127,0.46650520960489911,0.71739716189248226,0.92320383340120316,1.0238181948661804,1.0666512697935104,1.0436032480663724,0.99678228050470352,0.98468861977259314,0.921751062075297,0.79602876305580139,0.73210938274860382,0.69608914852142334,0.68052150805791223,0.67752218246459961,0.6564260721206665,0.61007368564605713,0.5902283787727356,0.41944730281829834,0.30444198846817017,0.18889772891998291,0.064605411142110825,-0.05246250331401825,-0.14612405002117157,-0.17224025726318359,-0.2425982877612114,-0.32989960908889771,-0.35451176762580872,-0.35891649127006531,-0.35157015919685364,-0.33758696913719177,-0.2867354154586792
-0.2022584934126247,-0.23422190546989441,-0.262886181473732,-0.28722386062145233,-0.29323017928335404,-0.28273723853958976,-0.22354923747479916,-0.13914781529456377,-0.058584419590058841,0.033263549172261264,0.14818638669592993,0.36058392375707626,0.61494122445583344,0.85890625417232513,1.0319959947041102,1.0863135814666749,1.0749558721269881,0.9922366738319397,0.95561262634065414,0.90275824921471737,0.813291335105896,0.7304355382919312,0.704453855752945,0.70380185544490814,0.68070634206136071,0.65405732393264771,0.61038504044214881,0.5241972804069519,0.0,0.32016822695732117,0.17676772922277451,0.085570938885211945,-0.028171160956844687,-0.12900286912918091,-0.21677492558956146,0.0,-0.31317012012004852,-0.35882771015167236,0.0,-0.36071088910102844,-0.3491731584072113,-0.31361505389213562
-0.31565577089786528,-0.29251749482419753,-0.290504053235054,-0.27892025221477856,-0.25444744527339935,-0.21636980921030044,-0.19481470353073543,-0.18435117788612843,-0.15289782484372458,-0.047533370022262843,0.062976268094239965,0.30858196069796878,0.55606768812452045,0.75631676401410786,0.95280177891254425,1.051850710596357,1.0604618787765503,1.0070030331611632,0.92213159054517746,0.87303327023983,0.8009924462863377,0.75327779849370324,0.72750197350978851,0.72622767090797424,0.69333030780156457,0.647726446390152,0.60729718208312988,0.55226382613182068,0.45103758573532104,0.34016877412796021,0.18717890977859497,0.060663145035505295,-0.024120856076478958,-0.12721912562847138,-0.20588944852352142,-0.28663933277130127,0.0,-0.33944186568260193,-0.35417373478412628,-0.35594543814659119,-0.3281455934047699,-0.31608039140701294
-0.40381508469581606,-0.41609020365609062,-0.4161663383245468,-0.39171484857797623,-0.33429340124130247,-0.27937337117535727,-0.26530753821134567,-0.28883724576897091,-0.25579183655125753,-0.15057728605137932,-0.045065045123919845,0.17658237409260538,0.3953852305809657,0.65134816989302635,0.83405660390853886,1.0024748245875041,1.029205424445016,0.99894114335378015,0.92101289331912994,0.84536383549372351,0.80277466773986816,0.7759762008984884,0.74713177482287085,0.70185855031013489,0.66022596756617224,0.60990801453590393,0.55617080132166541,0.46770277619361877,0.0,0.32765044271945953,0.24707229435443878,0.11713499203324318,-0.022513565374538302,-0.12055700272321701,-0.17804983258247376,-0.25728452950716019,-0.279573917388916,-0.31269997358322144,0.0,-0.32450833916664124,-0.31996485590934753,0.0
-0.41725091040134432,-0.43452461891704136,-0.47137865755293107,-0.48082311699787778,-0.42748644285731846,-0.36028749744097394,-0.32729155942797661,-0.31312636203236049,-0.28333671763539314,-0.26211777116571156,-0.19237081706523895,-0.027549299721916515,0.2025889509490558,0.49011972546577454,0.68507187565167749,0.91262107236044743,1.00898078083992,1.0067703809056963,0.9745420387813023,0.86120457202196121,0.79283661974800956,0.76188996008464271,0.73321403563022614,0.67823812365531921,0.61583945155143738,0.56599575281143188,0.51869857311248779,0.46658734977245331,0.373485267162323,0.28380796313285828,0.0,0.17735937237739563,0.026244977489113808,-0.0805890504270792,-0.1893855482339859,-0.22782285511493683,-0.26416516304016113,-0.29163548350334167,-0.30892732739448547,-0.34045645594596863,-0.31446930766105652,-0.27650904655456543
-0.30211626670577307,-0.4448595576816135,-0.47227669060230254,-0.41428091824054719,-0.39222866296768188,-0.37988718450069425,-0.36044246951738995,-0.30566257569524979,-0.27994382381439209,-0.32010312378406525,-0.28665167589982349,-0.15446589567831584,0.0607691208965012,0.32638531625270845,0.53134842216968536,0.78076672554016113,0.95046131610870366,0.98145769039789832,0.98981673717498775,0.87362651824951176,0.78835023939609528,0.749030613899231,0.70743918418884277,0.674242357412974,0.60892051458358765,0.54393098751703894,0.47053341567516327,0.40369857847690582,0.0,0.29696239531040192,0.21995653957128525,0.11708889901638031,0.0,0.0054113287478685379,-0.14074903726577759,-0.23567987978458405,0.0,-0.31063410639762878,-0.32573050260543823,-0.32436352968215942,-0.29821839928627014,-0.28324607014656067
-0.17231708755716682,-0.410490637475794,-0.46465332061052322,-0.38483074307441711,-0.35620325803756714,-0.36779280602931974,-0.368965245783329,-0.3101067841053009,-0.27892588291849407,-0.32881658151745796,-0.34936106950044632,-0.18935125214712961,-0.059775277227163318,0.19113441663128988,0.39160417765378952,0.67352664470672607,0.9013332724571228,0.94420523643493648,0.92233287096023564,0.870729610323906,0.75519832372665407,0.7431236058473587,0.70156824588775635,0.67139065265655518,0.60720048348108924,0.58901131153106689,0.49677795171737671,0.44838690757751465,0.38279584050178528,0.29238633811473846,0.0,0.21689647436141968,0.097797662019729614,-0.048912483500316739,0.0,-0.17975307255983353,-0.25418715924024582,-0.30194604396820068,0.0,-0.2979486882686615,0.0,-0.25751291215419769
0.0,-0.48654660582542419,-0.47041153013706205,-0.45279854163527489,-0.36570294201374054,-0.34959581723579991,-0.38326221975413238,-0.32249554178931494,-0.31371737271547318,-0.32856409251689911,-0.34441322513989042,-0.2265542106969016,-0.0495638275363793,0.083251213654875755,0.18502225478490195,0.52093198895454407,0.89291840791702271,0.90821793675422668,0.83357556164264679,0.81937646865844727,0.72282019257545471,0.70975923538208008,0.67340430617332458,0.63283193111419678,0.5738241970539093,0.54187372326850891,0.47294461727142334,0.43535324931144714,0.0,0.391005277633667,0.29468435049057007,0.18142981827259064,0.0,0.016318894922733307,-0.11873891949653626,-0.18610896170139313,0.0,-0.26382485032081604,-0.29632315039634705,0.0,-0.29413914680480957,-0.18949171900749207
0.0,0.0,-0.50178056955337524,-0.47874935377727856,-0.36669663233416422,-0.2743545576930046,-0.42187565068403882,-0.29404927343130111,-0.2795562744140625,-0.29994122684001923,-0.28986739841374481,-0.21817837868418014,-0.037828965942026116,0.07537195720942691,-0.0099457421650489177,0.45358726878960925,0.91975533962249756,0.86885449290275574,0.73331484198570251,0.701545774936676,0.64038935303688049,0.62599070866902673,0.58724308013916016,0.56296095252037048,0.56241446733474731,0.51863524317741394,0.48394912481307983,0.46241825819015503,0.43313503265380859,0.40305393934249878,0.33975082635879517,0.25549207627773285,0.13072827458381653,0.020723504945635796,-0.075744092464447021,-0.13691481947898865,-0.16573326289653778,-0.19539287686347961,-0.22492613643407822,-0.28203302621841431,-0.26272732019424438,-0.23184902966022492
0.0,0.0,0.0,-0.27084077298641207,-0.328013892357166,-0.21030588448047638,-0.35101552094732014,-0.26152293067425492,-0.27981956154108045,-0.30179255455732346,-0.3489249613549974,-0.26464903141771046,-0.11419707164168358,0.026862664683721959,0.0,0.73117345571517944,0.90870141983032227,0.78984621167182922,0.50326406955718994,0.58512312173843384,0.53832234442234039,0.54527175426483154,0.39377325773239136,0.644195556640625,0.50958262383937836,0.45349740982055664,0.30071842670440674,0.50382137298583984,0.35140584409236908,0.31401810795068741,0.18077719211578369,0.30168724060058594,0.12569082900881767,0.0018922762246802449,0.020277088508009911,-0.064105529338121414,-0.092532794922590256,-0.078730180859565735,-0.11686915159225464,-0.10611103475093842,-0.063874430954456329,-0.055043358355760574
0.0,0.0,0.0,-0.15519724413752556,-0.1959782296961004,-0.21028763055801392,0.0,-0.10320941917598248,-0.14140371792018414,-0.12837772940595946,-0.3485445871949196,-0.34424643052948845,-0.16279932390898466,-0.022868404164910316,0.0,0.0,0.93792521953582764,0.71207591891288757,0.5033268928527832,0.28533080220222473,0.18837317824363709,0.12474437803030014,0.0,-0.027626173570752144,-0.025757653638720512,-0.060681737959384918,0.0,-0.072278492152690887,-0.091676943004131317,-0.12051409482955933,0.0,-0.20420031249523163,-0.29206410050392151,0.0,-0.33571255207061768,-0.3295130729675293,-0.31024616956710815,0.0,-0.3072625994682312,-0.36338320374488831,0.0,-0.35351446270942688
