SouthSea_Web/demo/jsonfile/2017-12-16-14.json
{"header": {"parameterUnit":"m.s-1","parameterNumber":2,"dx":0.1,"dy":0.1,"parameterNumberName":"Eastward current","la1":29.0,"la2":12.0,"parameterCategory":2,"lo2":131.0,"nx":250,"ny":171,"refTime":"2017-12-16T13:58:07.5","lo1":106.0}, "data":
[rows 133 to 151 of 171, columns 168 to 209 of 250]
-0.67686563730239868,-0.67353373020887375,-0.65752161400658748,-0.65056641399860382,-0.64918659414563862,-0.63904223591089249,-0.60062467306852341,-0.54047046105066932,-0.5103868927274432,-0.48623529928071157,-0.463361253341039,-0.43444908091000151,-0.39641886949539185,-0.33726909160614016,-0.30183941125869751,-0.22722527012228966,-0.14086409099400044,-0.0563738975673914,0.026197300758212805,0.10336006929477055,0.1812402755022049,0.22932250797748566,0.28031191229820251,0.3474157452583313,0.37297818064689636,0.42617493867874146,0.5175564090410868,0.55624991655349731,0.589177131652832,0.59504240751266479,0.57344546914100647,0.56735795736312866,0.53821355104446411,0.49698449671268463,0.44880205392837524,0.37579044699668884,0.0,0.33132356405258179,0.25233560800552368,0.18127891421318054,0.1836618185043335,0.15588362514972687
-0.70005762577056885,-0.68201345205307007,-0.66516470164060593,-0.65471557776133216,-0.64659445732831955,-0.62891880422830582,-0.59119404024548006,-0.53615458309650421,-0.51047392686208093,-0.49362177029252052,-0.47085273691586088,-0.44620746374130249,-0.39311339457829791,-0.32350706202643259,-0.25088340044021606,-0.1908540278673172,-0.12200544402003288,-0.05588953010737896,0.00852881371974945,0.074917989969253543,0.12695791944861412,0.16116855045159659,0.21798811852931976,0.28167110681533813,0.32756525278091431,0.3925454169511795,0.44012099504470825,0.48012964427471161,0.52221053838729858,0.5416044294834137,0.53509503602981567,0.52605348825454712,0.50007230043411255,0.46559092402458191,0.42714957892894745,0.0,0.3667328953742981,0.31925968825817108,0.24580125510692596,0.209201380610466,0.17646618187427521,0.18093065917491913
-0.7337174117565155,-0.69938718080520634,-0.68599198261896766,-0.68666084607442224,-0.67485044399897254,-0.64986228346824648,-0.61726572116216027,-0.60125035643577573,-0.5577188676053827,-0.52003343237770927,-0.48119986908776419,-0.44574003087149727,-0.39983456209301949,-0.32449275751908618,-0.24135998884836832,-0.16155740370353064,-0.096568242957194642,-0.038650582234064736,0.0070696310140192509,0.043021226301789284,0.062754825999339417,0.066576777646938964,0.13055676221847534,0.19809834162394205,0.26097198575735092,0.31681350866953534,0.38151019811630249,0.41525280475616455,0.42986197272936505,0.0,0.4922606498003006,0.45332559943199158,0.43507364392280579,0.42711716890335083,0.38294067978858948,0.35366493463516235,0.33840149641036987,0.30327141284942627,0.22244091331958771,0.0,0.18169650435447693,0.16442224383354187
-0.67591794331868493,-0.66260831885867644,-0.6895774271753099,-0.71923966540230644,-0.71903756856918333,-0.69113036245107651,-0.67096710867351961,-0.66388249397277832,-0.617694514989853,-0.57769416272640228,-0.50118229335004638,-0.43284039944410324,-0.37222687687192646,-0.29955306649208069,-0.23096668720245361,-0.16778676850455149,-0.10887017846107483,-0.053097782035668693,-0.015008385526016355,0.011470027384348214,0.019765982870012522,0.018425497808493674,0.092762012034654617,0.1563473716378212,0.21824751794338226,0.24042193591594696,0.31065657734870911,0.2936805784702301,0.0,0.42104572057724,0.41398869454860687,0.0,0.40430912375450134,0.36778406798839569,0.34831723570823669,0.30898457765579224,0.0,0.26354672014713287,0.21982899308204651,0.21527162194252014,0.18091215193271637,0.0
-0.682521539926529,-0.68970310025744963,-0.69936965812336316,-0.71124883741140366,-0.71682994233237374,-0.710166315237681,-0.68228476047515874,-0.67878276961190365,-0.66129176725040784,-0.5985473170876503,-0.5196289651923709,-0.43178766303592259,-0.35743184015154839,-0.30188465863466263,-0.22942311689257622,-0.17166810234387717,-0.13612264767289162,-0.092745121568441391,-0.051753049716353416,-0.036688664307196937,-0.020523313665762544,-0.014258803838553527,0.028948487403492134,0.084407176822423935,0.15588188419739404,0.18265660852193832,0.22351917624473572,0.21142221987247467,0.28784214456876117,0.32932257652282715,0.33874934911727905,0.36473602056503296,0.36693368852138519,0.33603295683860779,0.3094039261341095,0.0,0.29163616895675659,0.23720535635948181,0.20821866393089294,0.18896572291851044,0.19319583475589752,0.11379529163241386
-0.72483117878437042,-0.66783282160758972,-0.60825268427530921,-0.599035726653205,-0.61674308114581633,-0.62266047596931462,-0.61615049839019775,-0.61344695753521394,-0.60202596187591551,-0.59545622931586373,-0.51246554851531978,-0.41752322018146515,-0.37317783965004814,-0.32797922359572518,-0.2758067746957143,-0.220340154000691,-0.16879428710256303,-0.13035713260372481,-0.098650543019175529,-0.072795315645635128,-0.054401930421590805,-0.023881752043962479,-0.013159671177466711,0.021078543582310278,0.10307752713561058,0.14138408750295639,0.17063339799642563,0.18841072171926498,0.17861424386501312,0.23412295430898666,0.3119170069694519,0.0,0.32366791367530823,0.31558257341384888,0.2973206639289856,0.29522715508937836,0.0,0.26903989911079407,0.0,0.18375953286886215,0.1697876900434494,0.13411451876163483
-0.60920416712760928,-0.55537290573120113,-0.52192883938550949,-0.53085739612579341,-0.556332278251648,-0.56057890504598618,-0.56322059035301208,-0.56516990810632706,-0.57216117117140031,-0.53507533338334823,-0.510746168238776,-0.44571372568607331,-0.38778163865208626,-0.35591266883744133,-0.32685037453969318,-0.27624746225774288,-0.20262349077633449,-0.16087731719017029,-0.13473991801341376,-0.095261869952082634,-0.077511826530098915,-0.052721149288117886,-0.021972881630063057,-0.015564505010843277,0.048854398230711617,0.097797863185405731,0.1364612877368927,0.14064504206180573,0.12061954289674759,0.14587056636810303,0.21292716264724731,0.268904447555542,0.21124348044395447,0.27178174257278442,0.26399633288383484,0.2361518144607544,0.27157095074653625,0.25043320655822754,0.22515950351953507,0.0,0.14212489128112793,0.1024974137544632
-0.53314018249511719,-0.49899334377712673,-0.48091558814048768,-0.48320313170552254,-0.48221009307437473,-0.4843776954544915,-0.48092238306999208,-0.4878280929156712,-0.53583486591066631,-0.52997274696826935,-0.49267242683304679,-0.46053921058773994,-0.4349219173192978,-0.400694297419654,-0.36819128195444745,-0.34394096334775287,-0.26040462487273747,-0.21091039478778839,-0.18043767164150873,-0.13305931041638056,-0.092838756740093231,-0.055585175007581714,-0.017759469803422689,-0.024488534157474835,-0.0021530860103666782,0.011052143760025501,0.063455561175942421,0.059270496480166912,0.052195742726325989,0.083100160583853722,0.11712267994880676,0.16853205114603043,0.0,0.2089344784617424,0.23333452641963959,0.19741660356521606,0.20325295627117157,0.20270782709121704,0.19770717620849609,0.19295564293861389,0.0,0.10597219318151474
-0.49890000000596046,-0.46977625621689689,-0.47128035955958897,-0.47755756311946446,-0.453051186270184,-0.43565844744443893,-0.44766461476683617,-0.469648364931345,-0.47935885488986968,-0.47934631506601971,-0.48338821104594637,-0.46341730819808113,-0.46220115678650991,-0.45054124295711517,-0.42440887168049812,-0.396549329161644,-0.364256567425198,-0.26024428568780422,-0.20358473559220633,-0.17162261654933295,-0.11957592889666557,-0.073560766875743866,-0.021714199334383011,-0.014384541505326828,-0.039990946650505066,-0.049074281007051468,-0.022631462779827416,-0.051635073497891426,-0.027768133518596489,0.015837198123335838,0.047536266967654228,0.094285504892468452,0.11689839512109757,0.18423157930374146,0.13696414232254028,0.17763451486825943,0.1840648353099823,0.16422306001186371,0.16479374468326569,0.17387814819812775,0.13583916425704956,0.070123426616191864
-0.44648160175843671,-0.4617777367432912,-0.47923134131865069,-0.4972941055893898,-0.47871070437961155,-0.44543957047992283,-0.43252763524651527,-0.44990065321326256,-0.45273324847221375,-0.45306184142827988,-0.46272416199956623,-0.4764329269528389,-0.46943547949194908,-0.4823734425008297,-0.4902308540684836,-0.44419579207897186,-0.41645891325814383,-0.335779156949785,-0.22992258601718479,-0.19073377762522017,-0.15636460483074188,-0.096567200869321829,-0.018094582948833704,-0.025935452431440353,-0.049309118340412773,-0.087393231689929962,-0.09965321669975917,-0.10854810103774071,0.0,-0.096392780542373657,-0.029132786206901073,0.038126729428768158,0.047091277781873941,0.07661172747612,0.12744989991188049,0.0,0.1358531154692173,0.11798093467950821,0.0,0.11723805218935013,0.10730238258838654,0.061887867748737335
-0.040636936249211428,-0.15347331845098072,-0.22559430217370391,-0.35146481950174679,-0.46218609809875488,-0.47639003992080686,-0.4319108757707808,-0.42142356932163239,-0.44417506456375122,-0.44648081064224243,-0.45756713549296063,-0.47769281268119812,-0.47694879770278931,-0.45246436340468271,-0.50090410560369492,-0.51039946930749081,-0.45407562702894211,-0.37151054739952089,-0.26536837220191956,-0.20262730680406094,-0.18825623393058777,-0.1318240612745285,-0.0620822049677372,-0.058033257722854614,-0.0870204543073972,-0.1213725171983242,-0.14333947002887726,-0.11692119389772415,-0.14637468755245209,-0.13560200855135918,-0.086936561390757561,-0.074654102325439453,-0.0079794132616370916,0.049803029745817184,0.0626559853553772,0.081464387476444244,0.0,0.087796606123447418,0.0805246215313673,0.078790180385112762,0.049006547778844833,0.033682730048894882
0.12711609341204166,0.074580383797486618,0.0062233869452029463,-0.12033179821446538,-0.30356557816267016,-0.41356443081583294,-0.3801530063152313,-0.37371289730072021,-0.36788798655782429,-0.38776119550069171,-0.38229448348283768,-0.44540533423423767,-0.45078741014003754,-0.42723336815834045,-0.42852766513824464,-0.48089807728926343,-0.49785678727286203,-0.47064798076947528,-0.35739767178893089,-0.23301018277804056,-0.21065260469913483,-0.18726686388254166,-0.13560657203197479,-0.11657911911606789,-0.13039704660574594,-0.13731781393289566,-0.129265196621418,-0.14781606197357178,0.0,-0.1461280956864357,-0.1292383223772049,-0.10498479381203651,-0.055646531283855438,-0.037029486149549484,0.030832476913928986,0.046617548912763596,0.050255768001079559,0.044144483283162117,0.0,0.067220717668533325,0.043997704982757568,0.0
0.097811042773537332,0.11687333136796951,0.039823247249134712,-0.15183794188002744,-0.20007375544971889,-0.19593389497862923,-0.17180727049708366,-0.18864145047134823,-0.17500501498579979,-0.22044735934053147,-0.228859206661582,-0.31933918595314026,-0.38437291554042269,-0.3971867213646571,-0.37926135460535687,-0.41588842443057467,-0.4640127221743266,-0.51930262787001469,-0.49033415743282865,-0.35001109540462494,-0.2437923467821545,-0.20432128863675253,-0.18930530175566673,-0.17807706445455551,-0.16575753688812256,-0.15454012900590897,-0.14267893135547638,-0.11621985584497452,-0.13385497033596039,-0.13503310084342957,0.0,-0.12811721861362457,-0.08903888612985611,-0.060332510620355606,-0.045411553233861923,0.013295399025082588,0.044435176998376846,0.055902794003486633,0.064553432166576386,0.056416966021060944,0.042041271924972534,0.022991985082626343
0.0084907352733849129,0.11118610244658259,0.069348639174131671,-0.0655863462947309,-0.074576353294436223,-0.11328644715249539,-0.12034501383701961,-0.13299303667412865,-0.11223296448588371,-0.14748552348464727,-0.15912524610757828,-0.12834879330226354,-0.24431762737887247,-0.31609079241752625,-0.32325397928555805,-0.372943252325058,-0.43756359815597534,-0.47701678673426312,-0.519343912601471,-0.43391581773757937,-0.32454680278897285,-0.2304953157901764,-0.21273705363273621,-0.23104152580102286,-0.20368611067533493,-0.16760493814945221,-0.12322598695755005,-0.08719848096370697,0.0,-0.069554021582007408,-0.062988979741930962,-0.094607334583997726,0.0,-0.054498866200447083,-0.022670816630125046,-0.0017875335179269314,0.0,0.053507139906287193,0.059984534978866577,0.031909625977277756,0.011463863076642156,0.014759983867406845
0.19014126807451248,0.19572015784003519,0.13693633861839771,0.059219805587781595,0.079421830260091364,0.046414628298953174,-0.021424866863526404,-0.064998585497960448,-0.029282967759562389,-0.039487179135903716,-0.13946458511054516,-0.08912277753864016,-0.11118643507361412,-0.23315222987106868,-0.26480641961097717,-0.36294319033622741,-0.46275284886360168,-0.50148666501045225,-0.50009644031524658,-0.47329778969287872,-0.40123240351676942,-0.25937822833657265,-0.24122205749154091,-0.2687247097492218,-0.24693081279595694,-0.21661584079265595,-0.15561036020517349,-0.10014109686017036,-0.0581238754093647,0.007787116221152246,0.0,0.012241035234183073,-0.055559024214744568,-0.032762429909780622,0.0,0.0067680124193429947,-0.0090768332593142986,0.031132271513342857,0.0,0.018703106790781021,0.0,-0.030512398108839989
0.0,0.33750317245721817,0.21061184853315354,0.089559127576649189,0.11258074492216111,0.18713468771714431,0.10527088620107282,-0.020387330050156874,0.023239260714035481,0.054853573441505432,-0.038433001775826724,-0.060804017154233794,-0.0085308665099243317,-0.063982822000980377,-0.16345230986674628,-0.332985520362854,-0.53305233518282569,-0.52867895364761353,-0.49080975353717804,-0.47540323932965595,-0.43246190994977951,-0.32932065427303314,-0.2874528244137764,-0.2764301598072052,-0.25389353930950165,-0.22288912534713745,-0.14475066959857941,-0.10663681477308273,0.0,-0.052907541394233704,0.028227716684341431,-0.0060606226325035095,0.0,-0.031897258013486862,-0.0045122792944312096,0.01399077195674181,0.0,0.0093867452815175056,0.027198648080229759,0.0,0.016234081238508224,-0.02147534117102623
0.0,0.0,0.34586986899375916,0.15544098514047536,0.14660090367708886,0.25258213430643084,0.089323537181674809,-0.00082092331722378726,0.062801360745321624,0.097568032642205552,0.1086058487946337,0.023494618412639414,-0.031488149805227295,0.043218048056587577,0.11767467608054479,-0.32286067803700763,-0.62925189733505249,-0.48315204679965973,-0.42053413391113281,-0.48175415396690369,-0.454132542014122,-0.39444996913274127,-0.35731540123621625,-0.30483323335647583,-0.28929796814918518,-0.256018690764904,-0.20570729672908783,-0.15900998562574387,-0.17157731950283051,-0.087670318782329559,-0.012677884660661221,-0.024400377180427313,-0.038982197642326355,-0.0116387028247118,-0.0012105770874768496,0.026528704911470413,0.044530253857374191,0.031619139015674591,0.060531057417392731,0.08402550220489502,0.03215935081243515,0.014793328009545803
0.0,0.0,0.0,-0.0071537985932081938,0.0026010201097680973,0.11135710030794144,0.081278745949800529,0.017257864028215407,0.084176822192966932,0.11117005161941052,0.0765157285042935,-0.090318263375333371,-0.15570000745356083,-0.11628210097551346,0.0,-0.5096103847026825,-0.61765992641448975,-0.46691392362117767,-0.47618088126182556,-0.43951860070228577,-0.45795558393001556,-0.408743292093277,-0.38271090388298035,-0.33272036910057068,-0.30331750214099884,-0.24239426106214523,-0.24019093811511993,-0.22779573500156403,-0.23511549085378647,-0.17562408000230789,-0.11964359879493713,-0.081599339842796326,-0.051307100802659988,0.017679860815405846,-0.080954514443874359,-0.047649595886468887,-0.047417433932423592,-0.043863411992788315,0.049391068518161774,0.06712234765291214,0.053358402103185654,0.06880459189414978
0.0,0.0,0.0,-0.044326488045044243,-0.0756937600672245,-0.050122237764298916,0.0,0.14534497261047363,0.12390053421258926,0.14361099526286125,0.0817810938693583,-0.1694530311635592,-0.26047967933118343,-0.14617767930030823,0.0,0.0,-0.65838003158569336,-0.5370614230632782,-0.64569813013076782,-0.5796532928943634,-0.59202426671981812,-0.61706328392028809,0.0,-0.57123112678527832,-0.52902781963348389,-0.54101729393005371,0.0,-0.57523959875106812,-0.60283005237579346,-0.61160117387771606,0.0,-0.58965492248535156,-0.54195433855056763,0.0,-0.484130322933197,-0.45650434494018555,-0.444036602973938,0.0,-0.40197774767875671,-0.31948825716972351,0.0,-0.23425215482711792
