SouthSea_Web/demo/jsonfile/2017-12-16-18.json
{"header": {"parameterUnit":"m.s-1","parameterNumber":2,"dx":0.1,"dy":0.1,"parameterNumberName":"Eastward current","la1":29.0,"la2":12.0,"parameterCategory":2,"lo2":131.0,"nx":250,"ny":171,"refTime":"2017-12-16T18:00:00","lo1":106.0}, "data":
[rows 76 to 94 of 171, columns 126 to 167 of 250]
-0.54811672189018945,-0.4799670236451285,-0.40724172525935703,-0.39667572719710215,-0.45029183796473909,-0.52752667239734108,-0.57196635007858276,-0.61709045512335636,-0.6131654679775238,-0.554237163066864,-0.48647433093615938,-0.431784188747406,-0.308966226875782,-0.23805720508098602,-0.27725223824381828,-0.28465236276388167,-0.21591205149888992,-0.17741415968963079,-0.079798595377189266,-0.022892314159482913,-0.052238916764811925,-0.21927066333591938,-0.26712970589769297,-0.14859206174258832,0.050186302341494918,0.15433277631247486,0.20860784693110374,-0.061097546229855373,-0.19737886637449265,-0.32969428226351738,-0.346588146355417,-0.28036827785628182,-0.369310750411107,-0.37795192748308182,-0.25715580647406372,-0.22362564842809329,-0.248708888143301,-0.25843685716390608,-0.3132258239719603,-0.35403103688183951,-0.37936160438939143,-0.48215787212053934
-0.61365079217486906,-0.535007658329877,-0.4327249750494957,-0.44108298420906067,-0.49610908702015877,-0.52877545687887406,-0.5661409258842468,-0.58548013369242347,-0.60682210657331681,-0.5287170447409153,-0.42618586868047714,-0.33225305378437042,-0.23447214563687643,-0.22997903575499853,-0.30069762799474931,-0.27400316298007965,-0.1754544606575599,-0.10912636326005061,-0.00832231059030164,0.020557644348101395,-0.031269221996245461,-0.21678808466954666,-0.51081545278429985,-0.27656411721060675,-0.031807705563147062,0.1732542745769024,0.24546839942534765,0.081508245115401223,-0.096308804681973045,-0.28191266262105535,-0.27272199360387667,-0.2383924882721018,-0.40582537209546127,-0.4292748900396483,-0.2541365772485733,-0.21546758028368154,-0.24487435445189476,-0.24688494986011869,-0.31404985984166461,-0.35204412905793442,-0.34934964250115785,-0.436566187441349
-0.6316792368888855,-0.53015143796801567,-0.4127781225575341,-0.39652066997119356,-0.42892414331436157,-0.46445769071578979,-0.51376544577734806,-0.56822141011555993,-0.592790941397349,-0.4645996019244194,-0.34241927947316853,-0.26986805668898989,-0.22531764395534992,-0.22442412562668324,-0.28116554170846941,-0.19750654531849754,-0.13294653760062325,-0.0386247940074939,0.0071788342538638972,-0.020779273308375302,-0.18459842455658046,-0.33040986032713027,-0.50703649452099431,-0.46026053845882414,-0.13915423505629102,0.062056104518258229,0.16756607524373315,0.23817327678203581,0.07234705465712718,-0.17203643669684729,-0.14297432658661688,-0.19285959902184982,-0.45558890356467319,-0.60180345709834782,-0.29785360574722292,-0.19782011086742082,-0.20456069894134998,-0.22675541043281555,-0.28101001608939397,-0.3273897856473923,-0.33017097335112722,-0.40846035070717335
-0.64216775298118589,-0.50627601519227028,-0.3778524212539196,-0.32641185224056246,-0.3426363617181778,-0.39547264948487282,-0.48336043102400644,-0.570180207490921,-0.57470729947090149,-0.38411349554856616,-0.28046912886202335,-0.22966120392084122,-0.23240484297275543,-0.23594275303184986,-0.21887925480093276,-0.15754102832741207,-0.13446625197927156,-0.042031154036521912,-0.051429399351278944,-0.20122395502403379,-0.32266147136688234,-0.38103706115170527,-0.46531569828157837,-0.51723798825627276,-0.30501837070499149,-0.041565450177026481,0.1365877091884613,0.27123757183551789,0.14740024112164973,0.0094336160961704853,0.043515737797233986,-0.096503098812630222,-0.32905173252026237,-0.66311252457754954,-0.36054932968369846,-0.14654015213251115,-0.1254565167427063,-0.20331166328295416,-0.26085521493639263,-0.27182502374053,-0.26925515756011009,-0.35257090236011307
-0.68406324386596684,-0.53212956339120865,-0.38374987244606018,-0.30476533174514769,-0.28938855230808258,-0.36254434287548065,-0.49423793384007048,-0.60130459921700619,-0.5261588735239846,-0.32932493090629578,-0.23718777937548502,-0.22779084742069244,-0.264037481376103,-0.25757738947868347,-0.17561635375022888,-0.14311802685260772,-0.16967465579509736,-0.0831477868442352,-0.086327040692170467,-0.3090910017490387,-0.44813421543906717,-0.46366644650697708,-0.51740013875744562,-0.59958932638168339,-0.36555619786183041,-0.078961482916313872,0.098271446792702929,0.17818730111633027,0.197634502624472,0.18820684513560049,0.13029073153932888,-0.017768567715607145,-0.23980375243858856,-0.51500551435682507,-0.24126129514641231,-0.099269947337527434,-0.059693431481719017,-0.15978963792324066,-0.25097745721754822,-0.23041235994208942,-0.25379834120923822,-0.31740721884895773
-0.70892648263411084,-0.557839742728642,-0.41307080537080765,-0.34859570860862732,-0.3228699155151844,-0.41339805349707603,-0.61152860948017662,-0.65211402376492822,-0.50008414047104977,-0.32535281280676526,-0.23580345511436462,-0.23259966323773065,-0.29472194314002992,-0.30000229392732891,-0.19148271530866623,-0.19584358632564544,-0.18533171527087688,-0.0913945883512497,-0.0905889001985391,-0.27470951434224844,-0.50859694821493961,-0.50725140273571012,-0.62396915629506111,-0.66351894821439472,-0.40601572021842003,-0.11699627906731937,0.013961741989034982,0.022715527913533151,0.048774771064657857,0.13583641556593087,0.14087489224039018,0.018568001926178114,-0.027551152029122086,-0.20931017421789364,-0.092398389553030327,-0.060062931850552559,-0.024965485365226352,-0.093634467422962192,-0.20342379943891006,-0.21117418162200763,-0.25216547250747678,-0.30368075768152875
-0.70249240994453432,-0.56380703051884973,-0.43288384874661762,-0.40907466411590576,-0.41463091638353133,-0.55543591909938383,-0.74204495549201965,-0.66063927752631046,-0.45367791255315143,-0.33722582459449768,-0.26061814775069553,-0.25370186993053984,-0.30925627052783966,-0.34062398970127106,-0.24247728288173676,-0.2469057192405065,-0.20494993776082993,-0.1263204850256443,-0.14381367030243078,-0.33266656977288861,-0.52185941239198053,-0.51446717100984907,-0.59965906256721135,-0.60789178655697751,-0.43248657817425934,-0.19385336935520173,-0.091655312996843583,-0.11696748808026314,-0.0078306228388100862,0.10409128719142505,0.096931973853233183,-0.035796780731556392,-0.17060990212965257,-0.29301460894280451,-0.1046567976950331,-0.069168990158608987,-0.0256953123336037,-0.0679178920884927,-0.146172529229751,-0.19228004353741804,-0.23942210003733636,-0.30516030107225689
-0.68907213873333406,-0.542043961584568,-0.475931635924748,-0.4962187185883522,-0.52772161790302818,-0.68322712182998657,-0.82279171546300256,-0.65308002914701191,-0.47973861793677014,-0.38764999806880951,-0.29657724499702454,-0.26613690704107285,-0.32119495421648026,-0.36374357839425403,-0.30062620838483173,-0.26774522662162781,-0.22761648893356323,-0.18831700086593628,-0.2235046774148941,-0.36048031311768752,-0.542071777231553,-0.573089427418179,-0.61680701516923453,-0.57152328802191688,-0.45530178273717564,-0.32420452325432386,-0.22448963671922684,-0.16377326067198406,0.00024837742903796226,0.089707042888871255,-0.058694998245506037,-0.272862472202418,-0.2805326926532421,-0.21332569601626375,-0.18389311562413754,-0.11026366182455891,-0.013371967763305293,-0.05070010033835258,-0.11315593344193918,-0.18939390991415298,-0.235683255252384,-0.3039579705188149
-0.65400426089763641,-0.55881226807832718,-0.52817466109991074,-0.54388615063258583,-0.57616463303565979,-0.74600987881422043,-0.871812105178833,-0.68917516867319739,-0.50968741998076439,-0.41754664480686188,-0.31616287926832837,-0.27688401341438296,-0.33508667945861814,-0.3820408781369527,-0.33174707740545273,-0.27515385299921036,-0.22668282190958658,-0.19695278704166414,-0.23980724540623752,-0.3554201662540436,-0.50282972852389018,-0.63966521918773656,-0.69575704634189606,-0.62768364266345378,-0.575621323152022,-0.520595736503601,-0.34936282611810243,-0.17609756834366741,-0.034427132340417964,-0.033731665649351532,-0.21295024446376107,-0.571409326426837,-0.40312697353034183,-0.052126524367314929,0.1000707333679406,0.076557468471312243,0.041633600636166244,-0.021819928217155393,-0.081390282712303669,-0.1790006108905958,-0.26968410475687549,-0.33310728371143339
-0.640978479385376,-0.56484731606074745,-0.53207549027034218,-0.5227312530790057,-0.55943110159465248,-0.76007437705993652,-0.91781296900340492,-0.7208172082901001,-0.52651151518026984,-0.42039263248443604,-0.31754063814878464,-0.28708826005458832,-0.34962034225463867,-0.39654787878195447,-0.35150045901536942,-0.27911774516105653,-0.20204884186387062,-0.1441919833421707,-0.20106483101844788,-0.39861045100472192,-0.50881401621378386,-0.59725416961469147,-0.64267295882815412,-0.63201063600453466,-0.58979743448170752,-0.5749887139708908,-0.44601394176483156,-0.22988084993428654,-0.014837888803762885,-0.029473846794904342,-0.17814040161443479,-0.4612742293448675,-0.39582238391402269,0.18173471875691219,0.36240716418956942,0.30986040872671911,0.11352699928176709,-0.00086189205758273606,-0.059922287433311856,-0.17802887813498577,-0.31398040205240252,-0.38249170780181885
-0.59914371371269226,-0.50190180912613869,-0.47620033792087008,-0.48372510075569153,-0.55801465113957727,-0.83912014961242676,-0.98273537158966062,-0.73219996690750122,-0.53219475916453773,-0.44233514865239459,-0.35347612840788706,-0.3281486392021179,-0.39627391596635181,-0.40254958470662433,-0.34367179870605469,-0.27247679829597471,-0.18065112456679344,-0.049537311696136989,-0.14690630262096724,-0.46270797898372013,-0.58760037747296423,-0.56926678816477461,-0.56184149781862891,-0.589404308795929,-0.60238857372947363,-0.50080822472986963,-0.37252165571503015,-0.21553949732333422,-0.11104456178674643,-0.032166997043030526,-0.051531149154470768,-0.21544865813727179,-0.21079111968200387,-0.031705412601974479,-0.065875264738182324,-0.01052679565410077,0.052452751060922606,-0.031819690389966127,-0.097495583551270623,-0.17466420121490955,-0.30903240428729489,-0.43094959557056428
-0.5988718611853463,-0.46536525232451303,-0.4206223537524541,-0.46101230879624683,-0.59872084856033325,-0.897121916214625,-0.98418326037270687,-0.75242548187573755,-0.57844877243041992,-0.49185284376144411,-0.4158351719379425,-0.39605890001569477,-0.4441352844238281,-0.42910835146903992,-0.32312541007995604,-0.24315566321214041,-0.11503409892320633,0.042304494185373187,-0.0035285942256450655,-0.36754610921655384,-0.67877017909830262,-0.65284751142774311,-0.58296716563841877,-0.62779845510210308,-0.61227064708183554,-0.53271447316459986,-0.33154486062435,-0.10191119219833876,-0.020936459803488107,-0.068723895193623569,-0.14232325600460172,-0.24704765415062074,-0.19722006669308687,-0.0985113459949692,-0.049805337255909049,-0.035181551803509854,-0.0034876179839061065,-0.093198629282414916,-0.15162997177013984,-0.20563573552214581,-0.30966197096166159,-0.41335310120331614
-0.58421475546700619,-0.43398737410704297,-0.40569339692592621,-0.46678053339322406,-0.60930245121320092,-0.91054889985493248,-0.98357313019888737,-0.783701765537262,-0.61720465620358789,-0.54340124130249023,-0.47126349806785583,-0.48240445256233216,-0.49938562512397766,-0.42383628338575363,-0.28448737412691116,-0.21197139620780944,-0.13107953518629073,0.0698244464583695,0.080546184442937374,-0.31911250203847885,-0.65709874365064835,-0.686936765909195,-0.64265083952953939,-0.70763438940048218,-0.66182221236981842,-0.49042440176010133,-0.30307959426533093,-0.077090958173832172,0.058044634173037832,0.011568273265664984,-0.17715283822925651,-0.49483586475253105,-0.63130268201989648,-0.41517496866694953,-0.21297150982750787,-0.11563093094155193,-0.095698707353542828,-0.177239362682615,-0.18517488186006192,-0.22190533459186554,-0.29225887003399076,-0.35526374833924429
-0.53276173131806515,-0.43886448442935944,-0.448597537619727,-0.51334604195186073,-0.67698661088943479,-0.96433348655700679,-0.96728332837422692,-0.79116120934486389,-0.65186496973037722,-0.58165835142135625,-0.53622239828109741,-0.53454558054606116,-0.53472141027450559,-0.43596440553665161,-0.25747892558574675,-0.21575098236401877,-0.19350277880827585,0.016181192671259243,0.12328177504241467,-0.18430817499756813,-0.53870971202850337,-0.633523322068728,-0.68462955601075115,-0.80601084232330322,-0.78005210035725647,-0.55054122982201747,-0.32769543450811633,-0.1122071769620691,0.025155101175187156,-0.014351433675843649,-0.13654510543814727,-0.44138729733389775,-0.55536673040617079,-0.420664723102863,-0.33710989273256725,-0.23095001144842667,-0.21239886991679668,-0.18943572763738961,-0.18697192326739984,-0.23816542259671472,-0.25999868625686284,-0.30577882340079859
-0.49649184346199038,-0.46437435916491915,-0.48833262324333193,-0.51648949583371484,-0.64425569772720337,-0.92025506496429443,-0.9618544459342957,-0.82383844852447508,-0.71173689365386961,-0.64789227644602454,-0.59347973267237342,-0.55560769140720367,-0.56385129690170288,-0.44363265484571457,-0.31534574429194134,-0.24979199965794882,-0.2247386544942856,-0.027795736988385517,0.077820355693499252,-0.11051547750830651,-0.40432198941707609,-0.53622254729270935,-0.66203796162324791,-0.73686964511871333,-0.764997718234857,-0.58373487912691557,-0.39519198894500734,-0.13010906694190844,0.0708078039211354,0.026133971604784683,-0.11232059895349987,-0.30313854217529296,-0.39025511724107403,-0.339624483795727,-0.21071573486551642,-0.28750897559427446,-0.29096611642411779,-0.16924418558677037,-0.1948887065604881,-0.25653732776641847,-0.24650097957679204,-0.29910421222448347
-0.46373417377471926,-0.4568227430184682,-0.50034930308659875,-0.51699766516685486,-0.60091749259403771,-0.87666709224383033,-0.9537615180015564,-0.82795109351476037,-0.73212936520576477,-0.690905749797821,-0.63734354078769684,-0.595462167263031,-0.59951519966125488,-0.52840695977210994,-0.43351189295450848,-0.33280164748430252,-0.262745026499033,-0.1357455113902688,-0.075164294138085092,-0.13132587323586145,-0.25056394603517318,-0.352788786475475,-0.47151124006823492,-0.52600986386338866,-0.64556962251663208,-0.61506457173306006,-0.44274519880612689,-0.2189020754562484,-0.042403781039865862,0.059856010709578793,0.020793343115405274,-0.14428461655370484,-0.34899929030375049,-0.3408354938030243,-0.19837588956579566,-0.24736903607845306,-0.29791146516799927,-0.19152850409348807,-0.20293158531188965,-0.260260554199869,-0.2509852044961669,-0.27348541037032481
-0.4440353314081828,-0.44405493140220642,-0.48219211399555206,-0.51647154092788694,-0.5964106718699137,-0.79898349940776825,-0.88326958417892454,-0.83691135644912718,-0.74047926068305969,-0.68865412473678589,-0.66633640527725224,-0.6283571720123291,-0.609649658203125,-0.61399653553962708,-0.53965160995721817,-0.43458060175180435,-0.35713394731283188,-0.314738209048907,-0.280137825012207,-0.2056017451816135,-0.17275372032935804,-0.18031425949405222,-0.20784671173283928,-0.21127962488681079,-0.33547308267309117,-0.46243881958502309,-0.40047542426897131,-0.28903516319890815,-0.26276784969700706,-0.14858151100842015,-0.067396138363619684,-0.047863109475549531,-0.14525949813918593,-0.23168895298089737,-0.2450532321188901,-0.3000493724313047,-0.24955454180317541,-0.21553589602311452,-0.22862935917718069,-0.24985102750360966,-0.24816463745775677,-0.25553985011009944
-0.45459184795618057,-0.4333912581205368,-0.43458901345729828,-0.50863749384880064,-0.58051365613937378,-0.71745248138904572,-0.82616150379180908,-0.77449079751968386,-0.69788148999214172,-0.64274229605992639,-0.64412264823913579,-0.60925173759460449,-0.59481507539749146,-0.61380139986673987,-0.5865200996398926,-0.50945672392845154,-0.47689963579177858,-0.4692003031571706,-0.38979713122049969,-0.30281421135772357,-0.19216238600867136,-0.14860454464659972,-0.11010347921401262,0.0081729799858294427,0.040221253060129435,-0.015764413345605136,-0.13811111640185117,-0.23609890402467162,-0.41699661266419197,-0.35039615084727604,-0.19016375918598735,-0.089323282295039719,0.064304706035181874,-0.053589919490363208,-0.20945403626504935,-0.32158735711523828,-0.31835663244128226,-0.26469134958460927,-0.21537699836951035,-0.21092735396491158,-0.20946640359318774,-0.22973250514931148
-0.47527903318405151,-0.43633847435315448,-0.407275915145874,-0.50013047456741333,-0.588957890868187,-0.655068039894104,-0.72400390108426416,-0.72823545336723328,-0.6536860466003418,-0.60375263690948489,-0.60308831930160522,-0.59379182755947113,-0.55622416734695435,-0.61432930827140808,-0.63170997798442841,-0.57507060468196869,-0.5506620854139328,-0.52147787809371948,-0.45316100120544434,-0.31698498671705072,-0.20995252063641182,-0.18507007807493209,-0.15329775829677997,-0.027611661713173682,0.1426850690578039,0.24795241247523914,0.20701977400028188,0.0926987329618104,-0.25401156428543958,-0.4690826995032174,-0.23328527042994629,-0.16345703390401764,0.069159098124752447,0.18115745310907264,0.039791261515347287,-0.29677535619201334,-0.30101403201881211,-0.2484512392963682,-0.23513412237167358,-0.22449935376644134,-0.17605116421526129,-0.18197323178703134
