SouthSea_Web/demo/jsonfile/2017-12-15-20.json
{"header": {"parameterUnit":"m.s-1","parameterNumber":2,"dx":0.1,"dy":0.1,"parameterNumberName":"Eastward current","la1":29.0,"la2":12.0,"parameterCategory":2,"lo2":131.0,"nx":250,"ny":171,"refTime":"2017-12-15T19:58:07.5","lo1":106.0}, "data":
[rows 114 to 132 of 171, columns 168 to 209 of 250]
-0.20137057140950235,-0.2414389910797278,-0.21687000665975653,-0.20077868700027465,-0.22378863642613092,-0.23081851706785314,-0.22576171346008778,-0.226337392540539,-0.23128621967939231,-0.22663915902376175,-0.19520191422530583,-0.13066656589508058,-0.08120408157507579,-0.030702631920576096,-0.0012932628742419183,0.0010928865376627073,0.00184424061444588,0.024891830398701131,-0.030714995227754116,-0.082967080175876617,-0.14903522282838821,-0.20981821417808533,-0.23521345853805542,-0.26081372797489166,-0.29392769932746887,-0.32818436622619629,-0.34260332584381104,-0.30777072906494141,-0.32479718327522278,-0.27685511112213135,-0.2856801450252533,0.0,-0.28784504532814026,-0.2631249725818634,0.0,-0.23991192877292633,0.0,-0.20711013674736023,-0.22129787504673004,-0.2340179830789566,-0.25193604826927185,-0.28705514967441559
-0.15650274072374618,-0.19173263178931344,-0.180313758906864,-0.14960995241999625,-0.16586996449364555,-0.17920949589461088,-0.17779233175165513,-0.19888612528642019,-0.21319705654274335,-0.21178694708006723,-0.18708789561476028,-0.13544013351202011,-0.0961430847644806,-0.067924195900559425,-0.067512053996324539,-0.059273225565751396,-0.036551026627421379,-0.023038852261379361,-0.0694487914443016,-0.1147271990776062,-0.17411407083272934,-0.20577563345432282,-0.24615482240915299,-0.28589609265327454,-0.32950171828269958,-0.3561246395111084,-0.3640315979719162,-0.34007903933525085,-0.29284626245498657,0.0,-0.28819862008094788,-0.28140142560005188,0.0,-0.28158289194107056,-0.27519923448562622,0.0,-0.24293578416109085,-0.23645271360874176,-0.24928168952465057,-0.26360410451889038,0.0,-0.29084286093711853
-0.14609618773383479,-0.15222682413600741,-0.14715683460235596,-0.1369314320385456,-0.12551855714991689,-0.13380128983408213,-0.14095935523509978,-0.15415187800923982,-0.17914008535444737,-0.18853817241532461,-0.17430326938629151,-0.14805311461289725,-0.12943139920632044,-0.11334949483474095,-0.12586739907662073,-0.11413183311621349,-0.098409354686737061,-0.0976221077144146,-0.10664889216423035,-0.16414055228233337,-0.21192575991153717,-0.23063251376152039,-0.24829812347888947,-0.29118049144744873,-0.32345670461654663,-0.34929227828979492,-0.37585090100765228,-0.38399958610534668,-0.34411393105983734,-0.32421877980232239,-0.29369139671325684,-0.28642582893371582,-0.2839236855506897,-0.27059909701347351,-0.26837162673473358,-0.25880950689315796,0.0,-0.24903836846351624,0.0,-0.26137909293174744,-0.28600731492042542,0.0
-0.09648152399394247,-0.11340526588585066,-0.11823963099404385,-0.1182703410877901,-0.092937768995761866,-0.095314645674079657,-0.11448436540861924,-0.13106172097225985,-0.14962328374385833,-0.16484489788611731,-0.16742965206503868,-0.15350081622600556,-0.15032278994719187,-0.15117313712835312,-0.15363822132349014,-0.15759145220120749,-0.15365204960107803,-0.15670271962881088,0.0,-0.17416904866695404,-0.21088002622127533,-0.21397975087165833,-0.23277710378170013,-0.23479028046131134,-0.28980208933353424,-0.33661231398582458,-0.32594360411167145,-0.3449350893497467,-0.35092374682426453,-0.32996378839015961,-0.30394488573074341,-0.28981977701187134,-0.28474427759647369,-0.280841201543808,-0.2671721875667572,-0.2650846540927887,-0.26625294983386993,-0.2669675350189209,-0.27728798985481262,-0.27923333644866943,-0.29354099929332733,-0.30177509784698486
-0.045545090923753931,-0.0909879771726472,-0.07414190168492496,-0.074470249811808262,-0.057955004540937285,-0.045890556116189272,-0.073500376608636647,-0.11005635435382526,-0.13119755536317826,-0.15734279528260231,-0.16776236519217491,-0.16843314468860626,-0.15799148753285408,-0.17012957235177359,-0.18222495913505554,-0.19565363228321075,-0.21034454554319382,-0.2154398113489151,-0.22633781284093857,-0.2419731616973877,-0.23110739886760712,0.0,-0.19172964245080948,-0.23332689702510834,-0.29459735751152039,0.0,-0.33475705981254578,-0.34653520584106445,0.0,-0.3337375819683075,-0.2948729395866394,0.0,-0.27499386668205261,-0.2669561505317688,0.0,-0.26801258325576782,0.0,-0.28004685044288635,-0.28205633163452148,0.0,-0.2901780903339386,0.0
-0.018230200597000392,-0.08169596203986336,-0.07958095086117585,-0.073840437084436411,-0.052129032711187996,-0.039499012487275262,-0.059997537638992071,-0.10890256613492966,-0.14074040949344635,-0.16205404698848724,-0.16918648779392242,-0.17044576505819956,-0.17415982484817505,-0.18985623121261597,-0.21955215185880661,-0.25055587291717529,-0.28987134993076324,-0.31292702257633209,-0.32816487550735474,-0.28882643580436707,-0.26522770524024963,-0.20950376242399216,-0.19661946594715118,0.0,-0.25671157240867615,-0.2942802906036377,0.0,-0.34270966053009033,-0.34623917937278748,0.0,-0.31565988063812256,-0.27864944934844971,0.0,-0.26571497321128845,-0.24815230071544647,0.0,-0.26384514570236206,0.0,-0.27971887588500977,-0.27485466003417969,0.0,-0.26968139410018921
-0.008251133441392864,-0.0734993273561651,-0.087971073659983551,-0.087150345742702487,-0.067839142680168149,-0.062582013507684067,-0.082145714511473969,-0.11332815566233226,-0.14223740498224893,-0.16328002884984016,-0.17774827778339386,-0.17519724741578102,-0.19037326673666635,-0.22259712219238281,-0.27670618891716003,-0.33189220726490021,-0.36773337423801422,-0.37343224883079529,-0.37936064600944519,-0.34499141573905945,-0.23747806251049042,-0.20328433811664581,0.0,-0.21682573854923248,-0.27053728699684143,-0.29722630977630615,-0.33151775598526,-0.33262002468109131,-0.32064461708068848,-0.29562848806381226,-0.27312177419662476,-0.24314631521701813,0.0,-0.22542769461870194,-0.23456722497940064,-0.22932848334312439,-0.2540069967508316,-0.26552265882492065,-0.25450727343559265,-0.25989831984043121,0.0,-0.24073579907417297
0.0001560857312546836,-0.069230629131197929,-0.096656429581344128,-0.10073828573028247,-0.10777215752750635,-0.10467703640460968,-0.1248014544447263,-0.13257014378905296,-0.13735550045967102,-0.15508958697319031,-0.16535913944244385,-0.16814703494310379,-0.19730095565319061,-0.24736487120389938,-0.29661751786867779,-0.3388528972864151,-0.38907946646213531,-0.40146324038505554,-0.37261980772018433,-0.31442338228225708,-0.23461651802062988,-0.20096477866172791,-0.193854458630085,-0.22364147007465363,-0.26546493172645569,-0.30762290954589844,-0.3246111273765564,-0.33202026784420013,-0.30104741454124451,0.0,-0.27479994297027588,-0.23242582380771637,0.0,-0.21812720596790314,-0.23146800696849823,0.0,-0.2517053484916687,0.0,-0.2545173168182373,0.0,0.0,0.0
-0.021968906182640541,-0.074526059441268444,-0.09932811641030842,-0.12305161232749622,-0.14746938894192377,-0.16335914532343546,-0.1760379895567894,-0.15703006088733673,-0.14078808426856995,-0.13290169462561607,-0.14565973480542502,-0.17625043913722038,-0.21711401268839836,-0.27569162845611572,-0.338691383600235,-0.38574035962422687,-0.403364360332489,0.0,-0.40218459566434223,-0.36340685188770294,-0.33041784167289734,-0.26781584322452545,-0.23618874698877335,-0.22865177690982819,-0.2497037947177887,0.0,-0.27225881814956665,-0.27548649907112122,0.0,-0.27551606297492981,-0.24401348829269409,0.0,-0.22255612909793854,-0.21229617297649384,0.0,-0.22342562675476074,0.0,-0.24222452938556671,-0.24248257279396057,-0.25627222657203674,-0.22094529867172241,-0.22721602022647858
-0.049013777381994507,-0.08202663489750453,-0.10447046822971767,-0.15097999572753906,-0.17849542697270712,-0.19641950428485872,-0.19928431014219919,-0.17980518192052841,-0.14644119516015053,-0.13479656974474588,-0.15704546123743057,-0.21243678033351898,-0.27436370650927228,-0.31426750123500824,-0.36605983972549438,-0.39158090949058533,-0.39379085600376129,-0.39027032256126404,-0.40691721439361572,-0.4030032753944397,-0.35246500372886658,-0.29370564222335815,-0.27397772669792175,-0.26162067055702209,-0.23476432263851166,-0.23777620494365692,-0.23591803759336472,0.0,-0.24538882076740265,-0.23957245051860809,0.0,-0.2213670164346695,-0.21714869886636734,-0.21271437406539917,-0.20099999010562897,-0.21134469658136368,-0.23996195197105408,-0.21415457129478455,-0.23010821640491486,-0.19726772606372833,-0.1931958869099617,-0.18240712583065033
-0.075301421007939753,-0.10668943449854851,-0.13243998773396015,-0.17263973318040371,-0.19548210750023523,-0.20584732294082642,-0.20921680629253386,-0.19587928056716919,-0.1843104213476181,-0.18237810954451561,-0.21122155090173087,-0.2632042070229848,-0.33850410580635071,-0.39522960782051086,-0.41534170508384705,-0.42527773976325989,-0.4050232470035553,-0.40758292376995087,-0.41055773198604584,-0.41844412684440613,-0.38760586082935333,-0.33264090120792389,-0.29523864388465881,-0.24850532412528992,-0.21976861357688904,0.0,-0.19574597477912903,-0.18056228756904602,-0.19066191464662552,-0.20037251710891724,-0.19285911321640015,-0.19574112445116043,-0.19695678353309631,-0.18410226702690125,-0.19006925821304321,-0.18441301584243774,0.0,-0.20201754570007324,-0.19197967648506165,0.0,-0.16386498510837555,0.0
-0.099282465875148773,-0.13562831199831432,-0.17805663123726845,-0.20352251082658768,-0.21002128471930823,-0.21265873685479164,-0.22181743383407593,-0.22405645251274109,-0.22815510332584382,-0.23273900896310806,-0.26182004809379578,-0.30317599574724835,-0.36352619528770447,-0.41038823127746582,-0.4540657599767049,-0.46398265659809113,-0.45513920982678729,-0.42660027742385864,-0.41203156113624573,-0.41373221576213837,-0.37542733550071716,-0.34343233704566956,-0.27620460093021393,-0.22533716261386871,-0.17281076312065125,-0.14138408005237579,-0.1608535498380661,-0.14302399754524231,-0.14067943394184113,-0.14525593817234039,-0.16301895678043366,-0.15556594729423523,0.0,-0.15791040658950806,-0.1512863039970398,0.0,-0.14898486435413361,0.0,-0.14409402012825012,-0.14948427677154541,0.0,-0.13374178111553192
-0.11894388310611248,-0.16119548813863235,-0.19918309648831686,-0.22343147173523903,-0.22905690116541727,-0.25113849093516666,-0.26576367914676668,-0.26736804842948914,-0.27106184760729474,-0.26509367674589157,-0.27757295966148376,-0.30973332126935321,-0.34842449426651,-0.42573565244674683,-0.44893598556518555,-0.48137857019901276,-0.48057393729686737,-0.45378053188323975,-0.41641468803087872,-0.387782484292984,-0.36661532521247864,-0.29808980226516724,-0.23063631355762482,-0.15744003653526306,-0.12989580631256104,-0.098260402679443359,-0.0873897559940815,-0.068412028253078461,-0.0723944753408432,0.0,-0.099052011966705322,-0.12131981179118156,-0.132706880569458,0.0,-0.11293650418519974,-0.084048166871070862,-0.12276914715766907,-0.065941028296947479,-0.099232163280248642,-0.12987408041954041,-0.078745424747467041,-0.11304372549057007
-0.16017473489046097,-0.19753501564264298,-0.22369876317679882,-0.24807534925639629,-0.26650380591551465,-0.28908833265304568,-0.30052439868450165,-0.30511018633842468,-0.29701683421929675,-0.28549804538488388,-0.28613894432783127,-0.29901473720868427,-0.32771769165992737,-0.38888524969418842,-0.43403788407643634,-0.45861850182215375,-0.451980322599411,-0.42536502083142597,-0.39993275701999664,-0.37130260467529297,-0.29893960058689117,-0.23846334218978882,-0.16820760816335678,-0.097853131592273712,-0.052237324416637421,-0.033202514052391052,-0.0049604821142565925,0.0,0.008847331628203392,-0.030722814495675266,-0.068607121706008911,0.0,-0.08021894097328186,-0.048617735505104065,-0.080322936177253723,-0.0375659940764308,-0.0029758461751043797,-0.047107670456171036,-0.011560677550733089,-0.057021975517272949,-0.052459444850683212,0.0
-0.2294464185833931,-0.24044276773929596,-0.25526619702577591,-0.27562511393002104,-0.30498606959978741,-0.3251408537228902,-0.3243982270359993,-0.31472935527563095,-0.30825066566467285,-0.30829841494560239,-0.314540821313858,-0.32950730125109357,-0.36517321318387985,-0.41842957337697345,-0.47953782478968304,-0.4824705918629964,-0.46336886286735535,-0.43295346200466156,-0.38405506312847137,-0.3168761134147644,-0.25237166881561279,-0.18039353688557944,0.0,-0.070522402723630265,0.0033441735431551933,0.033988408744335175,0.054536595940589905,0.048969381488859653,0.047296692617237568,0.0,0.008075720863416791,0.031541287899017334,0.016982773784548044,0.00076155719580128789,0.046849414706230164,0.021156061440706253,0.025895308703184128,0.0,0.018494343385100365,-0.028544778004288673,0.0,-0.039565786719322205
-0.27716926112771034,-0.29193961620330811,-0.29077216386795046,-0.30384035905202228,-0.31269856169819832,-0.32721139987309772,-0.33054408927758533,-0.33756278157234193,-0.35119509696960449,-0.37643411010503769,-0.38189107775688169,-0.41752526164054871,-0.448354572057724,-0.47507725656032562,-0.52063828706741333,-0.539857804775238,-0.51307660341262817,-0.4818328469991684,-0.433867484331131,-0.34755277633666992,-0.29541151225566864,-0.23492002487182617,-0.143497034907341,-0.049416333436965942,0.0084135015495121479,0.068024802953004837,0.079400543123483658,0.09711470827460289,0.0,0.0704045444726944,0.081919237971305847,0.074625201523303986,0.0886739045381546,0.0,0.10111916810274124,0.082724258303642273,0.0,0.060981519520282745,0.049744829535484314,-0.0046830475330352783,0.030280334874987602,-0.019657224416732788
-0.32821252569556236,-0.33828244464738028,-0.3309408575296402,-0.32378216300691876,-0.31787824034690859,-0.33211098909378051,-0.36445754766464233,-0.39459804693857831,-0.42026269435882568,-0.4493306577205658,-0.469747394323349,-0.49759289026260378,-0.52796995639801025,-0.55628904700279236,-0.552038331826528,-0.53925624489784241,-0.50461111466089881,-0.47982903321584064,-0.46490075190862018,-0.41044426957766217,-0.35368824005126953,-0.299877867102623,-0.19690345227718353,-0.0980893187224865,-0.038024194538593292,0.02191421203315258,0.052485063672065735,0.084611058235168457,0.10408215969800949,0.111388448625803,0.11654864996671677,0.13087759166955948,0.0,0.14332557842135429,0.13016834855079651,0.0,0.12488383799791336,0.10299637541174889,0.074373431503772736,0.10704639554023743,0.061017587780952454,0.042143054306507111
-0.38260266681512195,-0.38159195440156118,-0.36709819237391156,-0.34109855890274049,-0.34083220362663269,-0.36819149057070416,-0.40540620684623718,-0.453728403363909,-0.48806270956993103,-0.5129057765007019,-0.5387149453163147,-0.5660133262475332,-0.60976781845092776,-0.63348184029261267,-0.633979007601738,-0.61502397060394287,-0.53408556183179223,-0.49017367760340375,-0.49917504191398621,-0.48059779405593872,-0.41306048631668091,-0.36718437075614929,-0.27128134667873383,-0.17969967424869537,-0.12529604136943817,-0.0960746668279171,-0.014066572854062542,0.038940902799367905,0.07295604795217514,0.106730155646801,0.0,0.15265034139156342,0.17383680492639542,0.2079591304063797,0.17286784946918488,0.18329036235809326,0.19735786318778992,0.14046180248260498,0.12943227589130402,0.0,0.12389879673719406,0.0
-0.40654803315798443,-0.41356471677621204,-0.39028151971953257,-0.364034218447549,-0.37103504687547684,-0.41037332514921826,-0.44852652720042635,-0.49132365839821951,-0.5392572979132334,-0.56868927677472436,-0.59317867244992939,-0.623390793800354,-0.66156165798505151,-0.68865054845809937,-0.72035340070724485,-0.69970400631427765,-0.63175221284230554,-0.55354839563369751,-0.55628758668899536,-0.51118455827236176,-0.44307945171991986,-0.39779375493526459,-0.342485249042511,-0.26817764341831207,-0.20091173052787781,-0.13742984458804131,-0.069453343749046326,-0.030916744843125343,0.01055997284129262,0.059282161295413971,0.13271345943212509,0.19195128977298737,0.0,0.22234658896923065,0.26392531394958496,0.22851008176803589,0.24237839877605438,0.0,0.19808226078748703,0.16535580158233643,0.0,0.15582793951034546
