SouthSea_Web/demo/jsonfile/2017-12-14-15.json
{"header": {"parameterUnit":"m.s-1","parameterNumber":2,"dx":0.1,"dy":0.1,"parameterNumberName":"Eastward current","la1":29.0,"la2":12.0,"parameterCategory":2,"lo2":131.0,"nx":250,"ny":171,"refTime":"2017-12-14T15:00:00","lo1":106.0}, "data":
[rows 114 to 132 of 171, columns 126 to 167 of 250]
0.081519491970539093,0.0742923803627491,0.071506917476654053,0.090682320296764374,0.1079244539141655,0.11147454505165418,0.085051210597157478,0.040351099201611111,0.0639685791518007,0.086568602360785007,0.055215608328580856,0.058066781323689684,0.0328074500984734,-0.0022436801202433266,-0.070039178889531359,-0.067944857136656836,-0.00783732864718851,-0.041799737105926348,0.044908882118761539,0.0,0.0,0.0,0.0,0.0,0.0,0.0,0.0,0.0,0.0,0.0,0.0,0.0,0.0,0.0,0.0,0.0,0.0113945401275062,0.080297139675387152,0.12653101154311158,-0.023581999501822375,-0.096563824851598062,-0.049185277866747451
0.0,0.12048831582069397,0.097917735576629639,0.11830874532461166,0.11615727469325066,0.1119639128446579,0.11686364114284516,0.078141767531633377,0.070523856828610107,0.0839771521942956,0.069652749691158533,0.0664433109263579,0.043919701750079788,-0.0020844727319113358,-0.061289185906449953,-0.10106827935669571,-0.04456936983790781,-0.17004443637120562,-0.23114044660663544,0.0,0.0,0.0,0.0,0.0,0.0,0.0,0.0,0.0,0.0,0.0,0.0,0.0,0.0,0.0,0.0,0.0,0.013229187368764061,0.096059386426865873,0.18847350426474396,0.069243750155278991,-0.0057964753421479243,-0.035904424504509994
0.10637721419334412,0.10223448276519775,0.11434631422162056,0.10104012116789818,0.13020407656828562,0.12401589006185532,0.12364476919174194,0.0804046168923378,0.046742646821907589,0.055984401144087315,0.068989152935418213,0.066225914657115942,0.073371670293537056,0.032506734821135586,-0.040199084901250896,-0.12189454657416191,-0.001844281205771173,0.0064625410528065374,0.026160547572888528,0.0072507345278555639,0.0,0.0,0.0,0.0,0.0,0.0,0.0,0.0,0.0,0.0,0.0,0.0,0.0,0.0,0.0,0.0,0.0501050996244885,0.091872265602378586,0.2767241960968328,0.10083311335644224,0.071660424494799577,0.022853026235893862
0.12160713970661163,0.0,0.10844689980149269,0.13420514514048895,0.16762183606624603,0.14949883023897806,0.10659160614013671,0.076957855373620987,0.039429575737033574,0.031807963736355305,0.052173944988421032,0.050951700347165264,0.080879570730030534,0.082038395784117965,0.019428969986620359,-0.022185261390404776,-0.019704661344656267,0.046134428300878459,0.071288275752216579,0.0,0.0,0.0,0.0,0.0,0.0,0.0,0.0,0.0,0.0,0.0,0.0,0.0,0.0,0.0,0.0,0.0,0.0,-0.018340381285573432,0.033674444310011667,0.016733029733635423,0.097877527297031683,0.088013532519754439
0.11713731661438942,0.099613327533006668,0.14647489786148071,0.16967229545116425,0.18298165996869406,0.14128843322396278,0.093303170800209043,0.074933993816375735,0.070315607424293242,0.058900610078126192,0.058670687489211559,0.058759813817838825,0.096014270558953285,0.11798046181599299,0.055540657757471,-0.0055834488832095467,0.016966397258182688,0.056921927630901335,0.065592482426048565,0.0,0.0,0.0,0.0,0.0,0.0,0.0,0.0,0.0,0.0,0.0,0.0,0.0,0.0,0.0,0.0,0.0,0.0,0.0,-0.1453479136208462,-0.0440046745366389,0.0864431072299465,0.14658147271941691
0.0,0.15774103999137878,0.20113095641136169,0.20413053408265114,0.20700147747993469,0.17283248528838158,0.13111185096204281,0.085577316582202911,0.076414011418819427,0.0842323104540507,0.07221544161438942,0.063813178334385157,0.090699528343975544,0.11179928150441912,0.09543279092758894,0.060363724827766418,0.07354680635035038,0.081797276623547077,0.066007665824145079,0.0,0.0,0.0,0.0,0.0,0.0,0.0,0.0,0.0,0.0,0.0,0.0,0.0,0.0,0.0,0.0,0.0,0.0,0.0,-0.088163135061040523,0.014312691289352883,0.16920692871253079,0.16071186352659156
0.21360547343889871,0.23792718350887299,0.23321443796157837,0.2256536583105723,0.22466550270716348,0.21649819115797678,0.18024540692567825,0.13188017656405768,0.10327012624059405,0.0877138301730156,0.081356176308223185,0.067296015364783149,0.073421170728074178,0.10615168362855912,0.13071261549537833,0.15511000682325923,0.15451903641223908,0.1324342658573931,0.078202493754880767,0.0,0.0,0.0,0.0,0.0,0.0,0.0,0.0,0.0,0.0,0.0,0.0,0.0,0.0,0.0,0.0,0.0,0.0,0.0,0.0,0.196681946516037,0.20588630996644497,0.17481441609561443
0.25161053240299225,0.25265200436115265,0.24514952301979065,0.25063217431306839,0.23936187227567038,0.23361571878194809,0.21891535446047783,0.18174920976161957,0.13947879225015641,0.10470760464668275,0.10387192985841207,0.088916477747261524,0.08605340229613441,0.11305397152900695,0.15766263835959965,0.19004260535751069,0.21975773076216379,0.20870314631611109,0.16004213752845922,0.0,0.0,0.0,0.0,0.0,0.0,0.0,0.0,0.0,0.0,0.0,0.0,0.0,0.0,0.0,0.0,0.0,0.0,0.0,0.0,0.16851402074098587,0.19841264188289642,0.17157378122210504
0.26055273413658142,0.25524687767028809,0.2740023632844289,0.280202716588974,0.24989636987447739,0.22307590146859488,0.20826607197523117,0.20975119769573211,0.212477645277977,0.17768737035138266,0.16462120786309242,0.13395585368076959,0.10918866097927094,0.12143774262883446,0.16810402936405605,0.20668863008419672,0.19976102933287621,0.12109353323467076,0.0,0.0,0.0,0.0,0.0,0.0,0.0,0.0,0.0,0.0,0.0,0.0,0.0,0.0,0.0,0.0,0.0,0.0,0.0,0.0,0.24690731366475424,0.25729202727476758,0.21449629733195672,0.1251852460205555
0.31471255421638489,0.27102303504943848,0.2807331383228302,0.29200249910354614,0.27147459983825684,0.24450666209061941,0.20349201261997224,0.19538513890334538,0.21580547392368316,0.2291323287146432,0.22717232257127762,0.19810651242733002,0.17017221119668749,0.13687076171239218,0.1455711672703425,0.16973709382794119,0.12024649072970663,0.03996300733082795,0.0,0.0,0.0,0.0,0.0,0.0,0.0,0.0,0.0,0.0,0.0,0.0,0.0,0.0,0.0,0.0,0.0,0.0,0.0,0.0,0.27741157157080515,0.2578274577856064,0.17949294050534567,0.096026464551687243
0.0,0.2952893078327179,0.26698382198810577,0.28667898972829181,0.28198741873105365,0.25267663846413296,0.23528669135911123,0.20862877156053269,0.20957469381392002,0.23241358995437622,0.25110781358348,0.25097090999285382,0.22055360249110631,0.17699757963418961,0.12161592170596122,0.094182082093678982,0.022075811139075086,-0.012379658833163342,0.0,0.0,0.0,0.0,0.0,0.0,0.0,0.0,0.0,0.0,0.0,0.0,0.0,0.0,0.0,0.0,0.0,0.0,0.0,0.1851970007022222,0.20239679515361786,0.16494073097904524,0.11636771410703659,0.067974423782693014
0.36018998920917511,0.31692925095558167,0.3066633939743042,0.2793429394563039,0.26462046504020692,0.24760311245918273,0.25122013129293919,0.24970999173820019,0.21881903894245625,0.20899135300091334,0.23914924860000611,0.27948004007339478,0.27385743334889412,0.17835626378655434,0.053246643187271223,-0.022245319560170174,-0.073724837430442378,-0.065618522672189608,0.0,0.0,0.0,0.0,0.0,0.0,0.0,0.0,0.0,0.0,0.0,0.0,0.0,0.0,0.0,0.0,0.0,0.0,-0.086499708394209548,0.012728635886950153,0.11942882158539513,0.082297878650327519,0.065977604852782354,0.032911447885756694
0.34404745697975159,0.33715200424194336,0.32037457823753357,0.30899649858474731,0.27823943644762039,0.25890781198229107,0.24865211173892021,0.2577619981020689,0.21572796834839714,0.17363047174045018,0.19894248412715065,0.2550470580657323,0.34043095509211224,0.23486535251140595,-0.067646885911623642,-0.03886119497474283,0.013818121340591461,0.00098117239152391744,0.0,0.0,0.0,0.0,0.0,0.0,0.0,0.0,0.0,0.0,0.0,0.0,0.0,0.0,0.0,0.0,0.0,0.0,0.013261548476293683,0.027329210191965103,0.07594301489492257,0.040249512623995544,0.006736686707220294,-0.00882670264267786
0.3236452043056488,0.32576474547386169,0.30753860870997113,0.28444189826647442,0.26613079756498337,0.24624215066432953,0.21503378285302055,0.19754920474120549,0.17332538796795738,0.12350707075425557,0.13636492724929536,0.15110393464565278,0.21840433776378632,0.0,-0.014478635624982417,-0.019098173294748579,0.022571518266987469,0.018533520284108818,0.0,0.0,0.0,0.0,0.0,0.0,0.0,0.0,0.0,0.0,0.0,0.0,0.0,0.0,0.0,0.0,0.0,0.0,0.038325330615043639,0.10382139558593433,0.0666396502405405,-0.0026139322726521641,-0.04755179351195693,-0.059330510348081587
0.29041637480258942,0.29278647899627686,0.26181784272193909,0.24886950105428696,0.2273817092180252,0.20246227644383907,0.16223281621932983,0.13743328750133516,0.086591645143926144,0.048032374638650149,0.062363415956497192,0.060717249871231616,0.0,0.0,0.0,-0.06429616510868072,-0.019196006775018759,-0.013571363330508271,-0.0098954333225265145,0.0,0.0,0.0,0.0,0.0,0.0,0.0,0.0,0.0,0.0,0.0,0.0,0.0,0.0,0.0,0.079389028251171112,0.18303267657756805,0.34118954464793205,0.1899695761501789,0.039105656614992768,-0.053626130521297458,-0.10011537093669176,-0.1180822029709816
0.24645450711250305,0.24447951714197794,0.2224843849738439,0.20698726549744606,0.19680994749069214,0.16097920139630637,0.1072924757997195,0.09436196312308312,0.058575785408417382,0.005666944616347213,0.016487970890011638,0.013045842914531628,0.0,0.0,0.0,-0.01661929612358411,-0.0643259749437372,-0.11708804716666539,-0.10053357481956482,0.0,0.0,0.0,0.0,0.0,0.0,0.0,0.0,0.0,0.0,0.0,0.0,0.0,0.12530525773763657,0.19009845703840256,0.15906391612121038,0.29308762773871422,0.23845088316334617,0.13234890624880791,-0.016939739929512143,-0.10642238780856132,-0.16346991807222366,-0.17310414090752602
0.20464517176151276,0.19955911238988242,0.1888519674539566,0.1726967841386795,0.17012946059306464,0.15707562650953019,0.11421045064926147,0.085171736031770709,0.056910710409283638,0.00341781927801838,-0.0011048603773815557,-0.0024662811047164723,0.0,0.0,0.0,0.0,0.0,0.0,0.0,0.0,0.0,0.0,0.0,0.0,0.0,0.0,0.0,0.0,0.0,0.0,0.0,0.01192334626934358,0.12386155612766743,0.25418076731941919,0.340609535574913,0.2669944858009165,0.13781455624848604,0.016207895241677761,-0.0988613604567945,-0.17903765765103427,-0.2122834250330925,-0.20893580466508865
0.19499658048152924,0.18575256069501242,0.18246795733769736,0.17530128732323647,0.16591953858733177,0.16486315642084395,0.15021472424268723,0.1174193911254406,0.074832372833043337,0.017839627262825768,0.00776203252070655,-0.020999983516627584,0.019752944906940684,0.0455350149422884,0.0,0.0,0.0,0.0,0.0,0.0,0.0,0.0,0.0,0.0,0.0,0.0,0.0,0.0,0.0,0.0,-0.057016887391606964,0.041812805063091221,0.16197289992123842,0.18284863895840114,0.18729060590267183,0.12379985370419243,0.036164849111810324,-0.075424722913238734,-0.17635865733027459,-0.23825360648334026,-0.24048049002885819,-0.22636536695063114
0.21155627816915512,0.19182458519935608,0.17652187123894692,0.18788051605224609,0.1756844793756803,0.16065981558391027,0.140182264149189,0.11189896985888481,0.085959646850824356,0.054961012303829195,0.033589993913968406,0.021301649732603914,0.045907202210011225,0.054510996676981449,0.0,0.0,0.0,0.0,0.0,0.0,0.0,0.0,0.0,0.0,0.0,0.0,0.0,0.0,0.0,0.0,0.0026400364521476957,0.074894367759539324,0.051514739310368894,0.038027998851612212,0.014510316012257879,-0.03828201252459125,-0.088262047152966261,-0.16135764122009277,-0.23740218579769135,-0.28462855021158856,-0.26991588994860649,-0.27033998237715828
