SouthSea_Web/demo/jsonfile/2017-12-15-06.json
{"header": {"parameterUnit":"m.s-1","parameterNumber":3,"dx":0.1,"dy":0.1,"parameterNumberName":"Northward current","la1":29.0,"la2":12.0,"parameterCategory":2,"lo2":131.0,"nx":250,"ny":171,"refTime":"2017-12-15T06:00:00","lo1":106.0}, "data":
[rows 76 to 94 of 171, columns 86 to 128 of 250]
0.036204080718259014,0.027721431778950825,0.035594926363466166,0.047672389791562006,0.023355872353512004,-0.010924625943449361,0.010272336444662264,0.0981016751777913,0.14357575315695542,0.11030271007069226,0.035679824490216561,-0.045689560746883642,-0.0497444093994358,0.047384376530369213,-0.03407523431815207,-0.10902661572282131,-0.098332852206152413,0.010961948561349086,0.14995756199849503,0.141602523624897,0.0099762141246408712,-0.12201510059336822,-0.17124542525181405,-0.2526291703420972,-0.23752042700032719,-0.05856330887818674,-0.011955447766619423,-0.15277970746240538,-0.14712578441415514,0.026906440863967873,0.092829203097930843,0.096059042261913419,0.17319030735803687,0.17176308320916217,0.17561167348986087,0.19488317576738504,0.151459506467769,0.15561000863090158,0.18373807576986459,0.21376204219731418,0.20138565518639304,0.12940686196088791,0.07057341974642542
0.0649229579915603,0.072922406643629076,0.064194588163108732,0.0128129720127348,-0.015506848632530481,0.00455978885493723,0.0836644822411472,0.14168521708675794,0.10222876913124515,0.04168818707995374,-0.0933074262259262,-0.10996568338437514,-0.09253579585088624,-0.061135263600124,-0.12079510160467842,-0.13855736656114459,-0.067903273015920265,-0.019808542779528426,0.011388682999596413,0.061149856610292638,-0.093886195844720285,-0.1898841854869103,-0.15526319508041656,-0.26749121004276061,-0.20919472346559348,-0.041255897577179387,-0.18994913831100627,-0.24220687667934263,-0.13104270017621192,-0.069291080002273839,-0.0749631023340513,0.033419363191632294,0.14259407812586197,0.15736457304312632,0.19146559834480287,0.20253505695749213,0.19513335327307382,0.24352502077817917,0.26386299942220959,0.26028560904356152,0.22690372003449333,0.15743723647160965,0.075316048692911863
-0.010196340461594186,0.014099421203494646,-0.016843683115439489,0.002159681151776264,0.0937951461829502,0.16044111549854279,0.13008374782900015,0.065607258335997662,-0.027468411206838586,-0.13199274524143248,-0.22653662018916188,-0.17527830849091211,-0.14394628923190267,-0.074572491527694032,-0.10973277224214446,-0.10888576292647766,-0.039078268636431962,0.020107363887897616,6.6669343630232472E-05,0.014765886751189039,-0.064729269398571723,-0.0844475025008572,-0.087506546732703486,-0.25456042796563189,0.013190251662198341,0.12956642653597028,-0.056196422379633244,-0.10913557469311561,-0.027884299494326116,-0.13023553311060637,-0.05299349402091192,0.098494544128576916,0.15515720125819957,0.14039234817028046,0.19379892880501953,0.21619234502315521,0.2228247012410845,0.25967632896370357,0.2815595070521037,0.27492204308509827,0.22715506770394064,0.16573682241141796,0.0799931933482488
-0.016123491246253251,-0.030877867868791025,-0.0179005324965916,0.099216411890531028,0.12697421553145563,0.054026340689354885,-0.058826284330530929,-0.19348749974421386,-0.31386453000938191,-0.38417875580489635,-0.32115522979034317,-0.18030692605035645,-0.079074877314269543,0.058401952106307477,0.034548201461267823,0.048217815820187811,0.052182905748486517,0.058567055429213068,0.075019310270859438,0.10056790338980184,0.00029899361087135166,0.035575642081374974,-0.011940426160059548,-0.15640974717600079,0.062951228768524659,0.19255289003798148,0.0978432831439105,0.17191735319085891,0.10591759929727566,-0.033871454801014132,-0.028004460613087041,0.092467136454901525,0.18553378379770688,0.21349374417747771,0.24387911955515543,0.23888249176999796,0.21705148531043011,0.21942155758539836,0.25440242035048349,0.26556640756981714,0.2214053526520729,0.14899147674441338,0.066169342026114464
-0.033980336164989113,-0.005114647676796617,0.056511318757353969,0.087547164144260545,-0.00012148139233301793,-0.12278847346703212,-0.24920006480909163,-0.3138686865568161,-0.25615003006532788,-0.22332035793977625,-0.19358446298016085,-0.045392603085308174,0.0923740839693559,0.23459786511197381,0.22448505745692687,0.22853885724473355,0.26322500322056913,0.29003161828742069,0.2030742824604006,0.10786598565956128,-0.0024749296530879616,-0.054470458675228317,-0.14213062019197181,-0.18403429851720207,0.040139293605471756,0.035732222188254011,0.078773384207272826,0.10713906848047039,0.052723185322594956,-0.017358618401922286,-0.011227612253051342,0.060051628202199933,0.1273972775787115,0.26925172140965092,0.32041790974991663,0.2709714275598526,0.23032846654716291,0.21328472439199686,0.22241050601005555,0.23453427038409494,0.20802495330572129,0.13460439133147398,0.039923682151311368
0.019988435126934847,0.070652561487051943,0.0272368689319202,-0.067470011089296483,-0.17061245994021496,-0.3141110140298094,-0.30691558495163918,-0.20636529932099004,-0.10673224992517914,-0.050136106096657126,0.062656741811415964,0.11509977104381108,0.24629403845123624,0.25077251816282464,0.24885457021705174,0.23381382501439044,0.29457790590822697,0.28808683321393769,0.12524939592094181,0.10606849691729345,-0.007121035638325268,-0.037119826583562075,0.023973285874031469,-0.11645801524759586,-0.072295861214387247,-0.027674727928296023,0.12304224130801028,0.095368521317141131,0.099915055649992271,0.13352526206937102,0.15097552083614396,0.10703634698357847,0.14914003933469455,0.30677852972790048,0.31685531597871047,0.26999493626256782,0.24249639244456039,0.23710102637608846,0.23722453988515413,0.23360275370734079,0.2023776417428797,0.11812594320092883,0.028188912960445123
0.022228399574049509,-0.041159120870621076,-0.14389012870794563,-0.28131254930650035,-0.31740840474764503,-0.32476301656828988,-0.22228657826781273,-0.07524331712700201,0.018189825675696793,0.17362540672932353,0.19685019395853343,0.17024741445978484,0.13752570549647014,0.11813922957940536,0.23706192582372634,0.29967254910567037,0.2934483130480729,0.25232778995666866,0.17271581311845569,0.058053626978526944,0.055078903655317334,-0.041646668490210634,-0.0781100086794605,-0.049261234151281155,0.046599811238707427,0.080398362308313084,0.060629128328286659,0.099106507690157747,0.13827596527749095,0.1420420309336021,0.1466560614545171,0.19837460773331778,0.29439405952730485,0.33729233104607154,0.31362797195712727,0.25309541432753851,0.2425849652952618,0.25379019379615786,0.26623583069214452,0.25911135971546173,0.20331789404153824,0.11749722643031015,0.032288966441733971
-0.11606161931046734,-0.19058275769154232,-0.25348447156803949,-0.2909227676432708,-0.25745867757961666,-0.16206271307809012,-0.10835591484518613,-0.001885300224286414,0.11135044854932598,0.10332803623562024,0.025899785996443825,0.036402389166734953,0.090167875442167991,0.1591954381734717,0.2880257632463209,0.28531002067029476,0.27170015972794836,0.20602389327005335,0.16862790216378568,0.047483900421593325,-0.032433435991411637,-0.28625432213352242,-0.43365005264493905,-0.14344749015169772,0.14948597361441129,0.0675442263632051,0.038589367274647027,0.092585512102043327,0.038740486727529687,0.066174347307809259,0.17535582635291788,0.23219285642399506,0.28016366461912789,0.34267391540386061,0.35223666177346158,0.31274951317093591,0.302217756708463,0.29518332680066428,0.28808747117335981,0.27265304492579567,0.20290386345651415,0.11123113334178925,0.057498734444379807
-0.23999884609992689,-0.23222456184717324,-0.16515323231297155,-0.16991301774978637,-0.20017767418175936,-0.18574233641547541,-0.12306092808333537,0.11423600634390657,0.10906832271388599,0.030482610312497452,0.086810535334638853,0.12004037301351385,0.13939677670280984,0.19863086690505347,0.25823155897004263,0.21086039452960617,0.19069495962725747,0.15388504323967989,0.14572472433071762,-0.040115951205672025,-0.14677463748129244,-0.23840273842215537,-0.31960077343855875,-0.25498853926191017,-0.10856843839021552,0.018610486043836031,0.12071584310512414,0.16789553412682798,0.0467988749307285,0.074556396342813969,0.13890616380070386,0.22414712870822234,0.31299369396834537,0.38633739719024074,0.38092816907625932,0.35509007573127749,0.34988300064030814,0.33853334188461304,0.30848804387179291,0.25569096704324085,0.16274692118167877,0.11315519921481609,0.093879390507936478
-0.30770950232233318,-0.28274691907259136,-0.22569212798149355,-0.1984179600559432,-0.1924254484474659,-0.074109788010404867,0.046917472116868288,0.03152598176416177,-0.044497844690340571,0.029491662550227421,0.14075870047777128,0.14660484101190124,0.10661115578335265,0.14371851241251207,0.14232638837962314,0.12014153431838667,0.11163638540725598,0.093492558004997547,0.040341430401980294,-0.12704162756228341,-0.18280739696606141,-0.056836578961583256,0.12674394935132577,0.10516286408931856,0.092114622285792924,0.063068764737740562,0.11713329792356998,0.07560433561013917,-0.0005983211649963514,-0.012040080564400675,0.025479804712200637,0.13429145620514948,0.25885185804860344,0.33271925257784979,0.34272539615631104,0.33775469495190513,0.35656514565149944,0.36464463174343109,0.34473982724276458,0.26701634294456905,0.16753572225570679,0.11112623874630247,0.078775574054036818
-0.247524858963105,-0.19012055340512046,-0.17299140666921933,-0.13647419111482029,-0.086530867715676626,-0.028029893633599083,-0.020120004060057303,-0.015107743618445415,0.047529065442075885,0.14487807756023749,0.16089272720588221,0.13290466786157795,0.07959775600668996,0.0806539171996216,0.11399446976812262,0.072828371247107337,0.078343368830937371,0.045349411423759242,-0.038312565142295807,-0.086330713834818648,0.031979636448101555,0.1003132984331935,0.029825633622612022,0.014323957280046205,0.10411212448535007,0.14182573689354791,0.18831890159183079,0.13649283173263713,0.023302686823950289,-0.048445223564548154,-0.050319137698453337,0.024644860269261465,0.14353302990396819,0.23128787517547608,0.26178964759622303,0.28880194355459776,0.32043842474619549,0.3465358248123756,0.32817862521518359,0.2813723087310791,0.21140899658203124,0.14916060958057642,0.10084425232240132
-0.18203361222037562,-0.18317321538925172,-0.23982224067052205,-0.19080632925033569,-0.081413473778714732,-0.023288003878075291,-0.0025372383991934303,0.06236729302415342,0.092882775805062712,0.11261959701049619,0.12234952673316002,0.1631378569617504,0.12516943568533118,0.12722650459226298,0.12783431305604823,0.05023318159811456,0.023111609692984661,-0.041438118577345792,-0.0585753813127775,-0.022040358364165513,0.10347135811177798,0.11530706593246781,-0.013361901295418092,-0.021446764527698278,0.087339304548663066,0.13033183926427869,0.14056630060076714,0.068520648575479709,-0.0044828463363481442,-0.047779968151679404,-0.059633702039718628,-0.036063720801331363,0.056907782345660962,0.14603574506261133,0.20572715033503139,0.2359705769589969,0.26335403781670791,0.28452460633383858,0.29553321376442909,0.2963862419128418,0.29141324758529663,0.24028544127941132,0.17368048677841821
-0.26246999150940348,-0.22650016198555628,-0.20164689421653748,-0.1508226236028056,-0.13581583043560386,-0.062578474295636025,0.023226684853134137,0.064245091285556555,0.0806986866801074,0.084277040818158316,0.0810300560715871,0.14034402887854311,0.15000728553249723,0.1592331778096116,0.092428320273756984,0.023689399715154789,-0.059327158506303171,-0.071531243915004386,0.00044979780213907363,0.015353813577778534,0.1015309817556824,0.12532290996362766,0.00966564862965816,-0.02761930078515305,0.039420637073470564,0.10052989683178969,0.091374935209751124,0.0036084953826502897,-0.063864506536016344,-0.069880964234471321,-0.084676669075571254,-0.062792674354884934,0.014127477045721289,0.10360872041847971,0.1747087796529134,0.19556596751014391,0.20332182695468268,0.24126714169979097,0.30321146175265312,0.34172988682985306,0.32668481554303852,0.29199120402336121,0.25283729533354443
-0.28790354515825,-0.25083696593840915,-0.2189663430409772,-0.18227511793375015,-0.12860894501209258,-0.056193436550743436,0.0080366413225419816,0.062144502648152411,0.076933476509469925,0.0927039316722325,0.10553704755646842,0.13937603501049248,0.14860306207726642,0.11376076191663742,0.055451735067698689,-0.023400838783345534,-0.10582458696983478,-0.075405172810986118,-0.003500457126421914,0.050674775156052149,0.09888446089122202,0.0695983027922921,0.018300564787232704,0.011311249411521181,0.051098744440465589,0.04749993059228648,0.056103362318956192,-0.035300325893149423,-0.10741892917191281,-0.099742530179875236,-0.083687564730644232,-0.061038274156010666,-0.0003000902326996712,0.082583033612796244,0.12012630254030228,0.12732216798596913,0.13508578999475998,0.22072119116783143,0.33181468078068327,0.37047326139041353,0.33062915716852459,0.31808316210905713,0.32111181957381113
-0.23035334681089109,-0.16952015459537506,-0.13217101831521308,-0.11510685061415037,-0.099433571742526414,-0.050302720660793374,-0.014414235981265929,0.039477375386438023,0.060354870278388262,0.094033350948901737,0.12705476262739726,0.15270739255679977,0.15283996390329824,0.11211383839448293,0.04248934214757312,-0.012228121596583447,-0.048277336502602942,-0.012826095662312582,0.00229125353904568,0.08506705931254796,0.10722032425304254,0.0751854574164519,0.040117697159369144,0.031174841776209057,0.036070956868377135,0.0095030104011212552,-0.030246729906354488,-0.087554090272854351,-0.12176327304593448,-0.11308760024034061,-0.062034402381290092,-0.024859006270108855,0.017428301787003875,0.0675292840370765,0.071083169844415456,0.068221529014408588,0.091084327083081007,0.21220247199138007,0.30704334378242493,0.33849366222109112,0.3140393614768982,0.33741963335445951,0.37346233725547789
-0.16363871539080585,-0.1245530317055768,-0.1071292417390006,-0.090131988299304036,-0.0587937749665359,-0.039221420434528385,-0.023967373717044081,0.0071672978881520757,0.039001873228698969,0.066995927282879425,0.0946275090031764,0.11506211693797792,0.11665160912606451,0.094006196699208677,0.054566015262861513,0.0015818420787433942,0.0078651221643667672,0.052394619395653173,0.060715510323643682,0.088571557259940092,0.10543276540314157,0.10816746982543365,0.079022230742418251,0.030770854137483098,0.019760184035432046,0.009653696792156552,-0.048575518041616306,-0.10841649522384007,-0.12652035399029651,-0.10174919461662119,-0.026566678165074659,0.042520608194172381,0.088415311959882573,0.10621522231535478,0.09167004850777713,0.058719843005140625,0.07620929802457492,0.19025806231158121,0.2656923234462738,0.2865897834300995,0.2960318922996521,0.33973119159539539,0.391307254632314
-0.18543812366468565,-0.17830382127846992,-0.15285638077505703,-0.11570389844753125,-0.0854691608712591,-0.073317927939276537,-0.048505785650220408,-0.014266766126578052,0.023544016517623657,0.056576314712724375,0.077301039614460679,0.097474427345921016,0.096645493717754591,0.063159681151847585,0.034129416734418445,0.031185792104617971,0.043603828618008843,0.071662990149201411,0.1073416268453002,0.13097525015473366,0.10608099419623614,0.080600376427173617,0.051273517103658781,0.041390454449823921,0.029684312472289257,0.011639655567705631,-0.034554078825749457,-0.076380436271429056,-0.10515807147907175,-0.061408615009369033,0.029982376969201141,0.10723934017799118,0.15035458247769962,0.15064703590340084,0.10436429296221052,0.078829179207483932,0.11792536824941635,0.21855123128209794,0.24048428535461425,0.2517953425645828,0.2808830738067627,0.3379230797290802,0.38565245270729065
-0.16881314022787686,-0.16104194894433022,-0.14005277871057906,-0.10821379445217273,-0.082052001536920147,-0.07421703326205413,-0.060096651812394458,-0.00894763993176942,0.040419576192895573,0.080954017241795864,0.11934595508500934,0.14077495271340013,0.12072349926739028,0.093233658960371307,0.073964585495345736,0.071290065479629183,0.07917605754401949,0.091549691989233614,0.13984865674542057,0.1503479553338809,0.12871328975473131,0.10613906575100762,0.089422988846446533,0.056320535895579005,0.062623357099871477,0.074919089674949646,0.036226185575987287,-0.02984231732608307,-0.059234941672337685,-0.025807697596194754,0.041656295697276406,0.12072343975305558,0.15891853613512857,0.14044485241174698,0.10711495791162763,0.10108482713500659,0.14980979370219366,0.21063484251499176,0.20441137750943503,0.21513208995262781,0.27507754415273666,0.35109305878480274,0.379131684700648
-0.16587511919162892,-0.16289670103126103,-0.12165049900268686,-0.078020735510757985,-0.04632484307512641,-0.066569561207735981,-0.06676792191962401,-0.028348568785198345,0.031761298221054265,0.082698991702448932,0.13649905423323314,0.175586853296526,0.15254472792148591,0.12246194920119118,0.12520972526434696,0.12599858944304287,0.15150557107785168,0.17326180899844451,0.1906961907039989,0.19822478251797812,0.1978823384270072,0.17044690810143948,0.12729377998039126,0.092793934304138709,0.082402894342387165,0.077960692346096039,0.061932135211384812,0.020015637390315533,-0.011023558685197853,-0.010047684680709304,0.031103187706321478,0.10151328063673443,0.13414699903556279,0.1176290288567543,0.096200800190369293,0.11464966386556626,0.15445390343666077,0.17759373188018798,0.16729621216654778,0.20840270519256593,0.2935534343123436,0.36325111985206604,0.37010584026575088
