SouthSea_Web/demo/jsonfile/2017-12-15-17.json
{"header": {"parameterUnit":"m.s-1","parameterNumber":2,"dx":0.1,"dy":0.1,"parameterNumberName":"Eastward current","la1":29.0,"la2":12.0,"parameterCategory":2,"lo2":131.0,"nx":250,"ny":171,"refTime":"2017-12-15T16:58:07.5","lo1":106.0}, "data":
[rows 57 to 75 of 171, columns 84 to 125 of 250]
0.0,0.0,0.0,0.0,0.0,0.0,0.0,0.0,0.0,0.0,0.0,0.0,0.0,0.0,0.0,0.0,0.0,0.0,0.0,0.0,0.0,0.0,-0.035992334306475721,-0.08558328640125322,0.015264202948107791,0.012235371655626824,-0.055582591480660165,-0.16012544887708435,-0.12485506690627947,-0.12869054779410363,-0.094252889930475051,-0.13910995343246976,-0.17808981280069094,-0.19988222335066114,-0.22884549839156015,-0.27827887717754612,-0.251511069221629,-0.2395205244421959,-0.19034507963806391,-0.15942830509609646,-0.16898553712027414,-0.19845585254105655
0.0,0.0,0.0,0.0,0.0,0.0,0.0,0.0,0.0,0.0,0.0,0.0,0.0,0.0,0.0,0.0,0.0,0.0,0.0,0.0,0.0,0.0,-0.015165152605914046,-0.078621687046030453,-0.0989154502288899,-0.048705287703216589,-0.069386721184512348,-0.085427233576774592,-0.13269574405445206,-0.094104586813885435,-0.1040328900728907,-0.15207157027104806,-0.191343831745061,-0.19951129704713821,-0.25307619915558743,-0.26623843610286713,-0.25895752012729645,-0.19432254908261476,-0.20762357594711439,-0.176055009663105,-0.141809568554163,-0.13421726034533593
0.0,0.0,0.0,0.0,0.0,0.0,0.0,0.0,0.0,0.0,0.0,0.0,0.0,0.0,0.0,0.0,0.0,0.0,0.0,0.0,0.0,0.010157886310480535,-0.020787799834089619,-0.024650261997723848,-0.0386246719607969,-0.038960602066733623,-0.067713645115798832,-0.094682210280249521,-0.089678474074723763,-0.11290642307248226,-0.14209607175805353,-0.17620073114672014,-0.20034323473061835,-0.23861414611339568,-0.2855160877108574,-0.29430483964582282,-0.21756720330033982,-0.22599767419424924,-0.18012984809668167,-0.17826469719409943,-0.21399062413435716,-0.23945940837815957
0.0,0.0,0.0,0.0,0.0,0.0,0.0,0.0,0.0,0.0,0.0,0.0,0.0,0.0,0.0,0.0,0.0,0.0,0.0,-0.020670476136729121,0.0,-0.091301314739717379,0.0016955261047358714,-0.011990497332859647,-0.0088801937594185937,-0.038473919946700331,-0.079839257563048216,-0.1016886572043101,-0.12036930497099714,-0.15011152293947008,-0.15473896521946479,-0.2020075943853174,-0.216502809966052,-0.22601292573887369,-0.25503727793693542,-0.29485773177523361,-0.27247580968671375,-0.077488058194932014,-0.1684822297344605,-0.14210996908300064,-0.250795799650644,-0.30609798207879069
0.0,0.0,0.0,0.0,0.0,0.0,0.0,0.0,0.0,-0.017229691325843781,0.0,0.0,0.0023615627193194406,0.011264442730074127,0.0,0.0,0.0,0.0,0.0090676438030904919,0.040235614769418185,-0.0070399186202289108,-0.057217684163631807,0.0049482780488216563,-0.0055361833507992777,-0.038170771459497661,-0.075246212668716908,-0.12009424577618755,-0.13607641091433967,-0.166516099539068,-0.17874165646957629,-0.18907011493488593,-0.20399641335010529,-0.1997985006733374,-0.18537685962823722,-0.20090832045445076,-0.17914128876649416,-0.20233199271288785,-0.095225758152082562,0.024955063321006794,-0.033989800016085307,-0.025521325594228175,0.058455695019802079
0.0,0.0,-0.0077248401939868927,-0.040843640161976918,-0.052858134270773259,0.025055698196430873,0.0067028985649812967,0.029340631727726059,0.025175427029870516,-0.022955434783409539,-0.10304308344336075,0.014632125585525169,0.021016218787519306,0.041852659302520322,0.017425931834986842,0.019828253465955362,0.051511485158221522,0.055453768050028884,0.07615088822959519,0.041081051082195091,0.017014989052068604,0.00808997796088483,-0.026122445324810024,-0.070528109706938263,-0.10800506860017776,-0.15954907139142355,-0.17545295927835547,-0.13817944284528494,-0.095602019362755725,-0.081462818648545973,-0.074421587089697525,-0.084971169054153417,-0.096975947565892159,-0.11641956369082133,-0.13786307256668806,-0.0958207141269337,-0.063627466220747345,-0.15033556202736995,-0.077590109081938863,0.095671509477225219,0.16317906390343392,0.1910321426888307
0.0,0.019823887708803847,0.025813962923834477,-0.00578919644754112,0.0,0.083493441640404592,0.078217062466661449,0.052224738895893096,0.079390126860873572,0.073168828551853568,0.089824817744507027,0.049943726536267524,-0.00060634191369911045,-0.036934387207535717,-0.034339995076152263,-0.037414119952953739,-0.017471675914591821,0.034182187422023468,0.04359418621058004,0.016168876219205885,-0.009993348366589527,-0.062733626043932,-0.1035493081983398,-0.14532756871160338,-0.14552307724564648,-0.11245040176965465,-0.068145250834111881,-0.022709805084603085,-0.00748442042779917,-0.046291257395888817,-0.0359912128545917,-0.03728744795634633,-0.033832782879471779,-0.0077716641438504057,0.00060890645254403348,-0.0044930223375558853,-0.10149347885615295,-0.0025694030854437086,0.08477271012961865,-0.039784594594190516,-0.037371555964152016,0.032877119909971955
0.02325319249180631,0.030253261028506964,0.015409187306524425,0.034713375176576494,0.053954668206374588,-0.007278261778253854,-0.0014139374876097849,-0.00085509942507360946,0.01335078594207449,0.035448654425936268,0.050141224621604141,0.019648945540851587,-0.079891152184804429,-0.137481224032179,-0.15133651565821443,-0.077547133279343441,-0.0045884680259436119,0.0051740854565816173,0.028318256462450352,0.0027430417885944622,0.0027922245249750893,0.023252354200748313,0.025682615116238594,0.022269137783394177,0.036208270019269545,0.012088974779210414,0.006596671877725219,0.005774858180137182,-0.015022721049669934,-0.015554088735370897,-0.042085259904464087,-0.044933294722189508,-0.023355411008621256,0.021182499060939466,0.065894026774913073,0.071587152246918,0.0836098319850862,0.058436823180980153,0.046339309722599059,0.020445070262732252,-0.056722055854541917,-0.17458160008702958
0.016258663373320624,0.016510704019088329,0.039944737333568341,0.053450942645866639,0.061893088094113008,-0.016109665518278502,-0.054489261687321718,-0.091769742989732367,-0.082864744974107576,-0.052906427595574977,-0.0657671798493654,-0.10940921207999482,-0.16207530482936261,-0.18247054482344538,-0.096184906312974827,-0.081596992106414315,-0.12895876334773171,-0.16603719746624981,-0.12630700763653624,-0.12592212617058646,-0.086324473554268477,-0.055702050879843673,-0.030903879463529356,-0.0045276578825476739,-0.018997732493853954,-0.01911500752127419,-0.021140517557368559,-0.05985943781949269,-0.07006925638351176,-0.061253634577786382,-0.067547985352575779,-0.066071502434519619,-0.061500893784282,-0.025473790878260679,-0.0072451019659638405,0.014667413363765394,0.072362462590847693,0.083882670849561691,-0.00873505009803921,-0.085410467038551971,-0.11330393999814988,-0.1652415543794632
-0.0010126968106065623,0.071692220137308818,0.070580724917989571,0.028807875582923186,-0.0486006872548211,-0.073855506224652465,-0.12491096047063668,-0.11995461293392712,-0.077089356258511543,-0.0602254473293821,-0.0408660598063291,-0.13696641488155972,-0.20594383199368754,-0.11464887169691232,-0.096712021349832936,-0.12896976443854244,-0.16245006447037061,-0.20369600890470402,-0.21993984751127385,-0.18498654094609349,-0.15891004747377252,-0.12718007405256404,-0.11607476878984302,-0.076398384434959068,-0.084899279665439684,-0.0561793216941308,-0.088822551764721092,-0.11064658213306118,-0.14175756925191635,-0.15988403047834124,-0.169289994718773,-0.15214747122742914,-0.1534237472547425,-0.12158934226525682,-0.073601674909393,-0.054685202560254505,-0.00970297580352053,-0.021861265346940075,-0.0376755022443831,-0.04670487018302083,-0.031459576935352139,-0.075642741595705346
0.04502926922862719,0.08822597859687703,0.05493053206538951,-0.033114382676157059,-0.090197535452701275,-0.11563218538723295,-0.11424598830231166,-0.11571661916871866,-0.1622661736703688,-0.16172247587657365,-0.13428161547829706,-0.038465370497821519,-0.0042112576380624609,0.018660199217265472,-0.053556425941959869,-0.094546977508192256,-0.091573192893217012,-0.098625692557923653,-0.17056554426940587,-0.15372063161111346,-0.13882448417799814,-0.12097503599666414,-0.11444413231478798,-0.10787871384467834,-0.10935019265587737,-0.12502673353467669,-0.15283800842184009,-0.15052855440548488,-0.17356509643216286,-0.18043907465679304,-0.20579307882682138,-0.20457016903421152,-0.22285531853374682,-0.21876901487509409,-0.173118691604871,-0.0897270788749059,-0.0025321694362598159,0.019361746776849032,0.026253168471157551,0.022834812911848228,0.052952974369483333,-0.0016270918771624566
0.10529775008501693,0.068711967891957382,0.0067257789968506489,-0.094586870096849671,-0.079493901982414919,-0.0448692012578249,-0.05613424818563674,-0.10092752875160363,-0.11288911820042367,-0.11073860383414208,-0.10435678296618992,-0.068753334911579783,0.0096526684889492263,0.0881962722205386,0.06851296324996238,0.028869740949529741,0.0061610848410055038,0.0023967224452031873,-0.0041807421036316331,-0.040976100567994375,-0.067495976889725112,-0.077149075514171273,-0.061891652705768747,-0.09274231597329631,-0.10046788225216526,-0.11529208077438946,-0.11449787765741348,-0.11825355942602511,-0.133704971788185,-0.16141516777376333,-0.1875851142864961,-0.18237293183803557,-0.18164433896541596,-0.19860502293235377,-0.16791792213916779,-0.085192498666318978,0.049273062206339091,0.07005790674260684,0.11517688259482384,0.168068147264421,0.2053375318646431,0.14919901825487614
0.047248790983105964,0.025134992727156108,-0.038000697145536028,-0.053248980320021809,-0.073348957672715182,-0.080551979573149426,-0.073797821659933441,-0.082758933953616928,-0.094357870323093312,-0.098004180938005447,-0.091760112706458924,-0.069505089952144772,-0.055621727866431075,-0.012525468189590451,0.010378434173374748,0.02941158932766744,0.053551861309799657,0.0843404906767386,0.10654498497024179,0.11492817955357688,0.13160951721615025,0.12288219781060304,0.092581983207276577,0.031902385955869125,-0.00918738907113528,0.016769364706795804,0.059631235183958242,0.018207460115461246,-0.081880741476736685,-0.16624000171820322,-0.23095241131690833,-0.27019567601382732,-0.22061957064129056,-0.2832418415281508,-0.26297264239367318,-0.130610645438234,0.047765046656119615,0.13496699991325536,0.18758568709546869,0.26942889256910846,0.27501939609646797,0.24833390329565322
-0.020744536806596443,-0.025347808958031237,0.04794676165704826,0.08869933773731363,0.051231026883975378,-0.014358228253915386,-0.051486520925763904,-0.07030649757798528,-0.069559894614822926,-0.063142146707312871,-0.044453749153763059,-0.012669970460522633,0.0032935551803179638,0.021101784735667303,0.069106160253286364,0.10359541957194988,0.18433595182640211,0.2376139874641712,0.26890753644208115,0.2592436798981258,0.22414549909256123,0.2036703618673178,0.19623560171860915,0.1748125939988173,0.15586296415754727,0.1641311181539839,0.16568984171109541,0.0980455912137404,-0.12935296184598252,-0.23752776824909708,-0.29383615177610645,-0.21470274031162262,-0.2515314444899559,-0.34897388596283763,-0.14370554148419096,-0.038728458492551,0.052539263648213819,0.08934529526875569,0.10567277222871781,0.1702575838814179,0.1893892056412167,0.17781376838684082
0.060862139993305524,-0.021644121415222123,-0.013338256183253121,0.027723908655129241,0.077318864019245523,0.10676905385085515,0.12050556097059481,0.1426380385334293,0.15014422358945012,0.1731817894257032,0.18933615074134791,0.19841559045016766,0.1375573290778058,0.091374237376909986,0.1529250924608537,0.24882271943184045,0.32300812005996704,0.29487457152070673,0.29164332270622251,0.26816326166902271,0.18269990145095758,0.11515047933374133,0.17301067443830626,0.23502594232559204,0.22633364876466139,0.1487865420403304,0.094148039817810059,0.051012685574177236,-0.056046790132173695,-0.17616689067195962,-0.19911650094118985,-0.12778278832372866,-0.14169101809200488,-0.065282399360310384,0.035457954687230731,-0.043830727720085311,-0.0080377804115414619,0.0086184363125970491,0.016105562665457415,0.061677000795801483,0.080779254063963885,0.070897545106709009
0.12840143376679131,0.12683248028836466,0.074785936841847922,0.024742433016232395,0.024660755772716723,0.0537060551465519,0.10254489458524264,0.13840833707497671,0.16513493160406748,0.16820784121751786,0.18661845558219486,0.20223662486443153,0.184039998157271,0.13481480149286135,0.21131781009691103,0.30434367433190346,0.36022887428601585,0.39447009666212673,0.28501853694518409,0.13383315696284689,0.0753289585533951,0.18733521426717439,0.17836092511812846,0.074569641225804978,0.044560019925208479,0.11543807267610516,0.21516967282213015,0.17157581499938307,0.061229951857687689,-0.011837068893429305,-0.028910728632651556,-0.0593713915348053,0.053646550693277582,0.11445046854870659,0.06956947957606692,-0.050927843299338263,-0.11331543885171413,-0.10149088352918625,-0.11050171184946191,-0.096374359098263085,-0.078683350736705154,-0.013916217825478978
0.084612693385047427,0.10866809345908084,0.14407700725964137,0.13290787229071494,0.094386775365897582,0.088766415337366719,0.0888670760517319,0.0798837706722595,0.052553757626031129,0.049334824568143594,0.059386404093216966,0.09433704944184193,0.13903346098959446,0.15461940584438189,0.16716159289253169,0.22944353568938472,0.3083943734908926,0.25523225406615174,0.038617842728854157,0.1393065255628351,0.20369821274653077,0.20712743338310358,0.0031292556984616176,-0.065603083930909634,0.134821984017132,0.28159249777143652,0.24657991668209434,0.1707265863660723,0.0056667110706069349,-0.083717798830808279,-0.067301203962415457,0.16834451241985612,0.28784204436385114,0.25658914920958603,0.17899533325717562,0.019954067300118151,-0.10039489006712324,-0.11955626159906388,-0.17121176943182945,-0.20185294995705286,-0.14088069088757038,-0.011030709464102983
0.026803674448687656,0.051554403388527806,0.082970597648194852,0.12954440169237755,0.15939321023012912,0.17536280691623687,0.19123983383178711,0.16988144566615424,0.10579554879894623,0.11970948262347116,0.14901112213178916,0.1479323085012107,0.14175132529011794,0.10000405821108049,0.09837860589226087,0.1938416393053147,0.10706074557674583,-0.097090358318140113,0.047247149177234278,0.16870294842455122,0.13148010611055522,-0.11095900321379304,-0.27024635737761854,-0.037011070142886258,0.24005962827721158,0.25578849290202305,0.18054389436211851,0.061512086102191138,-0.24264523628003457,-0.31196960858229933,-0.010643803209451765,0.29196707159280777,0.30988803319633007,0.1889229166507721,0.090738479491500629,-0.03164175821468234,-0.1090243746127401,-0.12237029254436493,-0.19133462350476871,-0.19807335436344148,-0.0878846811202283,0.055501922965049744
-0.0046253693031354081,-0.030410334540647455,-0.024717766924166225,0.012637462466955185,0.084747238895566818,0.13485773772001267,0.15346924428428924,0.14177495479583741,0.13888036938650267,0.1760751571920183,0.17586276221733826,0.13144639648240189,0.05916960273058184,0.021777842437586514,0.0850224808579491,0.042842469909893613,-0.21407845197245479,-0.099985834502149373,0.025467359309827554,0.052306364999995344,-0.054079972039691587,-0.39480918976995683,-0.32685665178055667,-0.060474688444099776,0.14612081583510053,0.051205172251987584,0.073284512309802943,-0.20644641797080998,-0.47825942651645559,-0.35317083741679334,0.051389737542898904,0.19981506892613002,0.18110999866173819,0.085750368226749391,-0.034812120469896832,-0.1342008359391581,-0.19421520608442802,-0.20553134878476462,-0.23911835178732871,-0.20467989612370729,-0.059187981067225337,0.063422342931682418
