SouthSea_Web/demo/jsonfile/2017-12-15-02.json
{"header": {"parameterUnit":"m.s-1","parameterNumber":3,"dx":0.1,"dy":0.1,"parameterNumberName":"Northward current","la1":29.0,"la2":12.0,"parameterCategory":2,"lo2":131.0,"nx":250,"ny":171,"refTime":"2017-12-15T01:58:07.5","lo1":106.0}, "data":
[rows 133 to 151 of 171, columns 129 to 171 of 250]
0.023376010591164231,0.039398870120445885,0.055676355957984924,0.061548405326902866,0.065359553491527389,0.082831374473041952,0.065525936169756785,0.020311414530234679,-0.027844878486715831,-0.0063906314332846459,0.022772969138857565,0.0,0.0,0.0,0.0,0.0,0.0,0.0,0.0,0.0,0.0,0.0,0.0,0.0,0.0,0.0,0.0,0.017234761655951541,0.084860176202544768,0.22816311568021774,0.285138463973999,0.28211407363414764,0.2431586179882288,0.18842725902795793,0.14094074732727474,0.10942481458187103,0.11379905955659019,0.16957088001072407,0.21657080700000128,0.21327349729835987,0.15546296443790197,0.08298282165612493,0.031822485849261284
0.061589252824584641,0.056949485093355179,0.0646771602332592,0.080942417184511825,0.084630830213427544,0.085689407180656083,0.055530613457614723,0.0045588321094824505,-0.039781859610229731,-0.026228850690781007,0.047997927914063133,0.0,0.0,0.0,0.0,0.0,0.0,0.0,0.0,0.0,0.0,0.0,0.0,0.0,0.0,0.0,0.0,-0.14824486570432782,0.091840281955559142,0.19334136446317038,0.22954880784858356,0.20815888860008933,0.16445133152107397,0.096162628382444382,0.068049461767077449,0.050586519219602145,0.097166632302105427,0.17737421244382859,0.19865865632891655,0.18704724098954881,0.15557814761996269,0.1107840221375227,0.06909019872546196
0.079746191700299576,0.087274827063083649,0.086846884872232161,0.073462251987722188,0.0898142730196317,0.08313112292024824,0.049111229677995048,0.0070633820723742247,-0.039166844077408315,-0.034481971961213276,0.0612882599234581,0.0,0.0,0.0,0.0,0.0,0.0,0.0,0.0,0.0,0.0,0.0,0.0,0.0,0.0,0.0,-0.22419653460383415,-0.062775044740798577,0.12049125454255513,0.17688634991645813,0.18754791716734567,0.1691570065238259,0.071799975904551422,0.0057121097213692134,-0.017427964485250413,-0.0099948910530656583,0.077669884078204632,0.171843146905303,0.1952674500644207,0.1884295716881752,0.17057349532842636,0.1480840179655287,0.11874537252717549
0.081595327705144882,0.0988772427663207,0.10882325656712055,0.093200811184942722,0.091883391969733774,0.080818357115442108,0.04759149501721064,0.021331338367114466,-0.016984969034092502,-0.01361314609595057,0.092857514197627708,0.0,0.0,0.0,0.0,0.0,0.0,0.0,0.0,0.0,0.0,0.0,0.0,0.0,0.0,-0.084383100271224976,-0.19157908707857133,0.034680211800150573,0.13726648390293122,0.16115820407867432,0.15840461663901806,0.1180210949646102,0.041599906903381147,-0.014589305051644757,-0.049832946197553116,0.00243685565268,0.080894413962960238,0.14208456708325279,0.18557163774967195,0.19884156932433447,0.18035655054781172,0.15196871591938865,0.11229693641265233
0.1017620712518692,0.11681806854903698,0.12415670603513718,0.12697660591867235,0.10159716196358204,0.082456917398505747,0.054350812733173368,0.050005409334387095,0.022026183337650516,-0.014565449407590287,0.045564517689247928,0.11475817610820134,0.0,0.0,0.0,0.0,0.0,0.0,0.0,0.0,0.0,0.0,0.0,0.0,0.0,-0.14951146021485329,-0.18096967786550522,-0.05276285273672935,0.081304546445608139,0.10318972667058309,0.11207031520704429,0.079461879200405539,0.046426608123713069,0.011368446704000234,-0.015732200893883903,-0.0053021996631287035,0.044083151407539843,0.0872588187456131,0.1385734329620997,0.17046031355857849,0.1654589143064287,0.13878617977554147,0.074519347632303834
0.12397589981555938,0.14476181864738463,0.14809359858433405,0.14014960825443268,0.11792798563838006,0.092889203689992428,0.069475995842367411,0.063605781644582748,0.036552221281453967,-0.015964743888212576,-0.020322041993495077,0.053721279324963692,0.0,0.0,0.0,0.0,0.0,0.0,0.0,0.0,0.0,0.0,0.0,0.0,0.0,-0.11605985462665558,-0.19175581634044647,-0.12544767651706934,-0.012778083461203746,0.052190303057432177,0.090498947352170941,0.10949344312151273,0.096915919333696365,0.073158829659223559,0.012338225163561716,-0.022495499253273009,0.0040295643477954645,0.05100109800696373,0.08871265997489293,0.1077305544167757,0.10915341600775719,0.085078858666949808,0.04556665921376811
0.14073206856846809,0.14895825982093811,0.1498126004423414,0.138936972245574,0.12632375359535217,0.11268242970108985,0.0951455282047391,0.071537204764106063,0.025163532959090337,-0.03190377800326262,-0.098605576370443621,0.0031566116958856583,0.0,0.0,0.0,0.0,0.0,0.0,0.0,0.0,0.0,0.0,0.0,0.0,0.0,0.0,-0.10735682894786199,-0.09592472596300973,-0.10273425498356421,-0.0260481016141259,0.045788312796503305,0.12997412532567979,0.10458283973011104,0.061670432239770888,0.0461016995832324,0.029719309112988413,0.0502491551451385,0.087322129971451223,0.11191655844449996,0.11508056223392486,0.10437383279204368,0.098498160019516945,0.08568891957402229
0.12480417937040329,0.14826910197734833,0.14540450062070573,0.11996101375137057,0.11979733128100634,0.13179639726877213,0.12127320170402527,0.076899854466319084,0.010248816327657551,-0.070970746874809268,-0.13828567734786443,-0.050472285598516464,0.0,0.0,0.0,0.0,0.0,0.0,0.0,0.0,0.0,0.0,0.0,0.0,0.0,0.0,0.0,-0.011919605871662497,-0.077326344834132629,-0.10178644458452861,0.0,0.19570040702819824,0.067801617884210172,0.021576058777282015,0.016019238252192737,0.031105081593109804,0.060071957608064018,0.10098727927966551,0.11443901807069778,0.11030953750014305,0.11510024633672503,0.1197215586900711,0.11566516757011414
0.12038323779900868,0.14244328439235687,0.13020844385027885,0.097681522369384766,0.10560869611799717,0.12299864408042696,0.10857181176543236,0.047728495465384588,-0.00858504405995417,-0.070655267685651779,-0.13931003348393875,-0.12061512470245361,-0.12188611179590225,-0.01142423041164875,0.0,0.0,0.0,0.0,0.0,0.0,0.0,0.0,0.0,0.0,0.0,0.0,0.0,0.00410674954764545,-0.019463609238820418,-0.054507685080170634,0.0,0.0,0.0,-0.026524181105196477,-0.091979325283318758,-0.030119871022179723,0.0074962065813855994,0.057193568992343818,0.078444238379597658,0.086810392327606678,0.0906197585993343,0.085942021674580038,0.075653476847542658
0.11254041455686092,0.11939930791656177,0.10226595103740692,0.081593525196824751,0.07919014907545513,0.096435115672647953,0.076409221440553662,0.020228208031403482,-0.022134536744228432,-0.071035722270607948,-0.14818031092484793,-0.12529376521706581,0.0208029393106699,0.017794728550749522,0.0085561048763338476,0.0,0.0,-0.059760578131924071,0.0,0.0,0.0,0.0,0.0,0.0,0.0,0.0,0.0,-0.023286629468202591,-0.015362039505917993,-0.030887981969863178,-0.15644913166761398,-0.089746162295341492,-0.051556070468255451,-2.9138202080503106E-05,-0.10370930135250092,-0.087442994738618537,-0.029532128665596246,-0.029534951318055391,-0.036610553252764723,0.019133099844277076,0.032441148709040135,0.021974168707277964,0.015083927195519209
0.085740615924199418,0.10117394477128983,0.089648341139157608,0.069201698061078787,0.061785220727324487,0.070907723158597946,0.049190843291580674,0.012792431213892997,-0.0054854723624885079,-0.0465757311321795,-0.10280642968912919,-0.10657579865720537,0.013355783938260918,0.0306493448085478,0.0,0.0,0.0,-0.072860838007181877,-0.017346376553177834,0.004581776121631265,-0.047328307293355465,0.0,0.0,0.0,0.0,0.0,0.0,-0.023946385830640793,0.00616423852209534,-0.018316861181609474,-0.234290412068367,-0.22532597184181213,-0.10374517586420883,-0.034707394221590623,-0.076397433876991272,-0.12488892674446106,-0.11198809742927551,-0.089685162901878362,-0.094550225469801158,-0.081625089794397351,-0.0986772028522359,-0.091076188487932086,-0.058743413410742178
0.080971965193748469,0.082281114161014551,0.0668742364893357,0.047882863453456333,0.033421675488352773,0.05268841003999114,0.045717923529446126,0.036597114801406858,0.027123502222821116,-0.0054536850075237453,-0.063643292006519109,-0.10434792377054691,-0.041083605028688908,0.00733717156320133,-0.020800640879315324,-0.056884117424488068,0.0,-0.032596705481410027,-0.021085808519273996,-0.033339120786298408,-0.031950502772815526,0.00661988602951169,0.0,0.0,0.0,0.0,0.0,0.048370615889628731,0.02832655908746852,-0.066268407425377512,-0.20597328394651412,-0.15543298050761223,-0.096750527620315552,-0.083931736648082733,-0.095618574983543814,-0.097522753206166352,-0.079260710288177841,-0.0908825471997261,-0.10789509945445591,-0.1156979151070118,-0.1309952727622456,-0.15777332484722137,-0.16130920127034187
0.085316214710474014,0.067290814593434334,0.05517704039812088,0.039996001071163585,0.020320621422595449,0.052975674718618394,0.0729600042104721,0.0766557359861003,0.064787412570281463,0.027360346168279648,-0.033520684367977081,-0.091830429705706512,-0.072288324228591383,-0.00853518924365441,0.013931927685108449,0.0088832539816697444,0.0,-0.089321384827295944,-0.063153413590043783,-0.060789202029506363,-0.0373808380552671,-0.024778901017270982,0.0,0.0,0.0,0.0,0.0,0.050903379917144775,0.025646403990685941,-0.059819739608263429,-0.17399429943826464,-0.13597231832417575,-0.11022438515316356,-0.1024292695025603,-0.10425760000944137,-0.070232423022389412,-0.04465341083705425,-0.074138387360356064,-0.12432356111027977,-0.14579625576734542,-0.12538708912001717,-0.14093848897351158,-0.1735976537068685
0.066975067555904391,0.056190771050751209,0.05077822133898735,0.032118848835428558,0.013066331739537418,0.047185559446612992,0.088387088477611536,0.10572954118251801,0.097495171241462231,0.060079971667040481,0.007086794971573082,-0.067486208270896561,-0.081703368160459727,-0.016834882459887821,0.048794937630494438,0.0080835976405069232,-0.033243378251791,-0.060832924519975982,-0.064485751092433929,-0.0843810573220253,0.0,0.0,0.0,0.0,0.0,0.0,0.0,0.0,0.033075130677648952,-0.030211769102606922,-0.13470168132334948,-0.098122326487844636,-0.12544729018753226,-0.12419643774628639,-0.11895578876137733,-0.08008920140564442,-0.015821749513799496,-0.052166426880285145,-0.11478669444719951,-0.11772783981128172,-0.11635288347800572,-0.10991216227412223,-0.14185041263699533
0.04691026359796524,0.042652036994695663,0.03898741092000689,0.030585606582462788,0.022366102784872055,0.056302963756024837,0.098511933349072933,0.1066895991563797,0.098312202502380722,0.077433616854250431,0.033380322391167283,-0.053363263917466007,-0.097201547162099319,-0.057100917937027082,0.028966534184291959,0.012953240988281323,-0.077528075211577951,-0.064944268018007276,-0.05145037298401197,0.0,0.0,0.0,0.0,0.0,0.0,0.0,0.0,0.0,-0.023148546693846583,-0.062422397236029305,-0.065438334006243021,-0.041758292100646278,-0.12921958044171333,-0.14264694228768349,-0.12101053943236668,-0.13090516906231642,-0.064907528460025787,0.030610977361599605,-0.089375148294493556,-0.037498414982110262,-0.085816003720868714,-0.083910702727735043,-0.10509609505534172
0.029942226130515337,0.015785157059629757,0.017624941421672702,0.021978811671336491,0.028323165274092128,0.06988012939691543,0.1023952058619923,0.0962030366063118,0.083935471044646368,0.06386379447455208,0.009061421558726579,-0.0333289677925807,-0.10089455951343883,-0.095056929710236465,-0.015379896180497276,-0.017643912565997906,-0.073154196557071477,-0.0933472029864788,0.0,0.0,0.0,0.0,0.0,0.0,0.0,0.0,0.0,0.0,0.0,-0.084860329939560455,-0.0921048911457712,-0.0052843766493929755,-0.10613811761140823,-0.15704996883869171,-0.052628053559197321,0.0,0.0,0.0,0.0,0.0,-0.083317972719669342,-0.08070751279592514,-0.0734921284019947
0.0037717378581874073,-0.0057209852675441653,0.00040823310458411771,0.012596079427748919,0.0214458896080032,0.048820481118228704,0.061862738596068487,0.060027281567454335,0.058073312416672705,0.025772005345465407,-0.042410555188185893,-0.093956671122993746,-0.13782068182315146,-0.12627443770567576,-0.021716208358366903,-0.016680346077515021,-0.0514999337028712,-0.0049358264659531415,0.0,0.0,0.0,0.0,0.0,0.0,0.0,0.0,0.0,0.0,0.0,-0.059804215095937252,-0.051908425055444241,-0.063299727439880368,-0.067201209068298337,-0.055210345424711704,-0.05291714146733284,0.0,0.0,0.0,0.0,0.0,0.0,-0.081050064414739609,-0.067999939349564636
-0.018875719979405403,-0.015670164953917265,-0.010817732072609942,-0.0040035488753346728,0.0091451898084155148,0.010498433307345425,0.0027813960972707719,0.0099919339021046962,0.0013702628901228308,-0.045929517783224585,-0.11984045803546906,-0.13694058991968633,-0.11833503221472104,-0.01681602667344527,0.048563639094170774,0.063930932277192667,0.043391523404170587,0.082242061384022236,0.0,0.0,0.0,0.0,0.0,0.0,0.0,0.0,0.0,0.0,0.0,0.0,0.0038847462274134159,-0.022626513097849157,-0.059059418737888336,-0.027117682388052344,0.064184896647930145,0.0,0.0,0.0,0.0,0.0,0.0,0.0,-0.023669121786952019
-0.053619889542460442,-0.04734506132081151,-0.063963361084461212,-0.059949422255158424,-0.050464409589767459,-0.037647660356014967,-0.036701985738343663,-0.038925033269657031,-0.071828290121629834,-0.16403989035349625,-0.21870998161680558,-0.057112935897228975,-0.016092786379886093,-0.0568176856784917,-0.014483828207630722,0.061024927607688462,0.15676717460155487,0.15186138326923052,0.0,0.0,0.0,0.0,0.0,0.0,0.0,0.0,0.0,0.0,0.0,0.0,0.0,0.0,0.011262577958405018,-0.034151362177605428,0.0,0.0,0.0,0.0,0.0,0.0,0.0,0.0,0.0028005233325529844
