SouthSea_Web/demo/jsonfile/2017-12-15-01.json
{"header": {"parameterUnit":"m.s-1","parameterNumber":2,"dx":0.1,"dy":0.1,"parameterNumberName":"Eastward current","la1":29.0,"la2":12.0,"parameterCategory":2,"lo2":131.0,"nx":250,"ny":171,"refTime":"2017-12-15T01:01:52.5","lo1":106.0}, "data":
[rows 95 to 113 of 171, columns 168 to 209 of 250]
-0.10000420067655413,-0.0020685857258892306,0.039976982798959525,0.010355040251922149,-0.045570065965875983,-0.054087309911847112,-0.022731884201574657,0.042016522260382771,0.096537987568548742,0.13444650918245316,0.10725930084784825,0.072172768414020538,0.046254032291471958,0.026405618526041508,0.00935408379882574,0.014051569160073996,0.054683630665143333,0.084928374737501144,0.10314605881770451,0.074905984103679657,0.047255316749215126,0.042282633483409882,0.022945854812860489,0.0075514258351176977,-0.021053232252597809,-0.0660698413848877,-0.11986162140965462,-0.15657681226730347,-0.175309456884861,-0.18907589465379715,-0.19090712070465088,-0.1706179678440094,-0.10414273291826248,0.0,-0.084704123437404633,-0.073334768414497375,-0.091742739081382751,0.0,-0.10593134164810181,-0.12438222020864487,-0.13619446754455566,-0.13373719900846481
-0.024468631759334943,0.053529733791947365,0.041160020249662921,-0.046043442038353533,-0.0965442264621908,-0.08168613572012294,-0.03976193732685513,0.016544645264123876,0.083378791809082031,0.1085396721959114,0.10128286232550939,0.067685111425817013,0.041947610676288605,0.032130860413114228,0.021385154686868191,0.029835022054612637,0.07844780758023262,0.10949563235044479,0.13266009837388992,0.10154711827635765,0.060926610603928566,0.041563717648386955,0.02185404859483242,0.0015422292053699493,-0.018723224580753595,-0.075558159500360489,-0.12033005058765411,-0.16496393084526062,-0.18157674372196198,-0.19295784831047058,-0.18509986996650696,-0.14876428246498108,-0.12928057834506035,-0.12027931213378906,-0.071510247886180878,-0.10579025745391846,-0.11150719970464706,-0.12243704870343208,-0.12053158134222031,-0.13389585912227631,-0.13330747187137604,-0.13301768898963928
-0.053464721888303757,-7.3204770506847479E-05,0.03392949583940208,-0.020446115608016648,-0.080804490546385443,-0.068187322467565536,-0.040663421992212533,0.018381301941417405,0.077586141725381211,0.091467302292585373,0.0812056449552377,0.065976803501447037,0.060851281881332396,0.057987871269385018,0.052628599107265472,0.072536792606115341,0.11941657215356827,0.14363320916891098,0.13333521410822868,0.10037231693665187,0.054831394925713539,0.022396069020032883,0.00065992420422844589,-0.013603448634967208,-0.022786075947806239,-0.092897467315196991,-0.133571058511734,-0.16873686760663986,-0.18497569859027863,-0.19330477714538574,-0.17940632998943329,-0.14610424637794495,0.0,-0.10685104504227638,-0.10260623693466187,-0.090650580823421478,-0.13146026432514191,-0.13430672138929367,-0.14100000262260437,-0.14040447026491165,0.0,-0.13210605829954147
-0.14939160006386892,-0.16498246749764994,-0.16853531243072617,-0.13691278407350183,-0.0721223020227626,-0.028146373767716188,-0.0066615396127518677,0.023446746835751191,0.076394792646169662,0.088935218751430511,0.084126691023508712,0.081936490535736081,0.0865138644973437,0.081451093778014183,0.07862398773431778,0.090321831405162811,0.12369611114263535,0.13813091814517975,0.089837577193975449,0.0735052227973938,0.033935441635549068,0.0071522751823067665,-0.019923400599509478,-0.019337356090545654,-0.044380482286214828,-0.081897284835577011,-0.12230795249342918,-0.16122768819332123,-0.18467197567224503,-0.18556712567806244,0.0,-0.16215207427740097,-0.12844018638134003,-0.10964586958289146,-0.097399711608886719,-0.11310604959726334,0.0,-0.14401039481163025,-0.14464029669761658,-0.15133874118328095,-0.14336485415697098,0.0
-0.22000018798786661,-0.23535620527608053,-0.28177631371899653,-0.27567023301825805,-0.22153034309546152,-0.13407966711868843,-0.068462935897211238,-0.028643075703358691,-0.0027081849319594248,0.015878017526119947,0.047682127915322781,0.070920190773904324,0.0555223124101758,0.053506707306951284,0.044203580978016056,0.052720554172992706,0.088478308171033859,0.0887905756632487,0.033628549426794052,0.028299163095653057,0.015051690551141897,-0.015910985064692795,-0.035010716877877712,-0.032286860980093479,-0.042018529027700424,-0.061415016651153564,-0.11579868942499161,-0.14375975728034973,0.0,-0.17823813855648041,-0.17531321197748184,-0.15641020238399506,-0.11983566731214523,-0.10832177102565765,-0.11349199712276459,-0.12063319608569145,-0.13844473659992218,-0.15122339129447937,-0.14714191854000092,-0.14428366720676422,-0.14550081640481949,-0.16130481660366058
-0.27538954175036884,-0.27309459376902806,-0.28589921562295212,-0.28438881337642669,-0.27206853777170181,-0.22601617299593413,-0.16285208409482782,-0.099650832513968154,-0.080259479582309723,-0.047880661208182573,-0.0044117522629676387,0.0094688738696277145,0.00057437364012002945,-0.0059894435107707977,-0.007571750010053317,0.019123585894703865,0.044910166412591934,0.037065949290990829,-0.01233314024284482,-0.015485593932680786,-0.010906334529863671,-0.036376448348164558,-0.038975931704044342,-0.031849787570536137,-0.031968626193702221,-0.056201040744781494,-0.091093845665454864,-0.11361358687281609,-0.15452517569065094,-0.1487104520201683,-0.16802173852920532,-0.13159899413585663,-0.11110804975032806,-0.11120951920747757,0.0,-0.12873914837837219,-0.1441146656870842,-0.16373834013938904,-0.14729560911655426,0.0,-0.14112350344657898,-0.15493227541446686
-0.29741618589118674,-0.30905998622377712,-0.28479465029456397,-0.2353939431555131,-0.23226482793688774,-0.22998223760548761,-0.17799925126812674,-0.12653490031758943,-0.0832579673992263,-0.040036271791905165,-0.018862020612383883,-0.038027548231184483,-0.04646718936661879,-0.050816057870785393,-0.021741014594833057,0.0087303116451948881,0.017254209145903587,0.007752196688670665,-0.01958036795258522,-0.046742228791117668,-0.04435553215444088,-0.044087089598178864,-0.040118671953678131,-0.029813216378291447,-0.032805442810058594,-0.040254810824990273,-0.070172823965549469,-0.087671168148517609,-0.13096617162227631,-0.12302027642726898,-0.1093544214963913,-0.11901792138814926,-0.088928528130054474,-0.086138926446437836,-0.12451247125864029,0.0,-0.16773314028978348,-0.15615653991699219,-0.17180915176868439,-0.15530951321125031,0.0,-0.15133708715438843
-0.23796873482374045,-0.29735102539970759,-0.27657482737586614,-0.22929641320591881,-0.20095117390155792,-0.19360897120307474,-0.17167601202215468,-0.11127009242773056,-0.063939219606774192,-0.029297312189425741,-0.020136329112574458,-0.0483627961948514,-0.061366333315769829,-0.053226185962557793,-0.009753165184520185,0.017804554663598537,0.0096722841262817383,-0.010726239066570997,-0.040625433127085366,-0.059114910662174225,-0.058097941800951958,-0.056150529533624649,-0.037782373838126659,-0.025281405076384544,-0.027784944511950016,0.0,-0.068507283926010132,-0.11907204240560532,-0.10730797052383423,-0.10846046358346939,-0.087987549602985382,-0.063754573464393616,-0.081569872796535492,-0.10420523583889008,-0.1145247295498848,-0.16389365494251251,0.0,-0.17928920686244965,-0.16044144332408905,-0.16111550480127335,-0.15822009742259979,0.0
-0.17344774365425109,-0.2470813554066878,-0.23915501063068709,-0.22322302162647248,-0.20505005121231079,-0.17433528602123261,-0.15777613688260317,-0.10993726838093537,-0.061186912003904581,-0.029826331617576734,-0.022953188312905177,-0.04620987487336,-0.057829227298498154,-0.0394847479959329,0.0022918665199540555,0.014048885088413954,-0.0014506512088701129,-0.0219227597117424,-0.042837180197238922,-0.05856154983242353,-0.056612728163599968,-0.047910282388329506,-0.02399273868650198,-0.017045512795448303,-0.026832890696823597,-0.039412315934896469,-0.05917147733271122,-0.078571721911430359,-0.097530826926231384,-0.088876467198133469,-0.0727667286992073,-0.0731172040104866,-0.0832454152405262,-0.12025202065706253,-0.14054012298583984,-0.17850962281227112,-0.20606167614459992,-0.18693198263645172,0.0,-0.16829805076122284,-0.15593671798706055,-0.13913546502590179
-0.15808411229115266,-0.17079690843820572,-0.19168633790243239,-0.21672892884204262,-0.20097066536545755,-0.16519491871198019,-0.13831411488354206,-0.10921206474304199,-0.061481264730294548,-0.029670830283846174,-0.016205703041383197,-0.04893390958507856,-0.057978373020887375,-0.030034193303436041,-0.007993488572537899,-0.0074665566595892114,-0.017790322192013264,-0.032634641975164413,-0.048101382330060005,-0.059875201433897018,-0.048002401366829872,-0.036819403991103172,-0.019358623772859573,-0.019218054289619129,-0.0283496230840683,-0.0331133883446455,-0.051904523745179176,-0.070139944553375244,-0.088390029966831207,-0.074483834207057953,-0.062044810503721237,-0.082881823182106018,-0.10170960426330566,-0.14186801761388779,-0.20144401490688324,-0.21503756195306778,-0.19822786748409271,-0.21966917812824249,-0.17605039477348328,0.0,-0.14970575273036957,-0.13067108392715454
-0.14658245351165533,-0.12715429239548171,-0.14210239662365479,-0.18492254898661659,-0.18439139661036039,-0.15384170569871603,-0.11933263817003795,-0.10068820310490471,-0.061050040181726217,-0.015815513932870492,-0.0020489188480294412,-0.043193159624934196,-0.037643210962414742,-0.018285547848790884,-0.0063466071029931,-0.018042795049647491,-0.026760917156934738,-0.03419792652130127,-0.047521879896521568,-0.0551388394087553,-0.044625088572502136,-0.027026563261946041,-0.029943843372166157,-0.022849475964903831,-0.017052236944437027,-0.036768744699656963,-0.063005156815052032,-0.087299123406410217,-0.097130350768566132,-0.088802650570869446,-0.077819190919399261,-0.10464351251721382,0.0,-0.15865623950958252,-0.20874212682247162,-0.26685011386871338,-0.23444844037294388,-0.21334250271320343,-0.20859453082084656,-0.14860405027866364,0.0,-0.12151212990283966
-0.1419375920968671,-0.11116147106108458,-0.12613341957330704,-0.13184249968755812,-0.16283178790694192,-0.15593902301043272,-0.097080286126583815,-0.0593048594892025,-0.027931091155753367,0.0019701625802554189,-0.0034801587753463536,-0.031029538872341316,-0.010974838747642934,0.0084946734035232421,0.0067517010029405355,-0.008459308960785469,-0.025501374155282974,-0.035420365631580353,-0.04563683457672596,-0.04383997805416584,-0.034000840038061142,-0.029339725151658058,-0.037752418778836727,-0.0324029711385568,-0.017902735620737076,-0.037477929145097733,-0.0731632262468338,-0.11426330357789993,-0.10837311297655106,-0.10740478709340096,-0.10208582878112793,-0.11580444127321243,-0.15904119610786438,-0.22691410779953003,-0.21505093574523926,-0.22563433647155762,-0.21861004829406738,-0.20385672152042389,-0.17807559669017792,-0.14570227265357971,-0.11392851918935776,0.0
-0.14653841380415292,-0.12830895185470581,-0.13812250847166235,-0.095545796677470207,-0.10100206338307437,-0.13779781583477468,-0.0785546268026034,-0.0083807656505646613,0.031224383681546897,0.024510473664849996,0.0008953298286845287,-0.02475666143000126,0.0038985403953120112,0.031895771622657776,0.032049618661403656,0.0031778772051135698,-0.025276919826865196,-0.040543435141444206,-0.049934037029743195,-0.045569209381937981,-0.038203472271561623,-0.048027206212282181,-0.035644799470901489,-0.030741512775421143,-0.030879822559654713,-0.064184390008449554,-0.090819679200649261,-0.11613369733095169,-0.12822815775871277,-0.11634594202041626,-0.12921595573425293,-0.14738455414772034,-0.16473671793937683,-0.22512270510196686,-0.25702941417694092,0.0,-0.22242231667041779,-0.19113560020923615,0.0,-0.14700862765312195,-0.11250250414013863,-0.11695554852485657
-0.17283898871392012,-0.15594380259513854,-0.14941438913345337,-0.10548067905686119,-0.086746091581881041,-0.0878190970979631,-0.053587897797115147,0.027986142504960298,0.056983302036921181,0.049599650833341807,0.022129180039175682,0.0041197455953806642,0.034240094013512135,0.058519855141639709,0.046576910652220249,0.0086692728412648048,-0.025917467661201954,-0.045237818732857704,-0.055586446076631546,-0.053611177951097488,-0.042542673647403717,-0.0417597945779562,-0.036857877857983112,-0.028914649039506912,-0.032229192554950714,-0.06995069794356823,-0.093439593911170959,-0.11386448889970779,0.0,-0.11370795220136643,-0.12170980125665665,-0.15686018764972687,-0.18199826031923294,-0.21462036669254303,-0.24376864731311798,-0.23972612619400024,0.0,-0.19894704222679138,-0.15718288719654083,0.0,-0.097489096224308014,-0.08555854856967926
-0.21519947598377864,-0.17247794127022778,-0.16703550020853678,-0.15285418995402075,-0.11766002444844496,-0.087858800217509275,-0.025843584720860235,0.042684932024433062,0.050755369787414871,0.052821068093180656,0.047182420641183852,0.039854672551155088,0.05987928000589212,0.075178638100624084,0.062349400172630944,0.026728441007435322,-0.00991772759395341,-0.03385833278298378,-0.056916037574410439,-0.059420539066195488,-0.049294153228402138,-0.03074102196842432,-0.0084218035917729139,-0.012017074041068554,-0.039487928152084351,-0.063237212598323822,-0.0834522619843483,-0.0790039598941803,-0.0963665023446083,0.0,-0.11629348620772362,-0.14308358728885651,-0.19318480789661408,-0.22134710848331451,-0.23915579915046692,-0.23402401059865952,-0.20977160334587097,-0.19760759174823761,-0.16894116997718811,-0.12983328104019165,0.0,-0.07406345009803772
-0.24522818071501595,-0.1693461537361145,-0.15445760151614313,-0.13165053894573991,-0.097272118553519249,-0.067561743013999045,-0.013743918259731598,0.039433027431368825,0.038847212087024345,0.032911360263824463,0.035543861665896008,0.045716399947802223,0.073645650098721191,0.081153355538845062,0.07231603842228651,0.054469568654894829,0.0170512863745292,-0.008791063679382205,-0.046263275668025017,-0.060416840016841888,-0.040567470714449883,0.00201949430629611,0.015244348905980587,-0.0044400343904271722,-0.044354934245347977,-0.048994533717632294,-0.060970604419708252,-0.08301255851984024,-0.079454079270362854,-0.10416101664304733,-0.13998383283615112,0.0,-0.17160143703222275,-0.18182562291622162,0.0,-0.20689254999160767,-0.18043512105941773,-0.14964047074317932,-0.16152901947498322,-0.12968917191028595,-0.1140810027718544,-0.066469848155975342
-0.26271373281876248,-0.16959298230134523,-0.13729261048138142,-0.11224955557422205,-0.06776605527848005,-0.051113745491755638,-0.022816611837376568,0.00510819344986778,0.013696286160016566,-0.0038392340595071964,0.0061758825613651425,0.02603241428732872,0.063980739563703537,0.084173206239938736,0.086376758913199111,0.0870899073779583,0.0483162005742391,0.014620287343859673,-0.021127374144271016,-0.019541836809366941,-0.0022594551555812359,0.020134365535341203,0.029483256861567497,0.0,-0.030076955445110798,-0.0504574254155159,-0.0456252358853817,-0.045913506299257278,-0.080653581768274307,-0.10385498404502869,-0.14142715930938721,-0.15868443250656128,0.0,-0.17875055968761444,-0.17775679379701614,0.0,-0.20050754398107529,-0.15823616087436676,0.0,-0.11824942380189896,0.0,-0.09274619072675705
-0.2708350618680318,-0.1918237553193019,-0.13574372604489327,-0.14173201539299704,-0.12527760508514585,-0.084510093007017589,-0.037498535259681588,-0.004974969556582544,-0.016739840205344889,-0.02690211023119363,-0.017284474956492584,0.01546095940284431,0.054058379804094635,0.083241951962312058,0.093669431904951736,0.10820833221077919,0.0882478803396225,0.0533427894115448,0.0089935113210231066,0.018105950439348817,0.028930075466632843,0.037524285726249218,0.026323483092710376,-0.0055021415464580059,-0.036224506795406342,-0.042914111167192459,-0.038014691323041916,-0.04443638026714325,-0.082057841122150421,-0.10631709918379784,-0.13617582619190216,-0.14746905118227005,-0.15651105344295502,-0.16068246960639954,-0.18154890835285187,-0.1747683584690094,0.0,-0.17190596461296082,-0.14036551117897034,0.0,-0.10923488065600395,0.0
-0.2559112485112815,-0.20447243439654508,-0.13765113366146883,-0.14072877487965993,-0.15364041328430175,-0.10851425379514694,-0.047899270546622574,-0.0064469803723373586,-0.018254244500505074,-0.028307728130709042,-0.0060878136457176877,0.018618570547550915,0.065059495468934372,0.10181524604558945,0.10884880274534226,0.1198698878288269,0.12064459174871445,0.094692274928092957,0.064799942076206207,0.04414047859609127,0.033471699804067612,0.024964882060885429,0.007587797474116087,-0.017754546366631985,-0.036049112677574158,-0.049645857885479927,0.0,-0.067941203713417053,-0.09925437718629837,-0.1441490650177002,-0.16360357403755188,-0.17072366178035736,-0.18181911110877991,-0.19012244045734406,-0.22193227708339691,-0.21167542040348053,-0.18590590357780457,-0.18083319067955017,-0.16041040420532227,-0.13326764106750488,0.0,-0.1153000071644783
