SouthSea_Web/demo/jsonfile/2017-12-14-09.json
{"header": {"parameterUnit":"m.s-1","parameterNumber":2,"dx":0.1,"dy":0.1,"parameterNumberName":"Eastward current","la1":29.0,"la2":12.0,"parameterCategory":2,"lo2":131.0,"nx":250,"ny":171,"refTime":"2017-12-14T09:00:00","lo1":106.0}, "data":
[rows 76 to 94 of 171, columns 0 to 41 of 250]
0.0,0.0,0.0,0.0,0.0,0.0,0.0,0.0,0.0,0.0,0.0,0.0,0.0,0.0,0.0,0.0,-0.015533463563770056,-0.066847682151789725,-0.079814153252754177,-0.13179706351829221,-0.169341635897581,-0.092896596847900317,-0.077944695299106928,-0.094557632133364683,-0.10440201131683408,-0.11389879149695238,-0.10132565310802953,-0.096507779172351288,-0.083400489709206993,-0.053591841943562028,-0.019969922488221444,-0.01448786406659305,-0.18158823629103912,-0.19169864342193646,-0.10846668172451815,-0.14145039672110502,-0.043550493581952621,-0.023447097663096349,-0.068715944568438034,-0.018017128913003642,0.0,0.0
0.0,0.0,0.0,0.0,0.0,0.0,0.0,0.0,0.0,0.0,0.0,0.0,0.0,0.0,-0.072166886950987552,-0.15905369299105981,-0.16779677013478553,-0.13015035351222717,-0.14852809927009708,-0.16360727101564407,-0.14201462219158809,-0.12380021861914931,-0.16383720575659364,-0.19807915034748258,-0.20926130053244138,-0.1995905339717865,-0.18692182318160408,-0.18263039158450234,-0.16463151723146438,-0.13690653869083949,-0.10778482188470662,-0.085128557698970486,-0.095447863699222091,-0.058697876225536065,-0.028012426069346806,0.0074960010124659922,0.013708928686855229,-0.056000965565046364,-0.019668966619065031,0.0,0.0,0.0
0.0,0.0,0.0,0.0,0.0,0.0,0.0,0.0,0.0,0.0,0.0,0.0,0.0,0.0,-0.014354608535844212,-0.1354093885257546,-0.17904967011418194,-0.16156359320330357,-0.12417559735765753,-0.13320083488474371,-0.11842907625849884,-0.13457188549740562,-0.20841874554753304,-0.23488971042005638,-0.23011671548539942,-0.22544314712285996,-0.22827309668064116,-0.22280323505401611,-0.19934117368289403,-0.17223672744105845,-0.16850561580874704,-0.16769268928152142,-0.10951598048210144,-0.05293564971846839,-0.015563834665828898,-0.0055162378483910816,-0.028795940529057082,-0.098131012138393189,-0.040267667481994944,0.0,0.0,0.0
0.0,0.0,0.0,0.0,0.0,0.0,0.0,0.0,0.0,0.0,0.0,0.0,0.0,0.0,-0.13415395516541698,-0.13969345590657126,-0.12451034757342008,-0.10667296048921836,-0.15720703442105286,-0.14225871865840062,-0.16255734488368034,-0.18590222423275313,-0.24584063210270621,-0.26420219615101814,-0.264644718170166,-0.26443166534105939,-0.26346425924982342,-0.25090387250695911,-0.22555870243481227,-0.18666402250528336,-0.12026297301054001,-0.15536774674025641,-0.0991340424136623,-0.057937902886243092,-0.036366495976431504,-0.044748396379873157,-0.044614710638146975,-0.018806702312640085,0.0,0.0,0.0,0.0
0.0,0.0,0.0,0.0,0.0,0.0,0.0,0.0,0.0,0.018651197464136845,0.012380272236935394,-0.017710663328881552,-0.076729780715485071,-0.15286302950044864,-0.13771371086343409,-0.16613465451089646,-0.063047657706086738,-0.07948682502267225,-0.11781036827312896,-0.15443383669480681,-0.19328221519078528,-0.25556984719108133,-0.28520298004150391,-0.28425294533371925,-0.27784194265093121,-0.26469283302625018,-0.25552389877183096,-0.25120528042316437,-0.24535163243611655,-0.23366663108269373,-0.19440250737326487,-0.12879276729587227,-0.0912415813965102,-0.0661790965213662,-0.035945086396838487,-0.031467742000061735,-0.033846400490305809,-0.056764083514120586,0.0,0.0,0.0,0.0
0.0,0.0,0.0,0.0,0.0,0.0,0.0,0.99554057568311694,0.10097546885799602,-0.00868966255623638,0.030380791107845206,0.042854394171453751,-0.03475950689914703,-0.10957012325432324,-0.0833179666013707,-0.088213189899447722,-0.1080338739910193,-0.12591244183879877,-0.17139289045417813,-0.22429101024904558,-0.24710013322970448,-0.28996622189879417,-0.30184697679110933,-0.29152753452459973,-0.27305543422698975,-0.25258134802182514,-0.24343763589859008,-0.24274633328119913,-0.23900168069771358,-0.23279396338122232,-0.21314920910767146,-0.17912571983678,-0.13888588615439154,-0.12207802698800438,-0.067820099554955965,-0.031540817761761618,-0.001327780312126021,0.035860981887244452,0.0,0.0,0.0,0.0
0.0,0.0,0.0,0.0,0.0,0.0,0.0,0.0,0.085216615519968925,0.028637130184054609,0.019026099526811214,0.014675473225387188,-0.042338342427022078,-0.068512492201629513,-0.18916952335630069,-0.21438668050643017,-0.22610006046791872,-0.18639071767821031,-0.24622308498337156,-0.25972459415594734,-0.275511634349823,-0.29127951264381408,-0.2923332080245018,-0.27151574691136676,-0.24739235043525695,-0.23438799008727074,-0.22878882586956023,-0.23250862317425863,-0.2373691126704216,-0.22945172256893581,-0.20419883355498314,-0.18016382902860642,-0.17031665941079457,-0.16487621143460274,-0.160683521706807,-0.10514737315037671,-0.014327578597551431,0.027217088369364116,-0.0036486864654980771,0.0,0.0,0.0
0.0,0.0,0.0,0.0,0.0,0.0,0.0,0.18892928157776734,0.0015033136226439993,0.00791569612831191,0.011545145243135151,-0.063080482174224684,-0.068185989829038993,-0.084027232716278155,-0.19081801481498695,-0.22092119917746575,-0.23536364589968034,-0.19833957652250925,-0.24655896052718163,-0.28297302789158291,-0.29536921977996827,-0.30483804941177367,-0.292529155810674,-0.27783376971880597,-0.2556551992893219,-0.22139116624991098,-0.21765658855438233,-0.23293163875738779,-0.23857173749378749,-0.22653721408410507,-0.19734844379127026,-0.17714238725602627,-0.16569627477572516,-0.14944069714922653,-0.14350027697426931,-0.14118558540940285,-0.045091445758489182,-0.0033748090932163642,-0.027716649275484648,0.0,0.0,0.0
0.0,0.0,0.0,0.0,0.0,0.0,-0.028820041704533478,-0.048098067538295354,0.013610224268828658,-0.070985916929203086,-0.11423347368836403,-0.091078992578245338,-0.12772969242471916,-0.19253926765587595,-0.25767142960318812,-0.24094649177530539,-0.24297259747982025,-0.24659263715147972,-0.28490569194157916,-0.30656944428171429,-0.326941080391407,-0.32749833166599274,-0.29485860466957092,-0.2629922479391098,-0.23603343218564987,-0.22089325884977976,-0.22332992404699326,-0.2414777179559072,-0.22953248769044876,-0.20494727151734488,-0.17596724480390549,-0.15527273342013359,-0.14201808099945387,-0.12619583168998361,-0.098866153094503612,-0.0875747379134683,-0.089956546934055429,-0.011730149820116205,0.012671433555256361,0.0,0.0,0.0
0.0,0.0,0.0,0.0,0.0,0.0,-0.009236686150060713,-0.018324644229049603,-0.13586961233924175,-0.14271924048662185,-0.19474284610022669,-0.27802781133275284,-0.30261936783790588,-0.27576764579862356,-0.22556372337481556,-0.19858937228427215,-0.22832610515447763,-0.25440175966783,-0.27242849128586905,-0.29370779395103452,-0.30999387303988141,-0.30110883712768555,-0.27489843964576721,-0.24682346731424332,-0.2572731226682663,-0.25944358110427856,-0.24563169479370117,-0.24636077135801315,-0.21468081325292587,-0.1853239138921102,-0.16388720087707043,-0.12858161553740502,-0.11008370495759524,-0.095757085633905309,-0.0803750203922391,-0.034010610896914914,-0.044536573467512594,-0.023634432444134646,0.0054017308823188954,0.0061658098205009957,-0.015326461109977502,0.0
0.0,0.0,0.0,0.0,0.0,0.0,-0.017957617568754358,-0.052698866635396635,-0.16488030490775904,-0.16437111298243204,-0.24318931996822357,-0.34809371190411703,-0.39386436343193054,-0.36648347477118176,-0.30075252481869291,-0.24897987056862225,-0.24085341145594916,-0.259683096781373,-0.2814593970775604,-0.29637516140937803,-0.30066889524459839,-0.29430615901947021,-0.2851540744304657,-0.275015726685524,0.0,-0.281589150428772,-0.25331326822439831,-0.24505974352359772,-0.20608347468078136,-0.18088243901729584,-0.16049030944705009,-0.10192494365301999,-0.068732507919010366,-0.0634784922003746,-0.032846680828229044,-0.033665320353496724,-0.0053377832402475177,-0.012452433368456153,-0.0020055524664279629,-0.027218715630020127,-0.01720748315445177,0.0
0.0,0.0,0.0,0.0,0.0,0.40915328429804909,0.12245235534255924,-0.06356860881479566,-0.22388278320431709,-0.20414596222914183,-0.25718840211629868,-0.33337802759238649,-0.36081418693065642,-0.36413781344890594,-0.32871240106495941,-0.29140557944774625,-0.27735031502587454,-0.28732298101697651,-0.3003923833370209,-0.29994437843561172,-0.29578242699305218,-0.29016607999801636,-0.29115432500839233,-0.28959515690803528,-0.29379209876060486,-0.28144916892051697,-0.25768682360649109,-0.24085793395837149,-0.1809309095144272,-0.15179227375321919,-0.12216988779031314,-0.074364845297838517,-0.036806137229387574,-0.06201347646613916,-0.064217097240320417,-0.045479203185199629,-0.018421881470567315,0.0044308139763921239,0.019861874583511963,0.022684015299009017,0.064697051160520755,0.064305212867462588
0.0,0.0,0.0,-0.061004668474197388,-0.043279262140202217,-0.055467152522063592,-0.068167671002742333,-0.14207279782718177,-0.25572652413564567,-0.24858778913815816,-0.30447003703850967,-0.334093530069698,-0.35461619744698208,-0.37495987613995868,-0.34049640099207562,-0.31389942102962071,-0.29241940751671791,-0.30328505858778954,-0.3051435649394989,-0.31491066018740338,-0.29613275825977325,-0.3104839026927948,-0.31848110258579254,-0.29941952228546143,-0.29649406671524048,0.0,-0.26820485790570575,-0.24320452660322189,-0.21856140451771872,-0.16641587846808964,-0.11873904012498401,-0.062424936642249428,-0.022911717687305565,-0.034290277405415438,-0.0628141604254351,-0.10116550506967487,-0.11614008933941129,-0.0804316179576115,-0.09460980939958244,-0.0027847488825195497,0.025047374907083943,-0.020269531114836998
0.0,0.0,-0.011932158784475178,-0.048163048528116564,-0.065568215647326261,-0.20364687155852926,-0.28803496773947368,-0.28677307543429459,-0.27489232222239174,-0.293280766768889,-0.32942578196525574,-0.33367179334163666,-0.358595351378123,-0.33704055473208427,-0.32419607043266296,-0.28445038696130115,-0.28611797839403152,-0.29370531439781189,-0.31413457989692689,-0.31559157371520996,-0.30736276507377625,-0.32291838526725769,-0.31398135423660278,-0.306491881608963,-0.31085111200809479,-0.28860482573509216,-0.25207092364629108,-0.25076163808504742,-0.20059621582428613,-0.13144706346486745,-0.098532876482716317,-0.076317074763424253,-0.093993088230490685,-0.13284577255688826,-0.18412677065386035,-0.18843335624445567,-0.17730629716960478,-0.13080524439520552,-0.11743548881909079,-0.15718581791208908,-0.13291800300888465,-0.088647566215299511
-0.014635695639608844,-0.094568746957056068,-0.051787527073433419,-0.11869464314347783,-0.36500466149300337,-0.3892924093774387,-0.304336741566658,-0.28241400321324667,-0.27488031131880625,-0.30911871045827866,-0.33665478229522705,-0.34724272415041924,-0.33915764465928078,-0.29911225182669504,-0.28280537043298992,-0.25784900039434433,-0.25508590042591095,-0.29900159935156506,-0.31992829591035843,-0.33148645361264545,-0.32546952366828918,-0.31883254647254944,-0.30254259705543518,-0.30020703375339508,-0.2751755565404892,-0.27352088689804077,-0.2629600465297699,-0.231167400876681,-0.17397743037768773,-0.10931059842308362,-0.0891442614443162,-0.095397293567657471,-0.12011197825724429,-0.13152436954809016,-0.14907205684908798,-0.09712734465621671,0.0033251676566554904,0.034297197561538192,0.0053719670421856309,0.0016894356940434431,-0.03277584069391732,-0.024687255564788603
-0.05575525682226605,-0.0756479361779122,-0.10274502541992421,-0.28845764178296796,-0.33140503168106078,-0.2491918932646513,-0.23235439459482829,-0.26074736226688733,-0.28596048355102538,-0.31163338489002651,-0.29411077830526566,-0.29826362927754718,-0.29478481837681364,-0.26649466369833263,-0.26282244026660917,-0.2582666700085004,-0.26604909201463062,-0.32656729221343994,-0.34267309308052063,-0.33640038967132568,-0.33049564063549042,-0.30800044536590576,-0.3216218501329422,-0.31390984356403351,-0.28114756941795349,-0.26122891902923584,-0.25298815965652466,-0.21390252709388732,-0.1538210834066073,-0.10425188830670189,-0.099480529364786643,-0.11493773166747655,-0.11111522807764845,-0.090831717256647113,-0.083375837557558632,-0.046473077881299625,0.0,0.0,0.0,-0.011012060128940413,0.020543792430544272,0.0
-0.029627794087581285,-0.1073678064520561,-0.26891000278112365,-0.27044570505619048,-0.23427507494177138,-0.2356755616409438,-0.24468253801266351,-0.27843155562877653,-0.310441921154658,-0.2768011788527171,-0.26349097490310669,-0.25700806081295013,-0.25221823652585346,-0.24474978819489479,-0.24423383176326752,-0.25840448215603828,-0.2990242789189021,-0.34040862321853638,-0.33579845726490021,-0.3419291575749715,-0.3346189558506012,-0.31929710507392883,-0.31802372634410858,-0.3351019024848938,-0.303753986954689,-0.27230632305145264,-0.2481825202703476,-0.20353261878093085,-0.17331893990437189,-0.15879090333526785,-0.15589560238787761,-0.12412853765168361,-0.078713042308912892,-0.022174450858667687,0.0,-0.027911889075767249,0.0,0.0,0.0,0.0,0.0,0.0
-0.13869674424914752,-0.15696430926521618,-0.1260953969680346,-0.11165037850538889,-0.13684821075626782,-0.22150994390249251,-0.27152124212847817,-0.30123495724466109,-0.2845577398935954,-0.26188365866740543,-0.24906919300556182,-0.24178700521588326,-0.23498635987440744,-0.23615227043628692,-0.25183292105793953,-0.269374281167984,-0.29107964038848877,-0.33456904689470929,-0.34622660279273987,0.0,-0.32514593005180359,-0.30309480428695679,-0.32414864003658295,-0.32713873187700909,-0.31538230180740356,-0.2856052964925766,-0.24755775555968285,-0.19782430380582811,-0.17595614393552145,-0.19061555713415146,-0.18357852085640555,-0.10530642050628861,-0.0672023442498097,-0.027868209250552563,0.0,0.0,0.0,0.0,0.0,0.0,0.0,0.0
-0.16747413984700746,-0.14662276637373548,-0.12904583085328342,-0.13751567040498441,-0.14691856638951736,-0.23356116161896631,-0.27288243919610977,-0.26025079190731049,-0.26487055420875549,-0.25021796425183612,-0.23425566405057907,-0.22659177333116531,-0.23754562934239706,-0.25604607909917831,-0.26608529686927795,-0.30661469697952271,-0.33430396020412445,-0.33073262870311737,-0.3161967396736145,-0.32140247523784637,-0.30276265740394592,-0.300911083817482,-0.33476480841636658,-0.30751043558120728,-0.29650509357452393,-0.266438290476799,-0.19891295209527016,-0.16359664897123974,-0.13667422355640502,-0.090671777806204293,-0.091636751116694587,-0.10579054840380632,-0.091505870223045349,0.0,0.0,0.0,0.0,0.0,0.0,0.0,0.0,0.0
