SouthSea_Web/demo/jsonfile/2017-12-15-04.json
{"header": {"parameterUnit":"m.s-1","parameterNumber":2,"dx":0.1,"dy":0.1,"parameterNumberName":"Eastward current","la1":29.0,"la2":12.0,"parameterCategory":2,"lo2":131.0,"nx":250,"ny":171,"refTime":"2017-12-15T04:01:52.5","lo1":106.0}, "data":
[rows 57 to 75 of 171, columns 84 to 125 of 250]
0.0,0.0,0.0,0.0,0.0,0.0,0.0,0.0,0.0,0.0,0.0,0.0,0.0,0.0,0.0,0.0,0.0,0.0,0.0,0.0,0.0,0.0,-0.14827235270128866,-0.30897320486634477,-0.098956552631062566,-0.031986835212897392,-0.098749200954581756,-0.15085592147306348,-0.13795438608315985,-0.20628979285558066,-0.32595128838608906,-0.31477265986236364,-0.29635629661985347,-0.26601094348090037,-0.2380919030734471,-0.27579705272951432,-0.28868473114238846,-0.28790296266476312,-0.26907027512788773,-0.27067032746142811,-0.29569930221353258,-0.317653575629899
0.0,0.0,0.0,0.0,0.0,0.0,0.0,0.0,0.0,0.0,0.0,0.0,0.0,0.0,0.0,0.0,0.0,0.0,0.0,0.0,0.0,0.0,-0.034405000338103328,-0.079479598105397259,-0.10512989140269193,-0.0812264456060426,-0.1296171523490042,-0.15660720548846505,-0.20244213385928062,-0.29474663935028589,-0.31743107608386451,-0.29815336136982357,-0.25960832924553845,-0.20653037925561268,-0.19857550183167824,-0.21114973609264082,-0.22402362181590155,-0.18862702697515488,-0.19279995188117027,-0.17135475277900697,-0.17182749683658283,-0.1998376088036645
0.0,0.0,0.0,0.0,0.0,0.0,0.0,0.0,0.0,0.0,0.0,0.0,0.0,0.0,0.0,0.0,0.0,0.0,0.0,0.0,0.0,-0.021095142932608724,-0.099100690746966466,-0.093357252060539186,-0.10600167186113826,-0.12732319777662104,-0.16992423394504858,-0.20873569821317992,-0.3083911355660886,-0.32521311418954718,-0.31073843439420062,-0.254873207499904,-0.20083347388676234,-0.170759419798851,-0.19355013221502304,-0.21753333446880183,-0.17393184985433305,-0.16079469566995447,-0.11305742808010268,-0.10070495501160622,-0.1120778455470617,-0.1227937530450247
0.0,0.0,0.0,0.0,0.0,0.0,0.0,0.0,0.0,0.0,0.0,0.0,0.0,0.0,0.0,0.0,0.0,0.0,0.0,-0.054052545378605522,0.0,-0.083694532513618469,-0.053948824143698136,-0.092133445527266572,-0.14867911158272854,-0.18350520461797715,-0.20612653550949503,-0.27309474216567148,-0.35237200521841283,-0.33871012263827854,-0.30946847590906867,-0.26405370448316845,-0.20940907575466014,-0.17609879633654718,-0.19213643918434778,-0.20803042461997584,-0.19015228665537304,-0.10059013403952122,-0.1454759749273459,-0.11436888619380839,-0.15011665225028992,-0.17827415950596331
0.0,0.0,0.0,0.0,0.0,0.0,0.0,0.0,0.0,-0.017076427533217045,0.0,0.0,-0.026197723964670377,-0.022746882246186335,0.0,0.0,0.0,0.0,-0.061513688320806927,-0.06497457973295595,-0.092013609953797787,-0.11942195067884492,-0.14794599471820724,-0.20695743475247314,-0.2150611895687726,-0.22537970572710037,-0.26334661037422891,-0.34521860865558068,-0.36090047491921318,-0.32584915468187042,-0.300699798045335,-0.26256842076778414,-0.21414737742055545,-0.16764125227928162,-0.13258493061249072,-0.12013576065118496,-0.13956983793865552,-0.09100370790110901,-0.084026636711011335,-0.12786519837876162,-0.10182377851257722,-0.011474856975837611
0.0,0.0,-0.00037093665741849691,0.0057251056433706938,0.014327879063386393,0.012245041315582322,-0.0048550791486705065,-0.0073311042561165574,-0.00528561137389041,-0.026604530645989718,-0.054482802093423009,-0.014415542150593617,-0.053985320577131853,-0.051875385564860994,-0.049421792640350758,-0.18219604037511042,-0.15972225380236985,-0.16554841029574163,-0.16646716065371214,-0.18467196139196554,-0.21497353710807288,-0.25129561567748032,-0.268542397235121,-0.27283781558275222,-0.28612726837396624,-0.31988095243771869,-0.36582665210184845,-0.37311410572793746,-0.33845591303464528,-0.328490985016669,-0.29469761142024287,-0.23063870342004866,-0.18988105128793156,-0.16320204403665331,-0.13233483768999577,-0.083273190666328781,-0.051400873894718563,-0.10282593173906207,-0.031830611793945231,0.08775185708972541,0.099054850504866662,0.08005910863478978
0.0,-0.0048787292107590474,-0.00080798954157111766,-0.010412538445754243,0.0,0.040099005760341117,-0.014349164491805519,-0.046736124991976581,-0.033841219647541596,-0.039773564785167477,-0.041787168081447654,-0.049237887849537372,-0.10709786859514688,-0.22188328537676069,-0.27956994355190545,-0.31459880925592831,-0.32476685735686073,-0.32006741824902984,-0.32962689509517268,-0.34172509715222477,-0.33136820351635971,-0.32707326141270726,-0.3379240445062226,-0.35598135637302025,-0.3717113770544529,-0.40449643473733554,-0.41095179928974673,-0.383351071249871,-0.34616585601778593,-0.2900520445722522,-0.22336403452433074,-0.18628616347199395,-0.1339660887606442,-0.11196734425094393,-0.14194137677550317,-0.10076704062521458,-0.098733353945944041,-0.027747952172325716,0.015828989329747856,-0.023072148931937084,-0.0058524854895141386,-0.014161299401894211
-0.01806409666166572,-0.015250008158930118,-0.024002086839044007,-0.024404449517505367,-0.053906412799002941,-0.090034446174254767,-0.12731600833469875,-0.17495471481348107,-0.21022469729737,-0.22643174838672564,-0.22651436179876328,-0.22112246648764905,-0.31782737464071759,-0.36936918958540887,-0.408160825244716,-0.43986695848013224,-0.47195812049558605,-0.5097874587232416,-0.51112909066049672,-0.47559426175920588,-0.42328300327062607,-0.44438607825173271,-0.45727602316408739,-0.4667501261039656,-0.4978732794523239,-0.4599958220306708,-0.3755310651930896,-0.30558908730745316,-0.26800921833828878,-0.23885600724154049,-0.18227932900190352,-0.13940378744155169,-0.12745128870010375,-0.10998685072575297,-0.10313004441559315,-0.1087077504822186,-0.12086495198309422,-0.11865916351477306,-0.14703704044222832,-0.16375445148774556,-0.22457571008375712,-0.3694409600325993
-0.07503027854159823,-0.041971822263622019,-0.032279367800091989,-0.059466091058285084,-0.093293813004579756,-0.20953460244904038,-0.24950484082449315,-0.31331797016243779,-0.3538106304818186,-0.39289301734859661,-0.40528750135785058,-0.39151101208785,-0.41607743590625362,-0.44965470442548394,-0.50593046768236971,-0.58483037703177509,-0.67790977491272819,-0.68157760412604718,-0.62731848088177766,-0.61514861475337634,-0.53985853195190425,-0.51866255672472827,-0.4827912696279012,-0.46262375532456163,-0.40856818082156005,-0.3378209825605154,-0.3292698860168457,-0.28293176212658483,-0.21968319250477686,-0.19297768209468236,-0.1664143605157733,-0.14775886071416047,-0.15562689369139465,-0.18091495335102081,-0.16524811089038849,-0.16125891038349696,-0.16750760163579667,-0.19500825057427088,-0.28475234409173328,-0.36914494633674622,-0.4101425766944885,-0.46644138012613567
-0.10121820429508405,-0.043268264381558355,-0.053129229251007555,-0.10739554681305821,-0.2018468473707476,-0.2634021096815497,-0.33351410826047262,-0.39257409506373936,-0.4830137964557199,-0.59706656421933857,-0.6130254016868,-0.585082367559274,-0.56786788903897811,-0.55361796525808482,-0.61591306020473613,-0.72324226336045694,-0.68798773189385731,-0.662317903978484,-0.65017917200371067,-0.63205446763472128,-0.59950797512846177,-0.55380445307698745,-0.517039126625248,-0.47908309675179994,-0.44406673819460768,-0.3668952797140394,-0.34897647694099782,-0.313865200893299,-0.30513039575173306,-0.29566544805254252,-0.26331405448062078,-0.24335604093291544,-0.26084716204139924,-0.255596755870751,-0.25400212034583092,-0.26075712910720278,-0.25684059783816338,-0.30045268365315031,-0.33475472245897564,-0.34524064511060715,-0.32178915788729984,-0.35330107311407727
-0.093688892025072787,-0.18438431748779871,-0.18398531774679819,-0.18375685613821535,-0.29064177128217988,-0.34385770228173995,-0.4376368330696882,-0.51809264421463008,-0.59290423075998988,-0.53981272558696936,-0.542540967464447,-0.57080792387326562,-0.61583065683558835,-0.61184608191251755,-0.67067240584980359,-0.71251564610887452,-0.58614858674506343,-0.56110766955784386,-0.591410212791883,-0.5588867640962788,-0.53316686530502477,-0.506850370338985,-0.49897315435939366,-0.47576480874648464,-0.46009513808459768,-0.43036151443208964,-0.42366443077723187,-0.3862715299640383,-0.35565268512695064,-0.30761709277118954,-0.28552612791890686,-0.2889720162619715,-0.30538935253494665,-0.34243706067403157,-0.34388126318271345,-0.33376947376463151,-0.27856653432051343,-0.25709400475025179,-0.2413846030831337,-0.25329427917798358,-0.20543125697544643,-0.22134982943534851
-0.22330494623444255,-0.258193471884153,-0.25400797298385036,-0.27681650808363251,-0.42387280991820037,-0.50429129844806231,-0.518226469201701,-0.5252418088710914,-0.50783462910091171,-0.5443925946316821,-0.5771877845128377,-0.55132758490582734,-0.52483786766727769,-0.50575947153324985,-0.47344061542064586,-0.38139381342464024,-0.33373720198869705,-0.34698505542780222,-0.38137215214806636,-0.37840004307883124,-0.39993024485952716,-0.4036974310874939,-0.38993758360544839,-0.42029737342487683,-0.42190485234771458,-0.40684321728245965,-0.36823443855558124,-0.33883216425224588,-0.30905264616012573,-0.27549107807377976,-0.26010045409202576,-0.23426763951778412,-0.2409109330177307,-0.2981414387100621,-0.29935248081500715,-0.27936714481223712,-0.17996178101748228,-0.16824284515210561,-0.1355168175780111,-0.069789823581231758,-0.011696812386314074,-0.08446436608210206
-0.29908676490639197,-0.36927363117535911,-0.35878531138102215,-0.36060038256266763,-0.39252304236094154,-0.40516491260444909,-0.48797022483565589,-0.54790100714434753,-0.5613583247912558,-0.56099139981799651,-0.55318904103654809,-0.54705812968313694,-0.512872384985288,-0.48316311836242676,-0.44188512365023297,-0.36703941332442419,-0.3150589846331498,-0.29993892874982619,-0.28618749124663218,-0.30735454335808754,-0.28530732169747353,-0.2700801896197455,-0.29393982390562695,-0.33561819894560452,-0.34302734870177048,-0.34452045422333938,-0.3381101202081751,-0.35271999628647516,-0.25751830361507555,-0.17787014010051885,-0.19714002425854021,-0.14960012833277384,-0.16802440087000528,-0.37544306947125328,-0.45477410975624533,-0.33957073216636974,-0.14835775891939798,-0.056676255461449422,0.033994508483870464,0.11618944392962889,0.1421582130715251,0.14333547545330866
-0.31244279901186628,-0.41985183240662161,-0.45715220416745833,-0.41742288398331612,-0.36740734997917623,-0.33510934059009995,-0.33512891865358119,-0.39096506138642628,-0.42135491582655138,-0.43714705961091177,-0.432800840139389,-0.41227050354847539,-0.42169589466518825,-0.39347712007852703,-0.33635661005973816,-0.32871179511913884,-0.314150197165353,-0.27458616747305942,-0.24458176580568156,-0.22834755054541997,-0.20208679194803592,-0.14565969401827225,-0.10888782831338736,-0.12328505802613038,-0.16647549532353878,-0.23546650463884528,-0.23046916563596046,-0.17797717679291963,-0.15111685796784094,-0.10609819772450821,-0.15035682495521463,-0.1840412306288878,-0.27312433790592922,-0.48460906273440313,-0.39466043668133871,-0.2269729604323705,-0.1256091776303947,-0.039919619213413589,0.017693639351637102,0.0925506545851628,0.14051955027712715,0.17403592169284821
-0.26281531310793177,-0.29740160847863845,-0.4113464850571848,-0.46314927403415951,-0.43997679072983409,-0.38922555020877292,-0.323207167848464,-0.26248254268257704,-0.22519912819067636,-0.19477085711864325,-0.18588934322962394,-0.21580997338661781,-0.27588925350989613,-0.25614167176760161,-0.25554541977388517,-0.28385801040209258,-0.32654214978218077,-0.36532176979656877,-0.34101049780845644,-0.26266939831631525,-0.18195878075701849,-0.15270295552909374,-0.11652554598237787,-0.1050283901136497,-0.13962243124842644,-0.24318920627788263,-0.19690494184140805,-0.021165969126202441,0.0636092854412989,-0.051615980781476806,-0.21216032281517983,-0.19440110263071561,-0.18381029838009885,-0.22448658239510325,-0.21675074363456054,-0.23408435986322515,-0.097909160396632028,-0.026995829600644738,0.026190875050484796,0.086796765526135758,0.13908798024058341,0.17276639789342879
-0.23656616201906494,-0.22590384564616464,-0.23995290746291478,-0.31474020803461267,-0.367120039386627,-0.37913718242799083,-0.35709879948542667,-0.31616074763811552,-0.24928993814521366,-0.19063841044902802,-0.14219855737906914,-0.0990166520843139,-0.097732875624607349,-0.14440547408802168,-0.2255306595138141,-0.2753590079290526,-0.37542881468931832,-0.38307028700565471,-0.27775110850731533,-0.2191634291204913,-0.16349501482078008,-0.072901720897061748,-0.15595671112338702,-0.23255279633615697,-0.24986105479977347,-0.24150871219379561,-0.11779590349259048,-0.034107369956849466,-0.083676883780684039,-0.11499073607329693,-0.0819816040367676,-0.057685690466314554,0.0137119215214625,-0.013198674645363576,-0.1363688452463401,-0.20996714690152338,-0.091618606820702553,8.3112083375453947E-05,0.075876751491291958,0.090784028870984912,0.0900125030714732,0.13271795792712104
-0.31457156776371648,-0.26501095320208595,-0.21712320711877611,-0.17024961275898892,-0.15549462054456983,-0.19186105259827205,-0.22259801439940929,-0.23942744621524104,-0.20088787962283408,-0.14732822886219732,-0.11835225616340284,-0.0978213007060381,-0.094949323950069289,-0.11540999396571092,-0.21345101553818274,-0.37646930160061004,-0.43186577024130984,-0.39508043365045026,-0.36418560333549976,-0.20729142832843697,-0.088062489721778547,-0.18272245432617087,-0.33194071097033362,-0.29794995802821533,-0.21847331606679493,-0.152752200988206,-0.13008693256415427,-0.14794241869822145,-0.31715704706208458,-0.26431190701467649,-0.15886855471347058,0.05641099764034152,0.09341524893154754,-0.0034160392507064071,-0.10841575939030874,-0.15402202521051681,-0.10381247546701204,-0.041893762312829493,0.0065828646416775886,0.013256208396342117,0.035270085403074823,0.11310286223888397
-0.32530632411891763,-0.32535800944875787,-0.306514047795818,-0.24997270147542697,-0.18894723430275917,-0.15041400641202926,-0.12264296078476412,-0.11044018498311441,-0.089085711596103817,-0.1488907003292331,-0.20859752871372081,-0.23152993773591929,-0.22955801444394247,-0.1820540726184845,-0.2777962217728297,-0.37419504696323025,-0.42674888856709003,-0.410603396097819,-0.20897932332291297,-0.12135150420686437,-0.33287534117698669,-0.44883539527654648,-0.40888650193810461,-0.26960965227789996,-0.19856655597686768,-0.21178830178772531,-0.20499727709425819,-0.31149386351599412,-0.42914866787545819,-0.40040117296679267,-0.22395256521372958,0.0050996149317749468,-0.038854666821862338,-0.1608376283943653,-0.21273978054523468,-0.19930408716201783,-0.17085234359616325,-0.055858743637800218,-0.024569692682813515,-0.087092063203454015,-0.051839957765948311,0.093474826690825547
-0.24830932915210724,-0.262684002932575,-0.2658419708410899,-0.25205786724885304,-0.20070858145582265,-0.15871527254581452,-0.1245195705975805,-0.082529066503047949,-0.10603898790265832,-0.19119051816286864,-0.27062978308934432,-0.25586841640801267,-0.20272046087249632,-0.20514159044250846,-0.261995404958725,-0.36395592732088905,-0.33589447206921047,-0.19084334163926542,-0.048708376243233771,-0.25671407651333583,-0.4573150755361069,-0.4775226738717821,-0.42162088776121331,-0.21166651782601378,-0.15267428359452714,-0.0830772859493057,-0.10309523950664974,-0.39182999875487351,-0.570300131230741,-0.43762591390898731,-0.18704540594931571,-0.088884984675262652,-0.10658977381311931,-0.11998356534884526,-0.14613155382020132,-0.19366128268566998,-0.14901489764451981,-0.067662773498644427,-0.078214732557535166,-0.16576191876083612,-0.12246369441541341,0.00091850213621827686
