SouthSea_Web/demo/jsonfile/2017-12-16-15.json
{"header": {"parameterUnit":"m.s-1","parameterNumber":2,"dx":0.1,"dy":0.1,"parameterNumberName":"Eastward current","la1":29.0,"la2":12.0,"parameterCategory":2,"lo2":131.0,"nx":250,"ny":171,"refTime":"2017-12-16T15:00:00","lo1":106.0}, "data":
[rows 114 to 132 of 171, columns 168 to 209 of 250]
-0.31788348190246091,-0.31575519715746242,-0.26848712304364081,-0.24524211212992669,-0.28268884122371674,-0.27020840434467092,-0.24556992761790752,-0.21054972269955805,-0.17261680158284995,-0.136955426633358,-0.1234155637877328,-0.1364566132426262,-0.1525212973356247,-0.17533048987388611,-0.18313956633210182,-0.17270615696907044,-0.16162743667761484,-0.15450005233287811,-0.19094924628734589,-0.21413131058216095,-0.2319587767124176,-0.24895092844963074,-0.24613188207149506,-0.253929503262043,-0.25148424506187439,-0.24018307030200958,-0.22533196210861206,-0.21162623167037964,-0.18359547853469849,-0.16225961595773697,-0.14812326431274414,0.0,-0.1303536593914032,-0.096638597548007965,0.0,-0.056929957121610641,0.0,0.017633654177188873,0.028002481907606125,0.05708041787147522,0.03080248087644577,0.023678453639149666
-0.32437598066670553,-0.31199265740535875,-0.28133023636681692,-0.23365758657455443,-0.24592539254162046,-0.24052288196980953,-0.20836209286661708,-0.19015327990055084,-0.16214914213527332,-0.14808807841369084,-0.17086298338004521,-0.20928572118282318,-0.23178482055664063,-0.24234814941883087,-0.24157754331827164,-0.21131941676139832,-0.18264362215995789,-0.16795592755079269,-0.19491183757781982,-0.20244184881448746,-0.21529620885849,-0.24576769769191742,-0.2564212754368782,-0.26211437582969666,-0.253637433052063,-0.25165760517120361,-0.23266569525003433,-0.23644496500492096,-0.190290167927742,0.0,-0.14477603137493134,-0.13133141398429871,0.0,-0.12695561349391937,-0.064517609775066376,0.0,-0.0016248247484327294,0.039048593491315842,0.013268164359033108,0.019969791173934937,0.0,0.0093068657442927361
-0.35557306005108741,-0.32865198311351596,-0.29423161631538752,-0.26568811014294624,-0.22972369939088821,-0.21733824908733368,-0.17430668572584787,-0.15875480572382608,-0.14688489772379398,-0.15954428059714182,-0.21908724009990693,-0.26275478303432465,-0.2951684792836507,-0.29955485463142395,-0.30282966295878094,-0.26571325957775116,-0.23114190250635147,-0.2147812694311142,-0.19747336953878403,-0.20573857426643372,-0.21957109868526459,-0.22159306704998016,-0.26176978647708893,-0.26674911379814148,-0.262521430850029,-0.26797404885292053,-0.24686155468225479,-0.23170515894889832,-0.20006190240383148,-0.15886005759239197,-0.12943585216999054,-0.1174454353749752,-0.11055263131856918,-0.097258217632770538,-0.056626146659255028,-0.0016424289206042886,0.0,0.034927699714899063,0.0,0.0335569866001606,0.024175073951482773,0.0
-0.32521854837735492,-0.3156605609085249,-0.27796472216907303,-0.26450433275278878,-0.21200300157070159,-0.16901674773544073,-0.15064441288510957,-0.15720305467645326,-0.14875819981098176,-0.18462988485892615,-0.24011844769120216,-0.28428725600242616,-0.328018178542455,-0.35056088864803314,-0.34434941411018372,-0.31628291805585224,-0.27449116110801697,-0.24707923084497452,0.0,-0.21437611430883408,-0.1793777272105217,-0.19926787912845612,-0.24205924570560455,-0.24278900027275085,-0.22673401981592178,-0.2178124338388443,-0.19773846119642258,-0.18352138996124268,-0.17032912373542786,-0.13093476742506027,-0.11223483085632324,-0.1038968563079834,-0.093175407499074936,-0.047062497586011887,-0.053545653820037842,0.0060352603904902935,0.0093464851379394531,0.011980088427662849,0.020115451887249947,0.008897116407752037,-0.0016591905150562525,-0.021579692140221596
-0.25884817281494971,-0.26840328886395409,-0.2208618875592947,-0.2124754975239436,-0.17872499780995504,-0.13918890697615488,-0.15539607902367911,-0.18059217681487402,-0.17388513088226318,-0.21030362322926521,-0.27718573063611984,-0.31342114508152008,-0.34116052091121674,-0.37095287442207336,-0.37181985378265381,-0.35575301945209503,-0.32632574439048767,-0.29728430509567261,-0.25129116326570511,-0.20436159521341324,-0.17699005454778671,0.0,-0.19941249489784241,-0.20263025164604187,-0.16129390895366669,0.0,-0.14790581166744232,-0.13917817175388336,0.0,-0.094512641429901123,-0.0754106268286705,0.0,-0.064432486891746521,-0.035478070378303528,0.0,0.0031149722635746002,0.0,0.012031127698719502,0.0048124776221811771,0.0,-0.013574235141277313,0.0
-0.20097445493394678,-0.24144766874173107,-0.21597255890568098,-0.20531871318817138,-0.18171951547265053,-0.16439847009522574,-0.19722180441021919,-0.2259352927406629,-0.22468639612197877,-0.25126302242279053,-0.29510719776153566,-0.33315521478652954,-0.36888116598129272,-0.39323297142982483,-0.39260347187519073,-0.37375490367412567,-0.3471272736787796,-0.30099806189537048,-0.25990378856658936,-0.24352920055389404,-0.20441731065511704,-0.18564010411500931,-0.1925853043794632,0.0,-0.16781418770551682,-0.13745108246803284,0.0,-0.12130772322416306,-0.086175493896007538,0.0,-0.08285243809223175,-0.044040344655513763,0.0,-0.006496865302324295,0.039863087236881256,0.0,0.030775438994169235,0.0,0.0031619600486010313,-0.013040155172348023,0.0,-0.030340185388922691
-0.16764764594180243,-0.21424107930876993,-0.22540828721089798,-0.22296160012483596,-0.2078052580356598,-0.21644548575083414,-0.24868248154719672,-0.26104822329112459,-0.26293288667996723,-0.28262222558259964,-0.31309254467487335,-0.34664949774742126,-0.38449258605639142,-0.40606173872947693,-0.40434439480304718,-0.38715079426765442,-0.3472493439912796,-0.29007887840270996,-0.31220003962516785,-0.26733365654945374,-0.21499833464622498,-0.20104964077472687,0.0,-0.18143539130687714,-0.13453812897205353,-0.087299086153507233,-0.0635814368724823,-0.031445965170860291,-0.013835645077051595,-0.029322773218154907,-0.0055957948789000511,0.011604613624513149,0.0,0.047067464329302311,0.042537413537502289,0.07195841521024704,0.023850832134485245,-0.012604334391653538,-0.019294761121273041,-0.050354825332760811,0.0,-0.067421659827232361
-0.14281435890330207,-0.19775642082095146,-0.21638443879783154,-0.22781695922215781,-0.2395300380885601,-0.2597491244475047,-0.28739209969838458,-0.28690725564956665,-0.28725903630256655,-0.3122042790055275,-0.33546581864356995,-0.35589461028575897,-0.385617196559906,-0.39140865206718445,-0.38715041677157086,-0.379718542098999,-0.35389435291290283,-0.31586144864559174,-0.29689717292785645,-0.2298763170838356,-0.15665203332901,-0.15310130268335342,-0.12659042701125145,-0.093374148011207581,-0.045236657373607159,-0.028433244675397873,0.023289095610380173,0.025160680757835507,0.0450604222714901,0.0,0.040397331118583679,0.064756244421005249,0.0,0.10793572664260864,0.087970003485679626,0.0,0.017692310735583305,0.0,-0.036119084805250168,0.0,0.0,0.0
-0.15470622790356478,-0.20078983157873154,-0.21927138004038069,-0.23781379560629526,-0.26861656705538434,-0.30322429537773132,-0.32964800298213959,-0.3275553286075592,-0.34563953280448911,-0.34952767193317413,-0.36638292670249939,-0.37895449250936508,-0.38575548678636551,-0.37519487738609314,-0.36421535909175873,-0.36248719692230225,-0.35029688477516174,0.0,-0.31902263561884564,-0.27080835402011871,-0.23800544440746307,-0.16877900809049606,-0.096049662679433823,-0.057669047266244888,-0.0015599704347550869,0.0,0.07884148508310318,0.11917514353990555,0.0,0.083876017481088638,0.10464893653988838,0.0,0.12949807941913605,0.14226318895816803,0.0,0.081999480724334717,0.0,-0.011668145656585693,-0.067228958010673523,-0.094493590295314789,-0.11380060017108917,-0.10033800452947617
-0.18195724080909381,-0.1965027494089944,-0.21865808467070261,-0.25925824259008678,-0.293198029200236,-0.33327841758728027,-0.36601030329863232,-0.38511955738067627,-0.40728916972875595,-0.39839673042297363,-0.39997535198926926,-0.406297634045283,-0.41328063607215881,-0.3901810348033905,-0.38806645572185516,-0.396249458193779,-0.38331438601017,-0.36541344225406647,-0.33887171745300293,-0.28798474371433258,-0.20115704089403153,-0.11517529934644699,-0.061738843098282814,0.010939390398561955,0.032471295446157455,0.092040445655584335,0.1490476131439209,0.0,0.14898571372032166,0.15303653478622437,0.0,0.18502704799175263,0.17844142019748688,0.15563243627548218,0.15567873418331146,0.087983351200819016,-0.0011235589627176523,-0.02737804502248764,-0.077347695827484131,-0.089979797601699829,-0.13043904304504395,-0.12511250376701355
-0.22986821830272675,-0.24022603482007982,-0.2499255146831274,-0.27814231999218464,-0.31965665519237518,-0.36312106996774673,-0.39027118682861328,-0.4212036058306694,-0.42743542790412903,-0.42368672788143158,-0.42377389470736188,-0.42580874760945636,-0.42403995245695114,-0.42704556385676068,-0.41933256387710571,-0.4076710045337677,-0.38245017826557159,-0.33632634580135345,-0.30270278453826904,-0.24400937557220459,-0.16622339934110642,-0.057357857003808022,0.022711826488375664,0.063491635024547577,0.12350781634449959,0.0,0.16702219843864441,0.2143196165561676,0.21717490255832672,0.20628161728382111,0.26428720355033875,0.2503635585308075,0.23509059846401215,0.22851714491844177,0.18972086906433106,0.11157670617103577,0.0,9.8136792075820267E-05,-0.0809304416179657,0.0,-0.13725250959396362,0.0
-0.29679791629314423,-0.30167176988389754,-0.31352543085813522,-0.33545541266600293,-0.3653232604265213,-0.38480956107378006,-0.404330712556839,-0.41905300319194794,-0.42721837759017944,-0.42273441702127457,-0.42748000224431354,-0.425785352786382,-0.41726574301719666,-0.41875170171260834,-0.40633400281270343,-0.38415442407131195,-0.33783125877380371,-0.26608625054359436,-0.24495446681976318,-0.17676814645528793,-0.070439977571368217,0.0062124612741172314,0.10008688643574715,0.157640740275383,0.2133772075176239,0.2564239501953125,0.23046700656414032,0.28972840309143066,0.3560594916343689,0.34542602300643921,0.32881399989128113,0.32211685180664062,0.0,0.26080402731895447,0.17184261977672577,0.0,0.070268437266349792,0.0,-0.025888696312904358,-0.10628324002027512,0.0,-0.14449925720691681
-0.32688482850790024,-0.32960638132962311,-0.35327460699611241,-0.39061459898948669,-0.40171212809426443,-0.41961230337619781,-0.42788584232330323,-0.43177451491355895,-0.44051072994867962,-0.43449142575263977,-0.42297444740931195,-0.40869471430778503,-0.39000122249126434,-0.3894542356332143,-0.35854089260101318,-0.33966432511806488,-0.30270867049694061,-0.27309225499629974,-0.1890235592921575,-0.091996874660253525,-0.0058304495178163052,0.078567236661911011,0.16040658950805664,0.25384464859962463,0.29195104539394379,0.36592009663581848,0.37150627374649048,0.37526717782020569,0.44832955300807953,0.0,0.46573349833488464,0.40203195810317993,0.31338435411453247,0.0,0.22723497450351715,0.1338849812746048,0.096527725458145142,0.044353242963552475,-0.010614312486723065,-0.090428844094276428,-0.090181604027748108,-0.1474655419588089
-0.33955525358517963,-0.34914304316043854,-0.39026444032788277,-0.445677500218153,-0.45480541388193768,-0.46206331253051758,-0.46098624914884567,-0.4595935046672821,-0.45790981749693555,-0.44031259417533875,-0.40257541090250015,-0.36722800135612488,-0.34444989760716754,-0.3568529486656189,-0.32276689012845355,-0.28478989998499554,-0.25339039415121078,-0.20393416782220206,-0.13785039633512497,-0.056727251037955284,0.061249935999512672,0.1529126912355423,0.25195368379354477,0.34904563426971436,0.39899522066116333,0.44316178560256958,0.50205647945404053,0.0,0.5628846287727356,0.55736199021339417,0.50677722692489624,0.0,0.39621765911579132,0.32299229502677917,0.25454697012901306,0.1776779517531395,0.096070468425750732,0.053200788795948029,0.02352556400001049,-0.025634577497839928,-0.0738355815410614,0.0
-0.38964884728193283,-0.40702911549144322,-0.45641178886095685,-0.50722262689045494,-0.52971145510673523,-0.52999189496040344,-0.51166696101427078,-0.50493751466274261,-0.48066685597101849,-0.46048336625099184,-0.41621099114418031,-0.35728103915850323,-0.31628585606813431,-0.29174622893333435,-0.26448037226994831,-0.23378725349903107,-0.19012916088104248,-0.12206851318478584,-0.086908135563135147,-0.0095680789090693,0.09431881457567215,0.21271645029385886,0.0,0.34991146127382916,0.4532877504825592,0.53824669122695923,0.55152451992034912,0.59329319000244141,0.64271125197410583,0.0,0.60642680525779724,0.57739061117172241,0.49334736168384552,0.3782656192779541,0.33870843052864075,0.24255077540874481,0.12366575747728348,0.0,0.04625706747174263,-0.0342201292514801,0.0,-0.054185587912797928
-0.46163084357976913,-0.49966175481677055,-0.51776652932167055,-0.566943367322286,-0.58165019750595093,-0.58299919962883,-0.56913031140963233,-0.54251554012298586,-0.51681631803512573,-0.49400755017995834,-0.43834367990493772,-0.388362059990565,-0.32852767407894135,-0.26501812785863876,-0.20968279987573624,-0.17788752913475037,-0.12778748323520026,-0.065494325011968613,-0.015759142115712166,0.035567207727581263,0.12915976718068123,0.21978989243507385,0.31042775511741638,0.41859903931617737,0.475085124373436,0.55266287922859192,0.60302674770355225,0.65997689962387085,0.0,0.68146172165870667,0.68026608228683472,0.61677691340446472,0.51594358682632446,0.0,0.38427367806434631,0.2267247810959816,0.0,0.094760335981845856,0.032346166670322418,-0.012427126988768578,-0.0029683399479836226,-0.057557746767997742
-0.54255582392215729,-0.56470740692956112,-0.58318162957827246,-0.614114088671548,-0.61703320741653445,-0.61010278463363643,-0.60373704632123315,-0.57983408371607459,-0.543017303943634,-0.48763351639111835,-0.439274400472641,-0.40125040411949159,-0.34778235356012982,-0.27847351133823395,-0.20431243379910788,-0.14268755912780762,-0.073571264743804932,-0.01671511974806587,0.027623491982618969,0.0802759478489558,0.15533611923456192,0.25603868812322617,0.34867046773433685,0.42883223295211792,0.50652989745140076,0.57605302333831787,0.63355040550231934,0.61722767353057861,0.6741255521774292,0.69903841614723206,0.70169746875762939,0.66362392902374268,0.0,0.50145223736763,0.35559108853340149,0.0,0.22055396437644959,0.12987389042973518,0.065044082701206207,0.059562597423791885,0.0365457646548748,0.0025979243218898773
-0.59389512737592065,-0.60960831812449867,-0.61928151051203406,-0.62974941730499268,-0.63306236267089844,-0.62317086259524024,-0.60968899726867676,-0.5809517502784729,-0.53583954572677617,-0.48452929159005481,-0.44722042481104535,-0.41379445294539136,-0.36851749420166013,-0.32407244046529132,-0.26834696531295776,-0.19143260121345521,-0.092910632491111755,-0.01721569150686264,0.031223837286233902,0.070321876555681229,0.13987496495246887,0.23902745544910431,0.35122033953666687,0.43179959058761597,0.508133590221405,0.52534699440002441,0.603625476360321,0.64410841464996338,0.68290916085243225,0.68738853931427,0.0,0.66486340761184692,0.58605748414993286,0.47496238350868225,0.39996480941772461,0.30594146251678467,0.24332115054130554,0.16245618462562561,0.079780906438827515,0.0,0.070403067395091057,0.0
-0.617816319068273,-0.62669897079467773,-0.62196694953101017,-0.62416160958153866,-0.6266494020819664,-0.62200804551442468,-0.59700529064450947,-0.5578078031539917,-0.51917799313863122,-0.47756655514240265,-0.442859879561833,-0.42318984866142273,-0.394899919629097,-0.34825219710667926,-0.29768996834754946,-0.21871026232838631,-0.12088591357072194,-0.025640925392508507,0.01722281953940789,0.091714903712272644,0.16926857084035873,0.25977179408073425,0.29887546598911285,0.36598406732082367,0.40842777490615845,0.48177385330200195,0.56815367937088013,0.62046605348587036,0.65317991375923157,0.66304150223732,0.6595243513584137,0.62116533517837524,0.0,0.4994816929101944,0.44784063100814819,0.35731637477874756,0.270896852016449,0.0,0.17088060081005096,0.10319618880748749,0.0,0.09602852538228035
