SouthSea_Web/demo/jsonfile/2017-12-16-00.json
{"header": {"parameterUnit":"m.s-1","parameterNumber":2,"dx":0.1,"dy":0.1,"parameterNumberName":"Eastward current","la1":29.0,"la2":12.0,"parameterCategory":2,"lo2":131.0,"nx":250,"ny":171,"refTime":"2017-12-16T00:00:00","lo1":106.0}, "data":
[rows 38 to 56 of 171, columns 126 to 167 of 250]
0.0,0.0,0.0,-0.25322271663592094,0.026549184036248171,-0.056401196091125406,-0.32309554206828278,-0.20826031712184107,-0.25828656593638816,-0.45752410680331568,-0.537570808082819,-0.74487022179014539,-0.69083444505441383,-0.60691663512477168,-0.63072252156687714,-0.66204787676150978,-0.66265580919053824,-0.6306112800773821,-0.6051845936214223,-0.56647259593009947,-0.5481069159507751,-0.56124067783355713,-0.53539380644048962,-0.5260229364914053,-0.51182583922689606,-0.48167111564959797,-0.59285134293031,-0.49990061944366521,-0.16087021514141917,-0.042238201946020126,-0.23905990342609584,-0.32816565435459316,-0.43393506275792904,-0.2379393443281268,-0.35258483257558609,-0.31744112683968112,-0.24460316189762318,0.00098330172622809178,0.018072596446828633,-0.092192700185643683,-0.22315603144028606,-0.28355691778032405
0.0,0.0,0.0,-0.33611667071477519,-0.52696897281716981,-0.38620801471480615,-0.32588489669147863,-0.35654257218807173,-0.41966833496073475,-0.6798267681961474,-0.68117762095219381,-0.60674868369924606,-0.52115828720006074,-0.5056024102532134,-0.56611529205526623,-0.6298332782678826,-0.63077204655378294,-0.58588221759507153,-0.54201490456058132,-0.51859512814769038,-0.47930040955543518,-0.45460731642586844,-0.3826765537261963,-0.33429516613483429,-0.44916485304182224,-0.63748283535242078,-0.60403451086445292,-0.50909971954330568,-0.022125429987563224,0.0022714630288716694,0.0,-0.019225113652646543,-0.30708459018626144,-0.15754596854268171,-0.2682077536653531,0.2344792997195887,0.1257200577370399,0.21833119777341684,0.2263148415547151,0.12239136335185984,-0.074915109496367607,-0.23190659563988447
0.0,0.0,0.0,-0.17204190584609988,-0.12822752606765184,-0.40884116833546646,-0.38498272907500175,-0.371286534704268,-0.43625447297670755,-0.53538953546267842,-0.54147663859070327,-0.48865592817090592,-0.47949774861335753,-0.47399720549583435,-0.5013650089502335,-0.55830963137673173,-0.54034816101193428,-0.50759173503943855,-0.48453961685299873,-0.44103893876075745,-0.37571176003526757,-0.33263068093407538,-0.24254598243291989,-0.15365191068696349,-0.313807334479512,-0.47991177439689636,0.0,0.0,0.0,0.0,0.0,0.0,0.0,0.10868389003219144,0.285431596928075,0.44229133252973679,0.28537983351793045,0.42464517376252581,0.459655388043477,0.25395916673270141,0.026471543847583233,-0.14681972414255143
-0.31360165850461558,-0.1863849689718336,-0.30368352406436488,-0.15434732926880843,-0.14281148982516836,-0.23905192943264361,-0.31224941029664011,-0.35158766679844616,-0.40083302213595462,-0.39182013077814071,-0.30820420808067511,-0.28339796406882151,-0.39176423520576664,-0.46206852131419712,-0.454924829517092,-0.45854200143367052,-0.474728151642043,-0.45591947539099331,-0.39209283888339996,-0.34135954425885129,-0.28713867171057339,-0.16927859421287264,-0.069017895609639321,-0.13674684317351962,-0.24356764111969922,0.0,0.0,0.0,0.0,0.0,0.0,0.0,-0.031918113934807479,-0.045098289957230676,0.23997601372788527,0.42055434550879134,0.53813550139174737,0.59389253777842366,0.56095815741497534,0.36325426140557165,0.12532384467141872,-0.019979481186185564
-0.11178613069156805,-0.46909482307274808,-0.33806906782954865,-0.10236985602567339,-0.099433655873872345,-0.18217598124226528,-0.24641359501308011,-0.27105945242302759,-0.27552191639939944,-0.12857652588550431,-0.031495388080149372,-0.17673591206349978,-0.37438257204161751,-0.49979154590298147,-0.50373851801409864,-0.41802532057608327,-0.41493326624234517,-0.40429810306121561,-0.35341656759933188,-0.25560029424153841,-0.16006336361169815,-0.04693530129274151,0.0088497381805850914,-0.095048160470655035,0.0,0.0,0.0,0.0,0.0,0.0,0.0,0.0,-0.0085880417097575473,-0.03556271155693129,0.1847381335855634,0.57576795816421511,0.70525048486888409,0.64293390970963693,0.54258838737452475,0.38082367181777954,0.20836524665355682,0.10135170748751414
-0.0076875258237123489,-0.058264649894408646,0.014079952294826462,-0.070082492532505508,-0.11282341756990978,-0.13545106754439776,-0.14882044693721191,-0.090928477787033279,-0.040568979546919258,0.0014346567498120879,-0.11733148423716044,-0.31262942776083946,-0.4927029244361385,-0.53424488344500143,-0.38432000628833113,-0.3075091562100819,-0.28879557371139525,-0.28760281260366793,-0.25084585282537675,-0.19305521136883533,-0.079300012490421068,0.0029071181887284974,-0.16917281686609878,-0.21742900129821566,0.0,0.0,0.0,0.0,0.0,0.0,0.0,0.0,-0.0099991887651008759,0.11075637996585551,0.43678523848454159,0.68040045311576447,0.6528666846213802,0.5417198605007596,0.47476042348604935,0.36698807911439374,0.26396734623805335,0.14375250631322464
-0.036828470907898411,-0.010295586073170266,-0.016175143988603896,-0.093214761766214529,-0.10000604082798136,-0.099751942943442945,-0.087151650973456965,-0.015558958949091343,-0.032517759245820343,-0.11909865787518877,-0.25218706971241367,-0.42275441173584233,-0.47775034290371521,-0.40841263840938435,-0.3273200003000406,-0.26796905352519107,-0.23390772044658661,-0.16957537887188104,-0.1748643248127057,-0.094862387938932938,0.021329769282223802,-0.06194561060472166,-0.048596407864885081,0.0,0.0,0.0,0.0,0.0,0.0,0.0,0.0,0.0,0.074057385325431824,0.23579585830879024,0.46749759276034469,0.61668116176450571,0.65412385617533042,0.49118880152702332,0.34206074724594754,0.32440705273462378,0.27516409158706667,0.13289999978049941
-0.14718914070233172,0.0782256742806307,-0.0072748014425787211,-0.074319329504904,-0.07709966481734927,-0.043378246016800404,-0.036036691378529481,-0.040017423050647434,-0.12947305536363274,-0.25297578449906977,-0.40741757055123645,-0.44772502084573113,-0.44963818457391524,-0.39339544127384823,-0.30070479655707322,-0.21851725627978644,-0.15819005638360978,-0.097871606770370684,-0.087178423926234247,0.0072467497610036406,0.07419536913822003,-0.071531178212414184,0.0,0.0,0.0,0.0,0.0,0.0,0.0,0.0,0.0,0.0,0.18489947354167022,0.30240576397128077,0.54057717536176952,0.63989068044198527,0.58902918299039209,0.44806408012906712,0.34379231929779053,0.30287852747873828,0.24408329075033014,0.12875545450619289
-0.01299760790752362,0.039908758028676466,-0.047213709711933789,-0.026501116040308262,-0.013866761725188958,-0.029921770887449385,-0.0659518398796067,-0.10600520718482233,-0.17431129763523737,-0.24849499819370416,-0.3233647816456281,-0.35623619608257129,-0.32808855921030045,-0.22968986723572016,-0.14056163739699584,-0.17138768649763531,-0.10196705328832779,-0.031732209346955642,0.02575112903390878,0.15648794023651783,0.011045660713169071,0.0,0.0,0.0,0.0,0.0,0.0,0.0,0.0,0.0,0.0,0.0,0.21796413287520408,0.39020263035613373,0.50366205453872681,0.57845200470515656,0.55823567715184441,0.42855150591243396,0.33806198428977619,0.30276895346848859,0.28063038668849249,0.25272636399382636
0.047581689100215124,0.015641238796728942,-0.00060229405398086575,-0.028341386730971863,-0.087360696367374285,-0.1387470712994828,-0.2370677547795432,-0.24525099164909786,-0.23166830436541483,-0.21438968353546584,-0.27819357922783605,-0.27284016273915768,-0.18836231112480165,-0.13258722903473036,-0.0759092974304049,-0.025056000994906451,-0.0852904709844062,0.037525302476881607,0.21001990497112275,0.051026857132296356,-0.0310951161198318,0.0,0.0,0.0,0.0,0.0,0.0,0.0,0.0,0.0,0.0,0.10910148670276006,0.21408286809578145,0.39865805641297369,0.47855733402750711,0.46093623515437632,0.49351434941802708,0.45233073472976687,0.38303407897119934,0.31981143206357954,0.32306427982720459,0.31240212207748774
0.11370423504809753,-0.0070035155168024161,-0.010195902115026233,-0.087201672999395269,-0.1653467689951261,-0.29484043104781044,-0.37419607515992792,-0.39763089021046955,-0.35665310974474307,-0.30717173439485057,-0.37194922258113994,-0.24293120247977121,-0.25447523842255276,-0.23686973920890264,-0.13279549248919292,0.071444826323487282,0.15289164976553715,0.21225200314074755,0.077407330803070509,0.0017612306444789283,0.0,0.0,0.0,0.0,0.0,0.0,0.0,0.0,0.0,0.0,0.0,0.014397796434360347,0.25893842833645547,0.44389856895621943,0.44575246827942983,0.39630342683484476,0.43112892444644657,0.47377720881592145,0.45172872491504834,0.513781430820624,0.56547672053178155,0.49406125364096271
0.096967708356188315,-0.029557120683163685,-0.053694978025224473,-0.05069470069492641,-0.18854955074990668,-0.33097382010640325,-0.34996702815547132,-0.44787460675945989,-0.516792376836141,-0.491580463372744,-0.41046927124261856,-0.23889995246164261,-0.158700382749417,-0.068739643093903319,0.0912779136412242,0.24434408119746617,0.23898972061119581,0.16712420355059082,-0.019703977190268538,0.0,0.0,0.0,0.0,0.0,0.0,0.0,0.0,0.0,0.0,0.0,-0.040362310332344158,0.083816588004601025,0.41421870497556834,0.46294314541467807,0.39606186747550964,0.36173194845517476,0.39400388052066165,0.44708650559186935,0.50990124859593133,0.57519221305847168,0.65747415721416469,0.67004853188991542
0.0852869064110564,-0.0043377277901277458,-0.042673505519897764,-0.16721268389851618,-0.27504129058275467,-0.29033090806368628,-0.31266325170343573,-0.44289659857749941,-0.59414390921592708,-0.67955799826553887,-0.64051229357719419,-0.41761871541921908,-0.0504992128948548,0.19395092874765396,0.28199496865272522,0.32020871567003656,0.23938710161364904,0.070275327114148009,0.038943888729109484,0.0,0.0,0.0,0.0,0.0,0.0,0.0,0.0,0.0,0.0,0.0,0.066099458839744329,0.25202960167383032,0.46517052921381863,0.43969988440855956,0.351928915941354,0.33244266333403411,0.36464106202125551,0.42680235613476147,0.49971080110186622,0.562330340797251,0.6078394620042098,0.63479046758852509
0.0098220233750693931,-0.043475848139620368,-0.16148429256346492,-0.30264777288987088,-0.35850062813514316,-0.37162388454784046,-0.30656131232778233,-0.35522960474093757,-0.553183457814157,-0.67433271263584948,-0.78878964598362267,-0.5724987233126605,-0.25345764122903347,0.10355241544958618,0.24836112393273246,0.234780340032144,0.19455581849413445,0.03971817176626314,0.0,0.0,0.0,0.0,0.0,0.0,0.0,0.0,0.0,0.0,0.0,0.0,0.11569723490863404,0.30819359071114483,0.42991586029529572,0.4262140691280365,0.33701050281524658,0.31524635465056811,0.36452557470487512,0.4251249787899164,0.47567759525208247,0.49625234901905058,0.51373152789615451,0.53390557898415458
-0.079456920716531418,-0.16157434662667716,-0.2416074201464653,-0.33809684178768062,-0.392492466067013,-0.44609457737690694,-0.33414421379566195,-0.26284106122329831,-0.29297523945569992,-0.33854023653727311,-0.53463302351826547,-0.65443827744041172,-0.40791040552513941,-0.067108300072943855,0.23282123157163945,0.21969055199977194,0.0814120068307514,0.041675015532580968,0.0,0.0,0.0,0.0,0.0,0.0,0.0,0.0,0.0,0.0,0.0,0.0,0.098903131434194477,0.31411363898028788,0.40573267326798551,0.40094124419348581,0.36035855371376563,0.35617465972900392,0.38098249357679614,0.4238881915807724,0.41561371797607061,0.40269550532102583,0.41893375233600016,0.45089235117560938
-0.13822205785823905,-0.20965863105862639,-0.23890965357422828,-0.26378015503287316,-0.35155689801488604,-0.39283511513157893,-0.31918880168129415,-0.2831586297299411,-0.15387800619161376,-0.07406939673923521,-0.32069040869024129,-0.42821800506721108,-0.48972733855247497,-0.15634847717144743,0.27320238152010873,0.21422702062995636,0.023740916240162082,0.0,0.0,0.0,0.0,0.0,0.0,0.0,0.0,0.0,0.0,0.0,0.0,0.05276503786444664,0.17424864129635034,0.39403580956988865,0.38293227916810568,0.35077956318855286,0.37068276000874384,0.3898634823660056,0.41034822225570677,0.40388210330690655,0.37307114601135255,0.32868636399507523,0.34515783935785294,0.36605711095035076
-0.22533572926407769,-0.28674254491925238,-0.37253030446859509,-0.35428892599569783,-0.36186001590780309,-0.35357071331569129,-0.37511253679120865,-0.46643115217621262,-0.29311033686002097,-0.057765177135089676,-0.10685997692803363,-0.067245984157180472,-0.25384726258926094,-0.12851637232534843,0.24373772758389672,0.1253402494107613,0.0,0.0,0.0,0.0,0.0,0.0,0.0,0.0,0.0,0.0,0.0,0.0,0.0,0.037951465972976106,0.25219019082611177,0.45243325778122606,0.3831205956033758,0.3477418581644694,0.36847320309391729,0.39677194302732294,0.39960027166775297,0.38870197534561157,0.35296174718274009,0.29009720134107692,0.29777435296111637,0.31572579811601076
-0.33811788378577484,-0.33997926921457855,-0.40225869799271607,-0.4551175338657279,-0.43894513164247784,-0.46031473341741058,-0.51503306156710571,-0.60390792290369666,-0.71827666018460246,-0.96648977022795446,-0.42752676409309964,0.052589827966901634,-0.030122068785463592,-0.087889813026413327,0.15900514705595376,0.02631980085133646,0.0025361102695266404,0.0,0.0,0.0,0.0,0.0,0.0,0.0,0.0,0.0,0.0,0.0,0.0,0.1231857891140349,0.38281591220739042,0.41287614557207847,0.35998984509044224,0.37525750937000396,0.41713518175211822,0.41152568226275238,0.40520995855331421,0.39259657561779021,0.32255257070064547,0.21848461197482216,0.22283220208353466,0.26741170231252909
-0.39092643277065176,-0.43125488513555282,-0.49030999074111115,-0.55213440789116752,-0.57997954536128693,-0.62853412215526283,-0.63024505972862244,-0.54772669573624932,-0.55510731906660138,-0.4935686700499784,-0.68014870133054883,-0.3654064129038555,-0.11472230762816392,-0.081640257175232087,-0.1210427789135711,0.022887545782723465,0.042751863598823547,0.0,0.0,0.0,0.0,0.0,0.0,0.0,0.0,0.0,0.0,0.0,0.0,0.22634652626415916,0.38928116162618004,0.34613962644754454,0.33655154705047607,0.41356464761954087,0.4377870099111037,0.4473074944246383,0.44368318385548061,0.39158956268254447,0.30706547814257007,0.18547936103173665,0.19241173730956185,0.20034034550189972
