SouthSea_Web/demo/jsonfile/2017-12-15-12.json
{"header": {"parameterUnit":"m.s-1","parameterNumber":3,"dx":0.1,"dy":0.1,"parameterNumberName":"Northward current","la1":29.0,"la2":12.0,"parameterCategory":2,"lo2":131.0,"nx":250,"ny":171,"refTime":"2017-12-15T12:00:00","lo1":106.0}, "data":
[rows 152 to 170 of 171, columns 43 to 85 of 250]
-0.47096936617578777,-0.44330817957719165,-0.436298410097758,-0.4146767258644104,-0.38710793852806091,-0.35806993643442792,-0.33214475959539413,-0.2981925755739212,-0.25266310572624207,-0.20788635611534118,-0.13846280574798583,-0.066212220738331481,0.032244091201573608,0.13341751197973886,0.2050987184047699,0.26046067476272583,0.27906621495882672,0.29970613121986389,0.31136771043141681,0.3215065598487854,0.33567532896995544,0.34145302325487137,0.32788654416799545,0.3137521892786026,0.28776726871728897,0.26662049293518064,0.26629883050918579,0.28921510775883991,0.314399520556132,0.3434104323387146,0.36103207866350812,0.3535042405128479,0.32611846923828125,0.279400497674942,0.21156321465969086,0.15122433751821518,0.075427719702323273,0.048500474542379379,0.0,0.06646956379214923,0.098990276455879211,0.12384708225727081,0.15272809565067291
-0.5005557596683502,-0.4881494864821434,-0.47751463651657106,-0.43397463113069534,-0.38374922871589662,-0.33963482578595477,-0.30830805301666259,-0.26962689807017642,-0.22191879649957022,-0.1787291020154953,-0.12464424967765808,-0.044983293861150742,0.02641199721256271,0.10834065824747086,0.18887694925069809,0.20995409041643143,0.25805502384901047,0.29104705154895782,0.32226911932229996,0.33396539837121964,0.33594323198000592,0.32684187094370526,0.2967173933982849,0.25296070277690885,0.23208370308081308,0.23495114222168922,0.26158761978149414,0.30405773520469664,0.3346942812204361,0.36233044415712357,0.37298019230365753,0.37068511545658112,0.34473081678152084,0.28280027210712433,0.22687339037656784,0.14981058239936829,0.0,0.089006882160902023,0.084803052246570587,0.10943363793194294,0.12023544311523438,0.14825889468193054,0.17309639602899551
-0.51891217629114783,-0.51123825311660764,-0.49181161820888519,-0.443287992477417,-0.376459538936615,-0.3279496431350708,-0.28912369906902313,-0.23255562285582224,-0.17743153870105743,-0.14079090766608715,-0.099281420310338334,-0.043189970465997853,0.018806519995753963,0.074782270938158035,0.12622087697188059,0.16349247097969055,0.21598680317401886,0.26933553318182629,0.30282555222511293,0.31785595417022705,0.30932102799415589,0.29629816114902496,0.26449244469404221,0.2327391728758812,0.2213921844959259,0.2444464365641276,0.2863409399986267,0.327252318461736,0.34741793572902679,0.36210339665412905,0.35510322451591492,0.34716843813657761,0.3201385885477066,0.26594657202561695,0.1998070701956749,0.15710265189409256,0.1246253065764904,0.11896246174971263,0.12032195925712585,0.13366657495498657,0.13713835179805756,0.15605828166007996,0.15713502466678619
-0.5347344636917114,-0.51587911446889245,-0.47999667127927143,-0.42766652703285218,-0.36012086868286131,-0.29360004514455795,-0.24631816148757935,-0.19247114062309265,-0.13015222251415254,-0.08047235508759816,-0.047563019674271345,-0.017050514928996563,0.018056127475574613,0.058532061676184334,0.0929497666656971,0.12609834410250187,0.17737178131937981,0.24152068793773651,0.26638803879419964,0.27243029326200485,0.27954751253128052,0.27035805583000183,0.25776410102844238,0.24785541991392771,0.25175557658076286,0.27252982854843139,0.30556005239486694,0.32547572255134583,0.3419402539730072,0.34719211856524151,0.32472908496856689,0.30859974026679993,0.28476440906524658,0.229414701461792,0.18569614738225937,0.1680632084608078,0.139543354511261,0.1309245228767395,0.13053496181964874,0.13117659837007523,0.13095754757523537,0.12765488028526306,0.14803540706634522
-0.54330461472272873,-0.50802158713340761,-0.46634739637374878,-0.40779729187488556,-0.3324987490971883,-0.26669489592313766,-0.1929195612668991,-0.12085795402526856,-0.083766255527734756,-0.043338527902960777,-0.0058421309416492777,0.0090919404319720343,0.02185424913962682,0.046203716968496643,0.076029534141222641,0.10348820313811302,0.1615714505314827,0.21030100683371225,0.2342129647731781,0.24499439696470896,0.25234455987811089,0.25734448432922363,0.24597509205341339,0.24779653549194336,0.26310635606447857,0.281807541847229,0.29520982503890991,0.30835852026939392,0.32043058673540753,0.3184710219502449,0.29808280616998672,0.26763251423835754,0.24644393473863602,0.20298880338668823,0.1642022579908371,0.14595776051282883,0.13620460778474808,0.14203931391239166,0.13685885071754456,0.1265108734369278,0.10479800403118134,0.10474232584238052,0.0925198495388031
-0.53790805737177527,-0.49947035312652588,-0.45276340842247009,-0.39093759655952454,-0.3124631941318512,-0.22375548382600149,-0.14703617990016937,-0.071606188081204891,-0.032660953079660736,-0.0006938357837498188,0.017105576271812122,0.02296296941737334,0.0284456389490515,0.0384112810716033,0.060531971976161,0.092351704835891724,0.13159482926130295,0.17720428109169006,0.21617205068469048,0.23400705059369406,0.24289394915103912,0.24413811787962914,0.22930759191513062,0.2335762232542038,0.2544456273317337,0.26822862774133682,0.28190140922864276,0.29760849475860596,0.30730572839577991,0.28832258284091949,0.26431573927402496,0.23983775079250336,0.21711249649524689,0.1664965401093165,0.14113058149814606,0.13681303709745407,0.1442205086350441,0.14661628007888794,0.14816300570964813,0.13478399068117142,0.10659580677747726,0.082279622554779053,0.077365078032016754
-0.53012321889400482,-0.49140753746032717,-0.44681789477666217,-0.37332732230424881,-0.25873112678527832,-0.16591842472553253,-0.10050176084041596,-0.059907271216313042,-0.010013097276290258,0.012277467525564134,0.03542158380150795,0.029926514253020287,0.028130987038215,0.033076195046305656,0.051261056214571,0.08283977458874385,0.11721529439091682,0.16474981606006622,0.20602355897426605,0.22647675573825837,0.23662814497947693,0.22983961403369904,0.226982232183218,0.24729601666331291,0.25451146066188812,0.26594840735197067,0.28778189420700073,0.29815831780433655,0.29872611761093137,0.26516516009966534,0.23845348507165909,0.19460637867450714,0.16051592429478964,0.12218954414129257,0.13734156638383865,0.13901372253894806,0.17407097667455673,0.18521246314048767,0.16382016986608505,0.0,0.13882067799568176,0.086472503840923309,0.0
-0.50342454910278323,-0.46320645014444989,-0.40239458531141281,-0.31302354484796524,-0.2234889343380928,-0.14571000138918558,-0.052636917680501938,0.00053430977277457714,0.029405002482235432,0.040516523644328117,0.048206338658928871,0.046022865921258926,0.042459253221750259,0.042488323524594307,0.055536860600113869,0.086862850934267044,0.12001381628215313,0.15512795746326447,0.19546714797616005,0.20729988813400269,0.22134965161482492,0.22176400323708853,0.24502420425415039,0.269598126411438,0.29054552912712095,0.29978564381599426,0.30295432358980179,0.29791705310344696,0.29242484271526337,0.25749986618757248,0.21218578020731607,0.17100005596876144,0.13867531716823578,0.12457650899887085,0.14398768544197083,0.0,0.19781284034252167,0.20805473625659943,0.19962896406650543,0.17514079809188843,0.0,0.10465904325246811,0.00098002329468727112
-0.48235644400119781,-0.41024855971336366,-0.34087985008955,-0.26131962239742279,-0.17033012509346007,-0.072983063757419586,-0.013246243819594383,0.035531502217054367,0.059263173490762711,0.069797355681657791,0.068649914115667343,0.055759763966004051,0.048980734000603356,0.06092318519949913,0.07598934819300969,0.091443131367365524,0.10678746054569881,0.13164681692918143,0.16652607917785645,0.16463294997811317,0.18422397598624229,0.211671344935894,0.252094363172849,0.27989015976587933,0.28917160630226135,0.30913116782903671,0.29630318284034729,0.29819369316101074,0.28306962549686432,0.24337047338485718,0.19973771770795187,0.13710319250822067,0.10545257478952408,0.11679405719041824,0.1629352867603302,0.20198163390159607,0.22212493419647217,0.22080790996551514,0.20591500401496887,0.15715591609477997,0.13673998415470123,0.064311817288398743,0.0096277175471186638
-0.43898109197616575,-0.35276540120442706,-0.27393920719623566,-0.2014982650677363,-0.126848633090655,-0.053214522078633308,0.0251024366201212,0.07523844763636589,0.097970928996801376,0.10552853097518285,0.086085431277751923,0.063022473827004433,0.048055961728096008,0.0486543153723081,0.066208475579818085,0.07858305176099141,0.0895167499780655,0.10514864511787891,0.10075182840228081,0.10560660809278488,0.11272474005818367,0.16712374985218048,0.20734658340613046,0.24399427076180777,0.27345868945121765,0.29538914561271667,0.28927478194236755,0.29848781228065491,0.28383643925189972,0.23880787193775177,0.17574149370193481,0.12011612206697464,0.12156996130943298,0.13170865178108215,0.1631656140089035,0.2188078910112381,0.22136914730072022,0.22009050846099854,0.18300256133079529,0.0,0.09719153493642807,-0.011968671344220638,-0.073327817022800446
-0.4222673773765564,-0.32410386204719543,-0.21924890577793121,-0.11861860752105713,-0.03483101911842823,0.016210780071560293,0.066536875441670418,0.10721390321850777,0.12392149120569229,0.12517459690570831,0.1054144911468029,0.06648365532358487,0.048414632678031921,0.039125269278883934,0.045328227803111076,0.057468337938189507,0.050355738649765648,0.0415536692366004,0.027312855701893568,0.03895253874361515,0.061760939657688141,0.11615742743015289,0.18061663955450058,0.19911251217126846,0.25730177760124207,0.27142098546028137,0.29410004615783691,0.29532910883426666,0.24074623733758926,0.0,0.18068452179431915,0.12682981789112091,0.12723410129547119,0.15837064385414124,0.19098459184169769,0.24493201822042465,0.23374174535274506,0.0,0.20089130103588104,0.12958388030529022,0.0,-0.013644414022564888,-0.16493804752826691
-0.37288865447044373,-0.27627880374590558,-0.13824075758457183,-0.027640098705887794,0.020838964730501175,0.059550849720835686,0.092239275574684143,0.11197244375944138,0.1264610638221105,0.12260611355304718,0.099207714200019836,0.069089688360691071,0.044499708339571953,0.025108607485890388,0.022589516515533131,0.013141156686469913,-0.00498693180270493,-0.035202104598283768,-0.045514760538935661,-0.029749112203717232,0.019407095542798441,0.046575309708714485,0.11421246454119682,0.17132832109928131,0.2319040521979332,0.26695899665355682,0.30230899155139923,0.30027022957801819,0.26961734890937805,0.18483710289001465,0.0,0.10891995951533318,0.134320467710495,0.0,0.2018866240978241,0.27157765626907349,0.25549376010894775,0.23738153278827667,0.16596049070358276,0.090600855648517609,-0.019872980192303658,0.0,-0.14421851933002472
-0.273636594414711,-0.13837038477261862,-0.029927431605756283,0.027872501872479916,0.07903619110584259,0.11031637340784073,0.12324006482958794,0.11691213399171829,0.13895627856254578,0.13380084931850433,0.13028208911418915,0.09788796678185463,0.050409838557243347,-0.0044178750831633806,-0.023685756605118513,-0.067604340612888336,-0.061405892173449196,-0.088845662772655487,-0.10358724743127823,-0.074897125363349915,-0.022156638558954,0.053694434463977814,0.14907953888177872,0.0,0.26316239684820175,0.30477771162986755,0.34016230702400208,0.33141684532165527,0.288237988948822,0.21779892593622208,0.11179407685995102,0.0,0.09966675192117691,0.17216256260871887,0.0,0.26778703927993774,0.25450634956359863,0.0,0.14721067249774933,0.0,-0.014285393059253693,-0.17421320080757141,-0.18864397704601288
-0.2205975204706192,-0.053146922960877419,0.062374820932745934,0.13827833533287048,0.17557451128959656,0.16939373314380646,0.19092579185962677,0.18491587787866592,0.18054494261741638,0.16109456121921539,0.12373802810907364,0.0,0.078404277563095093,-0.013392181601375341,-0.0901561826467514,-0.1079587663213412,-0.14136677235364914,-0.15677156299352646,-0.13066661357879639,-0.08592938631772995,-0.014238211791962385,0.1091119647026062,0.0,0.20748190581798554,0.31207090616226196,0.0,0.36232531070709229,0.36016196012496948,0.0,0.24791361391544342,0.11614383012056351,0.061921745538711548,0.08560493215918541,0.15673725306987763,0.25608032941818237,0.0,0.27989652752876282,0.2250455915927887,0.0,0.053287293761968613,0.0,-0.11236920952796936,0.0
-0.14069037139415741,0.030966723337769508,0.18224504590034485,0.24133641272783279,0.253592848777771,0.27580377459526062,0.28753367066383362,0.24007733911275864,0.197774276137352,0.1649445965886116,0.12455365806818008,0.097760938107967377,0.027036472572945058,-0.052826665341854095,-0.14570873975753784,-0.19074994325637817,-0.20040000975131989,-0.17649872601032257,-0.10466350615024567,-0.045007813721895218,0.037211582995951176,0.10164730995893478,0.18833383917808533,0.26699020713567734,0.0,0.38337627053260803,0.0,0.40514227747917175,0.31483739614486694,0.0,0.12112073600292206,0.0,-0.043957855552434921,0.0,0.18825414776802063,0.23418208956718445,0.1637469083070755,0.2262481153011322,0.16055513918399811,0.0978790894150734,-0.037749640643596649,-0.30621585249900818,0.0
-0.053754880093038082,0.11546680331230164,0.23851052671670914,0.27869873493909836,0.34306731820106506,0.28704489022493362,0.21343851089477539,0.22330997884273529,0.21212594211101532,0.10725175589323044,0.13106732070446014,0.0,0.033654548227787018,-0.11923687160015106,0.0,-0.19710978865623474,-0.19358295202255249,0.0,-0.022881215438246727,0.0,0.081102803349494934,0.15649734437465668,0.18330051004886627,0.28665563464164734,0.31100037693977356,0.34572871029376984,0.41136521100997925,0.26838934421539307,0.32509252429008484,0.094540134072303772,0.0,-0.068587362766265869,0.13149319589138031,0.0,0.20788086950778961,0.0,0.0,0.0,0.0,-0.17161954939365387,0.0,-0.3272327184677124,0.0
-0.21260650455951691,-0.094064176082611084,-0.007886962965130806,0.0578174851834774,0.093636281788349152,0.079208716750144958,0.0,0.0342666320502758,-0.053840212523937225,0.0,-0.16457736492156982,0.050915956497192383,-0.0582788921892643,0.0,-0.17898152768611908,-0.22433532774448395,0.0,-0.11730413138866425,0.0,-0.006959312129765749,0.0541524775326252,0.0,0.0,0.12312894314527512,0.0,0.0950387492775917,-0.036097757518291473,0.0,-0.1428057998418808,0.0,-0.228720024228096,0.0,-0.094690978527069092,0.0,0.0061542239272966981,0.0038959868252277374,-0.0033986256457865238,-0.0070445542223751545,-0.04645751416683197,0.0,-0.22676768898963928,0.0,-0.37497627735137939
0.0,0.0,0.026680182665586472,0.078818783164024353,0.090780265629291534,0.0,0.074016362428665161,0.026485182344913483,0.0,-0.0687340795993805,0.0,-0.17688563466072083,-0.24965931475162506,-0.31565731763839722,-0.33712276816368103,-0.37116645276546478,-0.30923905968666077,-0.27761182188987732,-0.17090368270874023,-0.13395623862743378,-0.0098389671184122562,0.08822467178106308,0.090445883572101593,0.0,0.077003143727779388,0.035747267305850983,0.0,-0.10346246510744095,0.0,-0.18581469357013702,0.0,-0.17989195883274078,0.0,-0.050949078053236008,0.0,0.0,0.0,0.0,0.0,0.0,0.0,0.0,0.0
0.0,0.0,0.0,0.0,0.0,0.0,0.0,0.0,0.0,0.0,0.0,0.0,0.0,0.0,0.0,0.0,0.0,0.0,0.0,0.0,0.0,0.0,0.0,0.0,0.0,0.0,0.0,0.0,0.0,0.0,0.0,0.0,0.0,0.0,0.0,0.0,0.0,0.0,0.0,0.0,0.0,0.0,0.0
