SouthSea_Web/demo/jsonfile/2017-12-16-22.json
{"header": {"parameterUnit":"m.s-1","parameterNumber":3,"dx":0.1,"dy":0.1,"parameterNumberName":"Northward current","la1":29.0,"la2":12.0,"parameterCategory":2,"lo2":131.0,"nx":250,"ny":171,"refTime":"2017-12-16T22:01:52.5","lo1":106.0}, "data":
[rows 114 to 132 of 171, columns 43 to 85 of 250]
-0.35367541622232507,-0.23755403856436411,-0.19965836516133062,-0.1585213802754879,-0.11599201957384746,-0.10479291143088505,-0.077874979749321935,-0.030528646526914654,-0.037833668291568756,-0.028430958077110147,-0.012416178039762429,0.01269212928817196,0.056292707060018314,0.043784035259665434,0.0071215503558050841,0.0013595638131095177,-0.00077164245951941916,-0.014853525078357306,-0.029628426361924563,-0.050346591820319496,-0.055213737560229167,-0.048745144158601761,-0.0633350107818842,-0.081706341356039047,-0.06498029176145792,-0.067737692296504975,-0.06859198336799939,-0.060958196773477226,-0.0893190249800682,-0.081326892133802176,-0.065013332149157152,-0.050968320419391,-0.020696670098307852,0.00978923537574398,0.020973352275581822,0.015890729657257907,0.00906784160594855,0.0065391427876117332,0.013937537372112275,0.023417954891920091,0.01538370382040739,0.0095238701129953061,0.019322857571144898
-0.24001234233379365,-0.18502910664448372,-0.18259737812555754,-0.1499731871816847,-0.14509641246071883,-0.13274771023181178,-0.086216439690553787,-0.05625525489449501,-0.043696404434740543,-0.00011259502563108173,0.0458709240712701,0.044570030713522876,0.030319801724419511,0.010762488774569898,0.012054486173806724,0.025538156840151975,0.0224241526675937,-0.0022741953185426871,-0.016885015851585194,-0.025803469969994493,-0.04795296060351225,-0.047531419075452365,-0.062034286155893993,-0.069386871635086,-0.033088386178978031,-0.063206956854888377,-0.085684927801291152,-0.093282509417760937,-0.10652983031774822,-0.093062906580812788,-0.085040783509612083,-0.066469732671976089,-0.042141716461628675,-0.019120856780897488,-0.013875664211809635,-0.0202948278747499,-0.030234504956752062,-0.0056265578688388428,0.030395394936203957,0.029023688286542892,0.014335977844893932,0.00065312111109960824,0.0038048982775459685
-0.17916143050900213,-0.17562335340873056,-0.16825002857616969,-0.15704193876849282,-0.15056116431951522,-0.128685713535355,-0.10365748256444932,-0.064850352983921764,-0.01761864710262873,0.054484310521828859,0.10391936389108498,0.080056827056081331,0.0089655789993948447,-0.0084858156444596843,0.0037480724799873618,0.013982471701760304,0.015175494866164785,-0.013322912357925189,-0.0459843822273201,-0.042277561500668526,-0.043598443727221409,-0.036386107416966788,-0.044433838560838594,-0.057820193560385119,-0.028541580418351333,-0.021845179912634193,-0.041114349918508972,-0.073633648144702121,-0.07664454893933402,-0.073351482627913356,-0.072398965646113672,-0.062409723177552223,-0.046303388476371762,-0.020860450859698985,-0.017624593991786241,-0.021024992922320962,-0.018528626688445609,0.002342730644159019,0.025875728266934555,0.033070717751979825,0.018294192664325238,0.0075562968074033661,0.0044744807625344647
-0.17150684595108032,-0.16650912717536645,-0.14655671682622698,-0.13853955467542012,-0.12533421742339287,-0.11603322518723351,-0.097328112274408338,-0.063127320064881517,0.028507639484849037,0.080322912510703587,0.11039456787208717,0.0735566219972337,0.026620338505580082,-0.010674775167906892,-0.053134735380005731,-0.037038724661311681,-0.010820366872681069,-0.0099211757884583845,-0.042991450447859104,-0.0416438673208985,-0.0497632912123826,-0.023181128040960175,-0.012744656522986118,-0.032995829701328395,-0.029185337569499606,-0.011900865839737835,-0.016436415822807186,-0.036908172642473473,-0.033209402622704054,-0.024228767669924042,-0.01695518521592021,-0.013405835197772831,-0.02280149520892236,-0.00084658344793650834,0.00858427538878459,0.002117411527641317,0.014397754275705665,0.020441822042422637,0.028825355228036642,0.041732685640454292,0.041908987797796726,0.040448182821273805,0.039624955039471388
-0.16906742453575135,-0.13912179826625756,-0.096270413271018443,-0.097389664621122418,-0.10030736819361195,-0.11108001086272691,-0.096543406851069866,-0.0274340834175409,0.026724400708363169,0.029330147772013922,0.017811944377201617,-0.023571336136588437,-0.027286005917967822,-0.070039730160357833,-0.083401003431285439,-0.047751326251913,-0.072493993331877032,-0.087514413893222814,-0.060655733317379716,-0.0193602932607367,-0.017548003421222157,-0.013380003548349792,0.020374474038059514,0.023724249061366033,0.024282592237400619,0.036004909986837044,0.034138157560179634,0.030489724630919788,0.024340939046324866,0.023904417970162982,0.032681102199213843,0.026715337722138924,0.0060832503484562041,0.013139894025193321,0.021325562459727127,0.034072779917291234,0.052713171578943729,0.050767698458262851,0.052944924682378769,0.054523601196706295,0.055946864187717438,0.068047968670725822,0.078835287690162653
-0.11014741472899914,-0.088143263150144507,-0.083669773968202729,-0.085745547567644423,-0.099952892296844065,-0.11468368841380608,-0.0842812805591772,-0.061749661310774383,-0.052533130977808692,-0.039546696190817396,-0.023225018976891817,-0.10322045079619442,-0.099537978849220526,-0.016778833411527763,-0.059019441120326518,-0.048402950264312704,-0.083149565577817455,-0.1204072205332395,-0.043939199668344878,0.0068719559313114922,0.01027265017443898,0.00058295473024827515,0.0092139826712330317,0.014210523737251367,0.011775866089785685,0.020202566778449262,0.030583228071918711,0.0029718409008953881,-0.0013661788973314245,0.018986055382380362,0.028686692651647788,0.029707185178995132,0.019834442271126643,0.0032547973823966458,0.013754783996513911,0.051407202146947384,0.076257870665618357,0.081567840650677681,0.083244834095239639,0.078319986661275223,0.074474737048149109,0.085812872896591827,0.0913713239133358
-0.066015392386664942,-0.064023295789957052,-0.0752487661583083,-0.064020307678164856,-0.10648263160671506,-0.1099273813671844,-0.097144616381177357,-0.074506624730733731,-0.10430386268040713,0.0036572168641926155,0.054370942868235829,-0.00837562055602263,-0.066286243698800026,0.00073168018589241926,0.029133258699210164,0.072524274449312573,-0.02376529662117564,0.030855281205009008,-0.011201302947050141,-0.1081166744139799,0.051467283854359072,0.0829974310064958,0.052083507977831775,0.021932246256619693,0.0053695121918172477,0.012817036250934881,0.013910807983798755,0.0040991261485032737,0.0065185060021062582,0.018820227855550393,0.012980684105199404,0.011668020523049764,0.0054836699127918109,-0.011039647506549954,0.0081149995326995853,0.04811860341578722,0.0723496861755848,0.081108624381678443,0.09330243244767189,0.096216828872760132,0.077137498805920288,0.082981441702161512,0.087389013419548675
-0.023319807364605368,-0.020287875438548833,-0.050280432320303388,-0.07940384690814159,-0.11702161607069847,-0.10868284025270006,-0.099752595157999738,-0.097958172272358618,-0.069440736065861652,0.030819099375870653,0.05414896576995272,0.053251089700670155,0.080885187420062718,0.089082503704432867,0.10833245968612713,0.15205621249503917,0.11135558662029495,0.14626257657225616,0.12226675741405407,-0.043019899488062147,-0.13459879176394762,0.057756058879721309,0.092130558530443177,0.063916705078906844,0.046454690553750212,0.021569947280701909,0.027305287499056786,0.033452426353769917,0.021245400607585906,-0.0032952984209473736,-0.024354997598989445,-0.032357801350631883,-0.034297438959280648,-0.024455209821462633,0.0018598346039652824,0.044089202303439379,0.067479773114124939,0.075493138283491135,0.085135519504547119,0.076543399691581721,0.066948103904724124,0.084069542586803436,0.068995220320565362
0.0068639675497726548,-0.0083028415342190388,-0.054798682885510583,-0.080824790056794882,-0.083727760151738218,-0.11045819870671447,-0.1223026622319594,-0.095239402184003522,-0.028951345752731041,0.022047362835530462,0.04632395389638129,0.076204653935773026,0.10748988533108106,0.12520216346260102,0.12711587234267166,0.11864188178552418,0.11622077820356935,0.14246231355868719,0.10439194708707787,0.028096644031471787,-0.11234273059587091,-0.0361480992628202,0.038053757712885571,0.092129124426939241,0.13808634280232909,0.10939643752985988,0.0716825749674072,0.050909009296447039,0.037812073593554291,-0.0075155562837608157,-0.054085954278707507,-0.070164692070749074,-0.0629020312002727,-0.035840937069484165,0.01007665991783142,0.053511325802121847,0.071120937168598172,0.063341638073325157,0.055850280076265336,0.042360343571220128,0.043202469391482215,0.031601783146874771,0.010339640468979875
0.003295133480645271,-0.019990677928685079,-0.043801037145072018,-0.06368633591242738,-0.0746330339461565,-0.065349404835565519,-0.084042377821687192,-0.0814469945927461,-0.045967535817020344,-0.014549775467165849,0.023370240551631491,0.078930465105388842,0.066949763363767748,0.0274790455415083,0.07387662381897199,0.10544233757225588,0.13346984611814888,0.1468503162264824,0.14051977782940664,0.10438552931473966,0.024583359016093605,-0.00809816861369801,0.00027992566306651992,0.017068126800280112,0.055928404341147632,0.22840978130410536,0.16086982630315375,0.12401982108977708,0.087684353715495059,0.048179389842386754,-0.00092433935496956106,-0.045370788779109716,-0.0496521070599556,-0.033081174517671265,0.0093851495268089426,0.057758776737110953,0.067781796412808556,0.042252539657056332,0.025211724763115246,-0.0015847126924199984,-0.0088553432641284811,-0.023102369392290711,-0.027287142584100366
-0.023438569437712432,-0.048665618257863183,-0.058114055544137955,-0.062014581778874762,-0.0357319145479651,-0.014824992172897941,-0.092233529521359339,-0.11777428174630189,-0.11566123757178762,-0.041601111320146607,-0.027899295999532114,-0.0087079216954022085,-0.0640841842785299,-0.11126861477003239,0.022351801984162496,0.10844926906525254,0.091930249597839117,0.062171204677081995,0.061564837599625735,0.08835744743889852,0.083379247351318381,0.034760790158063173,0.0015971159131936976,0.024040088997172266,0.14601058914849033,0.17946114505474992,0.18608913311491843,0.17966660072928981,0.1453326851839111,0.10186504572629929,0.05350485909730196,0.015409385707850257,-0.012402840075083077,-0.0048750551592092965,0.017543128342367709,0.034022010117769244,0.036442376407129426,0.023361307413627703,-0.00907955427620826,-0.047683630138635635,-0.064462805787722274,-0.067641108400291861,-0.055024783719669686
-0.06170518537983298,-0.08174196112415065,-0.084899454998473331,-0.08932681426857457,-0.034381467424364848,-0.040958435643978157,-0.093227736981986442,-0.092678504720838231,-0.0769285682010163,0.013275845428586886,-0.0017991798570743897,-0.085571342795642449,-0.13239669150086308,-0.11449513673008399,-0.24745292759084894,-0.055258703294727964,0.020546442568314706,-0.0015934434295262318,-0.055072449216688121,-0.0095653673230057783,0.051548771270776318,0.019508738788141348,0.040785647711657942,0.081066358515894721,0.0793830759935081,0.13984860925659262,0.13919544924755353,0.14770174743952574,0.16198642086237669,0.15471057661555029,0.11636981461197138,0.091818863792078834,0.048313554642455916,0.0038786919321864843,-0.01295145129552111,-0.019208878356342513,-0.021112808841280639,-0.031089841155335307,-0.056557751659836085,-0.10176882254225868,-0.1277729906141758,-0.13241543558736643,-0.10967888204114777
-0.11450530914589763,-0.11025035753846169,-0.0984689810872078,-0.10224310045733172,-0.080258163975344771,-0.056328599061816934,-0.032573543735114591,0.0024649782025095959,0.016513312452263749,-0.00053193106670357617,-0.0837466367032058,-0.12990104676722442,-0.1237344162754391,-0.25244022965603308,-0.20147944687559688,-0.14429136701781528,-0.014846409133476284,0.032254201114072553,0.07595036912780144,-0.11885608309337248,-0.16488960815520684,-0.070817857803920442,0.097193652576950174,0.055119778964595578,0.032893947514485489,0.081437345120039847,0.12198262785871823,0.14925692975521088,0.17155903045620238,0.19686229952744075,0.19315011160714285,0.16311602542797724,0.090262736193835735,0.016755339782685043,-0.047724070293562751,-0.084075915494135442,-0.094633231684565541,-0.11495668534189463,-0.14165653735399247,-0.17917696787760809,-0.20374193415045738,-0.20936208168665568,-0.12914393842220306
-0.15438495483249426,-0.15057052388077691,-0.11408609803766012,-0.095148220401385736,-0.1394272281423859,-0.13868828648227757,-0.0837735007580829,-0.06573482539021859,-0.046708642636596256,-0.050593210591157449,-0.11289667179546203,-0.15313252921092224,-0.22535664906932248,-0.26933331581035463,-0.16890083311784251,-0.013030849526805857,-0.0738518889266906,-0.031717460171684392,0.10180937358368855,0.01382824971823441,-0.067255949013339214,-0.0354450170642028,0.0039878079195021891,0.026451500059147072,0.060583519716081877,0.0850199062436346,0.1011060411731402,0.12426107575496038,0.18300774422558871,0.23084661116202673,0.22278167059024176,0.17372826593262808,0.08096511363983154,0.00629438878968358,-0.070183838584593358,-0.14294731989502907,-0.17900851219892502,-0.20524912203351656,-0.22704285383224487,-0.25354939166988644,-0.24685700325404897,-0.096458558996136368,-0.031878277193754911
-0.19091409231935227,-0.2017135520776113,-0.17615928438802561,-0.15925934026017785,-0.21217166244983673,-0.25120696911345358,-0.21175605791711039,-0.13832777092854182,-0.14625816880771431,-0.17298343293065946,-0.19972221960508546,-0.20290485221020718,-0.18372114853542529,-0.22081193356505788,-0.1055290557324973,-0.16212351421457003,-0.02161623945224914,0.02622109057156316,0.013509096100574129,0.011614838452249072,0.024975374186973702,0.056278135809490738,0.078621173363845082,0.15514850321297463,0.16880562687750722,0.13161122124150115,0.11934759232558702,0.15686073588828245,0.20465729468398625,0.22680266698201498,0.19861037035783133,0.14501338203748068,0.094354847073554987,0.0051030763757548159,-0.10243592452671793,-0.21033161713017357,-0.2754340927515711,-0.28294835182336658,-0.30298072787431568,-0.31801097194353739,-0.16620081687966984,0.011184467175553436,-0.078232713176735816
-0.22475787252187729,-0.24018631343330657,-0.23847133997413847,-0.2150802021580083,-0.25814154937311456,-0.32147834930155011,-0.2804026960058415,-0.21414302318993181,-0.22095903432369232,-0.21861363769225453,-0.21436865147083037,-0.24788498347119767,-0.18635278001117209,-0.12608095763024196,-0.1251066061191701,0.036973339957773854,0.19254109174535986,0.1701317037239459,0.10304709989756633,-0.023359120250857488,0.011747034934382011,-0.018728435711323092,-0.04852061083628776,0.30293160324690416,0.20999080104672391,0.17636768960139967,0.1816932588815689,0.20238587632775307,0.19808896134297052,0.1900623321533203,0.15895191580057144,0.11154840017358463,0.041995998338929245,-0.032317551784217358,-0.12882754504680632,-0.24181469472555014,-0.32733789774087757,-0.36927112142244972,-0.39156565070152283,-0.19992503871520359,-0.061874825793963209,-0.056499264948070047,-0.060044435684436133
-0.260925754904747,-0.26118898391723633,-0.27429866264848146,-0.27433558079329406,-0.28950902611710305,-0.31432053816579553,-0.30656149876491906,-0.30796877269087164,-0.3300729782493026,-0.2610557348221198,-0.24730119628961697,-0.22030516079178564,-0.098184771728755407,-3.917679807957296E-05,0.061573080931258579,-0.0072876735331415653,0.14785839378097912,0.14706711017194835,0.1574957177042961,0.11746258139610291,0.1377294152667842,0.126561178592965,-0.07335955494325655,0.065894229208994931,0.18033900344744325,0.17501747432877035,0.17196920141577721,0.17844737507402897,0.18210377047459284,0.1657374401887258,0.11737062161167462,0.061612633988261223,-0.0038995549881032537,-0.09346922321452035,-0.17145555404325327,-0.23799007851630449,-0.3008870581785838,-0.34286958376566568,-0.24996969848871231,-0.15547574196870512,-0.066976569592952728,-0.087374870266233168,-0.10145679342427424
-0.29651025682687759,-0.28846234381198882,-0.29076953909613867,-0.32191807528336841,-0.35076174259185788,-0.37046469652906378,-0.3468836585388464,-0.3788599355887341,-0.39958219943928119,-0.34563456365040368,-0.2747704236862365,-0.20722011844568614,-0.036338271030572133,0.020541987251878405,0.078124917962628868,0.06810134261645176,0.072739075816852947,0.11039298593997955,0.095642351968721909,0.067752972172171466,0.059083093465729195,0.052351769097652788,0.013970544230251108,0.044993724553815777,0.087302620277593015,0.13989509269595146,0.18627602234482765,0.19744470715522766,0.18858751654624939,0.16509404281775156,0.11252254992723465,0.029161392627949163,-0.057167541442645922,-0.1476794867353006,-0.23665790046964372,-0.30079210996627809,-0.28864437441031138,-0.10659368608945183,-0.059700588030474525,-0.13768910467624665,-0.10116966175181526,-0.13154556123273714,-0.10530028066464833
-0.32766814317022053,-0.3186369410582951,-0.28702112701204086,-0.30099846016276965,-0.36604796562876019,-0.39323060828096729,-0.37355357739660477,-0.37818337107698125,-0.4737726225752697,-0.37594816333611442,-0.31169292626250145,-0.1939806296593613,-0.024834083154415473,0.0593394468405417,0.10467135976697947,0.12095130588859319,0.10613852870814941,0.10156509400375428,0.079871976127227143,0.060461460259454,0.043515835647229793,0.0074967436467934592,-0.018273932475131004,0.00429716771135905,0.035388240176770419,0.13702394600425447,0.18640769379479544,0.196097943931818,0.19109957218170165,0.1638384684920311,0.11439501174858638,0.024632477667182684,-0.075703145703300834,-0.20104829393900359,-0.2960226635138194,-0.32767759050641743,-0.23781809806823731,-0.012194987486249634,-0.10962819680571556,-0.15244584849902562,-0.17425265808900198,-0.14583652810408518,-0.10744055886478986
