SouthSea_Web/demo/jsonfile/2017-12-16-08.json
{"header": {"parameterUnit":"m.s-1","parameterNumber":3,"dx":0.1,"dy":0.1,"parameterNumberName":"Northward current","la1":29.0,"la2":12.0,"parameterCategory":2,"lo2":131.0,"nx":250,"ny":171,"refTime":"2017-12-16T07:58:07.5","lo1":106.0}, "data":
[rows 57 to 75 of 171, columns 84 to 125 of 250]
0.0,0.0,0.0,0.0,0.0,0.0,0.0,0.0,0.0,0.0,0.0,0.0,0.0,0.0,0.0,0.0,0.0,0.0,0.0,0.0,0.0,0.0,-0.017788689848630274,-0.045729168679343755,-0.52568091169188291,-0.65752400429018087,-0.42714333545529481,-0.47621807984426512,-0.61322387607078854,-0.61727117617925009,-0.64534028710388558,-0.65506415270470286,-0.636385846782375,-0.632701815877642,-0.56811930622373308,-0.49877680020947612,-0.44461104025443393,-0.4552263468503952,-0.419116516597569,-0.36338225917683709,-0.35959632652146478,-0.37276923295223352
0.0,0.0,0.0,0.0,0.0,0.0,0.0,0.0,0.0,0.0,0.0,0.0,0.0,0.0,0.0,0.0,0.0,0.0,0.0,0.0,0.0,0.0,-0.033289053261449389,-0.11255322522885676,-0.50139488756738526,-0.749025551409557,-0.56661214299921725,-0.53385601152073259,-0.57934549931556945,-0.66325742923296416,-0.65119044099535262,-0.65516645127329332,-0.66267010479262378,-0.63306825955708823,-0.597205808529487,-0.50133005243081308,-0.50943652368508852,-0.52623771848501988,-0.5532897359558514,-0.56534639994303382,-0.51953251361846919,-0.45243845928099846
0.0,0.0,0.0,0.0,0.0,0.0,0.0,0.0,0.0,0.0,0.0,0.0,0.0,0.0,0.0,0.0,0.0,0.0,0.0,0.0,0.0,-0.12622179836034775,-0.253761151053298,-0.425910002241532,-0.66019073546978468,-0.65324202125722708,-0.51878940876649349,-0.54617766228814923,-0.5811970988098456,-0.61328457954318027,-0.676447124192209,-0.75842553569424542,-0.77193404521260944,-0.78412102699279784,-0.71355448961257939,-0.61220529302954674,-0.6179725016866412,-0.71686077388850122,-0.69971707592839782,-0.76207073688507077,-0.81669382636363685,-0.74441863872386793
0.0,0.0,0.0,0.0,0.0,0.0,0.0,0.0,0.0,0.0,0.0,0.0,0.0,0.0,0.0,0.0,0.0,0.0,0.0,-0.013817021157592535,0.0,-0.30814384379320675,-0.55306517837509028,-0.60296142101287842,-0.57922873359460092,-0.50785908758640286,-0.532848446927172,-0.56401525206036041,-0.58788471396376452,-0.63856651716762114,-0.65450209379196167,-0.73349561648709438,-0.79998991224500871,-0.81655893636786414,-0.73572679691844511,-0.64344752775995351,-0.69984625445471871,-0.76001747118102181,-0.83269291453891325,-0.96320076199138871,-1.0551358586863469,-0.94024186134338383
0.0,0.0,0.0,0.0,0.0,0.0,0.0,0.0,0.0,0.053398813202732959,0.0,0.0,-0.023498430652053731,-0.013739334791898728,0.0,0.0,0.0,0.0,-0.10134739777941318,-0.078258880618505361,-0.1165932702491633,-0.39258249766636089,-0.56823755083260707,-0.5134825419496607,-0.51834045685067465,-0.54500203371047973,-0.57103310352148007,-0.60080328220274393,-0.624208379122946,-0.632404852997173,-0.63646763121640237,-0.71777502059936527,-0.8124820237809961,-0.78880089521408081,-0.71704675601078915,-0.59425072486584007,-0.63099949468265881,-0.70395410805940628,-0.59265330235163372,-0.62471365133921308,-0.71460972891913521,-0.6645540464669466
0.0,0.0,-0.009362214601424057,0.046869986077203891,0.09994325538688939,0.010051533909528142,-0.014614141519820087,-0.020094677319403589,0.031828911932170037,0.034220800058683123,-0.043827554384049956,-0.10613552887331355,-0.05182440109284861,-0.024140296872801954,-0.014366958575556055,-0.089768761482376322,-0.091917545778951684,-0.13443083418314927,-0.21092891604153077,-0.25318170065681139,-0.33773490213430846,-0.4103401270177629,-0.43491188489965033,-0.4908100062608719,-0.53532940387725825,-0.56616185373730132,-0.59742778539657593,-0.59469036095672179,-0.57668584585189819,-0.57459250380915983,-0.59248344986527057,-0.63634855406624935,-0.689902522984673,-0.73082262277603149,-0.69798744469881058,-0.66678050973198633,-0.61365949565714051,-0.7133537083864212,-0.83446551362673438,-0.85305381363088439,-0.79177217398371014,-0.65029891828695929
0.0,-0.04733422294655746,0.051532501800463593,0.15552348388455711,0.0,0.069793070751318423,-0.03736154132773057,-0.059724338312561694,-0.020084736337963829,0.047914042583058626,0.025103808619843966,-0.015026841614268382,-0.15306133514878573,-0.08297311917154325,-0.083553935280065161,-0.10782347106542743,-0.12260989215353439,-0.17472098140340103,-0.22568419157413014,-0.29478851535864042,-0.31003635349097075,-0.3621712711724368,-0.42996157676565883,-0.48154197545612559,-0.51239707320928574,-0.53018491918390442,-0.5491122230887413,-0.52249529106276371,-0.47877582031137805,-0.48373624050255976,-0.54224206621830284,-0.58268817265828454,-0.670834619551897,-0.71574054161707557,-0.62736117243766787,-0.62047237157821655,-0.61211742957433068,-0.66035626994238961,-0.59684504270553584,-0.75690362188551163,-0.79076773590511751,-0.66742600798606877
-0.054246681112137783,-0.045205746547804335,0.083923829125114341,0.16664131303091712,-0.012754044422286288,-0.15506384548172711,-0.12776432358737769,-0.074881912283370836,-0.044942735521881667,-0.036155526582219467,-0.040110473993255263,-0.05497257966761273,-0.18571277015985563,-0.11301243797905984,-0.070041007133292366,-0.083949186953536245,-0.1285171558038663,-0.19172181947664782,-0.26824787546668138,-0.31819966487717211,-0.34360701431121143,-0.38807735785290048,-0.41551406711948163,-0.423390549056384,-0.41874909996986387,-0.43300693619007968,-0.42917027798565949,-0.43353748389265756,-0.44245134215605886,-0.47899478673934937,-0.52949251532554631,-0.61527835826079047,-0.65937701066335042,-0.6560564892632621,-0.59510459005832672,-0.50890059982027325,-0.37628008797764778,-0.47185191512107849,-0.55062059561411536,-0.54863570417676655,-0.45890221425465177,-0.40490871242114473
-0.012194664236437339,-0.00895257744340496,-0.0545103978521733,0.019454226554585455,-0.031791201062447309,-0.13259460787568711,-0.12630122826369697,-0.058839432564714265,-0.050431674057296635,-0.09764936307476739,-0.12783419482764744,-0.14227725160034263,-0.1207088508935117,-0.070406108687166125,-0.0561858930198823,-0.081147274550269627,-0.12477934291517293,-0.17985021543723564,-0.25878001586957411,-0.28831398974765432,-0.31394322991371154,-0.35465476085554881,-0.35116259295206803,-0.34938327940005176,-0.38294072669965251,-0.36998572138448554,-0.37665392078605353,-0.37211031342546147,-0.39722375803523591,-0.48243987492539664,-0.53691892325878143,-0.60868633022675145,-0.61777789437252539,-0.5396269397302107,-0.50203395262360573,-0.46542051860264372,-0.40884278076035635,-0.37806592881679535,-0.44292075932025909,-0.45703761279582977,-0.39351842403411863,-0.33710561054093496
-0.042106430217659495,-0.082564549813348431,-0.10066743819544416,-0.080919496940247748,-0.11132549085924702,-0.1124409547044059,-0.056506884633563459,-0.025873179495748546,-0.059300479698268807,-0.11826326473364754,-0.17653616877465411,-0.1449335395048062,-0.11441891868748973,-0.046318551769050267,-0.046507645101318586,-0.066074364022775126,-0.084868367264668149,-0.12643692376358168,-0.18220993434941327,-0.22630931951782921,-0.27827071806169906,-0.29915527280034693,-0.3020150363445282,-0.35831521508785397,-0.35326005042867459,-0.37102179685417486,-0.3717431959717773,-0.377650708765597,-0.42143356800079346,-0.46950662561825346,-0.5226646182792527,-0.53326961262659589,-0.50152532590760124,-0.5067206472158432,-0.47073263426621753,-0.42955903496061054,-0.40990122407674789,-0.4032922216824123,-0.41809027961322237,-0.42720998823642731,-0.32972313463687897,-0.25361462434132892
-0.13628330015351406,-0.074181546086585656,-0.11874389659726259,-0.14411159845836022,-0.1327455857042539,-0.092936268460655974,-0.023881651244078903,-0.02571341631191899,-0.063984462360460917,-0.11830675956167158,-0.17984332541624706,-0.15659533465902012,-0.090574222283390488,-0.0066964361750641343,-0.0057873488017569554,-0.043752329182569626,-0.084396133121723935,-0.12196948440099249,-0.14772777517254537,-0.19554971918171527,-0.22741665250184584,-0.25628524451028734,-0.26450030340088737,-0.27173990355088162,-0.29066641665086512,-0.32119415998458861,-0.31217569835258252,-0.32907347593988689,-0.36865876374706147,-0.39800422319344114,-0.4119266880595166,-0.41192534825076227,-0.40721321576520014,-0.40417844454447427,-0.39442092867997974,-0.36976402335696751,-0.36930349965890247,-0.38708541393280027,-0.36436923344930011,-0.33837686975797016,-0.31702417986733572,-0.18529034852981569
-0.12022327018980815,-0.10419021448098033,-0.16596592062463364,-0.15848524179874043,-0.13267588847484746,-0.11170131303980703,-0.074422111934317012,-0.077868998429532779,-0.091020712227213613,-0.10644253866469607,-0.11536476595534219,-0.10792315576938873,-0.040597899132990278,0.023755736758324261,-0.013220586663203691,-0.075538549882670239,-0.10595752168446779,-0.13832050542298116,-0.15826879844472214,-0.1900791368314198,-0.21644759835565791,-0.21680647414177656,-0.22363043675820032,-0.22724077873157733,-0.23472177503364428,-0.24428485333919525,-0.23819016984530858,-0.24987797328719386,-0.28414966804640635,-0.30328693737586337,-0.35445002294503725,-0.36315418481826783,-0.3651698172092438,-0.33982837200164795,-0.334591439137092,-0.371594019911506,-0.38586808741092682,-0.43804838401930674,-0.37942685352431404,-0.3566901683807373,-0.30451714744170505,-0.22500521875917912
-0.046003299919737568,-0.15921948482592901,-0.18772806537648043,-0.15019025121416366,-0.14900810693701108,-0.14432707415860996,-0.095831217684529041,-0.06147360939370549,-0.060118485340162328,-0.071533898098601237,-0.089385667420697937,-0.075091283302754164,-0.0537172028174003,-0.064752153666882681,-0.096558820207913718,-0.13764787012977259,-0.18028053435786018,-0.19668733687312515,-0.19660953432321549,-0.18893101172787802,-0.18378640924181258,-0.18813789103712356,-0.19924226899941763,-0.21609619722284121,-0.21400452347902152,-0.21174802860388389,-0.19575908669718989,-0.17232536492140396,-0.21178720781096705,-0.26222163811326027,-0.3313485739322809,-0.38127566749850911,-0.39973818971997216,-0.3421803025735749,-0.28228650987148285,-0.29727505271633464,-0.38590897371371585,-0.3094880034526189,-0.21028511700305072,-0.22278294238177213,-0.22227007523179054,-0.24136357860905783
-0.076187456554422772,-0.15894326630612493,-0.15644354974069902,-0.12838785543010153,-0.12111750391184115,-0.11167479912902034,-0.093839151830208009,-0.066928994531432792,-0.050258884506840858,-0.040007959585636854,-0.035999903110787275,-0.033799582787861042,-0.055373400518739666,-0.095262071547599941,-0.14705009400844574,-0.17664835086235634,-0.18195410817861557,-0.18353678801885018,-0.18709640266994634,-0.17998738480465754,-0.15753648899219655,-0.16732621823365873,-0.22119654543124712,-0.25664641708135605,-0.24252101140362875,-0.15238989923488011,-0.17316724359989166,-0.12749169141054154,-0.252012353677016,-0.37911779401095019,-0.35585787503615668,-0.35761441042025882,-0.32828560755366371,-0.14841384597514806,-0.1928820482322148,-0.23942982355753581,-0.23646434629336,-0.089105767430737615,-0.0065114771132357419,-0.077284710831008852,-0.14751510736015108,-0.18967049568891525
-0.078342732486884989,-0.14624940051186469,-0.1766325151247363,-0.17899810682450021,-0.155169777115997,-0.12525864371231624,-0.092770194334368547,-0.053584180617084108,-0.012227087719414461,0.023749123827236381,0.034786448614025946,0.029508969648024783,-0.0037770369796947178,-0.055663160621546783,-0.12032494081982545,-0.18591130983371001,-0.20002501904964448,-0.16743831850331406,-0.16985730528831483,-0.19772188046148845,-0.20052565208503179,-0.21878838911652565,-0.26072820063148228,-0.29579743640176182,-0.28037494740315844,-0.1655129655091851,-0.14680512580606672,-0.28843412161977205,-0.40130783732120806,-0.38978158544611047,-0.25522426922212949,-0.24692490618479879,-0.2898063738095133,-0.21420876599020428,-0.16657835595748005,-0.11357008205617175,-0.064015824073816049,0.030560377573190061,0.12559968571771274,0.073336937542383865,-0.0034660376113606617,-0.07643498233519494
-0.070455762755238655,-0.095062315464019775,-0.15805350293715795,-0.18746124572899878,-0.18907406964363197,-0.157593127460249,-0.093137796824941263,-0.037942491758328215,0.0044232892428731751,0.012198767574736848,0.010379387022651456,-0.038226825928387158,-0.089900863196315434,-0.085531871100621562,-0.082293531192200522,-0.17470335241939342,-0.21921829531590145,-0.1330886490899941,-0.15152701089779536,-0.24051113067002133,-0.27957016016755787,-0.3035580332080523,-0.26383859515190122,-0.23484328176294053,-0.20009445195848291,-0.17484014108777046,-0.29996693288457804,-0.33190068242878751,-0.27301678233421767,-0.22847453201258625,-0.16410322028857011,-0.24894115328788757,-0.2984165760378043,-0.2740352125394912,-0.16476004178586759,-0.040796756360899,0.050034183368552476,0.13605548471212386,0.11936278675090183,0.089022576808929443,0.056671556658469714,-0.036042316415761083
-0.10041844566999855,-0.0851618715767133,-0.0845991349409497,-0.10583254176637401,-0.13729152296270644,-0.14159419094877584,-0.11355983279645443,-0.07167683348611549,-0.056697615422308445,-0.059330468238503846,-0.075119858676636661,-0.12519307549183184,-0.16377403374229158,-0.12009822976376329,-0.10761937010904839,-0.16552974331763484,-0.16486397436980543,-0.10517508220491988,-0.13983516744337976,-0.3127204482169712,-0.33584707416594028,-0.23643292802752872,-0.14580696587051664,-0.17492663205573053,-0.33648146709634197,-0.36144127267779724,-0.29929162003099918,-0.1830453397706151,-0.10955894905431517,-0.11160334412540708,-0.220810094582183,-0.307752523733222,-0.28932526383710944,-0.22833442891185934,-0.10592444223307428,0.048287992875668262,0.15676041231268928,0.1585884827375412,0.1095060270279646,0.086744866023461029,0.044307638270159565,-0.014871318265795708
-0.13266640799966725,-0.14312653298731204,-0.14271765361939157,-0.13081425549210729,-0.11775298895580429,-0.10210516721010209,-0.0839264552141058,-0.060605280722181,-0.0594976213402473,-0.069347024791770517,-0.044719194579455585,-0.065997316413719587,-0.076081795950553241,-0.11166198143074589,-0.17930329889059066,-0.18344750087107381,-0.10714151512365788,-0.087395110167562962,-0.32157664046143042,-0.3353542760014534,-0.22897107981973225,-0.1471945684599249,-0.16297199483960867,-0.33971021633322646,-0.43337469648670507,-0.38376990324113425,-0.22983087806238067,-0.14848295314347043,-0.11404311876086627,-0.18274615627938304,-0.23506113501458331,-0.20243266690522432,-0.089577537456837789,-0.041352900573983789,-0.0010600054104413306,0.10070488445460796,0.14693459016936167,0.082933790683746345,0.047628396275368606,0.053429967910051349,0.013774165846720839,-0.046571035784753884
-0.081079622523652181,-0.089255815371871,-0.10118988135622607,-0.13350420718391737,-0.14260388396937271,-0.11399464070796966,-0.085718195619327683,-0.082828098535537714,-0.090637526607939181,-0.0672314736854147,0.020767707144841552,0.054891796814727375,-0.011424238493125285,-0.14625351130962372,-0.22654903175369387,-0.16425962299108504,-0.14717630555646288,-0.29915691688656809,-0.31279990077018738,-0.25769535984311787,-0.14547914387874825,-0.14518118268913693,-0.22719777116970141,-0.28752841159354808,-0.3249964048253729,-0.27228560888518888,-0.22727638304881428,-0.21967326177329552,-0.12951926121840607,-0.091573150884924515,-0.076213488175022992,0.010849300540160454,0.04238041056893193,-0.0089542511822611019,0.046390302501441466,0.12690816616470163,0.074968679704599916,0.023014588553148013,0.027856413181871174,0.030642485275166109,-0.019140953499188002,-0.072915962135249923
