SouthSea_Web/demo/jsonfile/2017-12-16-13.json
{"header": {"parameterUnit":"m.s-1","parameterNumber":3,"dx":0.1,"dy":0.1,"parameterNumberName":"Northward current","la1":29.0,"la2":12.0,"parameterCategory":2,"lo2":131.0,"nx":250,"ny":171,"refTime":"2017-12-16T13:01:52.5","lo1":106.0}, "data":
[rows 38 to 56 of 171, columns 129 to 171 of 250]
0.15420716623985856,0.323745876724773,0.0379428842864293,0.047076501009845138,-0.1584741180655537,-0.042091902958877062,0.074909240997361917,-0.29622842420529621,-0.47231558973298354,-0.76414174720889227,-0.68080169845510408,-0.66157323238896393,-0.64537370319549858,-0.66956967645221288,-0.72554261904013784,-0.7243528944604537,-0.65643887917200727,-0.66201595544815062,-0.61854604482650755,-0.55041481341634479,-0.51903370461043186,-0.49210319397124375,-0.43046038438166889,-0.36975036302338476,-0.3118918918264218,-0.22663537076591053,-0.0825944796204567,0.15842367336153984,0.11260783923749335,0.15490144712795229,-0.010005192512094422,0.074711513353718645,0.0018975019356179419,0.20586283330692712,0.3166272667547067,0.22374531108400095,0.13056843287565492,0.095809218857218242,0.0631680389572131,0.035741800558753312,0.043504440624799044,0.079313890263438228,0.081035238504409787
-0.021995609817479219,0.27446720668293428,0.0026667605697936404,-0.067375528923239739,-0.084174955739096433,-0.056581495111161957,-0.15558354939212618,-0.43615469135142659,-0.57306199700667937,-0.54568111842328848,-0.593223727479273,-0.63666157495407827,-0.65991456009620841,-0.69256607997111785,-0.77164636055628455,-0.74291889513692544,-0.69573581218719482,-0.71698467548076927,-0.66290340466158726,-0.56716721852620444,-0.525854327082634,-0.52559082751924346,-0.39496042494262967,-0.25582552294839511,-0.096850553741826426,-0.0646673701501087,-0.031249266476012193,0.0,-0.028287918120622636,0.053549192359464037,0.017141139824568892,0.28539102132383148,0.36969609350825733,0.61960196765986353,0.66759238640467322,0.54189780812997079,0.36171110651709815,0.22432196846133784,0.15713873598724604,0.12540271109901369,0.12021381758591708,0.14101989567279816,0.10637090686294767
-0.046420306404482345,0.10986183972818253,0.069894754121797,-0.16614270984542137,-0.15526460448745638,-0.22551155700741044,-0.30535075190796779,-0.40817869198126872,-0.40499879054303439,-0.45860520601272581,-0.56389499065421878,-0.67646597325801849,-0.719627031465856,-0.78928236849606037,-0.74422673029558994,-0.743820333853364,-0.70849240541458125,-0.714960480177844,-0.583019741119877,-0.54992843852486717,-0.5759873150994903,-0.55633440537883938,-0.24902582789460817,0.0,0.0,0.0,0.0,0.0,0.0,0.0,-0.031505607233773318,0.26394311312304292,0.59318668733943591,0.75575529459195256,0.75745347993714474,0.65773254632949829,0.48609247532757843,0.36576137095689776,0.30248392522335055,0.27135833270019954,0.232479065656662,0.18814048419396082,0.096798738562747053
0.0010136426912316482,-0.048348987608947895,-0.0763103596113418,-0.15558113350022224,-0.25409135576021874,-0.29884680486642395,-0.36738177987395743,-0.27119063191554127,-0.28535197948922919,-0.46604835623648111,-0.661484334203932,-0.75156876529966077,-0.77181008271873,-0.7572721900611088,-0.774499905520472,-0.71029753868396461,-0.73726807649318993,-0.642374784782015,-0.54110160044261391,-0.50933906116655892,-0.58917561427664922,-0.53473621204092692,0.0,0.0,0.0,0.0,0.0,0.0,0.0,-0.34952470660209656,-0.041968657999975005,0.29537866512934369,0.42865397120421789,0.57522562321494608,0.592884010845615,0.54388618080512341,0.42359588457190472,0.30975735458460724,0.24800210410640353,0.25381937399506571,0.2044308516714308,0.13984655275156624,0.068666354862644385
-0.019592574048333634,-0.12765875570476054,-0.14575956005658677,-0.20814861140904889,-0.30079357246203081,-0.31793015897274018,-0.22707180566906643,-0.087028519272111179,-0.26992360993129449,-0.56867939316564131,-0.81898045715163736,-0.81046125202467945,-0.72203510230587375,-0.694032084941864,-0.65824455639411661,-0.6685147771128902,-0.72274590684817386,-0.60446654981182468,-0.517998746212791,-0.53778983226844246,-0.57037800021238461,0.0,0.0,0.0,0.0,0.0,0.0,0.0,0.0,-0.29546451375440314,-0.063633337004759,0.014559345528983546,0.17152073588222266,0.34133221441879869,0.33772675463786495,0.38875639990524008,0.3673367400964101,0.26889357377182355,0.19335860249243284,0.18937402574912363,0.18101647563956,0.12452810080278487,0.05596271990798414
-0.0636918824436008,-0.12890653844390596,-0.18995437465730261,-0.24311786091753415,-0.23667663225421198,-0.10694588208571076,-0.016298752367133386,-0.15213522238609117,-0.38984616287052631,-0.66651868243371282,-0.78981282634119832,-0.74556815007637289,-0.73564800620079041,-0.723015296459198,-0.64756956586131342,-0.58846999760027285,-0.58876093589898315,-0.55181964486837387,-0.47596053746731387,-0.43782388929009824,-0.41010985413083323,0.0,0.0,0.0,0.0,0.0,0.0,0.0,0.0,-0.36998442932963371,-0.37370357279059957,-0.11899783455010038,0.031843969966039845,0.11273476205890128,0.18660565438093962,0.26002446447427457,0.28622946549545636,0.17298349640939548,0.11614916132142146,0.14204042106866838,0.2196984589099884,0.19073819843205539,0.071560536079535567
-0.075863116991616061,-0.1196250376002542,-0.1606765241785483,-0.19347488499702292,-0.15443477750970766,0.023673981699782114,-0.088513977226934257,-0.2970759818951289,-0.54236655081472085,-0.71446706490083178,-0.78032988720926744,-0.80422988075476431,-0.76008082123903131,-0.7165749597549439,-0.65584734311470616,-0.65039477440027094,-0.59974168286179053,-0.46836289298998846,-0.54065583262479666,-0.22602373488101374,0.0,0.0,0.0,0.0,0.0,0.0,0.0,0.0,0.0,-0.39697176218032837,-0.42447226704281615,0.11304827228630499,0.19787627418298978,0.19378802997450675,0.16088520526885985,0.19045272811005512,0.19556900858879089,0.11351191587746143,0.10859997246576392,0.17147826999425889,0.27180983658347813,0.18267457089994266,0.060226261131465432
-0.071332114242147984,-0.10219301706036696,-0.11904778513643477,-0.15667157420297947,-0.07958730362412153,-0.036608745616831584,-0.23572539563836722,-0.44999613563219704,-0.56969461441040037,-0.66466566809901484,-0.711900162200133,-0.71998917614972147,-0.72605237613121665,-0.69343626260757452,-0.72469044583184383,-0.67339735507965093,-0.50722514333263524,-0.45255939074612539,-0.56795063349935748,0.0,0.0,0.0,0.0,0.0,0.0,0.0,0.0,0.0,0.0,-0.20960255204276604,-0.20422926418572426,0.25850881010826143,0.21444867349959709,0.098577709620197615,0.027655030086558934,0.044302853095966079,0.11185780607841232,0.13989172638817268,0.20374587320146106,0.23774415643318839,0.16637966578656976,0.12003665991748373,0.056743615586310622
-0.036521039833314714,-0.040421577242927421,-0.079647549800574785,-0.120457377623428,-0.11136802994916516,-0.15241268994631591,-0.308025832932729,-0.39894319039124709,-0.495177430951077,-0.56833475140424872,-0.61478383342425025,-0.68140385242608881,-0.68485066625807023,-0.715416207909584,-0.76879411687453592,-0.59507594896214344,-0.418973153992875,-0.509887652968527,0.0,0.0,0.0,0.0,0.0,0.0,0.0,0.0,0.0,0.0,0.0,-0.1666605866868936,0.2650438399932134,0.505176932811737,0.33535944478852409,0.025739402710941845,-0.031727985232547246,0.039712235839529472,0.13172570324462393,0.17242130095308478,0.15369103955371039,0.10378894463858822,0.019084969716560509,-0.12279194173421346,-0.016793711347937852
0.033501687459647655,-0.0055532805471135895,-0.09515992048032143,-0.15990535340138845,-0.24309001918192263,-0.36622801824257922,-0.46935565540423763,-0.45812572373284233,-0.4261978653570016,-0.50915774464607244,-0.64811184576579506,-0.78984578009004947,-0.752694042523702,-0.75743140624119687,-0.6783648410013744,-0.46918637573719024,-0.486684365573813,-0.35597216207534077,0.0,0.0,0.0,0.0,0.0,0.0,0.0,0.0,0.0,0.0,-0.2598505939046542,0.095582439019365167,0.56099204334520525,0.51802430166439573,0.2751440966830534,0.065425958903850709,-0.053105744943022726,-0.0074344899039715528,0.036057457956485447,0.10723837820643728,0.073961462958582816,-0.0401346277455256,-0.11069717393680052,-0.18536104668270459,-0.16574711299368314
0.039272873517539768,-0.016744336959583543,-0.1183799242393838,-0.20539036598698846,-0.27729989367502705,-0.36206451720661587,-0.34959609640969169,-0.48557455991876536,-0.58329649823052543,-0.55693438980314469,-0.60948740414210734,-0.65899728278856018,-0.69951008293363781,-0.743206668407359,-0.5638262842382703,-0.54083488575582,-0.42024488368382057,0.0,0.0,0.0,0.0,0.0,0.0,0.0,0.0,0.0,0.0,0.0,-0.20107634742101976,0.34025909698188855,0.58876655661329935,0.43580553361347746,0.18685904770128189,0.079860935386802473,0.0182651271302761,0.020589968948827489,0.08032231929973932,0.047930779912955281,0.01429409131600076,-0.050647300756758169,-0.1858019321447327,-0.23862670681306294,-0.27258133888244629
0.0062097398141581243,-0.075100906511268967,-0.13389310844846675,-0.16640789761687769,-0.21733202757658782,-0.30088655264289293,-0.17252140434888694,-0.1913401854357549,-0.48630111352089911,-0.595416636126382,-0.64323109549445079,-0.60039549685539084,-0.57779557204672272,-0.545391772138445,-0.6026982428613773,-0.54937815885576935,0.0,0.0,0.0,0.0,0.0,0.0,0.0,0.0,0.0,0.0,0.0,-0.29741797831497696,-0.072995125466527852,0.57189242335466239,0.56182591362697321,0.33022002469409595,0.13267682517568272,0.097452794201672077,0.10328744289775689,0.13546650365672328,0.19573477432131767,0.20223262682557106,0.1329013824579306,-0.0027883342053327295,-0.18725362171729407,-0.26120668351650239,-0.2812690096242087
-0.0436413198387107,-0.1794590420829944,-0.18919469912846884,-0.14569292691620914,-0.23317906508843103,-0.36037660439809166,-0.32377904281020164,-0.14850964054465293,-0.16297292795318824,-0.40713412633963991,-0.45476579563371067,-0.42050832274713013,-0.41332749390240869,-0.45498444597319804,-0.56299389552685519,-0.3302390922737472,0.0,0.0,0.0,0.0,0.0,0.0,0.0,0.0,0.0,0.0,0.0,-0.21048074763040153,0.20693782038562666,0.72919271642511541,0.48444604988281542,0.20936792366432422,0.10398490864921499,0.11342195987701416,0.13560509173707527,0.19552102188269296,0.26650266552513296,0.2969454809239036,0.25883307660880844,0.12923695762745208,-0.046213846915634349,-0.21322794208923976,-0.27790968545845579
-0.080365910744055719,-0.15850361684958139,-0.14580835402011871,-0.20766314243276915,-0.26764668921629586,-0.36409855913370848,-0.36740458914727875,-0.240000755741046,-0.14778918552177925,-0.11085728785643975,-0.15576828174568988,-0.26363088935613632,-0.28090800848100095,-0.403297228531705,-0.39639856716397631,0.0,0.0,0.0,0.0,0.0,0.0,0.0,0.0,0.0,0.0,0.0,0.0,-0.13461386381172913,0.49841147985528494,0.75671620845794674,0.40960111303461921,0.12111899927258492,0.095492522473688474,0.0871849030904148,0.10356066547907315,0.20180200182256244,0.28943256139755247,0.30676901056652978,0.25940595981147552,0.15649360501103932,0.032803322325515395,-0.07702923772324409,-0.21167947777679988
-0.10228500056725282,-0.093505048438122393,-0.065679484953147335,-0.062532391558800429,-0.28120241034775972,-0.38897399803002675,-0.55571535000434291,-0.33831193836807621,-0.097052171111239913,-0.059449581520831477,0.017288617043081541,-0.15017152686671512,-0.21219128945676408,-0.29514440556706123,-0.020599287976934152,0.0,0.0,0.0,0.0,0.0,0.0,0.0,0.0,0.0,0.0,0.0,0.0,0.022442559696613781,0.760868638753891,0.72272991025170619,0.34155875955309184,0.12961664461884007,0.09231965526938439,0.057801698051069092,0.101211701604453,0.21063623187087832,0.2781203269958496,0.25784899686512192,0.18245279867398112,0.096696196641359061,0.011560702310816851,-0.068551112587253257,-0.1732699520447675
-0.082067522034049031,-0.1483342279280935,-0.082466696241968562,-0.065776860372245533,-0.19067360803082184,-0.31453677597973084,-0.48007164283522535,-0.37377925215619862,-0.2821708903726885,-0.033422560460749082,0.051530070714831636,-0.058907650453461843,-0.32641054030588207,-0.36569998168519563,0.0,0.0,0.0,0.0,0.0,0.0,0.0,0.0,0.0,0.0,0.0,0.0,-0.074180728090660911,0.35128286451270635,0.8485460224605742,0.63776717825633722,0.38257888536299428,0.25371157590832027,0.21693061850965023,0.17385197013616563,0.18663427907796132,0.20578630194067954,0.18886672109365463,0.1457402441650629,0.076308354153297842,0.016054576833590142,-0.070562710869126022,-0.13440044092781403,-0.19297159049246046
-0.085090675416427689,-0.10044975473067246,-0.0960642441042832,-0.15441411441015834,-0.19227267399027542,-0.13786128347532617,-0.31038406402439156,-0.34085259464923146,-0.512459887262208,-0.086376128703705035,0.077619705052147131,-0.031814050229807052,-0.38724390087714294,0.0,0.0,0.0,0.0,0.0,0.0,0.0,0.0,0.0,0.0,0.0,0.0,0.0,0.17788338552329791,0.79290518298077939,0.86761259416054037,0.60312548763043172,0.41323640247186028,0.31339633685571178,0.27218995378776029,0.29170221019358861,0.28763002604246141,0.22419694562753043,0.15086343845254496,0.091676412771145507,0.023215204679325002,-0.044961421554417985,-0.14832061110064387,-0.21696265982954124,-0.25870807076755326
-0.0078984689232464381,-0.02061283389172916,-0.045577203217697773,-0.15475800947139137,-0.1807571193919732,-0.033615156169862777,0.092985709283348858,-0.057963833904233063,-0.22071954253529522,-0.073209329362725839,0.13617400657385587,-0.11805670879899509,-0.23215731878597831,-0.034507330041378736,0.0,0.0,0.0,0.0,0.0,0.0,0.0,0.0,0.0,0.0,0.0,0.0,0.49229596900098987,0.95889721652294724,0.7661440360302828,0.57205286704831648,0.46916242664860142,0.34788710556247016,0.30289874517399334,0.32083880454301833,0.28186258673667908,0.18169353008270264,0.12386045687728459,0.10178635517756145,0.053338211262598634,-0.0473290882895098,-0.16025693846099517,-0.22616761747528524,-0.28812653571367264
-0.019059036344212171,-0.01656951432154086,-0.0021825142903253436,-0.0064795154501639659,-0.046275065736035292,-0.035847108644027743,-0.10457499465540959,0.11710773045278825,-0.12054905765576333,-0.013709609862416983,0.10620951548565266,-0.03011365128861768,-0.078754232750361558,0.015228624455630779,0.0,0.0,0.0,0.0,0.0,0.0,0.0,0.0,0.0,0.0,0.0,0.0,0.62415898757532606,0.96421976645787555,0.71394578800644981,0.590705374112496,0.50271519674704623,0.44015718319199304,0.38750353597459342,0.34704667660925126,0.29436850109521079,0.16555870017584631,0.085434261443359513,0.064944572953714266,0.044908275129273534,-0.0362959679983118,-0.13664633386275349,-0.23116546031087637,-0.32184442527153911
