SouthSea_Web/demo/jsonfile/2017-12-16-02.json
{"header": {"parameterUnit":"m.s-1","parameterNumber":3,"dx":0.1,"dy":0.1,"parameterNumberName":"Northward current","la1":29.0,"la2":12.0,"parameterCategory":2,"lo2":131.0,"nx":250,"ny":171,"refTime":"2017-12-16T01:58:07.5","lo1":106.0}, "data":
[rows 57 to 75 of 171, columns 84 to 125 of 250]
0.0,0.0,0.0,0.0,0.0,0.0,0.0,0.0,0.0,0.0,0.0,0.0,0.0,0.0,0.0,0.0,0.0,0.0,0.0,0.0,0.0,0.0,-0.022785797546875763,0.019003146758076728,0.17737644103383704,0.1963142779084944,0.12101098242441588,0.25706172924726567,0.41501068904643923,0.41254840135574339,0.47052233102844981,0.51854798197746277,0.47395578912786535,0.48689901913915362,0.36136629666600911,0.28169287885389022,0.17017567281921706,0.17691491146882374,0.12711362726986408,0.11439270339906216,0.12544361863817488,0.11705051317359462
0.0,0.0,0.0,0.0,0.0,0.0,0.0,0.0,0.0,0.0,0.0,0.0,0.0,0.0,0.0,0.0,0.0,0.0,0.0,0.0,0.0,0.0,0.0074617237913612786,0.072367307866391326,0.10755255885145904,0.16460034366825532,0.20006556851121615,0.30574093704873867,0.37306669258302255,0.39152995898173404,0.45028155616351534,0.45254614949226379,0.46472046411398688,0.44291131099065145,0.3620690336594215,0.26544313591260177,0.19551610602782324,0.22045022469979744,0.19517194320048606,0.16681532412767411,0.13120102658867835,0.11382590690928121
0.0,0.0,0.0,0.0,0.0,0.0,0.0,0.0,0.0,0.0,0.0,0.0,0.0,0.0,0.0,0.0,0.0,0.0,0.0,0.0,0.0,-0.034499545814469457,0.13557858875943707,0.12470553339355522,0.08757642212144115,0.18942505290562456,0.2661584472777892,0.274357333779335,0.31188278782124423,0.38544778283252273,0.49201764301820233,0.57315867754720873,0.5570947442735944,0.54941126942634577,0.45158229768276215,0.33952745981514454,0.25489409232423421,0.3850120942700993,0.29012299814949866,0.29162509858608243,0.31678735235562694,0.20965248135918821
0.0,0.0,0.0,0.0,0.0,0.0,0.0,0.0,0.0,0.0,0.0,0.0,0.0,0.0,0.0,0.0,0.0,0.0,0.0,-0.013287606532685459,0.0,0.16837306139576766,0.25750231241146404,0.14670378231891879,0.19579761059811482,0.23526365727186202,0.24075409326147526,0.27399490276972455,0.31873935969864448,0.39650447914997738,0.44509960865152293,0.49402444703238352,0.5634506079885695,0.59075342183527735,0.46424016025331283,0.41848071782212509,0.28720606284009087,0.41564756135145825,0.40925309558709461,0.47247639999670143,0.49089169972821284,0.39875591173768044
0.0,0.0,0.0,0.0,0.0,0.0,0.0,0.0,0.0,0.0098444960926734482,0.0,0.0,-0.016183243935270104,-0.022970280628457355,0.0,0.0,0.0,0.0,0.039023487171515873,0.0033829680268228721,-0.012915400338757675,0.091536699328571558,0.17375286061454703,0.21409690656043864,0.22296146257799498,0.22230836033821105,0.22929675946401995,0.26737359493243984,0.32285159164004856,0.379663626352946,0.44087782833311295,0.515272263288498,0.592426210641861,0.5865996617537278,0.47356932667585522,0.41238885888686549,0.30697447061538696,0.28123340290039778,0.28442176481088005,0.31212873359521232,0.38625445465246838,0.41477717831730843
0.0,0.0,-0.032335939817130566,-0.027458179186379432,-0.034890799636455021,-0.014009319145213214,-0.024874718651319752,-0.0080068568262304241,-0.017113068593171896,-0.015391509359012661,-0.012183419617820409,-0.063072591681372039,-0.01211505645437033,-0.035141598180301908,-0.0965660304762423,-0.0084101056100991667,-0.00017271969051359864,-0.014229415051886463,0.065103636715741861,-0.0075263286569679623,0.00020767687349759328,0.0891147246411829,0.16968811063894204,0.17861306607723237,0.18056702196598054,0.18782285120752124,0.22663126497165018,0.20859970773259798,0.22203136336159063,0.32145436156180596,0.40403007357208814,0.48293457144782659,0.49938295343342948,0.565928492281172,0.52155275642871857,0.45331322875889862,0.326161113652316,0.44282233963410061,0.40716189642747241,0.46173489364710724,0.464131840637752,0.35398868719736737
0.0,-0.016878498071390722,-0.044172987430205764,-0.052507318894971504,0.0,-0.033605409213245209,-0.0092890756933617612,0.006507601269443582,-0.025721328153835234,-0.06419068959982771,-0.064076814263932066,-0.049909828428291912,-0.01598879247579334,-0.037302952739668806,-0.059834035317180678,0.0034920454954921239,0.00533497872348907,-0.000991316740972954,0.010488275659123534,-0.00043944316568836497,0.023103560997966538,0.08176588747989047,0.10053756058800455,0.11934982612729073,0.1521456849295646,0.15916869145902721,0.15214519101110371,0.16624176821538381,0.26382877020274892,0.3513551453749339,0.41726183432799119,0.42478408983775545,0.47711680270731449,0.49808640943633187,0.50731191933155062,0.46328679099678993,0.42335758937729728,0.36235789789093864,0.40600506067276,0.49556553032663131,0.41984574000040692,0.31261036098003386
-0.039369018664246941,-0.022408568551173617,-0.054454961247884293,-0.091836416964653986,-0.028208867910119596,-0.032195464334899705,-0.0053601137953953422,-0.014674065217512883,-0.037172395856706078,-0.069659258663943666,-0.07920874203189035,-0.06939086319740724,-0.082153984289391926,-0.046268856472095415,0.00045337536652905478,0.023554254372261073,0.0079260389685583445,-0.026570693171710114,-0.059993321978764835,-0.058836217109816506,-0.026906604446204647,-0.015704553143155796,-0.010484842835374328,0.029812182119230226,0.0476058672380168,0.089518745410807274,0.14776903915811668,0.26412111622366036,0.35224094830061259,0.40058155275053448,0.41134455204010012,0.45147964109977085,0.42881521582603455,0.43874809784548624,0.39419664815068245,0.33412481205804007,0.32703627273440361,0.28992154366440243,0.26465008987320793,0.28113113769463133,0.20659116336277553,0.091365923838956017
-0.062090322860589874,-0.084422418723503742,-0.030795140832836566,-0.06676304107192832,-0.077793293140447611,-0.087712294520425726,-0.047007292384541662,-0.030155014855066133,-0.032861931827561607,-0.074078614870875567,-0.11699380761101133,-0.12194459545699989,-0.092977228838561188,-0.051963454898213968,-0.009772263630095996,0.013089617213386102,0.029371755559825234,0.0053166597833667227,-0.022476855033627625,-0.036827494207219306,-0.046529048308730128,-0.043339567122770088,-0.022623554841489889,0.044489152057377516,0.081802610997800479,0.15481268412744006,0.22887997270799151,0.31957789262135822,0.38083523511886597,0.39649254151365976,0.40177399944514036,0.39961016063506788,0.36191152230553003,0.29643176902424206,0.24592438340187073,0.23318674308913095,0.24655469187668391,0.182090125977993,0.10748702101409435,0.0671625869969527,0.066231222078204158,0.0058475339662566383
-0.086085283255560391,-0.1383204901744105,-0.078727574253888877,-0.0874599784551442,-0.12881300850741326,-0.11207725764331171,-0.075512414611876008,-0.048763050525276748,-0.0708154306801803,-0.1227598370067657,-0.15019253204608785,-0.13398647916813691,-0.11553058040238196,-0.0968033780845312,-0.061835195869207382,-0.047540959478779274,-0.0069629130389027216,0.017602661511773476,0.0073441137625465036,0.013123751259726387,0.0069277749137671768,0.032499129578856562,0.074142991718105677,0.10765439071334325,0.15854828535242282,0.19676600122938351,0.26589413645655607,0.35072830480498235,0.37806456822615403,0.37294689416885374,0.32848131763083593,0.30169957808472891,0.25203288843234378,0.20666451007127762,0.16424845283230147,0.1368681224329131,0.11811231123283505,0.0663204411310809,0.019897455482610633,0.011313720053294674,-0.00077944939645628131,-0.012256699070955316
-0.071003848456456631,-0.084210501322823192,-0.14262121193336719,-0.17066037852097959,-0.158642277626668,-0.13819317756191132,-0.10289915158586988,-0.056582782727976642,-0.07100148378841338,-0.10468151127217246,-0.18059946422775586,-0.1870298554499944,-0.16423311273930435,-0.11480014811136893,-0.027158642167209604,-0.0088022567736819237,0.0018959668256381217,0.030674345500895525,0.050980062080690496,0.036883577266160178,0.045655319239107928,0.0645100325345993,0.10169556306468117,0.13373886163418108,0.16335826712410625,0.194655379652977,0.23559625446796417,0.27241724144135204,0.28016169417288994,0.25345542547958239,0.22241752173589624,0.19725894409677255,0.16883258364702525,0.10328107625246048,0.061336328920263514,0.036129994356694319,0.0052037270652363077,0.013896802137605847,-0.00030508230944784981,-0.0211322121322155,-0.041610038706234524,-0.064766444638371473
-0.096949646803172862,-0.13356568843844424,-0.20460173094438183,-0.21258631484075027,-0.20639942610850098,-0.2046034792896177,-0.1664325747905033,-0.1677338312995636,-0.16507000695256627,-0.14575538673299424,-0.1517799821164873,-0.19472057102842533,-0.20124123183389506,-0.092311785765448393,-0.015239103868147953,-0.0040128006900583086,-0.0031858046477282187,-0.00056906065162222247,0.0069958296859309686,0.024766263973599833,0.037278236907749326,0.047520131163764745,0.065745911560952663,0.092762742755991043,0.091410667768546519,0.10517171025276184,0.12030251976102591,0.1532196816470888,0.17756236078483717,0.18191221418480078,0.159870350590119,0.1140836375951767,0.08789747953414917,0.04348649149515519,0.0035849862850647275,-0.048012371894649485,-0.037838209012988955,-0.071225910580583987,0.0399811704022189,0.10083406354533508,0.13187208957970142,0.028241477091796696
-0.12421661743310968,-0.20552081008752188,-0.24091636699934801,-0.25957222968812971,-0.26890509128570556,-0.27506460275566369,-0.24365569976243107,-0.20056095784125122,-0.17143925200951726,-0.14844267691175142,-0.15392195410800702,-0.13878932618536055,-0.099427368491888046,-0.0697498934279228,-0.03293319144286215,-0.038039520378723476,-0.061321975791762615,-0.073910616389993161,-0.072931644872629223,-0.055336639052256942,-0.042719954267210723,-0.011368872545452697,0.014711817504441435,0.020756804031030886,0.024729192057678189,0.0351740989404229,0.04531199816200468,0.1016438927339471,0.1712124529812071,0.19966096431016922,0.18376530448977763,0.12589557841420174,0.0848756545178947,-0.073091745544742376,-0.13930594165097265,-0.12502900107453266,-0.11590032031138738,0.022020494216121733,0.149580409581011,0.14100216735493054,0.13507714588195086,0.0945590031998498
-0.17749597589174906,-0.23757405075388896,-0.26077772412569294,-0.27852919235311707,-0.25946951146219294,-0.25186815026194548,-0.22916572123039058,-0.19668934196233751,-0.16388910912698315,-0.13929589518478938,-0.13334629595279693,-0.11900236486242367,-0.093221431253133,-0.0750462940106025,-0.080628595799207683,-0.10470422385976864,-0.13655000925064087,-0.13920405564399865,-0.11859018231431644,-0.1064557172358036,-0.06909008986420101,-0.026416029418424632,-0.031137330708308861,-0.048381746542872861,-0.054038208061163981,-0.033326067386290313,-0.0019177133716376765,0.077741014310158785,0.18694704484481078,0.15559362466244595,0.02680734117798831,0.010858063823737515,-0.0047601756017511005,-0.094588419128405418,-0.074711408266531568,-0.0032171962317079305,-0.054979994310997427,-0.0066735260681105918,0.046707952895667405,0.038919925379256405,0.052761654473013349,0.064294916888078049
-0.21840901494915807,-0.24471634169740061,-0.28697760595429328,-0.32938298902341295,-0.31724552718960508,-0.27549056027616775,-0.23959908129707461,-0.20190297177544347,-0.16235233470797539,-0.1320217652962758,-0.11327228265313002,-0.090463030080382645,-0.061232218119714944,-0.046307734285409637,-0.079070706386119127,-0.150897082227927,-0.20774028837680816,-0.1807150249851161,-0.14890100061893463,-0.11243705132177898,-0.057164918465007632,-0.028236125381746597,-0.080261175653764186,-0.12100675599328403,-0.14730480765657766,-0.12142127655722478,-0.01681920412833009,0.0739918364022203,0.081078520564075843,-0.067934450176027089,-0.070556709034876389,-0.00524073905973254,0.028304175302190215,0.0093090687619729173,0.051812496584127933,0.040652085013468474,0.028516730293631554,0.034045497690768617,0.045180694073099985,0.023255127559726436,0.028979030158370733,0.064268815889954561
-0.26638658638253354,-0.2650224053950021,-0.27848271677891412,-0.302200513834856,-0.30907871937140441,-0.29229346206111295,-0.24978724924417642,-0.1924649654672696,-0.11290110758057347,-0.027437644894234836,0.012527277236114498,-0.0014669508225499438,-0.046382324513176393,-0.033084452617913485,-0.03278176998719573,-0.11525604794067997,-0.23439911504586539,-0.22987349613987165,-0.12311443264285724,-0.098638364338669279,-0.11166647276175874,-0.07796032987535,-0.10360290052873704,-0.18950966047123075,-0.24707550126494784,-0.17402674284364497,-0.063374096527695656,-0.035954660864482665,-0.14154134114057973,-0.20294683895729207,-0.13181041926145554,0.025911955079063773,0.064221216365695,0.073057536213170918,-0.0017179234082026309,-0.033616255119662077,0.030429001431912184,0.05930602326989174,0.030619761245113543,-0.0052348116551002022,-0.017111713521164626,0.027400620954318181
-0.26553619716127042,-0.26668997033167696,-0.26526298977079843,-0.24439578438582627,-0.24001291819981166,-0.23192417089428222,-0.20039940066635609,-0.13131962137089837,-0.052115745310272486,-0.010872435671949966,-0.0049346454044872966,-0.03380464819761423,-0.084115635071481981,-0.054231427110997696,-0.020225301300625092,-0.12487696904328562,-0.17738769563107654,-0.1179040562022816,-0.14243983943015337,-0.16575232323478251,-0.12520593497902155,-0.17208821958664691,-0.22619140701634544,-0.22016663217183316,-0.21547851504551041,-0.15764430278178418,-0.09686863818205893,-0.13173816190101206,-0.23511395526343379,-0.25677500133003506,-0.1353893575391599,0.012217497734641454,0.038475507809578077,0.0024522168307819152,-0.05484779001701446,0.0069123528401611282,0.040948569508535523,0.026824623867869376,-0.018745782948099077,-0.0688914828416374,-0.077732335776090622,-0.030856628739275038
-0.25401758233254607,-0.25719907107176604,-0.25262261217548732,-0.24808463937527425,-0.23631999056254113,-0.20622485816478731,-0.17927989928886809,-0.12785414637376866,-0.063945276949268118,-0.083846617352079461,-0.093383504560700173,-0.0788793401985333,-0.060372144345559979,-0.0076730939247007029,-0.0795081213824839,-0.1308858741915995,-0.10677961615147069,-0.10534867892662685,-0.033508058044720783,-0.084996334315898522,-0.1404407997098234,-0.20047587470004433,-0.2147059753537178,-0.24326590684855856,-0.20398568865415212,-0.15329947722394291,-0.099687760188114927,-0.073597601549836855,-0.19673348963260651,-0.26730069312556037,-0.16928280119238229,-0.046705775467368461,-0.010573710096650757,0.019485177081078289,0.062824969113405266,0.075612238198518755,0.07615876978351957,0.055860152542591093,0.0024893973026006611,-0.0602055882414182,-0.06736120839531605,0.0070952309972860594
-0.20908651376763979,-0.18056628397769398,-0.15800781858464083,-0.16110545123616854,-0.18148015645043603,-0.16123713284730912,-0.12378530057945422,-0.085011024326086038,-0.076265367546251836,-0.10117859834874118,-0.08799755444320348,-0.034530235402253938,0.018465147947051352,-0.053546067918432527,-0.10623165832892541,-0.10179836952260563,-0.12976839455465475,-0.072873003687709575,-0.021964441649504892,-0.13632295440350259,-0.14647889951633852,-0.16317405253648759,-0.25071347915396397,-0.20869973327877911,0.005359588287513148,0.15755483523147026,0.22084698749139256,0.042760518400804935,-0.20454545399627169,-0.24014945057305423,-0.094950813334435225,0.046561637427657843,0.19283098469559962,0.26327061882385838,0.22700282505580358,0.18173339082436127,0.12487260804132179,0.06389739255731304,0.025989179871976374,0.0015948000909702387,0.029662372902608834,0.1311046447266232
