SouthSea_Web/demo/jsonfile/2017-12-15-18.json
{"header": {"parameterUnit":"m.s-1","parameterNumber":2,"dx":0.1,"dy":0.1,"parameterNumberName":"Eastward current","la1":29.0,"la2":12.0,"parameterCategory":2,"lo2":131.0,"nx":250,"ny":171,"refTime":"2017-12-15T18:00:00","lo1":106.0}, "data":
[rows 95 to 113 of 171, columns 168 to 209 of 250]
-0.0046895588625614579,-0.0712796091619465,-0.052449184752601595,0.015498241024593322,0.066500806249678135,0.088719142228364939,0.084656045668654978,0.035653651808388531,0.010592908265867404,0.023665133630856872,0.036137194062272705,0.034877224514881768,0.056210623122751713,0.0960202980786562,0.11701936647295952,0.10289312154054642,0.06603681668639183,0.061495326459407806,0.12186284859975179,0.2081189826130867,0.25165168195962906,0.29401771724224091,0.30268719792366028,0.32238344848155975,0.33520781993865967,0.35474571585655212,0.3528779149055481,0.34767521917819977,0.33642314374446869,0.31499162316322327,0.28304347395896912,0.1876586377620697,0.12114185094833374,0.0,0.05710698664188385,0.02345093060284853,-0.00013326562475413084,0.0,-0.021365378051996231,-0.038802765309810638,-0.058274619281291962,-0.055646730586886406
-0.027430033703383646,-0.0080114183947443962,0.034487559896660969,0.0917754431720823,0.10241607170213353,0.093833145770159637,0.063472703513171941,0.03963684539000193,0.016251853760331871,0.017734968289732932,0.03465320852895578,0.048235815018415451,0.077007661263148,0.12272449334462483,0.14080259203910828,0.12429212033748627,0.083632002274195358,0.087041523307561874,0.14303522929549217,0.19922564923763275,0.28162218630313873,0.31302212178707123,0.31934091448783875,0.31720028817653656,0.32586668431758881,0.31557057797908783,0.33085870742797852,0.32549285888671875,0.3250710666179657,0.29494819045066833,0.26090055704116821,0.20139497518539429,0.14420097693800926,0.10113635659217835,0.052060715854167938,0.0094819767400622368,0.0059488206170499325,-0.018579853232949972,-0.03254249319434166,-0.04788549616932869,-0.055009778589010239,-0.071393676102161407
-0.071887926154193427,-0.022002235299580553,0.070806202129460871,0.13828184952338538,0.13361166069904965,0.10017331317067146,0.055098443478345874,0.046742273028939962,0.049519900232553482,0.043969016211728253,0.053770347808798157,0.074408138791720077,0.13032982498407364,0.16541811327139536,0.17791637033224106,0.14907653629779816,0.094828002154827118,0.10327353700995445,0.14928502589464188,0.22380912800629935,0.28721292316913605,0.30345615744590759,0.30785596370697021,0.29210183024406433,0.29029577970504761,0.28043803572654724,0.30071039497852325,0.31272506713867188,0.30800651013851166,0.28661192953586578,0.24024947732686997,0.19418664276599884,0.0,0.081702027469873428,0.042929764837026596,0.028384119272232056,-0.010423614643514156,-0.017826720606535673,-0.038852114230394363,-0.0529022179543972,0.0,-0.070493265986442566
-0.0666653641632625,-0.025875201413567226,0.029969964085871145,0.074227103497833014,0.064607000866089948,0.042998164140347704,0.032829517804202624,0.021233429400516406,0.036912895325157374,0.047749055283410211,0.072973982741435364,0.1006835401058197,0.14356404542922974,0.16933276876807213,0.1737852618098259,0.11542110393444698,0.073701433837413788,0.095885220915079117,0.13872437551617622,0.21727142731348673,0.26896525919437408,0.29271240532398224,0.28119727969169617,0.27026081085205078,0.24471660703420639,0.25331301987171173,0.27473825216293335,0.2925049364566803,0.29022300243377686,0.2786712646484375,0.0,0.1936303973197937,0.12475055828690529,0.06287694163620472,0.033124253153800964,0.010371808893978596,0.0,-0.010274260304868221,-0.030148068442940712,-0.036621786653995514,-0.056907420977950096,0.0
-0.033479737684778542,0.024251507778119828,0.043729725833001887,0.00417916606152978,-0.03497918729359905,-0.058563496141384043,-0.072382176294922829,-0.051366067181030907,-0.04125949341271605,-0.013635654118843377,0.031006184328968327,0.073751817457377911,0.09303207416087389,0.10758887603878975,0.094191387295722961,0.046708568930625916,0.038145296275615692,0.0644775169591109,0.12881145253777504,0.19094124436378479,0.24191920459270477,0.2649376392364502,0.24314753711223602,0.23534834384918213,0.20912033319473267,0.22045044600963593,0.24914148449897766,0.27868041396141052,0.0,0.26146657764911652,0.23205771297216415,0.16784997284412384,0.12693633139133453,0.046124862506985664,0.012122249230742455,0.0055777471279725432,0.0072749345563352108,-0.011188260279595852,-0.0022426543291658163,-0.025655945762991905,-0.058416586369276047,-0.11325212568044663
-0.042052495900703514,0.03006991551817572,0.050931295478030256,-0.029605127284594347,-0.077427028445526958,-0.10806544010455792,-0.14728935875675894,-0.12006372378932105,-0.094537048467567983,-0.067754298448562622,-0.031318556517362595,-0.0025485118851065634,0.02632666053250432,0.04463184205815196,0.015413422234511623,-0.0021431788336485624,0.0074329780181869864,0.056357917686303459,0.12780056893825531,0.18427736312150955,0.22708921879529953,0.23329246044158936,0.21004211902618408,0.18905577808618546,0.17140204459428787,0.18486521393060684,0.22889488935470581,0.22065799683332443,0.26115600764751434,0.22980699688196182,0.22193092107772827,0.1775728166103363,0.078401654958724976,0.017416663467884064,0.0,0.0010863360948860645,0.01311418367549777,0.016310190781950951,-0.00076656875899061561,0.0,-0.045731108635663986,-0.099114399403333664
-0.049251334465764185,0.0149717076565139,0.010406955431046134,-0.062705657170975912,-0.10264196386560798,-0.10811464926775764,-0.15955897623842413,-0.14726849272847176,-0.11654643134938346,-0.092519139250119523,-0.071405499552687,-0.05163892606894175,-0.017948806285858154,-0.0003628246292161445,-0.025547241792082787,-0.030653377063572407,0.0014905196730978787,0.046546747907996178,0.10099746659398079,0.18497822433710098,0.21612735092639923,0.2109757661819458,0.19184769690036774,0.14735469222068787,0.12957586348056793,0.11409779638051987,0.16551254689693451,0.15789109468460083,0.21794060617685318,0.19424374401569367,0.1744111031293869,0.13789491355419159,0.0912003442645073,0.045582275837659836,0.017480679787695408,0.0,0.025279369205236435,0.020386951044201851,0.0099191050976514816,-0.020009428262710571,0.0,-0.094274170696735382
-0.046217316116851107,-0.0154182143575911,-0.056214507054565252,-0.11356464950811296,-0.11489856662228704,-0.11209672032033696,-0.13532351968543871,-0.155449546196244,-0.14958245626517705,-0.127249042902674,-0.10092294402420521,-0.076720766723155975,-0.048383951187133789,-0.041055235546082258,-0.065413338442643479,-0.047714287415146828,0.0067260283976793289,0.057241810485720634,0.12832066913445792,0.18300459533929825,0.20052245259284973,0.20543807744979858,0.15548180788755417,0.1088196262717247,0.08935246616601944,0.0,0.11734311655163765,0.18372885882854462,0.15292759239673615,0.1762835830450058,0.11872541159391403,0.078184768557548523,0.053462103009223938,0.021657837554812431,0.028682572767138481,0.030689654871821404,0.0,0.036262691020965576,0.012125445529818535,-0.015759167727082968,-0.06868763267993927,0.0
-0.092346503809094427,-0.066156803200451225,-0.12338555821528037,-0.14356695115566254,-0.14063091751407175,-0.14287410024553537,-0.13921165466308594,-0.15441188216209412,-0.16116532497107983,-0.14741543148245132,-0.12621100885527475,-0.11522352695465088,-0.094284509619077042,-0.0914139449596405,-0.10255933739244938,-0.0649702437222004,0.012875360902398825,0.066005781292915344,0.11672309786081314,0.1623966246843338,0.16207343339920044,0.15737294405698776,0.092683117836713791,0.06687619537115097,0.034082178026437759,0.068464186042547226,0.066817903891205788,0.10412140935659409,0.1022971086204052,0.11265163496136665,0.091466616839170456,0.035317234694957733,0.016402995213866234,0.022027464583516121,0.012482248246669769,0.035970602184534073,0.035560503602027893,0.018783409148454666,0.0,-0.013156725093722343,-0.0709855817258358,-0.12170896679162979
-0.18341784695020089,-0.12315626814961433,-0.14573701258216584,-0.15166974224542318,-0.14884963557124137,-0.14841166734695435,-0.14249287080019712,-0.15965792983770372,-0.1642113116880258,-0.15107979519026621,-0.14820929936000279,-0.13785173743963242,-0.12012361288070679,-0.13091506436467171,-0.13882159193356833,-0.072080564995606736,0.013628928456455469,0.0673355758190155,0.10542888566851616,0.13663802295923233,0.10188758373260498,0.092730402946472168,0.025455078575760126,0.012332926504313946,-0.027326790615916252,0.017480057198554277,0.0068225918803364038,0.036927923560142517,0.036236997693777084,0.050106152892112732,0.032211847603321075,-0.010358999483287334,-0.014311393722891808,0.0011489010648801923,0.026892708614468575,0.029832405969500542,0.035958103835582733,0.038764741271734238,0.0036644699284806848,0.0,-0.072161167860031128,-0.1147584579885006
-0.24955811304971576,-0.19697102789695448,-0.16301043196157974,-0.15059611981823332,-0.15003138780593872,-0.14201434819321884,-0.14062684455088206,-0.16490149391548975,-0.1757726576179266,-0.16044624812073177,-0.16077852911419338,-0.13469841144979,-0.12054474900166194,-0.1301739513874054,-0.12822706252336502,-0.062162787963946663,0.014728201553225517,0.058176852762699127,0.0735216848552227,0.087452027946710587,0.075185313820838928,0.017032039196540911,-0.041764427907764912,-0.021937193349003792,-0.039764683693647385,-0.032314946874976158,-0.046407975256443024,-0.031437216326594353,-0.010430056601762772,-0.013011642844503513,-0.034257795661687851,-0.036641174927353859,0.0,-0.0095162577927112579,0.026861386373639107,0.017547808587551117,0.029044831171631813,0.022384302690625191,0.0028023978229612112,-0.056336488574743271,0.0,-0.11696204543113709
-0.30041392099472786,-0.25467104432375537,-0.18889395309531171,-0.1404353128302665,-0.149189911427952,-0.14912327006459236,-0.14937411062419415,-0.16900509808744704,-0.18333462874094644,-0.17576618045568465,-0.163689024746418,-0.12740092848738036,-0.11434031650424004,-0.11361335466305415,-0.10677097489436467,-0.049467645585536957,0.010019665118306875,0.032699503004550934,0.031395657919347286,0.027285531628876925,0.0053973491303622723,-0.039886846207082272,-0.06954602524638176,-0.083962030708789825,-0.084229566156864166,-0.080916102975606918,-0.07666093111038208,-0.078966356813907623,-0.089844763278961182,-0.088610861450433731,-0.065539456903934479,-0.077607110142707825,-0.034218806773424149,0.010618464089930058,0.020990567281842232,0.018683984875679016,0.032490722835063934,-0.012384395115077496,-0.010717104189097881,-0.068841319531202316,-0.10713552683591843,0.0
-0.32188102191892165,-0.28210707008838654,-0.22619198262691498,-0.15334057497481504,-0.12868277246461196,-0.16052924359545989,-0.1635970304409663,-0.16782835355171791,-0.18430245853960514,-0.16379120945930481,-0.13827935978770256,-0.11547573804855346,-0.10324531296888988,-0.10176963359117508,-0.089602096006274223,-0.041622309014201164,-0.0055558782114530914,-0.004055114695802331,-0.0046153445728123188,-0.021149926818907261,-0.052703576162457466,-0.075668759644031525,-0.10664756596088409,-0.11236316710710526,-0.1079755537211895,-0.09813665971159935,-0.092657044529914856,-0.10217715799808502,-0.11740897595882416,-0.11894288659095764,-0.11003304272890091,-0.069477804005146027,-0.023793123662471771,-0.012937335297465324,-0.0083703231066465378,0.0,0.0068319379934109747,-0.035717017948627472,0.0,-0.085232101380825043,-0.11539961770176888,-0.13117785751819611
-0.34488484356552362,-0.30018259763717653,-0.25643868744373322,-0.18581582334908572,-0.14165970757603646,-0.16685374546796083,-0.17947754170745611,-0.17925293644269308,-0.18466730415821075,-0.14385436309708488,-0.09269123772780101,-0.081452266871929163,-0.079046962782740593,-0.0879065493742625,-0.062047921121120453,-0.038818092395861946,-0.030786306597292423,-0.039323180913925171,-0.030977781862020493,-0.052526742219924927,-0.082363970577716827,-0.109745804220438,-0.13019294664263725,-0.1373647004365921,-0.12142206355929375,-0.10471779480576515,-0.10712080448865891,-0.12805357202887535,0.0,-0.13106441497802734,-0.10259436815977097,-0.086288385093212128,-0.047739597037434578,-0.011199593544006348,-0.037034670822322369,-0.04348292201757431,0.0,-0.040140751749277115,-0.09908527135848999,0.0,-0.11833721399307251,-0.1441696435213089
-0.35166884859402975,-0.29099061422877842,-0.25187325850129128,-0.20037141306833786,-0.15479972331147446,-0.16507401838898658,-0.19619956333190203,-0.20554993473566496,-0.17948971937100092,-0.12921321671456099,-0.073549468815326688,-0.056496410816907885,-0.06387678223351638,-0.067911319434642792,-0.046822037547826767,-0.047009531408548355,-0.049149422595898308,-0.0624503418803215,-0.056015247479081154,-0.074283197522163391,-0.11195224151015282,-0.13931792229413986,-0.15139156579971314,-0.15262018144130707,-0.12838705256581307,-0.12118890136480331,-0.125189621001482,-0.14329318702220917,-0.14512096345424652,0.0,-0.12912952899932861,-0.085615411400794983,-0.054099038243293762,-0.084485173225402832,-0.072793319821357727,-0.082581210881471634,-0.0960388258099556,-0.07738988846540451,-0.125270277261734,-0.13742618262767792,0.0,-0.11138023436069489
-0.34530790363039288,-0.28449816615493212,-0.23672025294407553,-0.22015620158477264,-0.19327503442764282,-0.21070276902002447,-0.23446087290843329,-0.21621768871943156,-0.17496865039521997,-0.13432692984739938,-0.092647910118103027,-0.075609415769577026,-0.059769502530495323,-0.05322307969133059,-0.040073085576295853,-0.049479829147458076,-0.064827151596546173,-0.072476238012313843,-0.070869050920009613,-0.094547662883996964,-0.13277679681777954,-0.16538724303245544,-0.15407846868038178,-0.15440201014280319,-0.14877194166183472,-0.15206883847713471,-0.16449378430843353,-0.16146595776081085,-0.16510648280382156,-0.15823279321193695,-0.12131458148360252,0.0,-0.0882163867354393,-0.10087211430072784,0.0,-0.12000344693660736,-0.11575101315975189,-0.1502203494310379,-0.13532792031764984,-0.15049389749765396,-0.16704733669757843,-0.1476527601480484
-0.32733816007773081,-0.2929686869566257,-0.25358705346783,-0.22932851314544678,-0.23803939670324326,-0.2608539093481867,-0.25321050952462587,-0.21741128493757808,-0.18176047610385077,-0.16233560578389603,-0.13313111290335655,-0.10628880932927132,-0.0755721963942051,-0.056097876280546188,-0.043447149296601616,-0.06113736517727375,-0.072630363206068679,-0.068204628303647041,-0.07137010246515274,-0.09048004075884819,-0.13880135118961334,-0.16838803142309189,-0.16902295500040054,0.0,-0.1588793620467186,-0.18907785415649414,-0.20751488953828812,-0.21376125514507294,-0.19889704138040543,-0.17637409269809723,-0.16104520857334137,-0.12854436039924622,0.0,-0.12537781894207,-0.13916570693254471,0.0,-0.17077448219060898,-0.16078822314739227,0.0,-0.15873022377490997,0.0,-0.17837125062942505
-0.27541031771235996,-0.26027856824489742,-0.22827183319763703,-0.20841713385148483,-0.23905653825828008,-0.23488392198787017,-0.2103821205742219,-0.19315630986410029,-0.17616849641005197,-0.16654688255353409,-0.14854070544242859,-0.11325137317180634,-0.0933666005730629,-0.071675884226957962,-0.0632789134979248,-0.069917112588882446,-0.073268169537186623,-0.0599315594881773,-0.074202157557010651,-0.086752571165561676,-0.13942836225032806,-0.17558951675891876,-0.16992823779582977,-0.16104939579963684,-0.18437792360782623,-0.23328028619289398,-0.25105297565460205,-0.25609439611434937,-0.25300630927085876,-0.22815501689910889,-0.19752815365791321,-0.17997102439403534,-0.18210676312446594,-0.15483450889587402,-0.1882861852645874,-0.21337467432022095,0.0,-0.18472084403038025,-0.17213533818721771,0.0,-0.19448845833539963,0.0
-0.19854655245254779,-0.200365100055933,-0.17786585353314877,-0.17180744735967546,-0.20150924921035768,-0.19043314233422279,-0.16571474634110928,-0.16795077281338827,-0.16526067682674953,-0.15933966501192612,-0.13353136032819749,-0.11461213529109955,-0.09123745933175087,-0.075516309589147568,-0.080915166065096855,-0.0842423252761364,-0.058396158119042717,-0.049858137965202332,-0.077232811599969864,-0.10914461314678192,-0.16147668659687042,-0.18986348807811737,-0.1980840265750885,-0.1975894570350647,-0.22159533202648163,-0.28940767049789429,0.0,-0.32174950838088989,-0.29642194509506226,-0.27635180950164795,-0.29515320062637329,-0.24974986910820007,-0.24071686714887619,-0.24514976143836975,-0.22595879435539246,-0.23761769384145737,-0.2089667022228241,-0.19727693498134613,-0.20352472364902496,-0.19521748274564743,0.0,-0.24357873201370239
