SouthSea_Web/demo/jsonfile/2017-12-14-23.json
{"header": {"parameterUnit":"m.s-1","parameterNumber":2,"dx":0.1,"dy":0.1,"parameterNumberName":"Eastward current","la1":29.0,"la2":12.0,"parameterCategory":2,"lo2":131.0,"nx":250,"ny":171,"refTime":"2017-12-14T22:58:07.5","lo1":106.0}, "data":
[rows 133 to 151 of 171, columns 42 to 83 of 250]
-0.22346676886081696,-0.18508499009268625,-0.21476604044437408,-0.26097664833068845,-0.31339395897729055,-0.34108316046851023,-0.36727564172311261,-0.37249108403921127,-0.25011076033115387,-0.30446217209100723,-0.36165946685237649,-0.31419144788484893,-0.35718611605239636,-0.36328843981027603,-0.40617489187340988,-0.42118281439731,-0.41418717242777348,-0.37562027259876851,-0.32251648151356244,-0.3507655388430545,-0.36802355051040647,-0.37375889630878673,-0.42506627179682255,-0.4477419465780258,-0.41401684284210205,-0.35196894407272339,-0.28038750030100346,-0.24206170191367468,-0.20871506631374359,-0.18530829747517905,-0.16204318404197693,-0.13591558592660086,-0.12160275131464005,-0.15922233806206629,-0.1980225807055831,-0.2616331215415682,-0.26691105216741562,-0.21662332576054794,-0.2135190154824938,-0.15591397136449814,-0.28184393346309661,-0.54993628080074608
-0.2691871404647827,-0.19920162217957632,-0.23690189172824225,-0.25899466872215271,-0.29354474799973623,-0.29869358241558075,-0.31256324648857114,-0.35977956652641296,-0.28212257847189903,-0.28663202203237093,-0.325065678358078,-0.34398071654140949,-0.40469801425933838,-0.38457498767159204,-0.38554118229792667,-0.37307621538639069,-0.39537362181223357,-0.37984594702720642,-0.34806364136082785,-0.34324408968289694,-0.34831678271293642,-0.33444076577822368,-0.3969621989462111,-0.45271797974904376,-0.44776961207389832,-0.38156211801937651,-0.33190706372261047,-0.28997382521629333,-0.26376090447107953,-0.24151125252246858,-0.22387502094109854,-0.19153877943754197,-0.13333895483187266,-0.08038834588868278,-0.11959242849395825,-0.1033600249972481,-0.2246768863073417,-0.22742695547640324,-0.13460694303115209,-0.12715927883982658,-0.29280679140772137,-0.4130255196775709
-0.26665540784597397,-0.22962330281734467,-0.23483788594603539,-0.25831749439239504,-0.29724565893411636,-0.28865153193473814,-0.26886928826570511,-0.27920887370904285,-0.27591394260525703,-0.29884731769561768,-0.34108119830489159,-0.36876623630523681,-0.42279232665896416,-0.40703752040863039,-0.36403342485427859,-0.319725900888443,-0.35560206662524829,-0.40909186818382959,-0.381219561283405,-0.38749392165078056,-0.37425103783607483,-0.35033755169974434,-0.4005899793571896,-0.43463954329490662,-0.42013118664423627,-0.39113513007760048,-0.344010329246521,-0.28424654006958006,-0.255187463760376,-0.24024716764688492,-0.24523938127926417,-0.21644547581672669,-0.1548162673910459,-0.075178210106160909,-0.0011892536810288827,0.076110122725367546,0.10780635981687478,0.0096297925885985881,-0.035330439237161324,-0.041959561407566071,-0.12736358394225439,-0.09156589175884923
-0.29039504627386731,-0.26586320251226425,-0.26703982353210448,-0.29115259647369385,-0.30609138309955597,-0.27484587430953977,-0.23775694966316224,-0.25394719839096069,-0.30893053486943245,-0.34614534974098204,-0.3822631761431694,-0.39901543988121879,-0.44071820750832558,-0.42968107925521004,-0.38929985960324603,-0.35993805256756867,-0.39539726823568344,-0.45331398844718934,-0.44408618658781052,-0.39021990515969018,-0.34812198579311371,-0.33748594257566666,-0.35925707593560219,-0.36788436025381088,-0.3579452157020569,-0.32598723684038433,-0.27669851779937743,-0.22935342150075094,-0.18539677560329437,-0.16565079738696417,-0.1789307544628779,-0.16734255424567632,-0.12238113262823649,-0.069420353043824434,-0.0056085289159620352,0.065356449844936534,0.13538071699440479,0.18781309255531856,0.20463481793800989,0.25435806704419,0.30504136780897778,0.21214275381394795
-0.297570139169693,-0.29287358125050861,-0.2890633557524,-0.29083652794361115,-0.28242833614349366,-0.25458583608269691,-0.24464236199855804,-0.27561922584261211,-0.34484576753207613,-0.38668416738510131,-0.3948875293135643,-0.39784437790513039,-0.41526740127139622,-0.4182643077590249,-0.42477718989054364,-0.430029495195909,-0.46409939868109568,-0.51231127626755657,-0.4938008040189743,-0.41732653162696143,-0.35092198848724365,-0.32367684319615364,-0.31088601052761078,-0.28614793966213864,-0.2693898429473241,-0.242616834739844,-0.20607726275920868,-0.15230909138917922,-0.12404233838121097,-0.10939960678418477,-0.12154263257980347,-0.10058885387011937,-0.073078317301613946,-0.031359508012731872,0.013408995931968093,0.064437123015522957,0.12526163245950425,0.16096367580550058,0.20869710296392441,0.24847773462533951,0.27445602416992188,0.20724904239177705
-0.28279423713684082,-0.27294912437597912,-0.249910369515419,-0.24422704534871237,-0.24890968203544617,-0.25323795278867084,-0.2701669881741206,-0.316389595468839,-0.3840208500623703,-0.41987219878605436,-0.4300033338367939,-0.39120706064360483,-0.37187213367886013,-0.40169910192489622,-0.43792544553677243,-0.44740272164344785,-0.48409825728999245,-0.56437917316661157,-0.51613548398017883,-0.43076537549495697,-0.3528481014072895,-0.29043142994244892,-0.258966142932574,-0.2355227954685688,-0.20582043911729539,-0.19120898842811585,-0.15319170951843261,-0.11974561214447022,-0.0882014885544777,-0.078386759757995611,-0.076875897390501838,-0.066133415947357818,-0.049842551350593567,-0.015564341951782504,0.022063616663217545,0.068182783822218582,0.12198683172464371,0.16946064432462057,0.1925506517291069,0.20888210833072662,0.19355617463588715,0.15475273430347442
-0.29862319678068161,-0.26576635241508484,-0.21424919664859771,-0.19870643317699432,-0.21802273889382681,-0.2540300463636716,-0.29723072052001953,-0.34557610154151919,-0.41033825278282166,-0.43753889203071594,-0.42950327197710675,-0.38405301741191317,-0.34338735938072207,-0.396530482172966,-0.42486859560012818,-0.41131714545190334,-0.42356983572244644,-0.45441479049623013,-0.4563818116982778,-0.39085485206709969,-0.337953545153141,-0.28167933970689774,-0.22986174225807191,-0.18642944097518921,-0.15583859290927649,-0.12930199628074965,-0.10536135413816997,-0.095060551166534418,-0.065629427631696061,-0.052500647803147636,-0.050018686801195145,-0.035345636929074921,-0.011874870300137749,0.020441894978284837,0.051588828861713412,0.084324020892381668,0.11916375408569972,0.1434401236474514,0.17346173028151193,0.18081159144639969,0.16290322939554849,0.1192712914198637
-0.30644491910934446,-0.26046081135670346,-0.17354937394460043,-0.18276236653327943,-0.215949547290802,-0.26482824484507245,-0.31877057552337645,-0.38037309902054922,-0.41458870967229206,-0.40596182346343995,-0.38363811746239662,-0.35641607145468396,-0.34918065582002911,-0.33794405394130284,-0.33883931239446,-0.36652469262480736,-0.37555423565208912,-0.33927256862322491,-0.32685791949431103,-0.3256276746590932,-0.30566084384918213,-0.2474178671836853,-0.18671614676713944,-0.14387174695730209,-0.094210775196552271,-0.057628092045585312,-0.047473869286477566,-0.050228344897429146,-0.036114619113504887,-0.030168902594596148,-0.014517144726899764,0.0052707890979945661,0.017038326431065797,0.033202681069572769,0.046069953590631485,0.0732845276594162,0.099151466786861417,0.13489147648215294,0.16150245070457459,0.16943993046879768,0.14739885926246643,0.1133768434325854
-0.29429668188095093,-0.22909459471702576,-0.17286780973275503,-0.21963177919387816,-0.2502056360244751,-0.29458552102247876,-0.34366048574447633,-0.37226007878780365,-0.38644150325230192,-0.38435887296994525,-0.36173844337463379,-0.32373121877511341,-0.296047180891037,-0.25456509490807849,-0.27358989268541334,-0.32660843431949615,-0.33303053379058839,-0.27276207837793565,-0.25306583009660244,-0.2632161770015955,-0.23623766430786677,-0.20230989716947079,-0.15932124853134155,-0.1113703653216362,-0.059341287861267723,-0.023735232418403029,-0.0073765621753409507,-0.018841153103858234,-0.024253877811133862,-0.011068167164921761,0.013237077230587601,0.050669740512967111,0.0634990617632866,0.0642836969345808,0.055809879302978517,0.055873076617717746,0.070884881541132927,0.10558429956436158,0.14780985936522484,0.16190595179796219,0.14743966236710548,0.11735619977116585
-0.28763475269079208,-0.24654724895954133,-0.20366629213094711,-0.25207848846912384,-0.30264922976493835,-0.34092957774798077,-0.34645071199962069,-0.33881963150841848,-0.33877874910831451,-0.34339797496795654,-0.33214473724365234,-0.28218526144822437,-0.25374239931503934,-0.23100167087146215,-0.23122288617822859,-0.26462416185273063,-0.258039082799639,-0.20045350279126847,-0.19976105988025666,-0.21465162081377848,-0.20799566805362701,-0.16976760625839232,-0.12407283037900925,-0.083552780428103032,-0.042039877114196621,-0.00565010547361453,0.0072847790628050762,-0.0092749789473600686,-0.015065910993143916,0.0073703565867617726,0.028652454260736704,0.05764468852430582,0.090621291100978857,0.0851302370429039,0.071159455925226212,0.062803657104571656,0.061045898124575615,0.084833992024262742,0.1238890066742897,0.15645178655783334,0.15724664429823557,0.13679347932338715
-0.28850553035736082,-0.26728737354278564,-0.22633286938071251,-0.28597799440224964,-0.32517238855361941,-0.34644152720769245,-0.32136837144692737,-0.30241826176643372,-0.29963164244379314,-0.3102254718542099,-0.31769070625305174,-0.28389047384262084,-0.23682928723948343,-0.19208591750689916,-0.15311115980148315,-0.14064340417583784,-0.13137776617492949,-0.11973530985414982,-0.14646840219696364,-0.19037599648748124,-0.20963104069232941,-0.14532382786273956,-0.080417516330877944,-0.028878395833695929,-0.005221433297265321,0.018528849817812443,0.030611510574817657,0.02518620863556862,0.019829062531547,0.039449373260140419,0.057847955264151096,0.0798318808277448,0.087212981656193733,0.085218332707881927,0.078720530495047569,0.070000139996409416,0.063929837197065353,0.073580677310625717,0.11255215853452683,0.146702840924263,0.15777862817049027,0.14649437367916107
-0.29048574467500049,-0.30771932601928709,-0.25667277475198108,-0.28125860542058945,-0.31602543592453003,-0.32140978177388507,-0.30587890247503918,-0.2833349585533142,-0.27341178655624387,-0.28102634350458783,-0.291557252407074,-0.24798548966646195,-0.20027943328022957,-0.15973166624704996,-0.13560584684213003,-0.08822421419123809,-0.056482667103409767,-0.0687022761752208,-0.11784268046418826,-0.15639521181583405,-0.14915254836281142,-0.1094634085893631,-0.0739598348736763,-0.039639498107135296,-0.0028449008241295815,0.025406637384245794,0.059873360209167004,0.071420527994632721,0.057765689678490162,0.062665156088769436,0.083449721336364746,0.09362868467966716,0.086493151883284256,0.083801022420326873,0.08787195011973381,0.0751229990273714,0.068193917473157242,0.0708546757698059,0.099579615518450737,0.13128447532653809,0.1498337909579277,0.14571821317076683
-0.33340325951576233,-0.35389693081378937,-0.29546873768170673,-0.27441968023777008,-0.28291855752468109,-0.29178255796432495,-0.27317251903670176,-0.25226474056641263,-0.25529453530907631,-0.24957523494958878,-0.23300169159968695,-0.19779925793409348,-0.15050662060578665,-0.092087578028440475,-0.067899284884333611,-0.033075364120304582,-0.020109464693814517,-0.0236811398062855,-0.04071385804563761,-0.055788832250982523,-0.045426116092130542,-0.056084176525473595,-0.056632708758115768,-0.038770536705851552,-0.005271885485854,0.032016998156905174,0.069241133828957871,0.10462038964033127,0.11429540254175663,0.093685314059257507,0.095781112089753151,0.098248590528965,0.096311738714575768,0.096571269134680435,0.090719223022460938,0.0815548524260521,0.072300905361771584,0.07981177419424057,0.10355008952319622,0.12228269875049591,0.13166685650746027,0.13537729531526566
-0.35012189149856565,-0.35809498528639477,-0.3060775935649872,-0.26086615920066836,-0.26577773690223694,-0.27390317122141522,-0.24495018521944681,-0.22152681897083917,-0.20995299021402994,-0.19962544739246368,-0.15058106370270252,-0.11951044388115406,-0.072566588719685868,-0.034091403086980186,0.0029143254942027852,0.044509516563266516,0.028174746636068448,0.030634753964841367,0.058996696025133133,0.047489099204540253,0.043296770891174674,0.0213163735345006,0.003440534695982933,-0.0024738794309087098,0.015199517481960356,0.043149383738636971,0.08898498266935348,0.13714012503623962,0.15047611792882285,0.13335175961256027,0.11884953267872334,0.11804387966791789,0.115718312561512,0.11635144551595052,0.11014045774936676,0.092793909211953476,0.083421317860484123,0.088022300973534584,0.101328045129776,0.11215796619653702,0.11999785900115967,0.12785135706265768
-0.37769545614719391,-0.33667781203985214,-0.278802623351415,-0.26150496800740558,-0.26620764533678692,-0.26129516959190369,-0.21939605474472046,-0.17978016659617424,-0.13558325419823328,-0.11607295721769333,-0.091859477572143078,-0.049541280977427958,-0.0096139227389357984,0.017047642730176449,0.030814908444881439,0.052476444840431215,0.063668272458016872,0.084221675992012024,0.10372774489223957,0.12784482538700104,0.13125204791625342,0.10279177501797676,0.078050384918848678,0.046513769030570987,0.033988907001912594,0.058988373726606369,0.11172466973463695,0.15415483713150024,0.18125663101673126,0.17213192582130432,0.15214825794100761,0.14881054808696112,0.15775534883141518,0.16022834181785584,0.14840907976031303,0.12743371476729712,0.13241297006607056,0.12159113958477974,0.11533302813768387,0.11631028602520625,0.11746259033679962,0.13327264785766602
-0.36325688362121583,-0.33871948122978213,-0.28824904135295321,-0.27184095233678818,-0.27369016408920288,-0.24360757321119309,-0.19602256268262863,-0.14133983229597411,-0.10543846152722836,-0.077059457451105123,-0.027136410276095074,0.0066552505595609546,0.021774175266424816,0.030985483527183534,0.035434143617749214,0.059530731290578842,0.104747474193573,0.14041055291891097,0.16227378696203232,0.19087395071983337,0.19401955008506774,0.16154996554056803,0.12871585190296173,0.078955650329589844,0.0512123666703701,0.071065743267536161,0.1267380028963089,0.17662614583969116,0.20433461666107178,0.19748789568742117,0.18809412717819213,0.19362911085287729,0.20089615508913994,0.19529307881991068,0.20595137278238931,0.19585569202899933,0.17853502929210663,0.15905091911554337,0.14124298095703125,0.13275283575057983,0.12950704246759415,0.15257413685321808
-0.36946854492028552,-0.33536148071289062,-0.29555471986532211,-0.27234115004539489,-0.25298921763896942,-0.21263554319739342,-0.17130212783813476,-0.09890618734061718,-0.067706084810197353,-0.034840116044506431,-0.0080571086339962985,0.023540898691862822,0.038938967511057854,0.041556868702173233,0.0522287055850029,0.0966058537364006,0.1408611461520195,0.18057586252689362,0.21261443942785263,0.22390349209308624,0.21684791520237923,0.18645120660463968,0.1402679905295372,0.076120135188102719,0.049687083810567856,0.074460668489336967,0.14821533299982548,0.19769544526934624,0.21747483909130097,0.21969267725944519,0.21899411082267761,0.22442099153995515,0.23189787069956461,0.23901823659737906,0.25130590051412582,0.26160023609797162,0.22209723790486655,0.18673005700111389,0.16800052672624588,0.15404517203569412,0.15300784508387247,0.17139130085706711
-0.363049641251564,-0.3419344425201416,-0.29506826996803281,-0.26300162822008133,-0.21516734063625337,-0.17189796268939972,-0.10689268261194229,-0.05554369054734707,-0.022509848116897047,0.0087697859077403937,0.041035697236657141,0.046914320439100266,0.055205164477229118,0.0650520771741867,0.079754312833150223,0.12475790083408356,0.16989963501691818,0.20048420131206513,0.23684642836451531,0.24288680652777353,0.21920621767640114,0.1658186435699463,0.10739884773890178,0.06638675183057785,0.060184662540753685,0.095332352817058569,0.15373950824141502,0.19209047158559164,0.2254555881023407,0.23587607219815254,0.24140599866708121,0.2381727397441864,0.25139792263507843,0.27295002341270447,0.29644900560379028,0.2885519762833913,0.25238568708300591,0.2112499549984932,0.18970581889152527,0.16714927554130554,0.1775942693154017,0.21206042915582657
-0.31892194350560504,-0.29335319995880127,-0.26721161107222241,-0.23081871122121811,-0.164434514939785,-0.11537265330553055,-0.050605384632945061,-0.0064752305625006557,0.034711961075663565,0.068251777440309525,0.083823837339878082,0.0909255916873614,0.099083262185255691,0.10563529282808304,0.1344371259212494,0.16431605070829392,0.20626787841320038,0.2383221760392189,0.2615271657705307,0.25732497125864029,0.211713770031929,0.15348976850509644,0.116409782320261,0.0866042251388232,0.079950784146785733,0.090784152348836258,0.138631671667099,0.19568143486976625,0.22647439936796823,0.23752652853727341,0.24095887541770936,0.24587372541427613,0.26727297902107239,0.28870732337236404,0.30457010865211487,0.29500706493854523,0.26301002502441406,0.22818043828010559,0.18195251375436783,0.18512086073557535,0.20045692473649979,0.24237280339002609
