SouthSea_Web/demo/jsonfile/2017-12-15-19.json
{"header": {"parameterUnit":"m.s-1","parameterNumber":3,"dx":0.1,"dy":0.1,"parameterNumberName":"Northward current","la1":29.0,"la2":12.0,"parameterCategory":2,"lo2":131.0,"nx":250,"ny":171,"refTime":"2017-12-15T19:01:52.5","lo1":106.0}, "data":
[rows 57 to 75 of 171, columns 172 to 214 of 250]
0.023322662072522298,-0.061948255635797977,-0.12344366917386651,-0.15599712303706578,-0.1742309148495014,-0.1944795548915863,-0.22269203017155329,-0.23357266001403332,-0.2228944425781568,-0.19070666389805929,-0.15129209309816361,-0.12952303141355515,-0.12852668575942516,-0.12606588006019592,-0.12129358698924382,-0.11319819465279579,-0.09785095602273941,-0.047836938872933388,-0.013713371707126498,0.03200288861989975,0.052438728511333466,0.057852018624544144,0.053225096315145493,0.049025563523173332,0.0645906279484431,0.1102200374007225,0.17357749740282694,0.22715913256009421,0.24919205158948898,0.2577165812253952,0.24482442935307822,0.20911218225955963,0.22587867826223373,0.20878217617670694,0.1907845139503479,0.14901373535394669,0.11964689195156097,0.079930175095796585,0.03520679846405983,0.014164642430841923,0.000890274764969945,-0.0179277416318655,-0.05301767960190773
0.011718007821140677,-0.058383720282178656,-0.10665661948067802,-0.12991772964596748,-0.15352288003151232,-0.18922148793935775,-0.20835174078291113,-0.21479096449911594,-0.19150226563215256,-0.16307360785348074,-0.1432919092476368,-0.13981040567159653,-0.138131782412529,-0.12714183082183203,-0.13548985371987024,-0.11747176945209503,-0.11697105690836906,-0.085350399216016129,-0.043998131528496742,-0.0078924116096459329,0.0068479524925351143,0.025197095237672329,0.029802978659669559,0.043762547895312309,0.077803388237953186,0.13880774627129236,0.18146388232707977,0.22789381941159567,0.25472924113273621,0.26469796895980835,0.26141548156738281,0.24752351144949594,0.24852851033210754,0.23464828729629517,0.2111547514796257,0.1702055037021637,0.13254821300506592,0.099554091691970825,0.059186622500419617,0.037303231656551361,0.017808649688959122,-0.0065835920395329595,-0.035718074068427086
-0.00708670591792235,-0.062748920704637251,-0.0956531260162592,-0.10941074341535569,-0.14169764451005243,-0.18170582875609398,-0.20080057779947916,-0.19697958656719752,-0.18196950294077396,-0.1653321199119091,-0.15725626051425934,-0.16435528546571732,-0.17080391943454742,-0.18738412111997604,-0.20861690491437912,-0.16199166079362234,-0.1502850353717804,-0.14227799326181412,-0.081402823328971863,-0.042098909616470337,-0.027312387712299824,0.0054289223626255989,0.024614405818283558,0.053470462560653687,0.10524034127593041,0.15655828267335892,0.20045199990272522,0.230236254632473,0.25996626416842145,0.27265681326389313,0.28756293654441833,0.27590946356455487,0.27046836912631989,0.2538754940032959,0.22577064484357834,0.18849107623100281,0.15151911228895187,0.11405007913708687,0.082006186246871948,0.049505306407809258,0.031781530939042568,-0.0042138487915508449,-0.03836844302713871
-0.02382743003545329,-0.064890132418700633,-0.079467151934901878,-0.10342857986688614,-0.13846172671765089,-0.17054926790297031,-0.18604567150274912,-0.19283423040594375,-0.19545429199934006,-0.1895836502313614,-0.18950202763080598,-0.20165359477202097,-0.21980896592140198,-0.24829412251710892,-0.24867324531078339,-0.22178849205374718,-0.20653810352087021,-0.17116619646549225,-0.1135442852973938,-0.083920791745185852,-0.051447924226522446,-0.0026221172884106636,0.030951856325070064,0.069809565941492721,0.11967449883619945,0.15304729342460632,0.19195748120546341,0.2291329950094223,0.26793832580248517,0.28948116302490234,0.30021223425865173,0.28757241368293762,0.27475015819072723,0.26944348216056824,0.22628270089626312,0.20482423156499863,0.16838830709457398,0.13151434063911438,0.10081325098872185,0.0733225978910923,0.040387250483036041,0.024916519643738866,-0.016631358885206282
-0.011590101286016692,-0.06017952381322781,-0.079103330522775656,-0.091576373035257508,-0.12328851222991943,-0.1525125578045845,-0.17653149366378784,-0.19821844436228275,-0.22236991524696351,-0.21429072817166647,-0.23393138870596886,-0.25730203092098236,-0.2826402485370636,-0.29568006098270416,-0.27923447887102765,-0.25490646064281464,-0.21944288909435272,-0.189167357981205,-0.1396854892373085,-0.076027736067771912,-0.017934053670614958,0.015791531652212143,0.038154922425746918,0.080728832632303238,0.12683311104774475,0.17068386822938919,0.21531381706396738,0.26064826548099518,0.27194103598594666,0.29245674610137939,0.29524579644203186,0.28834405541419983,0.25804570317268372,0.26030316948890686,0.24365009367465973,0.22437712550163269,0.17581522464752197,0.16239193081855774,0.12988275289535523,0.091006584465503693,0.07373712956905365,0.041330019012093544,-0.0059467307291924953
-0.0087506951531395316,-0.055483145209459156,-0.073020661870638534,-0.084597650915384293,-0.11919353360479529,-0.15932292863726616,-0.19584715614716211,-0.2396157830953598,-0.25426385402679441,-0.26854383349418642,-0.28889352083206177,-0.31754468381404877,-0.32715144753456116,-0.32763177156448364,-0.2970401446024577,-0.26039579510688782,-0.22536547482013702,0.0,-0.12821354468663535,-0.066949909552931786,-0.019651295617222786,0.017781482310965657,0.061908561736345291,0.10185224562883377,0.14190025627613068,0.1816314309835434,0.2114461287856102,0.24099337309598923,0.25587359815835953,0.25393443554639816,0.26942719519138336,0.26164352893829346,0.25948520749807358,0.2609373927116394,0.255047932267189,0.23374330252408981,0.21228328347206116,0.18637397140264511,0.16708311438560486,0.13175166646639505,0.091482263058424,0.0,0.01156941766384989
-0.029893424129113555,-0.070667278766632077,-0.08206561952829361,-0.094263389706611633,-0.13942982670333651,-0.19106573930808476,-0.23676722603184836,-0.28465500473976135,-0.301427386701107,-0.31532451510429382,-0.33887556195259094,-0.36177561680475873,-0.35036922991275787,-0.32656098405520123,-0.29758672416210175,-0.2675660252571106,-0.21823229392369589,-0.16947155694166818,-0.099473066627979279,-0.086745079606771469,-0.018001796367267769,0.023086696863174438,0.058526050299406052,0.097980204969644547,0.13469988107681274,0.17062771320343018,0.18736791610717773,0.21359372884035111,0.23258987069129944,0.24172701686620712,0.25124640762805939,0.25323441624641418,0.26440377533435822,0.27062425017356873,0.27078770101070404,0.25408612191677094,0.23508214950561523,0.21027179807424545,0.18628049641847611,0.15601406991481781,0.10496603945891063,0.052969137206673622,0.01112208841368556
-0.051922019881506763,-0.090552939245334044,-0.10505485460162163,-0.12850467190146447,-0.18294069419304529,-0.2314315140247345,-0.27768243352572125,-0.32945944368839264,-0.34661827236413956,-0.35856334120035172,-0.37690828740596771,-0.38420221209526062,-0.354484220345815,-0.33052060008049011,-0.29206760724385578,-0.24207448214292526,-0.19591368734836578,-0.13578114658594132,-0.089232612401247025,-0.04808479299147924,-0.0041924044489860535,0.032292940653860569,0.075690215453505516,0.1168157309293747,0.1483641117811203,0.161570206284523,0.16879913210868835,0.18513722221056619,0.22615370899438858,0.25811049342155457,0.25909349322319031,0.2704344242811203,0.28309546411037445,0.28134496510028839,0.27082435786724091,0.25840115547180176,0.23311914503574371,0.20026430487632752,0.0,0.13435844331979752,0.0,0.048795094713568687,0.0
-0.074050057413322587,-0.11912197077816183,-0.15124403536319733,-0.17679742276668548,-0.207748431712389,-0.25953770748206545,-0.31249120831489563,-0.36052763958772022,-0.3789820522069931,-0.38556230068206787,-0.39999347925186157,-0.38558632135391235,-0.35491162538528442,-0.31780894100666046,-0.28229041397571564,-0.23825600743293762,-0.17823823541402817,-0.12428050488233566,-0.088773883879184723,-0.056534873321652412,-0.0057847015559673309,0.035345524549484253,0.079617530107498169,0.11666806042194367,0.1371023952960968,0.14416421949863434,0.16404338926076889,0.19307506084442139,0.21834276616573334,0.25522491335868835,0.28120696544647217,0.28978058695793152,0.29159167408943176,0.27304926514625549,0.24769455194473267,0.23054271936416626,0.218911811709404,0.19277779012918472,0.1679774597287178,0.12832563370466232,0.0891072265803814,0.052051864564418793,0.015958842122927308
-0.11283492882336889,-0.1679351901014646,-0.20442014187574387,-0.23550591617822647,-0.2506607708831628,-0.28301542500654858,-0.33846567273139955,-0.37625189125537872,-0.395723561445872,-0.40673039356867474,-0.42186470826466876,-0.39773382246494293,-0.36660102009773254,-0.3202490508556366,-0.27475889027118683,-0.22818704694509506,-0.17200415581464768,-0.12019075453281403,-0.0710213128477335,-0.0298449182882905,0.007149483950342983,0.039526939392089844,0.078854698687791824,0.10297476500272751,0.12570817520221075,0.0,0.14806732535362244,0.18139343957106272,0.22266489267349243,0.26950103044509888,0.28915455937385559,0.29387225210666656,0.27360934019088745,0.25272417813539505,0.238931342959404,0.2128663957118988,0.2057134360074997,0.18615712970495224,0.16368962079286575,0.0,0.09511183574795723,0.053425118327140808,0.031974781304597855
-0.13079895973205566,-0.22253027829256925,-0.27523061904040252,-0.30617813020944595,-0.29288444295525551,-0.2916600022997175,-0.33509188890457153,-0.38124905228614808,-0.41061048209667206,-0.43174193799495697,-0.435584415992101,-0.40705129504203796,-0.37016598383585614,-0.31991592049598694,-0.26255704462528229,-0.21310462802648544,-0.1606440395116806,-0.096514947712421417,-0.043952277861535549,-0.012758483411744237,0.0087255908874794841,0.02907476294785738,0.042619943618774414,0.071610268205404282,0.10172491893172264,0.13097189366817474,0.16240460673967996,0.20130032300949097,0.21884635090827942,0.25298593193292618,0.26808086037635803,0.28625519573688507,0.26293353239695233,0.23278529942035675,0.22238233685493469,0.2012426108121872,0.19719959795475006,0.0,0.17108963429927826,0.13623406489690146,0.1120515950024128,0.08304266631603241,0.060979843139648438
-0.12125145537512642,-0.23460463502190329,-0.31796022951602937,-0.34366562536784578,-0.31804103155930835,-0.31837216019630432,-0.36622717550822664,-0.41033602754275006,-0.43605882525444029,-0.4540341893831889,-0.43587225675582886,-0.40829963982105255,-0.36629704634348553,-0.306011825799942,-0.23624756187200546,-0.18080497533082962,-0.1265617161989212,-0.061810851097106934,-0.031185083091259003,-0.0052799361292272806,0.0,0.020757097440461319,0.051300123333930969,0.081932511180639267,0.10903885588049889,0.14003579318523407,0.17196232080459595,0.1902429610490799,0.20486077666282654,0.23576518148183823,0.2608184888958931,0.25811970233917236,0.24376662075519562,0.22048097848892212,0.21224664151668549,0.20913706719875336,0.2030571848154068,0.19914354383945465,0.17088036239147186,0.17219586670398712,0.14721176028251648,0.11882490664720535,0.090760990977287292
-0.11741047485598496,-0.22679923339323563,-0.3155844509601593,-0.33806044235825539,-0.32399679720401764,-0.33941446457590374,-0.38411394506692886,-0.4209570785363515,-0.4590076357126236,-0.45473100244998932,-0.42736039559046429,-0.40262681245803833,-0.34459975361824036,-0.27501656115055084,-0.18736366182565689,-0.12315479293465614,-0.066951103508472443,-0.031124156899750233,-0.011288022777686516,-0.01382156927138567,-0.0021164910867810249,0.0087840327178128064,0.046938300753633179,0.095545470714569092,0.0,0.12732191011309624,0.1429561028877894,0.17356212437152863,0.17744205892086029,0.20795095711946487,0.20710558444261551,0.22996319085359573,0.24143368005752564,0.22323095053434372,0.21199576556682587,0.2085077166557312,0.22081063687801361,0.21089015901088715,0.20913613339265189,0.18256378173828125,0.18267852067947388,0.15039537847042084,0.12386183440685272
-0.12337896760020937,-0.23432838374918158,-0.3139087289571762,-0.33259183168411255,-0.32522210478782654,-0.35388600329558056,-0.39892418185869855,-0.43296965956687927,-0.4510709881782532,-0.42892129222551983,-0.40722183883190155,-0.38213881850242615,-0.32936657965183258,-0.24244383970896402,-0.12078016251325607,-0.060398705303668976,-0.017179470509290695,-0.0068216912914067507,-0.012581327930092812,-0.025868204422295094,-0.016017108224332333,0.00880680838963599,0.070862658321857452,0.071470439434051514,0.11773275583982468,0.1257009357213974,0.12217903509736061,0.0,0.14405112713575363,0.17713838815689087,0.18959847837686539,0.19918583333492279,0.21770127862691879,0.21564929932355881,0.21230585128068924,0.22180929780006409,0.21987106402715048,0.22928107529878616,0.0,0.22422487288713455,0.193346306681633,0.17917793989181519,0.14625577628612518
-0.15112238079309465,-0.25556487386876886,-0.32575353682041169,-0.34360966458916664,-0.33216408640146255,-0.36358759232929777,-0.40501544475555418,-0.42769539356231689,-0.42241512735684711,-0.39332641661167145,-0.37784545123577118,-0.35676554838816327,-0.28138814866542816,-0.17958791057268778,-0.090402353554964066,-0.012698195176199079,0.0060211405507288873,0.0042681227205321193,-0.014604006893932819,-0.015400346368551254,-0.013149065431207418,0.022630795836448669,0.0633868221193552,0.09910077229142189,0.11254018545150757,0.10692829638719559,0.0,0.090568520128726959,0.11096204072237015,0.1443379819393158,0.17627263814210892,0.18477699160575867,0.19935932755470276,0.20735835283994675,0.21073310822248459,0.21024021506309509,0.24146148562431335,0.23090913891792297,0.24372415989637375,0.23997087776660919,0.21336947381496429,0.19542357325553894,0.17004518210887909
-0.17086720342437425,-0.2702818444141975,-0.34001350402832031,-0.35418799188401962,-0.33855123321215314,-0.35419030274663654,-0.3933730274438858,-0.39944793581962584,-0.37885084003210068,-0.36334897577762604,-0.35227860510349274,-0.32924361526966095,-0.23492100834846497,-0.12022325148185094,-0.03308132104575634,0.015900089405477047,0.022125322837382555,0.018272705841809511,0.0061593668724526651,0.0061934993912776308,0.011427130084484816,0.048978012055158615,0.057003065943717957,0.10831719264388084,0.10557571426033974,0.085089042782783508,0.06666348998745282,0.069752577692270279,0.0,0.10560233891010284,0.14356182515621185,0.16690264642238617,0.18798623979091644,0.19505660235881805,0.21363836526870728,0.21452314406633377,0.21996035426855087,0.22912592440843582,0.24372291564941406,0.0,0.21444405615329742,0.0,0.17995962500572205
-0.17111815636356673,-0.24841780147769235,-0.31661366754108006,-0.3385692797601223,-0.32827288210391997,-0.32316599786281586,-0.34451053142547605,-0.34307652711868286,-0.34193676710128784,-0.3459877073764801,-0.33608654141426086,-0.29427903890609741,-0.19639115780591965,-0.08106902614235878,-0.0026411865837872028,0.032341795973479748,0.038578314706683159,0.033575494773685932,0.024272310547530651,0.027617011219263077,0.040042417123913765,0.066314918920397758,0.087188113480806351,0.099752701818943024,0.084488734602928162,0.075712338089942932,0.057199731469154358,0.0562237873673439,0.077189095318317413,0.13408756256103516,0.13395652174949646,0.15877821296453476,0.17727896571159363,0.19308086484670639,0.20988389849662781,0.21005526930093765,0.19630983471870422,0.21269877254962921,0.22434978187084198,0.23850391805171967,0.20850342512130737,0.1939074695110321,0.19641175866127014
-0.146235535719565,-0.21644796972925012,-0.28079527210105548,-0.31366799771785736,-0.30488620911325726,-0.2911592572927475,-0.30634909123182297,-0.31678237318992614,-0.33964745998382567,-0.352055291334788,-0.33525808155536652,-0.27546649177869159,-0.16970018297433853,-0.069672244290510818,0.0056251168716698885,0.036045931279659271,0.049671463668346405,0.038304653018713,0.030196630395948887,0.032646715020140014,0.049857407808303833,0.058161802589893341,0.077945105731487274,0.0771872065961361,0.067666387185454369,0.06442895345389843,0.061430575326085091,0.082743041217327118,0.08667977899312973,0.12639845162630081,0.15359664708375931,0.16838268935680389,0.17260205000638962,0.20263047516345978,0.19256918132305145,0.20676393806934357,0.19312159717082977,0.19298836588859558,0.2049330547451973,0.22898662090301514,0.0,0.20886332541704178,0.19023606181144714
-0.1458416459235278,-0.21969037204980851,-0.26249175625188009,-0.2901008166372776,-0.286510294675827,-0.28503910203774768,-0.30367727080980939,-0.32420388609170914,-0.34143325686454773,-0.34730955958366394,-0.31289668381214142,-0.24406697352727255,-0.15619497746229172,-0.076436934371789292,0.0023439715150743723,0.040341278538107872,0.046465326100587845,0.036859387531876564,0.024299979209899902,0.023073840886354446,0.038431432098150253,0.0,0.058949120342731476,0.059937329962849617,0.075574733316898346,0.069089155644178391,0.084552749991416931,0.077559560537338257,0.11154478415846825,0.14258331805467606,0.14130319654941559,0.16394323110580444,0.183123879134655,0.17600087821483612,0.19638099521398544,0.18752173334360123,0.17913598567247391,0.18229681253433228,0.20174592733383179,0.21815437078475952,0.23318873345851898,0.23738537728786469,0.22134558856487274
