SouthSea_Web/demo/jsonfile/2017-12-15-16.json
{"header": {"parameterUnit":"m.s-1","parameterNumber":2,"dx":0.1,"dy":0.1,"parameterNumberName":"Eastward current","la1":29.0,"la2":12.0,"parameterCategory":2,"lo2":131.0,"nx":250,"ny":171,"refTime":"2017-12-15T16:01:52.5","lo1":106.0}, "data":
[rows 57 to 75 of 171, columns 84 to 125 of 250]
0.0,0.0,0.0,0.0,0.0,0.0,0.0,0.0,0.0,0.0,0.0,0.0,0.0,0.0,0.0,0.0,0.0,0.0,0.0,0.0,0.0,0.0,0.063669202198465183,0.11734303512499676,0.059341861739269489,0.088952279343239724,0.075334885792637418,0.034426865072760743,0.054682606222533334,0.025124407189820584,0.03283561552500653,0.0099275016156654509,-0.0023588158876156886,-0.021552646158462658,-0.036357301300657646,-0.063418772912794547,-0.057113087218668729,-0.0676212357978026,-0.042581940128002316,-0.045673643678633705,-0.083860939475042473,-0.12165197052738884
0.0,0.0,0.0,0.0,0.0,0.0,0.0,0.0,0.0,0.0,0.0,0.0,0.0,0.0,0.0,0.0,0.0,0.0,0.0,0.0,0.0,0.0,0.0093194309422291229,0.011309702177753761,0.03116546752530017,0.063496981618990159,0.064961040005931309,0.054617778685959906,0.022236348753194173,0.042567454851590671,0.022296883893328154,-0.0077968234304691955,-0.012428362222360165,-0.012501005737188582,-0.035524397157132626,-0.035563668594337426,-0.033367804376981579,-0.011586038846332856,-0.021873346598502912,-0.0028298452894280975,0.011946938875795846,-0.0097520771706777233
0.0,0.0,0.0,0.0,0.0,0.0,0.0,0.0,0.0,0.0,0.0,0.0,0.0,0.0,0.0,0.0,0.0,0.0,0.0,0.0,0.0,0.0035278474679216743,0.020782370545650616,0.087500264816400081,0.0940555742566,0.087938226623968649,0.060440224804440321,0.029910224761503439,0.01857832137837398,-0.0017129910533143164,-0.031302092808552763,-0.037635874363683888,-0.024533641841376914,-0.041317443326115609,-0.068377268314361569,-0.081307091594984129,-0.038822602890875371,-0.042511782206764277,0.0016984251611258674,0.0050086677074432373,-0.016751595262366418,-0.019909211141229781
0.0,0.0,0.0,0.0,0.0,0.0,0.0,0.0,0.0,0.0,0.0,0.0,0.0,0.0,0.0,0.0,0.0,0.0,0.0,0.02691900241188705,0.0,-0.0061223570567866164,0.0872641671448946,0.097549136590074609,0.10498673067643093,0.076331208273768422,0.038190291431593769,-0.0028541444205782479,-0.035204508094821216,-0.048037161041672029,-0.06272169934778378,-0.09824915762458529,-0.070461271261727368,-0.0518833798882754,-0.062586098702417478,-0.079433886824469821,-0.042103705433772926,0.029133899234390508,-0.036050384243329368,-0.030496190274682117,-0.078410535266524861,-0.12066540941596031
0.0,0.0,0.0,0.0,0.0,0.0,0.0,0.0,0.0,-0.029892868794791024,0.0,0.0,0.0071246681946560558,0.0186173629326125,0.0,0.0,0.0,0.0,0.059374312624634287,0.12553602875573788,0.15084084272026443,0.12184530073303546,0.12495430752083107,0.097161630513491457,0.064018048764187457,0.036078097871504726,-0.020138149909122827,-0.058770096247516029,-0.083410717960861,-0.090287892994555558,-0.1056764531466696,-0.12366504579782486,-0.099837118421088569,-0.048093767406848759,-0.014738418430519791,0.01102414618855199,0.0151488321531691,0.070817190950037912,0.094188526893655464,0.040295489722241958,0.045210086016191378,0.10292951134033501
0.0,0.0,-0.004345111006841762,-0.029096552016507869,-0.035870663871133877,0.023746712323631684,0.009626462579600337,0.032961569739156545,0.0303315221165352,-0.04030119837370294,-0.13355156007725053,0.020786302799189634,0.032334587974920788,0.065682220398574256,0.037269346893299374,0.084027289006954581,0.12818855615180047,0.17111655179178342,0.1745725776722182,0.14382220469415188,0.12838360982445571,0.11772565929977982,0.074064588116016239,0.028616241888375953,-0.012795096112822648,-0.065791638216210729,-0.0857167697471121,-0.065887352581032455,-0.027273613128911803,-0.0055934943844594305,8.3420483861118555E-05,-0.015011392805414895,-0.045896218487006778,-0.041391893833254777,0.0054854842455824837,0.056207954883575439,0.096383507956158035,0.037561695091426373,0.08511781255947426,0.19694789566776969,0.24447701232773916,0.23887897407015166
0.0,0.028376105047451954,0.036918087647695642,-0.0025811932606444174,0.0,0.083893970639062856,0.081143799800945993,0.056326567774208691,0.10147030654374148,0.10566232033024885,0.17917074351783163,0.10545807015715224,0.010497388335448034,0.00088510822808732172,0.035769713934769243,0.03049776407596121,0.053980903699994087,0.10503411011999114,0.11468636375247386,0.097987038132391471,0.069426892264918591,0.028197112154554237,-0.016856970108004615,-0.064653996451228268,-0.0704802950785961,-0.032552437094802204,0.0083438605599274688,0.052320476748891884,0.067378499161671185,0.02396639099937271,0.02911851298995316,0.007423910710106914,-0.001668106546276249,0.013574270576807775,0.019330213125795127,0.048571235267445445,0.044115543365478516,0.15960616121689478,0.21932507455348968,0.14278730170594323,0.14462635914484659,0.17149341739714147
0.025983541915144109,0.030967359858627339,0.021269733293489222,0.047254834454423904,0.078872571019317425,-0.0051116138680836268,-0.00013178956030020217,0.010796473567956842,0.036848460859295704,0.071186173911821277,0.10485041593044495,0.084481601160663514,-0.026776289736363947,-0.089698108093392459,-0.10700894196013935,-0.040584767955200128,0.04123926092278591,0.061553181724792176,0.0846693020787809,0.060765718686876392,0.059180100810408476,0.083964472291646178,0.078492574149039485,0.086878865346673648,0.10235818520188332,0.088347962012096326,0.08144796385683796,0.080846865238113838,0.060941858119086215,0.050624186742222972,-0.0014438582661872109,-0.013880713066707054,-0.01670234960814317,0.021843750146217644,0.044706148561090231,0.0544848944991827,0.069784262683242559,0.13138877145118183,0.12350773438811302,0.083375910563128333,0.03534971709762301,-0.056794099376669953
0.025097864559326652,0.028785515989203404,0.056381562775881078,0.067090142944667183,0.080213203462792232,-0.0019066203103372545,-0.040428364324535046,-0.07139700401814715,-0.063578591441157559,-0.027250280532733363,-0.027873657378626779,-0.0674518794985488,-0.11967180613706362,-0.15446513367351145,-0.065894892881229766,-0.03530401794020744,-0.077381618269201785,-0.10701243724260065,-0.0708038164768368,-0.06499407247386195,-0.02741191698703915,0.0056855815719760389,0.032049179108491026,0.060108199214808783,0.044757393033554159,0.050389796961098909,0.041857454368808104,0.0040889697114228811,-0.024074596319244138,-0.021661542537913192,-0.040618266881210729,-0.043936404184653208,-0.051132483326870461,-0.049342890947379849,-0.03196820174343884,-0.0066624040316258159,0.036923668829591146,0.069256310894464448,0.015456898681198558,-0.03253434132784605,-0.049330677092075351,-0.0728610275047166
0.0053438202536405166,0.0978577328682661,0.094565684208646417,0.047736106938879252,-0.028983694814791482,-0.051430581926794373,-0.10357891557117303,-0.10638667153263534,-0.053727339076645231,-0.035398112135081893,-0.016847690575402873,-0.10868113728550573,-0.18054774643913393,-0.098773839382024914,-0.05283234242735238,-0.077762825787067419,-0.11310890012731155,-0.15429632019783771,-0.16571538784989603,-0.13174171664498069,-0.1045155573003697,-0.070677936334034491,-0.059727686859082939,-0.017397037374254208,-0.022368329941255458,-0.0019815172049768119,-0.035365011543035507,-0.0650780824629741,-0.10046719396725679,-0.12587558690990722,-0.14353134749191149,-0.14506271176717497,-0.15595275991492802,-0.13447258302143642,-0.11212551904221375,-0.10425467948828425,-0.057086704066023231,-0.046809366238968711,-0.026303259971817688,-0.011874175455886871,0.029914874505872529,0.011914024517560998
0.066811988306736,0.11170454407411237,0.080413493327796459,-0.0090332841984277091,-0.065949511730064775,-0.0945192285709911,-0.094866032033401021,-0.089127355751891929,-0.1385729353754751,-0.13721558134086798,-0.1121488986798795,-0.017643647938772725,0.008759423293236453,0.049880337681055868,-0.0019491782583910126,-0.04869964253049585,-0.045418873283779249,-0.051928731289749244,-0.12369215449031729,-0.10916235794623692,-0.092571894657246925,-0.072402672132565862,-0.0643016993171639,-0.058856776605049767,-0.056972191828053173,-0.079225261296544752,-0.10839775520743746,-0.11151848893080439,-0.13184558023368159,-0.14521633248244012,-0.17848756520644479,-0.19128838246283325,-0.22375185552396273,-0.2342199315627416,-0.20870531866183648,-0.14584770053625107,-0.057860173595448337,-0.020367464981973171,0.01711905631236732,0.041871624688307442,0.0911993006510394,0.081396383047103879
0.131055260141844,0.095691422426916029,0.035555124772751391,-0.068377828945151778,-0.057825135273217664,-0.029058811717597981,-0.039779559692500958,-0.086766071996446384,-0.10038515165740368,-0.0962602249643904,-0.087931171225176921,-0.051520209660396929,0.029494523279330071,0.11375806161335536,0.10298911204680483,0.061427358072251081,0.035620395837759132,0.032442295684871315,0.028492988188706991,-0.0089271606328631091,-0.032103879550156894,-0.04162283858659066,-0.025815126350304734,-0.051952634796951759,-0.061504678335040808,-0.074098176740366839,-0.076450783227171221,-0.078537390739829446,-0.0935760202950665,-0.12676770891994238,-0.16009532373685104,-0.16826829493045806,-0.18442846298217774,-0.21307373360583656,-0.20982906222343445,-0.14626432752067392,-0.024500059080310166,0.022539667519075528,0.0750077258174618,0.14470816683024168,0.21991993114352226,0.21390285901725292
0.074521754388556335,0.051633793407430253,-0.0056982207515829941,-0.020554161833835734,-0.045334282192440394,-0.0586659187418327,-0.054504916816949842,-0.061035792869718178,-0.068180683608117854,-0.068794648680422038,-0.06294011155312712,-0.044278384061726683,-0.034434991950790091,0.011554699338940454,0.032545349591722089,0.048966234150741784,0.064469077078432871,0.092276013421791578,0.11887871713510581,0.1337981577962637,0.14905091494854009,0.14664666620748385,0.11956057007665988,0.067056238073213342,0.02203661037940317,0.053026286231425517,0.09424288891669777,0.057886607378073364,-0.03626371712285887,-0.12970612601687512,-0.19875244681651777,-0.25801006332039833,-0.21768003773121608,-0.28272175457742477,-0.32420534421415892,-0.22610069935520491,-0.032384319812990725,0.071695950503150627,0.14734687452966516,0.23963107439604672,0.29817968234419823,0.32613234860556467
0.0046863061976910106,-0.0045621179021291536,0.066878659384054767,0.10879832827325525,0.077160514055696475,0.01450032176352431,-0.020692393717515033,-0.038149162847548726,-0.036786165208585804,-0.031139506276563873,-0.0143816080968827,0.017300371376152795,0.028596601966354582,0.031350305984513119,0.069373671635985373,0.098593193607834667,0.1754549401147025,0.23633711899702364,0.27459784721334773,0.27133971133402418,0.24463833647745628,0.2265505435375067,0.22058019042015076,0.19654977722809866,0.17213582220886434,0.18243254619565877,0.1950933805533818,0.13918628245592118,-0.086794897036340371,-0.21753237882386084,-0.28271196847376617,-0.21891476524372897,-0.20116146618411654,-0.40798458613847433,-0.29712122998067308,-0.099001644800106689,-0.018621280905790627,0.034593522369575039,0.054910959443077445,0.14182591934998831,0.2138340241379208,0.28790669639905292
0.095020606905333135,0.0054145087638208947,0.0040375098360527772,0.038867287059214765,0.087420990880654789,0.12186400187867029,0.14620675675330624,0.1701926252356282,0.18011907984813055,0.20208900335889596,0.21448937574258217,0.22222754187308824,0.16041420240487372,0.10239168629050255,0.1434194804834468,0.22331530944659159,0.31138394415378573,0.28971463852915269,0.28789879322052003,0.2747869278703417,0.204378642141819,0.13075817030455386,0.18120457657745906,0.25135034219972019,0.25060335014547619,0.17193523242517753,0.10401544926895036,0.063457973068580031,-0.028804868029860351,-0.15202000713044847,-0.22309671613303098,-0.14118200462115438,-0.14615964066041143,-0.15391192771494389,-0.0058844564071692087,-0.05104600947678966,-0.035451330189757491,-0.043238715152256191,-0.036712535170160911,0.039343786193057895,0.12101585194468498,0.16560171619057656
0.15855883265083487,0.15822324975196159,0.10638214793677131,0.050322202243367017,0.042819089041306421,0.068405876837430463,0.1197468601167202,0.1601299514564184,0.19082477881952567,0.19546699166297912,0.214162513061806,0.22903903803000084,0.20806268217234775,0.14213588674153602,0.2037672038589205,0.29954355422939571,0.35761254231135048,0.38928324395212632,0.29710862462719284,0.15603990775757823,0.074411794277174134,0.18396970083316167,0.21915308584769566,0.13263946995305428,0.05378912167383753,0.075278051929282289,0.18960487868251472,0.20103737866056376,0.10203188399855907,-0.022089570650779124,-0.053530042283595182,-0.10479889541864396,-0.040663840280709941,0.079388960253535992,0.0803261254914105,-0.027172293618444681,-0.1074488565325737,-0.13190199226140975,-0.13919199461286719,-0.10121305799111724,-0.041428033119210832,0.0086245295695132687
0.098710115683280822,0.12240503804158356,0.164396846105182,0.16036152143193327,0.12338324678795679,0.11525864872549262,0.11349204958726962,0.10396641520438371,0.070508534088730812,0.057472672313451767,0.060616190303806904,0.09610622605452171,0.14082709407167776,0.15186275807874544,0.16883879000770635,0.23234363765485824,0.32432258745719644,0.29622346080952522,0.033198936223925557,0.10034368219374515,0.19489772943779826,0.24358358798605023,0.061517320999077391,-0.087854071209828064,0.035557866329327226,0.20506718280640515,0.23282993398606777,0.20209657913073897,0.043602298302897094,-0.086490563162702275,-0.13007269413875683,-0.00914128251252291,0.19577664278609597,0.24426377361471002,0.19023049303463527,0.0787004576108995,-0.067583148789015557,-0.12145844742655754,-0.17447625659406185,-0.18868125478426615,-0.16109795495867729,-0.067586639523506159
0.036782197442583063,0.057592439189277311,0.089119960420898023,0.13933884010121628,0.17248128088457243,0.19237426161766053,0.21256387747567276,0.19244876876473427,0.1147668375991858,0.11335254460573196,0.1456938441152926,0.1511479644425984,0.14999799776290143,0.10336014748580995,0.098452486470341688,0.2026265989388189,0.16143562712386483,-0.077924528842171034,0.021281997149344534,0.17494422176645863,0.17055767629709509,0.0030357588915840574,-0.27124421605840326,-0.16172706908205661,0.14211713040571636,0.24552494378351583,0.17076636499000919,0.12819407869349508,-0.17250461627126618,-0.333336627175068,-0.1612653167725637,0.15566148236393929,0.27319591678678989,0.23392046570777894,0.15386090959821427,0.0701885973662138,-0.040287690370210578,-0.082125243842601781,-0.1408358703960072,-0.17304988006750743,-0.14070948557211802,-0.040223951596999541
0.015121436411896462,-0.013353870397420704,-0.010764378228082528,0.026792101173972089,0.098628651414965768,0.15080471932888032,0.17036106730146067,0.15684132844209672,0.14475542466555322,0.18551052223753045,0.19419509172439575,0.15434425658193127,0.082636052081661845,0.028424889322195668,0.0833394905372012,0.095298678288236266,-0.20008783275261521,-0.17712350562214851,-0.014048289244307117,0.070068353254880228,0.063146088651359775,-0.30670876519547569,-0.43372159709735791,-0.17079982005579528,0.0802742694665559,0.05986124388194488,0.09017086818652309,-0.056490041997011117,-0.40825421987353144,-0.40908071850285388,-0.12815708444724161,0.12306558287569455,0.19099496878110445,0.17291321433507478,0.071618181830715569,-0.00431885803912089,-0.10221776462815425,-0.1413079435005784,-0.16771615296602249,-0.18487562984228134,-0.12642131344630167,-0.034469424069605091
