SouthSea_Web/demo/jsonfile/2017-12-15-13.json
{"header": {"parameterUnit":"m.s-1","parameterNumber":3,"dx":0.1,"dy":0.1,"parameterNumberName":"Northward current","la1":29.0,"la2":12.0,"parameterCategory":2,"lo2":131.0,"nx":250,"ny":171,"refTime":"2017-12-15T13:01:52.5","lo1":106.0}, "data":
[rows 152 to 170 of 171, columns 43 to 85 of 250]
-0.48484574471201214,-0.46110680202643078,-0.458303764462471,-0.43829082945982617,-0.409705917040507,-0.37605686982472736,-0.34219514578580856,-0.29402521252632141,-0.23054309189319611,-0.17068403065204621,-0.084715114533901209,-0.0081505117317040767,0.084529013186693189,0.16823206345240274,0.22532722353935242,0.265159547328949,0.2782679597536723,0.29983069002628326,0.31305199861526489,0.32561809817949933,0.34378357976675034,0.34984558075666428,0.33788412064313889,0.32309602200984955,0.29379447549581528,0.268582946062088,0.26778911799192429,0.29001441597938538,0.31173487504323322,0.33745218813419342,0.35467084248860675,0.34458679954210919,0.32027435302734375,0.27318024635314941,0.20375925302505493,0.14269934594631195,0.068083090086778,0.048160411417484283,0.0,0.078585607310136155,0.12414374947547913,0.14998748153448105,0.17690177261829376
-0.51662348508834843,-0.5052340105175972,-0.49719289541244505,-0.45590341836214066,-0.40283228158950807,-0.35225367546081543,-0.30980418920516967,-0.25534197439750034,-0.19349874059359232,-0.14364330843091011,-0.0795801393687725,0.0042686304077506065,0.072487993165850639,0.14903464540839195,0.2150919996201992,0.23553691431879997,0.27342607825994492,0.30878241360187531,0.33969327062368393,0.35134345293045044,0.35415299733479816,0.34622908631960553,0.31542165875434874,0.26964924931526185,0.24646371603012085,0.24321762472391129,0.26558932662010193,0.30754202604293823,0.33542229980230331,0.36253681033849716,0.37250087410211563,0.37070026993751526,0.34622597694396973,0.27874992787837982,0.22241377830505371,0.14019537468751273,0.0,0.077807309105992317,0.080506961792707443,0.11846886575222015,0.13760888576507568,0.17489304393529892,0.20491472631692886
-0.53606051206588745,-0.52792068719863894,-0.51033497601747513,-0.46122541427612307,-0.3879259005188942,-0.33066627383232117,-0.27972075343132019,-0.20742398500442505,-0.14534026384353638,-0.10772809199988842,-0.064996386567751571,-0.0075272611963252229,0.058979609360297523,0.11572312004864216,0.16815430919329324,0.20746997371315956,0.25426035374403,0.30930787324905396,0.34481197595596313,0.35542331635951996,0.3399071991443634,0.31844241917133331,0.28029044717550278,0.24752622842788696,0.23309596379597983,0.25659770766894024,0.29885274767875669,0.34014279643694562,0.35861238837242126,0.37124128937721251,0.36301228404045105,0.35263418406248093,0.3263799250125885,0.26743517816066742,0.197880357503891,0.1497858539223671,0.11262809857726097,0.10659767438968022,0.11803406849503517,0.13570424914360046,0.15456721931695938,0.18339978158473969,0.18748970329761505
-0.55364624261856077,-0.53405040502548218,-0.4950156609217326,-0.437116676568985,-0.36304346919059755,-0.28257302194833755,-0.22417324781417847,-0.16245390623807907,-0.098783598840236658,-0.054548027614752449,-0.025624837959185243,0.0084991517942398787,0.046499500051140785,0.097331178685029343,0.14085464179515839,0.18151408806443214,0.23873014375567436,0.30162427822748822,0.32216569781303406,0.31530182063579559,0.30785856644312543,0.28820614020029706,0.27164904773235321,0.26280433932940167,0.27341706305742264,0.29864870905876162,0.33502446115016937,0.3510284349322319,0.36285723000764847,0.36668188373247784,0.33650760849316913,0.3140474408864975,0.28982875744501752,0.23265030235052109,0.18495791405439377,0.16345527768135071,0.12912755087018013,0.12051720917224884,0.12485606968402863,0.13657926023006439,0.14925903826951981,0.15260951220989227,0.18240226805210114
-0.564158484339714,-0.52474223375320439,-0.47783867120742796,-0.41060945391654968,-0.32913713653882343,-0.254664096981287,-0.1691157639026642,-0.091762147843837738,-0.054478919133543968,-0.016291459168617923,0.016967878056069214,0.03094807080924511,0.0473490705092748,0.085821818560361862,0.13029154886802039,0.16892499476671219,0.22790278121829033,0.27117443084716797,0.28362255295117694,0.28295079867045086,0.27496915310621262,0.27399589121341705,0.26405502110719681,0.27205333113670349,0.29881883660952252,0.32138340920209885,0.3336021403471629,0.34421748916308087,0.35139594475428265,0.34181990474462509,0.31144843995571136,0.27313044667243958,0.24846106767654419,0.20307675749063492,0.16071870923042297,0.13928745687007904,0.12529091909527779,0.13148017227649689,0.12942397594451904,0.13109233975410461,0.11379105597734451,0.12317006289958954,0.11930956691503525
-0.55489101012547815,-0.51177111268043518,-0.45894421339035035,-0.390425568819046,-0.30438113212585449,-0.2078713228305181,-0.12661505242188773,-0.05025158729404211,-0.010608247791727385,0.02205006725853309,0.040312241762876511,0.048042794068654381,0.057131207548081875,0.083913609385490417,0.1191439013928175,0.15312730769316355,0.18893096596002579,0.22790510654449464,0.25472213700413704,0.25770682096481323,0.26046853512525558,0.25918024778366089,0.25079890340566635,0.2614512503147125,0.29032324751218158,0.30399386584758759,0.31364325682322186,0.32716843485832214,0.33250265816847485,0.30655957758426666,0.2749062180519104,0.24269954860210419,0.21658457815647125,0.16178161402543387,0.13274256885051727,0.12488659098744392,0.13264257088303566,0.13384649157524109,0.13845227658748627,0.12972933053970337,0.10891132056713104,0.089116580784320831,0.091901198029518127
-0.544513002038002,-0.49991058111190795,-0.45006999373435974,-0.36646768450737,-0.24299675971269608,-0.14864996075630188,-0.0853968933224678,-0.046577624976634979,-0.0018736976198852062,0.025047308532521129,0.052789177745580673,0.053916830569505692,0.061468377709388733,0.074259122833609581,0.10282080123821895,0.13089636464913687,0.16475224494934082,0.20297222336133322,0.23480229452252388,0.24391373991966248,0.24806258827447891,0.23904401659965516,0.24039087817072868,0.25897781923413277,0.27063000202178955,0.28105507791042328,0.2962520917256673,0.30696010589599609,0.30651720166206359,0.27497707804044086,0.24574465304613113,0.19708511730035147,0.1565592015782992,0.11281117796897888,0.1251605823636055,0.12689100205898285,0.16095981746912003,0.17378243803977966,0.15383312106132507,0.0,0.13613318651914597,0.089271940290927887,0.0
-0.5158814668655396,-0.47023130456606549,-0.3997897207736969,-0.30026109516620636,-0.20502083748579025,-0.12777853260437647,-0.043932968750596046,0.0011914470233023167,0.027211491018533707,0.042437085881829262,0.057416962459683418,0.062384318560361862,0.06504986435174942,0.0742084551602602,0.094074178487062454,0.12395059317350388,0.15487609803676605,0.18550881743431091,0.21750761941075325,0.22411606212457022,0.23237574100494385,0.22971557577451071,0.2460066924492518,0.26802460849285126,0.28039681911468506,0.28798965613047284,0.29100023210048676,0.28737159073352814,0.2869197279214859,0.25631224364042282,0.21473641196886698,0.17221559584140778,0.13721843808889389,0.11565124616026878,0.13220079243183136,0.0,0.18553805351257324,0.19794978201389313,0.192138209939003,0.1676146537065506,0.0,0.10054687410593033,0.0042687887325882912
-0.49354429543018341,-0.41139255166053773,-0.33703617751598358,-0.2484348937869072,-0.15210967957973481,-0.059008657932281494,-0.0064476497354917228,0.032583124935626984,0.051954064518213272,0.065272092819213867,0.071628185609976455,0.067576115330060318,0.069082953035831451,0.082784481346607208,0.10042478392521541,0.11678452044725418,0.13447630405426025,0.16052445769309998,0.1910323997338613,0.18471742793917656,0.19786997511982918,0.21532809734344482,0.24588395158449808,0.26408363382021588,0.26375164091587067,0.28293245285749435,0.270986944437027,0.27774090568224591,0.26962029933929443,0.23577261716127396,0.19730693598588309,0.13408644869923592,0.10244729369878769,0.11055764555931091,0.15366682410240173,0.19135558605194092,0.21571514010429382,0.21595577895641327,0.20242012292146683,0.15293414890766144,0.13129955530166626,0.059021215885877609,0.0043404963798820972
-0.44374979138374326,-0.34974049528439838,-0.26571422815322876,-0.18502353131771088,-0.10631386439005534,-0.037119379887978234,0.03236533018449942,0.0733589418232441,0.090625789016485214,0.098186284303665161,0.082863666117191315,0.068061534315347672,0.057979380091031395,0.059122610837221146,0.0780467838048935,0.0938314621647199,0.11190341860055923,0.13208306021988392,0.12784844264388084,0.12869120140870413,0.12508784607052803,0.1683137814203898,0.2001191129287084,0.22742808858553568,0.24835506081581116,0.26632291078567505,0.26123765110969543,0.27131682634353638,0.27089518308639526,0.23586778342723846,0.17457926273345947,0.11852883547544479,0.11600114777684212,0.1234210878610611,0.15782426297664642,0.21504692733287811,0.21990308165550232,0.21847917139530182,0.17797403037548065,0.0,0.090367786586284637,-0.01723664253950119,-0.0789242759346962
-0.43098547061284381,-0.32298373182614643,-0.20639734963575998,-0.099105816334486008,-0.016568063758313656,0.031645690090954304,0.07649105042219162,0.10936274752020836,0.12091147899627686,0.12018946558237076,0.10026624426245689,0.067074775695800781,0.047102939337491989,0.038766553625464439,0.050660889595746994,0.0693918727338314,0.067528016865253448,0.066259829699993139,0.053209041555722557,0.059606062869230904,0.0710499007254839,0.11669185757637024,0.17037258297204971,0.18474643677473068,0.23669882863759995,0.24914819747209549,0.27094340324401855,0.277945414185524,0.23625291883945465,0.0,0.18170864880084992,0.12368255108594894,0.12405520677566528,0.15439160168170929,0.18576198816299439,0.24479734897613525,0.23620887100696564,0.0,0.20235829055309296,0.12683530151844025,0.0,-0.020783934043720365,-0.1688084602355957
-0.38292283813158673,-0.27964212497075397,-0.12971218824386596,-0.01581126544624567,0.031659824773669243,0.067964222282171249,0.097360655665397644,0.11407884210348129,0.12343123306830724,0.11514515057206154,0.092754922807216644,0.063508834689855576,0.039809878915548325,0.020948103629052639,0.024174857263763744,0.023134328611195087,0.013618241064250469,-0.011975363828241825,-0.023197904229164124,-0.011071371845901012,0.028086510176459949,0.048327679745852947,0.10962324589490891,0.16002428531646729,0.2201484888792038,0.25291602313518524,0.29009142518043518,0.294577032327652,0.26506096124649048,0.1853698194026947,0.0,0.10873233899474144,0.13055640459060669,0.0,0.19871273636817932,0.26892825961112976,0.25746920704841614,0.23476172983646393,0.16345616430044174,0.084343239665031433,-0.026251699775457382,0.0,-0.15391092002391815
-0.28071269392967224,-0.13925929615894953,-0.025214551016688347,0.032941212179139256,0.077953701838850975,0.10225077718496323,0.11302689835429192,0.10808388888835907,0.12856060266494751,0.12816719710826874,0.12035522982478142,0.0881911925971508,0.041220881044864655,-0.0071092080033849925,-0.020628518192097545,-0.055994494818151,-0.046474188566207886,-0.070235308259725571,-0.086103595793247223,-0.060584532096982,-0.014710642863065004,0.053932595998048782,0.14570328593254089,0.0,0.26292092353105545,0.30276948213577271,0.3370579332113266,0.32937273383140564,0.28613325953483582,0.21693902462720871,0.10980242490768433,0.0,0.095804639160633087,0.16940832138061523,0.0,0.26820337772369385,0.25933927297592163,0.0,0.15033751726150513,0.0,-0.013219752348959446,-0.17493540048599243,-0.19148485362529755
-0.22050957381725311,-0.051840938627719879,0.063465571030974388,0.13017255440354347,0.15737872570753098,0.14767114818096161,0.16423091292381287,0.15860852599143982,0.16001787781715393,0.14357154071331024,0.11233817040920258,0.0,0.066413439810276031,-0.019135835580527782,-0.086745377629995346,-0.0999088001747926,-0.12646403536200523,-0.14507551491260529,-0.11597821116447449,-0.076921712607145309,-0.0096623864956200123,0.11155537515878677,0.0,0.21001258492469788,0.33318275213241577,0.0,0.3750118613243103,0.36134350299835205,0.0,0.24850676953792572,0.11136015504598618,0.05990184098482132,0.081481732428073883,0.15307275950908661,0.25174012780189514,0.0,0.28291702270507812,0.23408372700214386,0.0,0.055563401430845261,0.0,-0.10221889615058899,0.0
-0.1309238001704216,0.031518321484327316,0.17884282767772675,0.21985036879777908,0.22048455476760864,0.23656962811946869,0.25256386399269104,0.20446490496397018,0.16357223689556122,0.14248692616820335,0.10669095069169998,0.079504266381263733,0.012348116375505924,-0.058975234627723694,-0.14621850848197937,-0.19099192321300507,-0.19324584305286408,-0.16840542852878571,-0.10052574425935745,-0.032080069184303284,0.049149087630212307,0.11646468937397003,0.20564718544483185,0.28840398788452148,0.0,0.39645227789878845,0.0,0.40664643049240112,0.31020504236221313,0.0,0.11614261567592621,0.0,-0.048910871148109436,0.0,0.18812353909015656,0.2426447868347168,0.17710605263710022,0.24778349697589874,0.16595911979675293,0.11751361936330795,-0.030357196927070618,-0.29961100220680237,0.0
-0.044220679672434926,0.11332600191235542,0.22027356922626495,0.25360380113124847,0.31320303678512573,0.2543490082025528,0.18840941786766052,0.19562552124261856,0.18399971723556519,0.088117428123950958,0.10734311491250992,0.0,0.014655143022537231,-0.13390964269638062,0.0,-0.20904523134231567,-0.20842757821083069,0.0,-0.0316380076110363,0.0,0.0877472385764122,0.17609754204750061,0.21960172057151794,0.31663691997528076,0.33207526803016663,0.35593703389167786,0.41458818316459656,0.26326799392700195,0.32274883985519409,0.087291508913040161,0.0,-0.073591656982898712,0.12847533822059631,0.0,0.21029013395309448,0.0,0.0,0.0,0.0,-0.18017050623893738,0.0,-0.33702629804611206,0.0
-0.21365702152252197,-0.094061210751533508,-0.0070761442184448242,0.058173537254333496,0.094000048935413361,0.0796157494187355,0.0,0.034674890339374542,-0.051535829901695251,0.0,-0.16079549491405487,0.032981172204017639,-0.076281800866127014,0.0,-0.19268850982189179,-0.23299862444400787,0.0,-0.1172189936041832,0.0,0.0089309373870491982,0.08540470153093338,0.0,0.0,0.12422865629196167,0.0,0.09235662966966629,-0.039861943572759628,0.0,-0.147451251745224,0.0,-0.2340238094329834,0.0,-0.10203511267900467,0.0,-0.00027222232893109322,-0.0017776226159185171,-0.0090226149186491966,-0.014787388034164906,-0.057057775557041168,0.0,-0.23517674207687378,0.0,-0.38551065325737
0.0,0.0,0.027097901329398155,0.0787895992398262,0.091097526252269745,0.0,0.0740651860833168,0.026674505323171616,0.0,-0.066215857863426208,0.0,-0.17388974130153656,-0.24722391366958618,-0.31343555450439453,-0.336007684469223,-0.37161292135715485,-0.31100547313690186,-0.27934262156486511,-0.17066355049610138,-0.13334602117538452,-0.0070264698006212711,0.091059714555740356,0.0916457325220108,0.0,0.076216287910938263,0.030047256499528885,0.0,-0.11034045368432999,0.0,-0.19082961976528168,0.0,-0.18828648328781128,0.0,-0.058719221502542496,0.0,0.0,0.0,0.0,0.0,0.0,0.0,0.0,0.0
0.0,0.0,0.0,0.0,0.0,0.0,0.0,0.0,0.0,0.0,0.0,0.0,0.0,0.0,0.0,0.0,0.0,0.0,0.0,0.0,0.0,0.0,0.0,0.0,0.0,0.0,0.0,0.0,0.0,0.0,0.0,0.0,0.0,0.0,0.0,0.0,0.0,0.0,0.0,0.0,0.0,0.0,0.0
