SouthSea_Web/demo/jsonfile/2017-12-15-22.json
{"header": {"parameterUnit":"m.s-1","parameterNumber":2,"dx":0.1,"dy":0.1,"parameterNumberName":"Eastward current","la1":29.0,"la2":12.0,"parameterCategory":2,"lo2":131.0,"nx":250,"ny":171,"refTime":"2017-12-15T22:01:52.5","lo1":106.0}, "data":
[rows 76 to 94 of 171, columns 168 to 209 of 250]
-0.16867184200707605,-0.13262539263814688,-0.10784068936482072,-0.055371173923569064,-0.07886264168403366,-0.2364310547709465,-0.37908336851331925,-0.3680785724094936,-0.33366387089093524,-0.32817321164267405,-0.32080390304327011,-0.32459475596745807,-0.32553971409797666,-0.30096134543418884,-0.26886017123858136,-0.25208374857902527,-0.20981290936470032,-0.1364494264125824,-0.064579593017697334,-0.067587759345769882,-0.12422057241201401,-0.19726306200027466,-0.2509685754776001,-0.2706247866153717,-0.24671577413876852,-0.1998966857790947,-0.16829417645931244,-0.13762352615594864,-0.12399885803461075,-0.096630949527025223,-0.070425266399979591,-0.033238466829061508,0.017344978637993336,0.05157109722495079,0.068065188825130463,0.038224490359425545,0.0,-0.026822332292795181,-0.039015181362628937,-0.030088451690971851,-0.01699882373213768,0.027265242300927639
-0.11104110938807328,-0.099445415039857224,-0.082499909081629338,-0.062250948945681256,-0.073888628997585984,-0.21817690946839072,-0.3872457854449749,-0.39322368800640106,-0.34603689908981322,-0.33295897926603046,-0.31355381608009336,-0.30344962080319721,-0.30373726288477582,-0.27643962204456329,-0.24538477510213852,-0.23392024139563242,-0.20600386708974838,-0.15038716793060303,-0.08791075274348259,-0.095736995339393616,-0.14782445132732391,-0.2134220153093338,-0.25409822165966034,-0.26774407923221588,-0.24275310834248862,-0.20180549472570419,-0.1671052873134613,-0.14011147618293762,-0.11264500766992569,-0.093966804444789886,-0.072099670767784119,-0.035536798648536205,0.0015587471425533295,0.034761149436235428,0.041598733514547348,0.01593363843858242,0.0041325760539621115,-0.025298848748207092,-0.042586427181959152,-0.01587790809571743,0.03192480280995369,0.057875381782650948
-0.13604645343387828,-0.0811469947152278,-0.071841713739559054,-0.052324169129133222,-0.066315832547843456,-0.20905442349612713,-0.36780382320284843,-0.38008378446102142,-0.32252833247184753,-0.319925919175148,-0.2935194919506709,-0.26892200112342834,-0.27048665285110474,-0.27042675018310547,-0.23476829379796982,-0.22012035051981607,-0.20408272743225098,-0.15895102421442667,-0.10291273891925812,-0.11085420474410057,-0.15844542533159256,-0.21400754153728485,-0.24804578721523285,-0.25648820400238037,-0.23413712282975516,-0.19689572602510452,-0.169680655002594,-0.14302138984203339,-0.12395326793193817,-0.1221427246928215,-0.092650063335895538,-0.062248535454273224,-0.030800012405961752,0.010578892193734646,0.0047865565866231918,0.0,-0.0098820310086011887,-0.036571551114320755,-0.044819720089435577,-0.016482919920235872,0.040677972137928009,0.081878319382667542
-0.092700115459806776,-0.05907126351752702,-0.07873939137373652,-0.054314212607485909,-0.061436557024717328,-0.20101716443896295,-0.36628620326519012,-0.35810970515012741,-0.30565072894096373,-0.30857420563697813,-0.27672612170378369,-0.24100886782010397,-0.2484154760837555,-0.26038901507854462,-0.2318950891494751,-0.2138325423002243,-0.20374190807342529,-0.15595602492491403,-0.10281937941908836,-0.11592149361968041,-0.1658349484205246,-0.21869315207004547,-0.24617242068052292,-0.25306782871484756,-0.23802028596401215,-0.2019624337553978,-0.18206120282411575,-0.15962573885917664,-0.1465940847992897,-0.15535028278827667,-0.11697441339492798,-0.094784852117300034,-0.04006340354681015,-0.014180606231093407,-0.021795458160340786,-0.011503550224006176,-0.024917668662965298,-0.040879419073462486,-0.035619162954390049,-0.018006868660449982,0.03451250959187746,0.07666025310754776
-0.05139949033036828,-0.039810821538170178,-0.067793346475809813,-0.061505111200468879,-0.080582966655492777,-0.2106637477874756,-0.37049060066541034,-0.347322553396225,-0.30096680777413504,-0.2992594987154007,-0.2583116541306178,-0.20872444659471512,-0.22978563606739044,-0.2562432587146759,-0.23534522950649262,-0.2167117695013682,-0.20451083034276962,-0.15558271606763205,-0.10447036474943161,-0.12596409395337105,-0.18293644487857819,-0.23451401293277741,-0.24972913414239883,-0.25531534850597382,-0.25212404131889343,-0.21341905742883682,-0.19241230189800263,-0.16790321469306946,-0.16753029078245163,-0.16580758988857269,-0.14338032156229019,-0.10696795955300331,-0.074007578194141388,-0.035999572835862637,0.0,-0.02531898207962513,-0.038386639207601547,-0.048253227025270462,-0.028027527034282684,-0.014311505947262049,0.025492139160633087,0.076169274747371674
-0.034519121591823507,-0.0494112444575876,-0.048789663506405692,-0.068312157255907849,-0.095564838160168045,-0.23666052354706657,-0.36576798558235168,-0.34372773340770174,-0.2778376042842865,-0.26968311071395873,-0.228317528963089,-0.18603100255131722,-0.21657138764858247,-0.24494081238905588,-0.23128218203783035,-0.22261815766493479,-0.21856196969747543,-0.17488985757033029,-0.12661473080515862,-0.15403282642364502,-0.20975342392921448,-0.255456805229187,-0.26061110198497772,-0.25671141594648361,-0.24131889641284943,-0.21753627806901932,0.0,-0.17809291183948517,-0.1723274439573288,-0.176228329539299,-0.14668959379196167,-0.0732458159327507,-0.063375862315297127,-0.045547038316726685,-0.033814042806625366,-0.042489141225814819,-0.054182417690753937,-0.047660268843173981,-0.039531296119093895,-0.021513720043003559,0.023082832805812359,0.059857431799173355
-0.0290738248731941,-0.0604706385775524,-0.040923730112039126,-0.064688291090230152,-0.11565016725888619,-0.24831627868115902,-0.35047068074345589,-0.3166273795068264,-0.23984445879856745,-0.21313907578587532,-0.18349549174308777,-0.16799247860908509,-0.20937038213014603,-0.22663965076208115,-0.20862662792205811,-0.2302341510852178,-0.23843133449554443,-0.20400029917558035,-0.16110721230506897,-0.18989881873130798,-0.240512877702713,-0.274844229221344,-0.27440257370471954,-0.24760919064283371,-0.23104999214410782,-0.20530201494693756,-0.1925852969288826,-0.17283246666193008,-0.15777772665023804,-0.16415861994028091,-0.12558814138174057,-0.11862808465957642,-0.052622649818658829,-0.038797631859779358,-0.0425059013068676,-0.059356354176998138,-0.063683066517114639,-0.056878112256526947,-0.055270813405513763,-0.021554440259933472,0.0032635615207254887,0.035424217581748962
-0.025943613843992352,-0.039901059865951535,-0.034256385266780855,-0.060856965370476246,-0.13214668780565261,-0.25059883462058175,-0.325629506792341,-0.26477377414703368,-0.20966928824782372,-0.17514356970787048,-0.1452806293964386,-0.15806820491949716,-0.20279108484586081,-0.20858679711818695,-0.18730013072490692,-0.23885317891836166,-0.25556515157222748,-0.21801017224788666,-0.19888845831155777,-0.22639543563127518,-0.26655369997024536,-0.28165271878242493,-0.30042558908462524,-0.26150012513001758,-0.22158753871917725,-0.199191652238369,-0.18143358081579208,-0.15468515455722809,-0.1108008623123169,-0.13556946814060211,-0.091390311717987061,-0.072648780420422554,-0.03384877648204565,0.0,-0.038679800927639008,-0.060978662222623825,-0.078427538275718689,-0.0756540484726429,-0.065604757517576218,-0.045495495200157166,-0.0075172041542828083,0.027771888300776482
-0.05222019853277339,-0.058480787090957165,-0.0402667042441093,-0.062684025954116471,-0.14452275964948866,-0.23872566719849905,-0.28103426694869993,-0.23858485122521719,-0.19187958538532257,-0.14757785201072693,-0.12641317956149578,-0.14997291937470436,-0.19139266759157181,-0.18099412818749747,-0.16598936915397644,-0.2149867614110311,-0.25489568213621777,-0.2384050190448761,-0.22882181406021118,-0.24905718863010407,-0.27841630578041077,-0.29653157293796539,-0.29736393690109253,-0.27070527275403339,-0.22591995447874069,-0.19979949295520783,-0.17118076235055924,-0.13358738273382187,-0.13755932450294495,-0.088681817054748535,0.0,-0.04046251717954874,-0.018904207274317741,-0.020286404993385077,-0.040515158325433731,-0.074572771787643433,-0.093605455011129379,-0.099670950323343277,-0.087898895144462585,-0.05848173052072525,0.0,-0.01127850404009223
-0.070268183739648923,-0.0784632232697571,-0.040079754848892875,-0.0551615066149018,-0.15108723735267465,-0.24374247156083584,-0.27428268534796579,-0.24670561722346715,-0.20707175880670548,-0.15537709891796112,-0.12297219038009644,-0.15126436054706574,-0.18585387368996939,-0.14648116379976273,-0.14201959719260535,-0.19487831741571426,-0.22952640553315482,-0.23019557446241379,-0.23504134267568588,-0.25301769375801086,-0.27325588464736938,-0.289229616522789,-0.29541367292404175,-0.26686974366505939,-0.22615698724985123,0.0,-0.16561966389417648,-0.1196913979947567,-0.089457347989082336,-0.044569800607860088,-0.043066935613751411,-0.013339332304894924,0.011856946162879467,-0.02734072133898735,-0.048871070146560669,-0.097853846848011017,-0.1207987442612648,-0.12197709083557129,0.0,-0.086759757250547409,-0.058350831270217896,-0.014826888218522072
-0.0505912102320615,-0.040894233887749057,-0.027380673214793205,-0.065396755595098846,-0.1776140809059143,-0.26560348603460526,-0.27178051471710207,-0.25377101557595388,-0.24233823828399181,-0.18990712761878967,-0.13638153672218323,-0.1453828364610672,-0.14732446894049645,-0.11069848388433456,-0.10011396184563637,-0.19614532589912415,-0.17411818106969199,-0.18613220751285553,-0.2114202007651329,-0.2389732152223587,-0.25688450038433075,-0.264543354511261,-0.27377189695835114,-0.26095892488956451,-0.21607138216495514,-0.19555362313985825,-0.15717169642448425,-0.090840384364128113,-0.069809282198548317,-0.020889480831101537,0.0016224998980760574,0.024194000288844109,0.020338868955150247,-0.014993684599176049,-0.063049387186765671,-0.11123580858111382,-0.13258564472198486,-0.12806954607367516,-0.11556809395551682,-0.10054763406515122,-0.067156538367271423,-0.024324162397533655
-0.028000234873616137,0.013789457421808038,-0.013750312109810434,-0.069021833439668015,-0.18482663550160147,-0.27386948797437882,-0.25328070918718976,-0.2492204780379931,-0.26825433969497681,-0.2130759060382843,-0.15173368752002717,-0.12812278605997562,-0.093493618071079254,-0.048830001925428711,-0.035855074102679886,-0.081966166694959,-0.10146800428628922,-0.1089810182650884,-0.18207982182502747,-0.22308322787284851,-0.23060840368270874,-0.23743847012519836,-0.24289001524448395,-0.224897138774395,-0.20042349894841513,-0.18105680495500565,-0.14303216338157654,-0.13070680201053619,-0.06231950968503952,0.0,0.0014723886270076037,0.04835665225982666,0.0266579557210207,-0.0032488961005583405,-0.061834726482629776,-0.11042540520429611,-0.13274209201335907,-0.11975982040166855,-0.11010923981666565,-0.079228818416595459,-0.047370698302984238,-0.00016689520271029323
0.0264476859010756,0.061808570155075619,0.010733582032844424,-0.042780159050986789,-0.15802412811252806,-0.24249052256345749,-0.22221862524747849,-0.22768304497003555,-0.25416466842095059,-0.20103952288627625,-0.12036372224489848,-0.069299622625112536,-0.0332059720531106,0.015068143373355269,0.031988781876862049,-0.015343078101674715,-0.02027671504765749,-0.039301880557710923,-0.15456541627645493,-0.19524619728326798,-0.20735777914524078,-0.21636796742677689,-0.21380824595689774,-0.20158669352531433,-0.17819871008396149,-0.15607533355553946,-0.13294069468975067,-0.10214542597532272,-0.076200820505619049,-0.034416337497532368,0.014881044160574675,0.052643608301877975,0.046588998287916183,0.012938263826072216,-0.055369079113006592,-0.10706166923046112,-0.1193661168217659,-0.11620762944221497,-0.095224872231483459,-0.0730452723801136,0.0,0.0020090984180569649
0.025507319791358896,0.048219784162938595,0.00033262590295635164,-0.049409296194260773,-0.13618997018784285,-0.18930015393665858,-0.16108831018209457,-0.16458539451871598,-0.1870979517698288,-0.11853098571300506,-0.052509050630033013,-0.0024950902831430235,0.022392180437843006,0.067326299846172333,0.082502372562885284,0.049979903424779572,0.050472993403673172,-0.025237569585442543,-0.11725872382521629,-0.16884258389472961,-0.18432195484638214,-0.19063468277454376,-0.19120022654533386,-0.17679473757743835,-0.14958241581916809,-0.14072729647159576,-0.11757158488035202,-0.091559067368507385,-0.054543612524867058,-0.011228054820094258,0.03689284436404705,0.073310889303684235,0.059947844594717026,0.022320491727441549,-0.03200859297066927,-0.080590788275003433,-0.10585775226354599,-0.088939454406499863,-0.060188423842191696,-0.041751543059945107,-0.013246100395917893,0.049219716340303421
-0.021367378401919268,0.0027900095654851092,-0.019151543540199503,-0.10141807732482751,-0.16618168850739798,-0.1541576124727726,-0.0992829604074359,-0.0876191822545869,-0.097607947885990143,-0.049020342901349066,0.013705414533615113,0.047711058519780636,0.088506700843572622,0.11551292985677719,0.12586531788110733,0.10708247621854146,0.10403618961572647,0.029014137263099354,-0.08844297006726265,-0.14704389125108719,-0.1601581946015358,-0.16674230992794037,-0.16652636975049973,-0.14155904203653336,-0.1289810985326767,-0.11783448979258537,-0.0943533144891262,-0.066701933741569519,-0.025562459602952003,0.019817592576146126,0.076831914484500885,0.086150310933589935,0.087752588093280792,0.036063551902770996,-0.010403750464320183,0.0,-0.065801244229078293,0.0,-0.067721046507358551,-0.035556763410568237,0.0074818120338022709,0.045440293848514557
-0.019862133531003363,-0.014805542487010825,-0.0317389412666671,-0.14714021100239319,-0.19797686148773541,-0.15463259369134902,-0.090624472126364708,-0.058136195689439771,-0.038738455995917319,0.0022587177809327841,0.025979287084192039,0.081744087859988213,0.13871613393227258,0.16511156658331552,0.16674579679965973,0.15891393522421518,0.14966160804033279,0.061991839359203972,-0.059494335204362869,-0.1199750043451786,-0.12614626437425613,-0.13208342343568802,-0.11081958934664726,-0.083784125745296478,-0.092486392706632614,-0.076797835528850555,-0.056876352056860924,-0.031351698562502861,0.0082111823139712214,0.064606847241520882,0.11169610545039177,0.12467706948518753,0.10084616765379906,0.059532571583986282,0.00570839096326381,-0.040899340063333511,0.0,-0.07098592072725296,-0.066186361014842987,-0.030025209300220013,0.0,0.05173916183412075
0.0066403197011418846,0.0036252645154794057,-0.037963139300700277,-0.15814635902643204,-0.19736114293336868,-0.14057669267058373,-0.078471428404251739,-0.032709418796002865,0.0090434731915593151,0.017567117232829332,0.021367267016709473,0.077819772064685822,0.13645907491445541,0.19102688878774643,0.20372566084067026,0.20459370315074921,0.19155469536781311,0.1077684760093689,0.0094367911418279018,-0.080027379095554352,-0.082100063562393188,-0.0776846818625927,-0.0385263180360198,-0.0067002773284912109,-0.025021360954269767,-0.014002368319779635,-0.017050990834832191,0.020460886647924781,0.058339627459645271,0.11520417407155037,0.15816983580589294,0.16186618059873581,0.1097964271903038,0.071983747184276581,0.0033150231465697289,-0.017567339353263378,-0.046080801635980606,-0.072606995701789856,-0.063100792467594147,-0.064293980598449707,-0.0070805754512548447,0.0
0.054717592429369688,0.046238577525530546,-0.021950666434489764,-0.13200172930955886,-0.15669426918029786,-0.0946675706654787,-0.042105711996555328,0.023247455392265692,0.079928144067525866,0.056072176434099674,0.043327354360371828,0.0882314716776212,0.13817359258731207,0.18850927799940109,0.20749126374721527,0.2310254474480947,0.21246916055679321,0.13988665118813515,0.042451992533945791,-0.029212458059191704,-0.029302463866770267,-0.022440750151872635,0.025987321278080344,0.049780149012804031,0.049896659329533577,0.039727538824081421,0.03077007457613945,0.063352219760417938,0.091408349573612213,0.14555656909942627,0.17652392387390137,0.18850134313106537,0.13162694871425629,0.072147034108638763,0.0,-0.0082710999995470047,-0.056024320423603058,0.0,-0.08304993063211441,-0.059876386076211929,-0.038909353315830231,0.039353931322693825
0.1342606450382032,0.10118904124413218,0.0045877248895439234,-0.092018618115356984,-0.086119449511170384,-0.044975492171943188,-0.015650542142490547,0.062438760884106159,0.12466464340686798,0.095801760256290433,0.067824580396215126,0.10236971825361252,0.12151153137286504,0.1601911261677742,0.2028859481215477,0.23379999895890555,0.21169407665729523,0.15238690003752708,0.067980284492174789,0.023161062970757484,0.015105713158845902,0.029571833088994026,0.059860799461603165,0.088741376996040344,0.10017634183168411,0.07629195973277092,0.081001989543437958,0.092137034982442856,0.12128608673810959,0.16426152735948563,0.1957818940281868,0.18782278150320053,0.14648902416229248,0.091672960668802261,0.02425177744589746,-0.020761940628290176,-0.057224517688155174,-0.080744702368974686,-0.0812080055475235,-0.063801713287830353,-0.03279326856136322,0.002709544263780117
