SouthSea_Web/demo/jsonfile/2017-12-14-16.json
{"header": {"parameterUnit":"m.s-1","parameterNumber":3,"dx":0.1,"dy":0.1,"parameterNumberName":"Northward current","la1":29.0,"la2":12.0,"parameterCategory":2,"lo2":131.0,"nx":250,"ny":171,"refTime":"2017-12-14T16:01:52.5","lo1":106.0}, "data":
[rows 95 to 113 of 171, columns 0 to 42 of 250]
-0.32892813588734027,-0.23286002977141018,-0.18149098008871079,-0.12451250564593536,-0.11852604421702298,-0.071869233766427412,-0.026126120653417375,0.026330703357234597,0.077404383569955826,0.13815479973951975,0.19817588478326798,0.25924453636010486,0.31270459294319153,0.33357879519462585,0.33546629548072815,0.32541853189468384,0.33623649179935455,0.34032140672206879,0.33606427907943726,0.35204818844795227,0.0,0.34118102490901947,0.32200727860132855,0.29162752628326416,0.28225139528512955,0.27914847930272418,0.25369733373324077,0.20850454861747808,0.14075821335427463,0.063198658009613523,0.057571497674171739,0.0,0.0,0.0,0.0,0.0,0.0,0.0,0.0,0.0,0.0,0.0,0.0
-0.2559061852682914,-0.17007345783299413,-0.15756681375205517,-0.1257743239402771,-0.11808639019727707,-0.077340844486440935,-0.024072336188207071,0.044923098136981331,0.10384451150894165,0.17423422634601593,0.22442848980426788,0.27042553822199505,0.31529174745082855,0.0,0.33855676651000977,0.33964276313781738,0.33699570596218109,0.35031232237815857,0.364413246512413,0.36754717429478961,0.35817471146583557,0.36970499157905579,0.32954851388931272,0.30073843399683636,0.31935924887657163,0.33971872739493847,0.30489733326630514,0.1630320810896515,0.12348626926541328,0.0,0.0,0.0,0.0,0.0,0.0,0.0,0.0,0.0,0.0,0.0,0.0,0.0,0.0
-0.30199418984579318,-0.1937557514756918,-0.18632386922836303,-0.14122619231541952,-0.12919683092170292,-0.065840943367220461,0.02475343581422099,0.082180369645357132,0.13941948115825653,0.1644931435585022,0.22679883241653442,0.284569188952446,0.31588272750377655,0.33823487162590027,0.32610711455345154,0.3527555912733078,0.33332344889640808,0.3609590083360672,0.38316860795021057,0.39309895038604736,0.39303783575693768,0.39825335144996643,0.3498350779215495,0.30484621439661297,0.39136371885736781,0.39081088913247941,0.30924000337512958,0.16871670799122918,0.0,0.0,0.0,0.0,0.0,0.0,0.0,0.0,0.0,0.0,0.0,0.0,0.0,0.0,0.0
-0.24380562731197902,-0.29417458093828625,-0.23865996514047896,-0.1798888616836988,-0.13058243150060828,-0.01788745226804167,0.044062633998692036,0.094446301460266113,0.13856694847345352,0.18884710967540741,0.2390759140253067,0.28091910481452942,0.31345474720001221,0.32656234502792358,0.31595101952552795,0.32476915419101715,0.34285970032215118,0.35049273073673248,0.36417596042156219,0.40137520432472229,0.4030393163363139,0.39208716650803882,0.32950061187148094,0.32716948200355878,0.43298661437901581,0.47448416295889262,0.34910072950909588,0.070842362443606061,0.0,0.0,0.0,0.0,0.0,0.0,0.0,0.0,0.0,0.0,0.0,0.0,0.0,0.0,0.0
-0.35191040194552875,-0.34867638349533081,-0.25154069364070891,-0.20464399084448814,-0.081437041237950328,-0.0088732091535348445,0.041222278494387865,0.098567726090550423,0.15333550671736398,0.20448263734579086,0.23836341500282288,0.0,0.29170304536819458,0.29891553521156311,0.30097794532775879,0.30121226608753204,0.31052681803703308,0.32964220643043518,0.357274333635966,0.40043628215789795,0.3994513601064682,0.39549434516164994,0.34370542827405426,0.36551791200271022,0.41619096230715513,0.36003505202328284,0.25890543626470341,0.05076117254793644,0.0,0.0,0.0,0.0,0.0,0.0,0.0,0.0,0.0,0.0,0.0,0.0,0.0,0.0,0.0
-0.41960732851709637,-0.31681031627314432,-0.25722340941429139,-0.18609331217077044,-0.080124059692025185,-0.021121265483088791,0.034473074600100517,0.081833798438310623,0.14122083783149719,0.18701617419719696,0.21092595160007477,0.2556309849023819,0.25183116644620895,0.27665562927722931,0.27162458002567291,0.29724588990211487,0.29317563772201538,0.33594591915607452,0.34764449298381805,0.37547525763511658,0.38840353488922119,0.37928703698244964,0.34047253565354779,0.39011340450357507,0.4339915747227876,0.36368543654680252,0.27173833440193967,0.0,0.0,0.0,0.0,0.0,0.0,0.0,0.0,0.0,0.0,0.0,0.0,0.0,0.0,0.0,0.0
-0.39955049105312512,-0.24891832151583263,-0.24165120262366074,-0.18178346604108811,-0.10046650740233334,-0.043485883830322161,0.0042135334806516767,0.05709926038980484,0.12431949625412624,0.16777829080820084,0.19720032066106796,0.23179193586111069,0.2415727823972702,0.24635136127471924,0.24442736804485321,0.27139386534690857,0.28049255907535553,0.31404969096183777,0.33145786325136822,0.35249415040016174,0.35563620179891586,0.35216370650700163,0.33834545811017352,0.38117191584213922,0.41207387355657726,0.39573619843603253,0.25578003890420259,0.12167523875832557,0.0,0.0,0.0,0.0,0.0,0.0,0.0,0.0,0.0,0.0,0.0,0.0,0.0,0.0,0.0
-0.2894639205932617,-0.21601779846584096,-0.22032841614314488,-0.20547703529397646,-0.1426051196952661,-0.091769715978039637,-0.02449272497324273,0.039341315906494853,0.085857406258583069,0.14280179142951965,0.1914866715669632,0.19099324196577072,0.20272048562765122,0.21097151935100555,0.2350560873746872,0.2405175119638443,0.25376337766647339,0.27923315763473511,0.2984667221705119,0.32671448588371277,0.33798648416996,0.33288452880723135,0.33972313006718952,0.3445872461795807,0.38130460050370957,0.41496521695093674,0.22412200621920189,0.075777024691302514,0.0,0.0,0.0,0.0,0.0,0.0,0.0,0.0,0.0,0.0,0.0,0.0,0.0,0.0,0.0
-0.23525167256593704,-0.23912832454631203,-0.218781339270728,-0.24210042754809061,-0.18926424980163575,-0.12126509348551433,-0.058963443019560406,0.0046277383342385294,0.066790953278541565,0.11417410522699356,0.15217620134353638,0.16073209792375565,0.16988356411457062,0.18557274341583252,0.18445052206516266,0.22085244208574295,0.20491492003202438,0.21972925215959549,0.23354394733905792,0.28617956240971881,0.31132540851831436,0.30426295846700668,0.3169524073600769,0.32255313651902334,0.34773108685338822,0.41052849160300359,0.17746416802917209,0.09878146502241078,0.0,0.0,0.0,0.0,0.0,0.0,0.0,0.0,0.0,0.0,0.0,0.0,0.0,0.0,-0.043199032545089722
-0.29194255105473776,-0.26225646150608856,-0.24425700969166225,-0.26343071584900218,-0.22023015256438935,-0.14996737648140301,-0.099425636231899261,-0.024861402591341175,0.038184126528600849,0.082470797002315521,0.12534960731863976,0.13264616578817368,0.1440428247054418,0.15150277316570282,0.15148016065359116,0.17219270765781403,0.13909605145454407,0.17645092308521271,0.20201613008975983,0.252629891037941,0.25966725250085193,0.27699977159500122,0.27950780093669891,0.319418351901205,0.37418428249657154,0.4131864635149638,0.28560332611859218,0.070646973231553348,0.0,0.0,0.0,0.0,0.0,0.0,0.0,0.0,0.0,0.0,0.0,0.0,0.0,-0.0952012799680233,-0.0011024028954508187
-0.28393702167216861,-0.24913799443415233,-0.29682608485221862,-0.27440174917380017,-0.22169331610202789,-0.1995089163382848,-0.1588621973991394,-0.05503728468385008,0.011601309253213307,0.045875553041696548,0.077948961406946182,0.10248682647943497,0.10758096724748611,0.12336327508091927,0.11872144415974617,0.13048175722360611,0.12570274993777275,0.14398749172687531,0.18119487166404724,0.21213315924008688,0.2009931355714798,0.22005093097686768,0.22612544298171997,0.24754574780280775,0.295083340596069,0.35008117130824495,0.32835269993057059,0.15400937479728508,-0.0025203355377720247,0.0,0.0,0.0,0.0,0.0,0.0,0.0,0.0,0.0,0.0,0.0,0.0,-0.048720900409302853,-0.012059887876258035
-0.23645163304530659,-0.26947207318411931,-0.29557440332744433,-0.29985955073719933,-0.17711996640029706,-0.24227289557456971,-0.20442272921403248,-0.10417621321976185,-0.047914558905176818,0.00635928800329566,0.049438534304499626,0.0639473982155323,0.075341545045375824,0.098300911486148834,0.09445469081401825,0.094791658222675323,0.091462027281522751,0.1210145577788353,0.13373086974024773,0.15796981751918793,0.16257528960704804,0.17095812410116196,0.1917729526758194,0.18482844744409835,0.20156468451023102,0.25085927207361569,0.26780705553080353,0.20422794011078382,0.026881485120290618,-0.041991950348992217,-0.0639167488629508,-0.023115739715814761,0.0,0.0,0.0,0.0,0.0,-0.0395947519157614,-0.004271471002756367,-0.010546940647942656,-0.039839089134565395,-0.049207358652896722,-0.0611195340531887
-0.15143013662762112,-0.13474399634895354,-0.19810815858840941,-0.23653256764699673,-0.18064822546309894,-0.3138804929330945,-0.24005709005438763,-0.15431874576542112,-0.091094666781524822,-0.028925469657406212,0.003035005507990718,0.037565127015113831,0.0617789700627327,0.078552775084972382,0.079659096896648407,0.0732310526072979,0.090470865368843079,0.10440032184123993,0.11095492169260979,0.12566503137350082,0.12652604654431343,0.13510255515575409,0.14893793066342673,0.14461911469697952,0.15132584505610996,0.18099025189876555,0.23992566285388811,0.22617006264626979,0.15361172626497316,0.0512789580902523,0.021361529156237315,-0.039175940415294735,0.013410059540025356,-0.019571755220611772,-0.02745104190512667,-0.051718188054633865,0.0,-0.038143158015113192,-0.022912209877552846,-0.024677428112298595,-0.038922605171596368,-0.1258206379060286,-0.15910673411964924
0.0,-0.018297238275408745,-0.14044238556304883,-0.18642259932688024,-0.218634732523743,-0.3279075652360916,-0.34773898916319013,-0.21671042094628015,-0.13578241318464279,-0.079036001116037369,-0.038736302405595779,-0.00036455589967469376,0.038331379182636738,0.049296513199806213,0.063070919364690781,0.059993556390206017,0.061265282332897186,0.077403765171766281,0.073393448255956173,0.10427132621407509,0.11401184089481831,0.12995727360248566,0.14264730612436929,0.15259048839410147,0.1498984768986702,0.15787614434957503,0.20375100629670279,0.23816934813346183,0.17236570343375207,0.09025693800122965,0.071661379653960466,0.036911608456668528,0.040290560340508819,-0.0045080566477773663,-0.069742496432917259,-0.07510895369349592,-0.014874349950977991,-0.049147064950691696,-0.046200627157259207,-0.14294780163195334,-0.1104987898785578,-0.094323371325514577,-0.13133413483393355
0.0,0.0,0.0,-0.03367614729691211,-0.10060048641030671,-0.24562386016580551,-0.48503083271800346,-0.38516696710740367,-0.20867957350085764,-0.12160405206183593,-0.075149880349636072,-0.036696892464533448,2.9321139057477317E-06,0.0359517578035593,0.04714060015976429,0.03919360414147377,0.039391990751028061,0.042465156565109886,0.0534653440117836,0.096412252634763718,0.13265246897935867,0.14720481137434641,0.17125364392995834,0.17619179934263229,0.17730485647916794,0.17369768768548966,0.18682904044787088,0.26216421595641543,0.19925100817566827,0.13637178063392638,0.096142370253801346,0.058443764525075111,0.13495517517194935,0.14694626310041972,-0.022069072818637573,-0.14594478914399206,-0.06621697079890998,-0.038581574517503429,-0.071515614447156775,-0.18281395556964639,-0.13384011346553904,0.0052815042589396989,-0.08295705144277396
0.0,0.0,0.0,0.0,-0.061928569028774895,-0.12208439636300182,-0.34544155786755265,-0.56990864796516227,-0.31583258509635925,-0.14817896087964375,-0.11003441576446806,-0.072325710952281949,-0.047167018055915833,-0.00610135526706775,0.025119167286902666,0.03135217446833849,0.022110900841653347,0.022826322354376316,0.042661013702551522,0.092586311201254531,0.13663054505983988,0.16203151643276215,0.19590890780091286,0.21773858368396759,0.22214596470197043,0.18700909987092018,0.18824454645315805,0.2792508527636528,0.20976583287119865,0.14915480730789049,0.0836600090066592,0.16436894198781565,0.24597824591657388,0.11741740502078425,-0.039750956930220127,-0.15529773316600107,-0.12820009719580411,-0.033047580787052326,-0.10276961126837178,-0.19867009095807764,-0.0990991816537861,-0.00094970976340256834,-0.11231955049584645
0.0,0.0,0.0,0.0,-0.0099647148512303826,0.011273056637747705,-0.1757261643633824,-0.48195229000166845,-0.47631001830101011,-0.22553294797738394,-0.16119646348736502,-0.098788142204284668,-0.067969335863987609,-0.041240007306138672,-0.0028867370759447417,0.011679572984576225,0.0075932069448754191,0.02934606062869231,0.073258859415849045,0.12744534760713577,0.15903089195489883,0.18470669786135355,0.21548178791999817,0.26816534996032715,0.26653198897838593,0.2265445776283741,0.19805424412091574,0.25705825785795849,0.21188740245997906,0.13598392438143492,0.10317983478307724,0.271983927488327,0.21581903845071793,0.016983020515181125,-0.09474946824567658,-0.060189662908669561,-0.0052082777333756292,0.027474520799632255,-0.058079737906708666,-0.18188225588312856,-0.098483234360104518,-0.11656874945596604,-0.092687935731821477
0.0,0.0,0.0,0.0,-0.02806411124765873,0.01837346606736303,-0.10100720373584944,-0.30383753729984164,-0.55045577764511111,-0.31459781243687585,-0.21671057045459746,-0.13202784955501556,-0.10396971801916759,-0.081996273249387741,-0.04035191610455513,-0.012209461148207387,-0.0028334420737034329,0.030678047798573971,0.09442024864256382,0.14363680531581244,0.17890078946948052,0.2017841637134552,0.21495674550533295,0.261739444732666,0.28782814741134644,0.27439615726470945,0.224674192070961,0.23717264334360758,0.21007439307868481,0.13578123067106521,0.17793652229011059,0.237420953810215,0.12951310724020004,-0.016304054924856044,-0.068822357803583145,0.0023082984953362029,0.025227086036466062,0.092226378619670868,0.049705659466174744,-0.038301702750080345,-0.081649424659239273,-0.16516069349433696,-0.14691032245755195
0.0,0.0,0.0,0.0,-0.0053510185440922382,0.0036192537926148897,-0.041614995649887611,-0.18328446994225184,-0.45098508894443512,-0.41442765366463435,-0.26282572746276855,-0.16730953982243171,-0.12928450666368008,-0.10286518186330795,-0.064626269042491913,-0.0307251022507747,-0.0028523681685328484,0.038592660178740822,0.0979497457544009,0.14123288790384928,0.18500570456186929,0.20842278599739075,0.22603524476289749,0.23825838416814804,0.26837408542633057,0.28786465525627136,0.26818211674690245,0.2686976671218872,0.23890394185270583,0.19376808404922485,0.20299933701753617,0.18711592257022858,0.11961088143289089,0.049443322899086137,0.014385817979928106,-0.0062670259254186279,0.0012476170668378472,0.079605334748824433,0.081042685969309372,0.010041418524148563,-0.17035615314608035,-0.33368530972250576,-0.34242086904123425
