SouthSea_Web/demo/jsonfile/2017-12-14-00.json
{"header": {"parameterUnit":"m.s-1","parameterNumber":2,"dx":0.1,"dy":0.1,"parameterNumberName":"Eastward current","la1":29.0,"la2":12.0,"parameterCategory":2,"lo2":131.0,"nx":250,"ny":171,"refTime":"2017-12-14T00:00:00","lo1":106.0}, "data":
[rows 76 to 94 of 171, columns 42 to 83 of 250]
0.0,0.0,-0.020525210133090502,0.0,-0.022894909360298987,0.030578558590204922,-0.0517774948098558,-0.095971825510956524,-0.079630155451595783,-0.071638526049202789,-0.074084634920069337,-0.18707776424887868,-0.22317800335061383,-0.32068954745928446,-0.3493413631732647,-0.35571507874288055,-0.35569623014965995,-0.33816132197777432,-0.39299670594637509,-0.50166922807693481,-0.40897219498952231,-0.28417277369234295,-0.36710301845261223,-0.3751212678093841,-0.50414307805208058,-0.595146688507564,-0.53431958305662952,-0.44832333097091087,-0.41488324922900044,-0.41280006150067861,-0.40905652561430206,-0.36801534638566485,-0.35164107382297516,-0.36544280385566968,-0.3435233957686667,-0.329811696211497,-0.34963752773770113,-0.33658213433572803,-0.32708572983741763,-0.375465377783164,-0.34271890204399824,-0.26027566867489971
0.0,0.0,-0.0259985299572105,-0.012601808291881091,0.0096407353170401087,-0.042094027345900564,-0.086241470886214741,-0.10873542952796687,-0.13768472281043176,-0.17107823778183087,-0.20482871575014933,-0.25898299046925138,-0.34332042772855076,-0.37328965167204536,-0.38529195795293714,-0.37320016716655929,-0.40350133913462277,-0.47303054140785994,-0.37324253205330143,-0.4720313441939652,-0.58442918123567811,-0.44976128893239159,-0.36905370246280322,-0.37852628062020488,-0.42204020387035307,-0.43574145803084741,-0.42215386591851711,-0.39532153283963439,-0.37286110295624031,-0.35364767213662468,-0.399158935608535,-0.38912823051214218,-0.32485833391547203,-0.32516861503774469,-0.30707143545150756,-0.27333433352983916,-0.24493659154645034,-0.23388478877367797,-0.22819195240736007,-0.25565238338377738,-0.30040736784858091,-0.28101249398856326
0.0,0.0,0.0010110018341341249,0.04937065966797248,0.011077394256716489,-0.050292192269562747,-0.14258030964569612,-0.16531823520013628,-0.19069259725511073,-0.22181900556270892,-0.28616474270820619,-0.34123076338853153,-0.36876584837834042,-0.39061959396148549,-0.3786575809373694,-0.36076851044931718,-0.36661752955666904,-0.4312315511126672,-0.44380628019571305,-0.41976002806966956,-0.43391133380717917,-0.42596268292629358,-0.40212848130613565,-0.380585740506649,-0.37796579850347417,-0.37154774202240837,-0.31912861227012074,-0.31209682544757578,-0.33017293141599285,-0.33928423160213533,-0.30428850540408381,-0.31725554477493717,-0.27324086513656837,-0.25060635046014246,-0.2788266181945801,-0.26218809360681578,-0.22610866352915765,-0.22646720063041997,-0.22773664544026057,-0.21829007229497355,-0.18099151125976018,-0.21684660017490387
-0.0020645827355191258,0.034317002130046605,-0.031672649206287276,-0.029955218104846575,-0.066916722645853743,-0.13854341584647822,-0.1926171835925844,-0.19696674676555576,-0.20212756930771519,-0.31808425991211908,-0.36949364310604033,-0.36015646308660509,-0.34929228586665656,-0.44190673689757076,-0.42971387824841906,-0.37243346458879012,-0.34142161160707474,-0.32013279447952908,-0.28775529441286307,-0.31987767846419896,-0.3443526518149454,-0.36148160490496406,-0.37093494958796741,-0.32274889889753089,-0.29140537028962915,-0.27630898793195857,-0.24966092660741987,-0.2314297751738475,-0.2635870976190941,-0.28800461590290072,-0.27996011369902157,-0.27036790516641407,-0.27088792622089386,-0.23561226353049278,-0.25158596890313284,-0.26027999862151985,-0.23883956038590634,-0.22052133708230912,-0.21783551984819874,-0.21233001960949463,-0.24428303705321419,-0.26314900153213078
0.03472002968353681,0.14720749005209655,-0.049315756043035758,-0.027349764603804644,-0.087440962020575608,-0.12167148116756887,-0.19294848609151263,-0.19122371719828968,-0.25323925807810665,-0.35090170068255927,-0.39713884464332033,-0.41355788354146278,-0.297197751434786,-0.32610836045609581,-0.33859774568041817,-0.31781629951936857,-0.32753546120690519,-0.32632268131789516,-0.2912730241815249,-0.26828490879576083,-0.316108006341704,-0.32492289532508167,-0.29460271374852048,-0.30775410824633659,-0.2685067919285401,-0.24012204450230265,-0.22812802592913309,-0.22107097404924306,-0.22934602591253461,-0.26595280282199385,-0.26134463085940007,-0.26451390443576706,-0.26412892955191,-0.2337008051333889,-0.24522921923668153,-0.24814050472699678,-0.26216293924621176,-0.25212403157582652,-0.25259710241247108,-0.2542163964647513,-0.27463689667207225,-0.29100661848982173
-0.123149761433081,-0.16778227080609284,-0.16825286600259329,-0.10325804893696032,-0.10549856820785174,-0.14499223728974661,-0.19582778135580675,-0.1999261465511824,-0.22744207855846202,-0.35060471397335247,-0.36778907149525014,-0.4188747968313829,-0.36610075086355209,-0.34483710273367457,-0.32157448293833896,-0.29892933865388233,-0.29706650292664244,-0.29144141419989161,-0.273481350718883,-0.27758944691237758,-0.29500202494755123,-0.27140891495740638,-0.29481700559457141,-0.3033053207965124,-0.25812861629021472,-0.25226048105641413,-0.22631136524049858,-0.23414513378432303,-0.24528401123510824,-0.23908572666572803,-0.27397973742336035,-0.2558251884765923,-0.26760068535804749,-0.26007308065891266,-0.25480979095612255,-0.26460106174151105,-0.26489720369378728,-0.26825768099381375,-0.26422078465973892,-0.28612524171670278,-0.30777311325073242,-0.31639836728572845
0.0,-0.025868474381342012,-0.071861001750521514,-0.14914086685261943,-0.1846409818147593,-0.18380007383070493,-0.16887557928760846,-0.16446954464273794,-0.25231093476558553,-0.31382250785827637,-0.33318837449468414,-0.35900349095463752,-0.31714877258923097,-0.28112246301667443,-0.26639114196101826,-0.26957887659470242,-0.27146555586107846,-0.26716585701162165,-0.26596121793543853,-0.25685142627302204,-0.25581413963619543,-0.26860273208307184,-0.26691276790239871,-0.28086560794285365,-0.26990560836651745,-0.25568327578631317,-0.24082348157059064,-0.24023808448603659,-0.24232382575670877,-0.25829357295124616,-0.27671689567742525,-0.28305480309895109,-0.29214848807224858,-0.29589783814218307,-0.29171056332795514,-0.30714617724771853,-0.2923153140223943,-0.26872452437877653,-0.25686176121234894,-0.30946447670459748,-0.30952363337079686,-0.30587971210479736
0.0,-0.033755208637706154,-0.040643259342240459,-0.03882826368491795,-0.11067666781657352,-0.1462491599576814,-0.1305154128852537,-0.14644920307078532,-0.22184368915725172,-0.22654925800603012,-0.2077305327027531,-0.18373386870170461,-0.1754730717569101,-0.19474181219151146,-0.22276227176189423,-0.227474072682006,-0.23846654369021361,-0.23188792266275571,-0.21873178800871207,-0.23856906923982832,-0.24556961407264075,-0.25305661778239641,-0.27422401038083161,-0.2710036039352417,-0.27311650017897288,-0.28321731587251026,-0.2761115215975663,-0.27129548839453993,-0.26610433724191451,-0.26903309042637163,-0.29173396871640134,-0.30080385257800418,-0.301036112010479,-0.30090225086762357,-0.28936640918254852,-0.300044282078743,-0.29709054873539853,-0.31489049242093015,-0.33570548040526255,-0.33642473485734725,-0.34105939016892362,-0.35566232160285666
0.0,0.0,0.057851770570674,0.088435986455672758,-0.015922594801425778,-0.060379247562446461,-0.083915000076632246,-0.052268133988898048,-0.095287841868897286,-0.11480853970973723,-0.13348707996430945,-0.12692091783933474,-0.13461854212262012,-0.14727981719705793,-0.16576124757528304,-0.18936881919701895,-0.19240959911119371,-0.21185116164195231,-0.23045603392852676,-0.23342291596863005,-0.24586991739995551,-0.25097840351443135,-0.26977265703267067,-0.28164228477648329,-0.27300646368946346,-0.28737746013535392,-0.29707118272781374,-0.2969521272640962,-0.29811365558550906,-0.28843627067712635,-0.27331799039473903,-0.26817219532453096,-0.28849682584404945,-0.29795923315245532,-0.29768549822843993,-0.29245674610137939,-0.31050508182782394,-0.29828370809555055,-0.28912550831834477,-0.31071720041077711,-0.40521199469055447,-0.45375452509948183
0.0,0.0,0.0,0.079596225115367111,0.0041069555071477038,-0.037069907156632435,-0.026180810473196096,-0.081498260045765145,-0.033803331410068027,-0.051091460541131034,-0.0632252901393388,-0.086692824407860081,-0.10848624882649402,-0.13884197106195051,-0.15081500811012169,-0.18294845645626387,-0.20240493199309786,-0.25087831869269861,-0.25276066003174619,-0.24816590290645074,-0.2604965755233058,-0.27264576819207931,-0.290087240246626,-0.294325984441317,-0.29352006435394284,-0.292069652905831,-0.297628070299442,-0.2767533349990845,-0.28235327395109028,-0.28879626154899596,-0.29725420933503371,-0.29326704488350797,-0.29319896262425643,-0.3055419921875,-0.2825227202131198,-0.25715654426150852,-0.24739146067036522,-0.263192354036229,-0.31728024394423876,-0.33762884140014648,-0.350175570164408,-0.35453173198870253
0.0,0.0,0.0,-0.086064130116205714,-0.090589639724588347,-0.083926834628929262,-0.0823852467468126,-0.0842444451682898,-0.005378217097798673,-0.053192680341101459,-0.056483581248256892,-0.078928635145227119,-0.0854457388208671,-0.093836768902838236,-0.13139777963882998,-0.1897876194932244,-0.20580651611089706,-0.23278961158715761,-0.24283184004681452,-0.24376277404802818,-0.27006400252381962,-0.28015696048736571,-0.27061991712876726,-0.28398575805700743,-0.29081567018120374,-0.29278822898864748,-0.314390700438927,-0.32858396722720218,-0.30315380486158222,-0.29329975777202183,-0.29716152067367846,-0.30681713842428648,-0.28616928060849506,-0.27372066345479751,-0.30994414538145065,-0.35006605029106141,-0.38217767521187113,-0.40547464558711421,-0.36093342359419223,-0.31565031357880297,-0.27942251414060593,-0.19331266943897521
-0.088295872884965126,-0.12989023188129067,-0.11834640701338438,-0.11968415908680376,-0.0626906959048531,-0.048664601865525847,-0.063312034689051166,0.018002888161114814,-0.05197567990907128,-0.07841861090165074,-0.072389289671391771,-0.073955186880102344,-0.091172525570506147,-0.095573401663984578,-0.13649769247539581,-0.14797604198639208,-0.20112588380773863,-0.22551807926760781,-0.2590476515201422,-0.2423016423216233,-0.24243942222424916,-0.28244279153071916,-0.27796345523425509,-0.24324488282203674,-0.2694472206963433,-0.31630205869674682,-0.30494304222089275,-0.26382407049338025,-0.2733773056131143,-0.31437431220655088,-0.29724845731699906,-0.25717351479189737,-0.30920610070228577,-0.39350212422701031,-0.48668951025375951,-0.52030113232987263,-0.40894529223442078,-0.3088946072039781,-0.22442165493965149,-0.16270866938706102,-0.12743487264271136,-0.19973728677322125
-0.042909887298406627,-0.0890664057058357,-0.0037186030411938344,0.10055814369464527,0.064409405708072645,0.17637514524556097,0.12951297029057174,0.0658712126629276,-0.063612455166265611,-0.06143779674025833,-0.0523480881281473,-0.067171670058194327,-0.096564728653792176,-0.12967869975874502,-0.16218297100729412,-0.19258578789645228,-0.20820703586706749,-0.22737760952225439,-0.26542002735314546,-0.24969379327915334,-0.26163549445293566,-0.24404351360031537,-0.23822618595191411,-0.26721981167793274,-0.26570503744814133,-0.2204077041574887,-0.20224398374557495,-0.19877123947326952,-0.26154690870532282,-0.256915921079261,-0.22334658354520798,-0.31506632875513146,-0.44286555824456392,-0.56675427379431553,-0.48169720283261053,-0.37531464338302611,-0.29578826036946526,-0.2412389874458313,-0.24277561185536561,-0.2839395970106125,-0.27778617235330433,-0.2953560994221614
-0.0032758738714150121,-0.00055781595469654905,0.026948160105596551,0.026784498907948474,0.03834475515436174,0.020242386104915307,0.044188016432790869,0.045017670290391956,0.013091011693053958,-0.037906167031671371,-0.0592863369467003,-0.069198501695479669,-0.09929566541987081,-0.15442488618471004,-0.20500905866976138,-0.22265444180140129,-0.25369319098967091,-0.23650914877653123,-0.24035126522735315,-0.23925583649958884,-0.24270842330796377,-0.25213146375285256,-0.26689687211598667,-0.24085382744669914,-0.22880634334352282,-0.27237891463133007,-0.30399856578420709,-0.30990805614877631,-0.19840513857511374,-0.14226169943809508,-0.266494203891073,-0.44207123473838522,-0.55502424790309024,-0.52342941740463522,-0.46712207106443554,-0.39732473630171555,-0.37233751614888511,-0.31493085265159609,-0.30313383157436663,-0.24872795363952374,-0.26389196629707629,-0.26105798834136557
-0.098464502021670341,-0.05038638430925315,-0.096950829029083252,-0.08728298465622232,-0.063587442480011622,0.0,0.028088479963020961,0.092954274436289619,0.01036927717209365,0.01837938542244956,-0.081576521931724114,-0.091745432146957948,-0.10915318158056055,-0.17162661946245603,-0.2055679282971791,-0.21778757407747465,-0.24217652401019787,-0.22263552454011193,-0.21270579510721668,-0.2207039692278566,-0.2577062260221552,-0.24818699115089007,-0.23946430559816032,-0.24252848613720673,-0.2939246106764366,-0.318362970804346,-0.2137204185128212,-0.14168567900304441,-0.13050989549735498,-0.22976720447723681,-0.36842502929546217,-0.49474599480628967,-0.544218760949594,-0.4474661300579707,-0.40025371656968045,-0.37503371856830736,-0.42020793259143829,-0.33572299565587727,-0.21821483197035613,-0.16835648262942279,-0.21727242171764374,-0.28441535949707031
0.0,0.0,0.0,0.0,-0.0160533394664526,0.0,0.0,0.0,-0.032034509453475107,-0.083749378523366017,-0.10744535603693553,-0.12894527614116669,-0.16242079410169805,-0.20561402213984523,-0.20034601899885363,-0.21859736379348871,-0.20512173644133977,-0.19304144911227689,-0.21733398629086359,-0.24010091814501533,-0.24635053400335641,-0.23649051785469055,-0.25361448739256176,-0.31709893288150909,-0.25799633038264735,-0.15861981333448336,-0.091012491711548391,-0.11113486467645718,-0.20794570157604833,-0.38701046892890223,-0.49760165700206049,-0.55776698059505891,-0.48831530963933029,-0.41811344133956091,-0.41898645002108353,-0.41611089663846151,-0.40657579457318344,-0.33429135807922911,-0.25382298282508192,-0.23049076199531554,-0.25386391161009669,-0.28973590366302
0.0,0.0,0.0,0.0,0.0,0.0,0.0,0.0,-0.062611821107566357,-0.16205428782850503,-0.13759409982178891,-0.17038264845808346,-0.208042673766613,-0.22163060759053085,-0.23035588581115007,-0.24440012006990372,-0.24665611376985908,-0.22055906571190934,-0.22577432722880922,-0.20777999275717243,-0.24676095368340612,-0.29952625673392724,-0.28912201581092983,-0.15368378276546155,-0.066021941550489932,-0.032857491031151126,-0.1356656263614523,-0.27554424426385332,-0.31880506021635874,-0.43225701497151303,-0.56188207119703293,-0.5229400279266494,-0.38245016005304122,-0.38702216192528055,-0.49147040203765585,-0.48154434204101565,-0.42388074768000633,-0.37778241058875772,-0.32942573572027273,-0.29052356270051771,-0.26824737765959333,-0.28558099049109
0.0,0.0,0.0,0.0,0.0,0.0,0.0,0.0,-0.034648104530313743,-0.14667307878844441,-0.17952445646127066,-0.2070499259759398,-0.25711158803991369,-0.2776074554113781,-0.27366523113515639,-0.2676330699640162,-0.22674294374883175,-0.22485895128920674,-0.20234078125042074,-0.20853599905967712,-0.23208777414214227,-0.18051891183031016,-0.066101838245482089,0.040379481903951742,0.039298990327450961,-0.13208873892823855,-0.24699862780315535,-0.31245963109864128,-0.43716598817935359,-0.54544242528768683,-0.51937386503926031,-0.39612621707575663,-0.3489644670927966,-0.40809904726651997,-0.50593618551890052,-0.51088055416389744,-0.41736974716186526,-0.36457564654173674,-0.33926008696909304,-0.30019581980175442,-0.282489781026487,-0.30070989046777996
0.0,0.0,0.0,0.0,0.0,0.0,-0.015423688049034365,-0.13943923860076918,-0.25953575182859212,-0.25711064602153888,-0.25050200400303824,-0.26315843961808993,-0.30154489598623135,-0.2796207394450903,-0.27020547538995743,-0.28482376039028168,-0.22626004280412898,-0.22133793873446328,-0.22797987892709928,-0.2089454139272372,-0.24141345778480172,-0.10439889263361693,0.0036199575134863455,0.0025854042593251776,-0.0649095278765474,-0.20287706156571705,-0.35954927865947994,-0.45571912107644258,-0.55142104838575634,-0.45126920828112849,-0.33561646365202391,-0.29870039820671079,-0.32702539364496869,-0.3909381708273521,-0.45854259252548218,-0.41820311943689981,-0.34316444635391236,-0.31399714063715051,-0.31902233207667313,-0.30511438229988364,-0.28336868148583633,-0.306893656651179
