SouthSea_Web/demo/jsonfile/2017-12-16-16.json
{"header": {"parameterUnit":"m.s-1","parameterNumber":2,"dx":0.1,"dy":0.1,"parameterNumberName":"Eastward current","la1":29.0,"la2":12.0,"parameterCategory":2,"lo2":131.0,"nx":250,"ny":171,"refTime":"2017-12-16T16:01:52.5","lo1":106.0}, "data":
[rows 57 to 75 of 171, columns 84 to 125 of 250]
0.0,0.0,0.0,0.0,0.0,0.0,0.0,0.0,0.0,0.0,0.0,0.0,0.0,0.0,0.0,0.0,0.0,0.0,0.0,0.0,0.0,0.0,-0.0092705915813861665,-0.03692263212393631,-0.052435771828882774,-0.21660819611241741,-0.25401106533227547,-0.37667475820433166,-0.37021360082889165,-0.38434684634208677,-0.43881731062400631,-0.47703893684052134,-0.53060818040693125,-0.528587498835155,-0.55405711276190617,-0.64852236932323826,-0.68036923640304137,-0.68539997537930808,-0.65906703844666481,-0.64066950811280143,-0.6104910714285714,-0.65589454318537854
0.0,0.0,0.0,0.0,0.0,0.0,0.0,0.0,0.0,0.0,0.0,0.0,0.0,0.0,0.0,0.0,0.0,0.0,0.0,0.0,0.0,0.0,-0.010661577052422383,-0.074022763747988,-0.20468312632906568,-0.29251539861333781,-0.28558552405744231,-0.31330329125577755,-0.35402021917604631,-0.41302074320041215,-0.44875732064247131,-0.46884604980205669,-0.50223323251261853,-0.49572172164916994,-0.55851656198501587,-0.63624922358072722,-0.68813236630879915,-0.62867181389420124,-0.68370940004076275,-0.675714902083079,-0.66795698205629983,-0.59678683550127087
0.0,0.0,0.0,0.0,0.0,0.0,0.0,0.0,0.0,0.0,0.0,0.0,0.0,0.0,0.0,0.0,0.0,0.0,0.0,0.0,0.0,0.0048725734231993556,-0.07916884427798393,-0.28216959370507133,-0.45351419741647286,-0.31819070306691255,-0.27962943729089229,-0.31696169016261894,-0.39099495021664366,-0.40413007763929143,-0.41459700284582196,-0.44521750557807183,-0.45267005903380259,-0.45037749767303464,-0.49856595844030382,-0.58744250237941742,-0.5881726287660145,-0.57061182233420282,-0.59175233478131506,-0.59904050588607793,-0.64973305051143349,-0.72845419247945153
0.0,0.0,0.0,0.0,0.0,0.0,0.0,0.0,0.0,0.0,0.0,0.0,0.0,0.0,0.0,0.0,0.0,0.0,0.0,-0.013254614236454168,0.0,-0.11723484388656086,-0.16912151699803107,-0.35703617941450189,-0.29649332480934948,-0.2468949556350708,-0.27737814695277113,-0.32831113139788309,-0.3677535849373515,-0.39039825648069382,-0.40093193794118948,-0.42557577469519209,-0.42807899029166613,-0.42673350935396942,-0.48602061967055005,-0.55526816844940186,-0.6218094958199395,-0.4223178070452478,-0.47728035681777531,-0.44776196164243359,-0.5073185123895344,-0.5668371394276619
0.0,0.0,0.0,0.0,0.0,0.0,0.0,0.0,0.0,-0.032270999565831071,0.0,0.0,-0.0022256997584471513,0.01923800092190504,0.0,0.0,0.0,0.0,-0.039989383776496717,-0.056072264349436372,-0.12823471032942718,-0.24663082375878193,-0.30537310159868664,-0.23575290375285679,-0.21687843513732052,-0.25751460999250414,-0.30091752423796542,-0.35091642926378946,-0.37672925823264652,-0.39967010779814288,-0.41713313372046862,-0.39989295005798342,-0.4046951505270871,-0.4143438430932852,-0.47924149036407471,-0.48652589321136475,-0.59849218346855859,-0.51169294863939285,-0.34416684707005818,-0.30920423269271852,-0.30970633361074662,-0.20734096120577306
0.0,0.0,-0.02813620469532907,-0.055044325868124667,-0.069424514630043954,0.014908694371965164,0.0093839201531776533,0.010561875562183576,0.012843293136723591,-0.041457246499416067,-0.12244563999272881,0.012480069036510859,0.0324053747718045,0.043435042304498656,0.032819397230923641,0.020284803490190264,0.0080947956300749,-0.032013187579650548,-0.065686494028612749,-0.14710299310584862,-0.25265235711748785,-0.24923591591693736,-0.20215355205748761,-0.22544216841459275,-0.2733676952123642,-0.31328836944368149,-0.35317763362241827,-0.38692814360062283,-0.43248905442856456,-0.43451346601209334,-0.40735090220416031,-0.36774352192878723,-0.348396253936431,-0.34896101554234821,-0.415011677891016,-0.45323989608071069,-0.49274673516100104,-0.48335678378740948,-0.43891935795545578,-0.27716223489154468,-0.22420920644487655,-0.22405258721361557
0.0,0.029589257550132635,0.031843244471923236,-0.0068191658864882564,0.0,0.069843878981103086,0.047421691212902788,0.02878137727187445,0.054203041549366511,0.056188819765880714,0.10900016505038365,0.06555822466246107,0.00252137986648303,-0.007772483837066425,0.019453741952020209,-0.0044806305606292221,-0.021902798909587576,-0.054824764529863991,-0.10098279947251604,-0.15410966831341125,-0.17189828361626025,-0.20334313105453145,-0.25630956391493481,-0.29435647731902553,-0.32104650263984996,-0.35939527777108277,-0.41786446354605933,-0.462764920932906,-0.44993613309719982,-0.42649973522533069,-0.39456542753256285,-0.36105131961050485,-0.31768384017050266,-0.30395154820548165,-0.35091987252235413,-0.34991240128874779,-0.44210179646809894,-0.43751675552792019,-0.3371229827404022,-0.33853377236260307,-0.36805806557337445,-0.36718916893005371
0.035431001329100008,0.036247723571903687,0.03217783377801791,0.058919191933390659,0.0987323218437492,-0.00958379150229835,0.0093798748523619985,0.026484930876391064,0.030261136896485737,0.022536168808515354,0.011080608217260183,-0.0053405001990203919,-0.08510826047543571,-0.11939479687040852,-0.12144045360752793,-0.11947544559574964,-0.12826895132913427,-0.14581620171666146,-0.14275381870959936,-0.16549322518863177,-0.20826877414115838,-0.27223564463633076,-0.32397347506211727,-0.35825672928167851,-0.3552092730998993,-0.40022476838559523,-0.41435334560546006,-0.42259800569577649,-0.43403502514487818,-0.44096659951739842,-0.3909033288558324,-0.3595043035844962,-0.30737089514732363,-0.3092462420463562,-0.33986037597060204,-0.34702322738511221,-0.2951635867357254,-0.42378826936086017,-0.38642818729082745,-0.32215788960456848,-0.37743857502937317,-0.51741509778159
0.018939467788548766,0.01746209136379346,0.025658973734819453,0.060658620491417466,0.084992379463656731,0.035663185426565547,-0.0044697793166981912,-0.021537008591093903,-0.018392046327413671,-0.055665501788005993,-0.10822937223646376,-0.15917972913559744,-0.22431687543641277,-0.24002052121795714,-0.2649588880397506,-0.27673855248619528,-0.28895246071947944,-0.31524021344052422,-0.27419798672199247,-0.28990882526744494,-0.29359257519245147,-0.31960951607182342,-0.34155334589573055,-0.35533730938749492,-0.38434974683655632,-0.37933904305100441,-0.37370419560694229,-0.38256137756009895,-0.38602810700734458,-0.42810132828625763,-0.38903996534645557,-0.34192846371577335,-0.35154979514039081,-0.33525552261959424,-0.35084152594208717,-0.35455780369894846,-0.34173699361937387,-0.3661249925692876,-0.39960964024066925,-0.43318905433019,-0.47425144314765932,-0.58382655041558407
0.0010220310686253349,0.06058777574312673,0.05854059313803827,-0.00500701803811323,-0.0354462806135416,-0.065158127412452541,-0.095776965655386445,-0.095916910648897846,-0.086148202747983085,-0.089520668344838281,-0.1671890626693594,-0.26455098812778793,-0.31664005787141863,-0.31914015412330626,-0.3455866888679307,-0.36783577799797057,-0.38532870362202326,-0.40090779321534292,-0.39459669203669939,-0.38654733246023004,-0.39303724608331359,-0.37414341394243567,-0.39536709002420012,-0.36967425506848556,-0.40671677221643165,-0.39249875046768967,-0.42431839330251825,-0.4152811298499236,-0.42136938908161259,-0.39816861152648925,-0.38487459506307331,-0.36755656654184515,-0.38604318267769283,-0.42536134379250662,-0.3812435393532117,-0.37782993486949373,-0.37780672684311867,-0.37705984285899569,-0.41617390513420105,-0.4371059238910675,-0.44782801469167072,-0.51529982686042786
0.019552168104306038,0.008107374701476832,-0.013106312737914832,-0.042837595402756161,-0.088316486674850272,-0.15709403322802651,-0.16623684006222225,-0.16451949651042622,-0.15482844436360943,-0.11837065268735417,-0.16585999118785064,-0.25993936285376551,-0.27069265774245987,-0.23601217434874602,-0.23608687005259774,-0.2725835180392972,-0.333314242772758,-0.3633259370618937,-0.40368501326212514,-0.37931927687981548,-0.38763887419992565,-0.38383649786313373,-0.38590242664019264,-0.39585887239529538,-0.41164508171197844,-0.4034010623182569,-0.40926077781301556,-0.405667031449931,-0.42359104560267541,-0.43293256738356184,-0.45431940711062885,-0.44288986532584479,-0.47523397364114461,-0.51331384181976314,-0.51255249289365912,-0.46607194344202679,-0.41144598523775738,-0.36700057387351992,-0.304814671476682,-0.29548275967439014,-0.28163185289927889,-0.32071961164474488
-0.011272106331520945,-0.020130072709128081,-0.035498650964452989,-0.088455874247081345,-0.1568491888827965,-0.22136979562337281,-0.23721548169851303,-0.23277594174368907,-0.21359975811313181,-0.14812519971994645,-0.085582013179858529,-0.047975283233446388,-0.043822229238382228,-0.10552427552792491,-0.13609671037881932,-0.16286067250702116,-0.19863525815308095,-0.24600326426719366,-0.28611393957524689,-0.30982219236237662,-0.31058565045104308,-0.31988375168293715,-0.32585226496060687,-0.34148327690182312,-0.33561908773013521,-0.35373542534893959,-0.35609637413706097,-0.38633299094659312,-0.42077162648950306,-0.4448094442486763,-0.48185336704437548,-0.48349662780761721,-0.5133942711353302,-0.53116660996487264,-0.52381769739664519,-0.44998306035995483,-0.33662115782499313,-0.29746127980096,-0.30404534108108944,-0.25002596154809,-0.15296200476586819,-0.15715251117944717
-0.049309543324540357,-0.037404337028662367,-0.11371410462177461,-0.19274343999605331,-0.22215230266253153,-0.24286310244024845,-0.25197048674930228,-0.25969750790492346,-0.25086862397821325,-0.22052403870556089,-0.18201423075163004,-0.14213650766760111,-0.1298716627061367,-0.1513298518698791,-0.1572197511792183,-0.15019526864801133,-0.13886607155717654,-0.1423902111472907,-0.15100100929183619,-0.17456289141305856,-0.165109819067376,-0.17382683285645076,-0.2079768854158896,-0.27961208080423289,-0.29236254669152772,-0.31212706691943681,-0.32160105197517957,-0.30962102439092554,-0.36816032396422493,-0.44512805342674255,-0.50211003766610074,-0.53045161813497543,-0.51992296321051457,-0.5023592164119085,-0.59280598864835854,-0.54335784663756692,-0.39315882325172424,-0.303653534501791,-0.16725519570437344,-0.05853567009961063,0.016348406730685383,0.00993466004729271
-0.10004004652301471,-0.071768344498016459,-0.16553284876769589,-0.21549007116720595,-0.22682844920485629,-0.23611030537028646,-0.24275068393567714,-0.24753667662541071,-0.22879698103474033,-0.19575470659349645,-0.16864774376153946,-0.15603307233406946,-0.17894033425384098,-0.19131962611125067,-0.18729059338569642,-0.17266046026578316,-0.14231540528791292,-0.11646467046095775,-0.087896404167016343,-0.064569149565483847,-0.054015233422870991,-0.060560973504414924,-0.069341260653275713,-0.12383300237930738,-0.20387990027666092,-0.17974384129047394,-0.20919608590858324,-0.26223816454410553,-0.4241647789111504,-0.54944436835206079,-0.61827873924504151,-0.59151307493448257,-0.56073056516193209,-0.74247314114319651,-0.71079332913671223,-0.50549962719281516,-0.38133157230913639,-0.28497849060938907,-0.22604826912283899,-0.11651113443076611,-0.019728914938039251,0.074337905272841454
-0.16547619162210778,-0.086956208271365007,-0.074533425391681729,-0.10794698932607259,-0.13687681148246844,-0.14978589468768666,-0.14136733379094832,-0.1024963380596428,-0.063038843169730782,-0.019750833757615719,0.013317161311323825,0.022977178398202971,-0.053846761297401305,-0.14339017982666308,-0.14645608674202645,-0.1384947792841838,-0.13557021200656891,-0.11531108258099392,-0.10155991256237031,-0.0807564752176404,-0.067920556757599115,-0.11609678795295102,-0.10678323344992739,-0.083386242775053812,-0.085876043752900186,-0.13832174489895502,-0.21698869433667925,-0.36864072912269169,-0.45379255368159366,-0.45302972859806484,-0.59699935533783655,-0.53388703810541249,-0.56619423000436075,-0.551626925667127,-0.46314529986942515,-0.48024863705915566,-0.40785718665403481,-0.37174987322405767,-0.31384048204530368,-0.19483448316653571,-0.085835568420588967,-0.012525788438506425
-0.1941428053559679,-0.20434407618912784,-0.16330439175168673,-0.11447370508495643,-0.067207225240193874,-0.038513034281711427,-0.01263281188529128,-0.00580770464372248,-0.021815841521688358,-0.026164427702315151,0.0060756797314819849,0.034143808333633036,0.021661114054009448,-0.065888902704630575,-0.1178508321089404,-0.15546257581029618,-0.12872306356827418,-0.10827224598876362,-0.13010987813274066,-0.143556853049788,-0.20284016563424043,-0.21080854050815107,-0.12530576772987842,-0.13826042826154403,-0.24481564500566685,-0.32827984807746752,-0.23038139014408507,-0.1837645496787696,-0.30247850028368145,-0.48124786328386376,-0.51625065276255977,-0.50719967842102054,-0.40729296517868835,-0.28679627322015311,-0.42266198992729187,-0.49747495616183562,-0.50230201035737987,-0.45666368603706359,-0.42379295555028046,-0.31496143899858,-0.20949276823263902,-0.17055503444539177
-0.057189854714324917,-0.081494086532522061,-0.12204090467402859,-0.14022439677754175,-0.1227447081889425,-0.0867854936846665,-0.06261185510084033,-0.081578913110273862,-0.119839404443545,-0.13294854925738442,-0.12736195712177842,-0.097987410469123945,-0.06242197472602129,-0.058066910199288814,-0.1355419659922863,-0.20242571109725582,-0.16805982011659393,-0.11591205678202889,-0.25291805970482528,-0.31511830494684334,-0.20657960040261969,-0.075828276373530651,-0.21541332406923175,-0.38717934308630048,-0.36387313736809623,-0.19169384466879297,-0.068585820612497628,-0.071629741927608848,-0.16189524659822727,-0.41586992038147791,-0.59924756203378948,-0.4738290867079859,-0.18134282334991123,-0.16705748472701421,-0.297812568289893,-0.39745261839457918,-0.49014722023691448,-0.49130388975143435,-0.48826500177383425,-0.43861955238713157,-0.38744239757458371,-0.34602491557598114
-0.093198686922815716,-0.041749242028109382,0.0078099549292736424,0.022416297390402573,0.01337816599490387,0.019496556101366878,0.01889257707456448,-0.026362177915871143,-0.11946156506354992,-0.152970301884192,-0.14167631693460323,-0.13916601805851378,-0.10722900128790311,-0.14248952221485875,-0.23186809370915096,-0.18635439584332128,-0.15583654795773327,-0.37177990575631459,-0.36740984970873053,-0.17654264718294144,-0.11018913415157133,-0.24228322407916972,-0.559523482620716,-0.57776572646164315,-0.28937666681972712,-0.04421451521211122,-0.05723947835051351,-0.056365633712095374,-0.34280923666322932,-0.66153534219182775,-0.63252212672398012,-0.26246849012871581,-0.0935181255141894,-0.13072802424430846,-0.23430467858200982,-0.36661252975463865,-0.46725532980192275,-0.49354972600936892,-0.50401894477280706,-0.49571742216746012,-0.49666491380104649,-0.50637151436372241
-0.16842304418484369,-0.13332710663477579,-0.082175770590159417,-0.017931951628997921,0.041976209629551862,0.074406715631484988,0.0911026903028999,0.056533952262252572,-0.038180914948627888,-0.046882890823461046,-0.016835703304073271,-0.04677048177008742,-0.12940278457057092,-0.23802320891991258,-0.23245308860655753,-0.18408049302441734,-0.44750901559988659,-0.4666623570024967,-0.28181373257012593,-0.12887625484949067,-0.25579377281111343,-0.57446764442655773,-0.75837038852730576,-0.47791712575180584,-0.16057371385791835,-0.094210904535430018,-0.11815972375157087,-0.22045281538512648,-0.64285657615274994,-0.79542661977536755,-0.6058733347923525,-0.25598197217498508,-0.141270000487566,-0.14322166861249849,-0.25700400911626364,-0.38614031130617316,-0.52092527460168914,-0.539739283422629,-0.51413378864526749,-0.50142608396708965,-0.56174920155451846,-0.64229057593779126
