SouthSea_Web/demo/jsonfile/2017-12-15-03.json
{"header": {"parameterUnit":"m.s-1","parameterNumber":2,"dx":0.1,"dy":0.1,"parameterNumberName":"Eastward current","la1":29.0,"la2":12.0,"parameterCategory":2,"lo2":131.0,"nx":250,"ny":171,"refTime":"2017-12-15T03:00:00","lo1":106.0}, "data":
[rows 76 to 94 of 171, columns 0 to 41 of 250]
0.0,0.0,0.0,0.0,0.0,0.0,0.0,0.0,0.0,0.0,0.0,0.0,0.0,0.0,0.0,0.0,0.0023305925216326223,0.057392116319003865,0.12077710674928496,0.21300099439532408,0.41581370473068091,0.15193265192210675,0.082373062459131077,0.031672506633913147,0.00034285536358683288,-0.026056172388295332,-0.029708929295683729,-0.018758642935990204,-0.012423375223962856,-0.0198993350751698,0.0198154792131665,0.07415657390083652,0.017424488070957977,-0.0045696987679390158,-0.060029531954140021,-0.12134717869968421,-0.12520391908204268,-0.25802979319680319,-0.25028945321632223,-0.12659561269504291,0.0,0.0
0.0,0.0,0.0,0.0,0.0,0.0,0.0,0.0,0.0,0.0,0.0,0.0,0.0,0.0,0.081957669397374491,0.22054028303985521,0.27821873852587303,0.25575200258225689,0.30703347191741936,0.27327382584603932,0.13947351860503357,0.037218363457841089,-0.041353240824752939,-0.088960771581956324,-0.1088654438131734,-0.10938112363219261,-0.10393322376828444,-0.1052423504491647,-0.082585645653307435,-0.070581121813683284,-0.058705192437628284,-0.061044484186409551,-0.091510799998531539,-0.13858189197878043,-0.17630442271950425,-0.27055305182128342,-0.21574184350984196,-0.11995262246992854,-0.03395571414571872,0.0,0.0,0.0
0.0,0.0,0.0,0.0,0.0,0.0,0.0,0.0,0.0,0.0,0.0,0.0,0.0,0.0,0.014731564711837564,0.22369541215563291,0.40655427037592173,0.34150043139057351,0.24648338840740133,0.16576371497365755,0.080107974662793582,-0.04367408602787503,-0.12006426292161147,-0.13735147604816839,-0.13561461053111337,-0.14329885691404343,-0.14423564821481705,-0.14031920649788596,-0.1287283572767462,-0.12151184634250753,-0.13578436286611992,-0.15531174590190253,-0.16687895476818085,-0.18848102788130441,-0.22531005997082282,-0.2335790540429129,-0.19783639625853133,-0.13983278176876612,-0.051877007699541504,0.0,0.0,0.0
0.0,0.0,0.0,0.0,0.0,0.0,0.0,0.0,0.0,0.0,0.0,0.0,0.0,0.0,0.026139828962303938,0.12197244000012722,0.18559890837230555,0.057987311292520376,0.12719456124598522,0.15790396372423224,-0.048252449307256029,-0.12596375650415817,-0.16644551198590885,-0.18399351555854082,-0.18925108164548873,-0.19445028652747473,-0.19632501048701151,-0.1910556618656431,-0.16299080210072653,-0.14378450917346136,-0.16178789176046848,-0.14244148105820781,-0.11519825064739131,-0.15673637177262986,-0.15653308977683386,-0.14740952174179256,-0.0701373632950317,-0.021150195676731844,0.0,0.0,0.0,0.0
0.0,0.0,0.0,0.0,0.0,0.0,0.0,0.0,0.0,0.025606333211351952,0.025811203265818351,-0.029734075302740623,-0.13928073974021074,-0.23338238016723165,-0.084723022944980575,0.13441381318102444,0.020741409185540002,-0.079737182927699823,0.02019972677308994,-0.05256940798620538,-0.15286256106836454,-0.21140966169974385,-0.23638909459114074,-0.24349283240735531,-0.23746455141476222,-0.23266569276650748,-0.23027237824031285,-0.23112130910158157,-0.21885466575622559,-0.19854992628097534,-0.13266398331948689,-0.049917655096946532,-0.14255724751080076,-0.14707315464814505,-0.12214765580076921,-0.092174651817633554,-0.065513257728889579,-0.036416703404778247,0.0,0.0,0.0,0.0
0.0,0.0,0.0,0.0,0.0,0.0,0.0,0.90096224844455719,0.086409452786786758,0.022310838505125666,0.13753293762239746,0.2003735930475028,0.028865361943493421,0.012065909290253625,0.0876810055265008,0.0055677284738010748,-0.027248520952754565,-0.069323649195471918,-0.18908678046362082,-0.22877920443011868,-0.24305255272809198,-0.26007199287414551,-0.25183225316660746,-0.24705190708239874,-0.23594014942646027,-0.23359667758146921,-0.23464430570602418,-0.23546150823434195,-0.23309503495693207,-0.22771652468613216,-0.20469140154974802,-0.21480774134397507,-0.18762745640494608,-0.15109798861177345,-0.13731096237897872,-0.11574499129221358,-0.059298531094590844,-0.020164867255293848,0.0,0.0,0.0,0.0
0.0,0.0,0.0,0.0,0.0,0.0,0.0,0.0,0.088214563849901284,0.063162552501560873,0.091098593459242871,0.1348271969124783,0.10216326924802904,0.084143187230482461,0.12730649341276878,-0.0045463312335903205,-0.19779154937714338,-0.1795027146444601,-0.2357725366240456,-0.25559393862883251,-0.26306131333112714,-0.24139866828918458,-0.23724178597331047,-0.23980717857678732,-0.22779009938240052,-0.22744664549827576,-0.23210726678371429,-0.235987765448434,-0.23587126843631268,-0.22791766954792869,-0.21643633022904396,-0.21979636400938035,-0.20538761218388876,-0.17200168734416366,-0.11506587423776325,-0.092558047788984632,-0.078110843403812719,-0.04149310357720877,-0.0068814275072315778,0.0,0.0,0.0
0.0,0.0,0.0,0.0,0.0,0.0,0.0,0.20632619636105826,0.064638496276368446,0.061651614841343405,0.046015441743085965,-0.03841053071408386,-0.023219007427744347,-0.0030059663683404121,-0.017120311278213531,-0.14913329905239009,-0.19740439903351567,-0.22095660865306854,-0.25959663713971776,-0.29508111874262494,-0.29538319110870359,-0.26449837386608122,-0.24396055936813355,-0.22457689046859741,-0.212455116212368,-0.21511089305082956,-0.22191444635391236,-0.23479298253854117,-0.23424216466290609,-0.22895230081948367,-0.22437694109976292,-0.23083237744867802,-0.2206106036901474,-0.19994379344739413,-0.16401989545140946,-0.11142454420526822,-0.061510503099396312,-0.046140366267923678,-0.037083213975550353,0.0,0.0,0.0
0.0,0.0,0.0,0.0,0.0,0.0,-0.0097558807777415619,0.020547026400648368,-0.00717340617730106,-0.124118725482661,-0.17028758509291542,-0.14410297622505044,-0.13241133699193597,-0.21094411383900377,-0.26411782977757631,-0.24372835327749667,-0.21477316982216305,-0.24332817923277617,-0.29891429013676113,-0.32530724150793894,-0.31593985110521317,-0.28568109124898911,-0.25929299741983414,-0.23280221968889236,-0.20573281496763229,-0.20172854264577231,-0.20335277915000916,-0.21800373494625092,-0.22681748867034912,-0.22471349792821066,-0.23147459775209428,-0.24520968087017536,-0.24640750015775362,-0.22464470472186804,-0.18911415669653151,-0.15500879112411947,-0.11456639545836619,-0.12321359514732778,-0.06316428768156139,0.0,0.0,0.0
0.0,0.0,0.0,0.0,0.0,0.0,0.028724896724722629,-0.0099247853924882487,-0.18215178338618115,-0.18237950921058654,-0.23864158987998962,-0.27020255044886943,-0.28121141865849497,-0.24472242500633,-0.22335411958834706,-0.23479343337171219,-0.23630941258027002,-0.25089486891573126,-0.2781802032675062,-0.28121567368507383,-0.24045927822589874,-0.23054128885269165,-0.24883328378200531,-0.24139276146888733,-0.21954772621393204,-0.20618142932653427,-0.2056720182299614,-0.21105451136827469,-0.21870732555786768,-0.22969024131695429,-0.24556299671530724,-0.26125366836786268,-0.25993521626179034,-0.2542468928977063,-0.22948089241981506,-0.1816002348294625,-0.14344267322207396,-0.11671587659985619,-0.10766958771944199,-0.049757718510696942,-0.0013652345783507021,0.0
0.0,0.0,0.0,0.0,0.0,0.0,0.0098182772116122887,-0.088981931566890771,-0.14688443268338838,-0.19535290485336668,-0.29901496569315594,-0.35706069852624622,-0.36284157175284165,-0.29928682496150333,-0.26229463624102728,-0.2574068009853363,-0.25397932653625804,-0.26908358559012413,-0.29492639899253847,-0.2887947976589203,-0.2415747195482254,-0.19431577622890472,-0.2044665515422821,-0.20891352742910385,0.0,-0.20271538943052292,-0.21213007469971976,-0.21690080563227335,-0.21217631921172142,-0.2194555789232254,-0.24316333681344987,-0.27280113913796167,-0.2837335075202741,-0.27225552871823311,-0.22972196701801184,-0.2067657669908122,-0.18214426835378011,-0.15755047126019256,-0.13306659905772125,-0.030019765046815718,-0.0088019029663633438,0.0
0.0,0.0,0.0,0.0,0.0,0.3608945658844378,0.13118697337860102,-0.0903629528303795,-0.18454544991254807,-0.22594485145348769,-0.29072589551409084,-0.35421420633792877,-0.36901246011257172,-0.33492405073983328,-0.3010306412523443,-0.29081444144248964,-0.28490325808525085,-0.31385837282453266,-0.30131429433822632,-0.27689140290021896,-0.25201235214869183,-0.20941419899463654,-0.17006967961788178,-0.17316088080406189,-0.18353528529405594,-0.19521931807200113,-0.215480275452137,-0.21700549622376761,-0.20261702537536622,-0.20833098060554928,-0.24669729287807757,-0.28258747489828812,-0.3229729590507654,-0.33257063513710383,-0.3094007686564797,-0.2712937823363713,-0.22236308604478836,-0.21477675603495705,-0.18718226514756681,-0.097862351014389948,-0.17760632361092096,-0.15022541559709793
0.0,0.0,0.0,-0.022389768312374752,-0.0040490922836351013,-0.10475333325128713,-0.028607062783233727,-0.20960199293391457,-0.23166420529870427,-0.26021500229835509,-0.30574479469886195,-0.34544903039932251,-0.34647210190693539,-0.36910308731926811,-0.33195046914948356,-0.31935580571492511,-0.32201670855283737,-0.31776551529765129,-0.26069175451993942,-0.20957936346530914,-0.20803466439247131,-0.20503330230712891,-0.18540944159030914,-0.16900485754013062,-0.16957157850265503,0.0,-0.19815830389658609,-0.21339309588074684,-0.21499737671443395,-0.21439446177747515,-0.2663723599343073,-0.30901028050316703,-0.33451074442347967,-0.318655592766968,-0.2927331284565084,-0.32035999075330868,-0.36786701773928704,-0.32587095550619638,-0.314351491689682,-0.55894931868899578,-0.48480688780546188,-0.29735311512160667
0.0,0.0,-0.003241779088663558,-0.031075649009104454,-0.1217820522245727,-0.41141152572124562,-0.47238793878844287,-0.3086470379070802,-0.27321190039316812,-0.30652288957075641,-0.35050363540649415,-0.38242659221092862,-0.39465770456526017,-0.36546316742897034,-0.34466448426246643,-0.32587712009747821,-0.32867123931646347,-0.28527130683263141,-0.21675122678279876,-0.19859298318624497,-0.18836753815412521,-0.19590657949447632,-0.19378630071878433,-0.17264187335968018,-0.16325128823518753,-0.16967783868312836,-0.17720193167527518,-0.18168014784653983,-0.1792662019530932,-0.20643731245869085,-0.2775501228041119,-0.3445711083271924,-0.438924380367802,-0.47711971980854145,-0.46605572395208406,-0.39672902181293024,-0.30414150833663806,-0.22922308071919367,-0.24640839115893545,-0.35431373528147164,-0.31904526916490933,-0.26012732809275585
-0.012599076795827677,-0.074908401449570089,-0.03184657053730916,-0.1538778652523666,-0.41272422336041925,-0.52694541535207207,-0.38501144324739772,-0.29487750530242918,-0.28468412373747143,-0.33534927666187286,-0.37925157323479652,-0.38659167662262917,-0.37849811092019081,-0.34519920604569571,-0.33430763227599009,-0.33152819176514942,-0.301379715402921,-0.19471905628840128,-0.18889054656028748,-0.18697751065095267,-0.19397348165512085,-0.19528467208147049,-0.19145213067531586,-0.19032295048236847,-0.18251335620880127,-0.15686788409948349,-0.15839372575283051,-0.15384993453820547,-0.14588729185717447,-0.18040501388410726,-0.27134491503238678,-0.34537492934111,-0.4425469634207812,-0.49998636079616232,-0.40747449483190262,-0.280610776066187,-0.32024619046574326,-0.23829105723268299,-0.16330638896869124,-0.12088466614927844,-0.17852519431521427,-0.14695763967074124
-0.038475421632875574,-0.080960386219569247,-0.1753326348399768,-0.39185371444277139,-0.447848886847496,-0.3284150380641222,-0.2900573253631592,-0.28044718503952026,-0.293605837225914,-0.31520986888143754,-0.28891995880338883,-0.30140818158785504,-0.33185960139547077,-0.32486175639288767,-0.29982526898384093,-0.314470832546552,-0.28335936615864438,-0.2110753245651722,-0.2108819435040156,-0.21194499731063843,-0.20519377291202545,-0.20059393346309662,-0.20030666142702103,-0.20896559953689575,-0.20623890310525894,-0.18548840284347534,-0.1650390625,-0.15075232386589049,-0.13089381282528242,-0.1607728784575182,-0.25838664134866313,-0.307713624309091,-0.24493742840902602,-0.26628534908178897,-0.24820322498069417,-0.12509685311794913,0.0,0.0,0.0,-0.004153391527674662,-0.072236448143182017,0.0
-0.093157394928647927,-0.23359930306993504,-0.34868918686378292,-0.30552857875823974,-0.23780796464000428,-0.2252529039978981,-0.25124170755346614,-0.29246611893177032,-0.31384263767136467,-0.27700746556123096,-0.26556122303009033,-0.23761729151010513,-0.24735600998004279,-0.28661907464265823,-0.288069885969162,-0.29153207689523697,-0.26689795901377994,-0.22232330342133841,-0.21891837567090988,-0.2154714067776998,-0.21905398368835449,-0.22493017216523489,-0.21739356964826584,-0.22377655655145645,-0.21592620760202408,-0.18923580646514893,-0.16865480691194534,-0.1631237268447876,-0.16751450424393019,-0.22284124656157059,-0.23647904396057129,-0.18747657262054937,-0.093544624336797444,-0.00512075056475097,0.0,-0.036921947583323345,0.0,0.0,0.0,0.0,0.0,0.0
-0.17913725954644821,-0.2826873226298226,-0.22754499774712783,-0.20314926902453104,-0.22824052189077651,-0.2588278830051422,-0.27483610974417794,-0.31179188357459175,-0.28050565222899121,-0.2533104767402013,-0.242736154794693,-0.2198333777487278,-0.21780891219774881,-0.24976117610931398,-0.26579880341887474,-0.26841190457344055,-0.22380480170249939,-0.21497395634651184,-0.19296883791685104,0.0,-0.21917872130870819,-0.21777750551700592,-0.20677965879440308,-0.21380705634752908,-0.21666591614484787,-0.19743461906909943,-0.17019068822264671,-0.15781804919242859,-0.13674525370200474,-0.18394290020360665,-0.19569354888639953,-0.10182498507007647,-0.0085952326763963777,-0.0072702632866578527,0.0,0.0,0.0,0.0,0.0,0.0,0.0,0.0
-0.17540765539103864,-0.10859528138782039,-0.11155672147870063,-0.15351197352776161,-0.19947737726298245,-0.28309386280866772,-0.28652690164744854,-0.24868805333971977,-0.2449221188823382,-0.22773192822933197,-0.2107199914753437,-0.19367815554141998,-0.19682486355304718,-0.20846808701753616,-0.22132956236600876,-0.21332050114870071,-0.209762305021286,-0.18753430247306824,-0.17461404204368591,-0.18494521826505661,-0.19930175940195719,-0.19468703120946884,-0.19482575356960297,-0.18969771265983582,-0.19077123701572418,-0.18261911347508431,-0.15832212008535862,-0.14858694871266684,-0.14031680300831795,-0.12417590626232002,-0.089322965429418172,-0.064176690369060471,0.008847237448208034,0.0,0.0,0.0,0.0,0.0,0.0,0.0,0.0,0.0
