SouthSea_Web/demo/jsonfile/2017-12-16-04.json
{"header": {"parameterUnit":"m.s-1","parameterNumber":2,"dx":0.1,"dy":0.1,"parameterNumberName":"Eastward current","la1":29.0,"la2":12.0,"parameterCategory":2,"lo2":131.0,"nx":250,"ny":171,"refTime":"2017-12-16T04:01:52.5","lo1":106.0}, "data":
[rows 95 to 113 of 171, columns 126 to 167 of 250]
-0.31122331817944843,-0.33001402020454407,-0.24130030274391173,-0.16485567763447762,-0.1428447812795639,-0.14681943754355112,-0.19368343055248261,-0.29148726537823677,-0.34707531332969666,-0.29304257631301878,-0.21537689864635468,-0.1692047230899334,-0.14516636356711388,-0.14354431753357252,-0.21781969964504241,-0.32830356806516647,-0.38171138167381286,-0.36839259788393974,-0.43014709817038643,-0.48326987028121948,-0.42639142061982838,-0.42925628613341937,-0.521846392640361,-0.46149172347325546,-0.32874437255991829,-0.14210466943357303,-0.014500297169433907,-0.014024939337694968,-0.34792956986870521,-0.7510625934228301,-0.62095676565712143,-0.49478027951426623,-0.49985235035419462,-0.49313287787645321,-0.25780332541431894,-0.2497628139598029,-0.22791209549475938,-0.2270277944557807,-0.21106390703109004,-0.19569641590118408,-0.20637940242886543,-0.17052203259970011
-0.319206178188324,-0.35818076729774473,-0.2952100858092308,-0.24577797949314117,-0.21961885318160057,-0.19980857074260711,-0.21580794826149941,-0.28208270668983459,-0.33564478904008865,-0.29435765743255615,-0.23424031957983971,-0.17817615469296774,-0.12518845871090889,-0.125617985924085,-0.24844577610492707,-0.40816575884819029,-0.41938610672950744,-0.3754340952092951,-0.44784652193387348,-0.50159864624341333,-0.4339087392602648,-0.4077933301096377,-0.39303474805571814,-0.37777187732549816,-0.30642689051835431,-0.32638688046823849,-0.15251546615036205,0.024961016696761363,0.030830419671644148,-0.42176330666471684,-0.58382093677153957,-0.62737136266448279,-0.65079001405022363,-0.7118771528756177,-0.5350771616805684,-0.28082494016574777,-0.20013297826815873,-0.22000290500000119,-0.19153299648314714,-0.18737629055976868,-0.19595477978388468,-0.18260926961898805
-0.34383830428123474,-0.35007647424936295,-0.30996322631835938,-0.28294636805852252,-0.27272474765777588,-0.24630721410115561,-0.25117698311805725,-0.30728836357593536,-0.31499259670575458,-0.27856713533401489,-0.24607259531815848,-0.16575365364551545,-0.0859339915215969,-0.11380558709303539,-0.30988019332289696,-0.42407190303007763,-0.39920748363841663,-0.34835128784179686,-0.43233109315236412,-0.46897507045004105,-0.36265894312124985,-0.326676403482755,-0.33117613085994013,-0.29683062705126678,-0.2372673444804691,-0.43956998219856847,-0.49365098808299412,-0.31487054448936963,-0.18296486698647427,-0.4827286947713515,-0.68939514483435682,-0.80053382163698028,-0.85723543410398517,-0.78971816708401932,-0.6138826486739245,-0.46174213621351456,-0.32750173434615137,-0.29276429974671564,-0.24466433950832911,-0.24555682124836104,-0.20563751569500677,-0.15890337763862175
-0.34241756796836853,-0.33691079417864483,-0.31081382433573407,-0.30221209675073624,-0.2985595166683197,-0.27219225466251373,-0.28628074129422504,-0.30948737263679504,-0.28213171164194745,-0.24017564952373505,-0.19621223707993826,-0.12746572742859522,-0.055183883135517441,-0.151790302246809,-0.3165597438812256,-0.39791760179731583,-0.40251950174570084,-0.40963314359004682,-0.45575426353348625,-0.46599186842258161,-0.32564041018486023,-0.2789090288721997,-0.30777570321446374,-0.27281834997914056,-0.18478389203548432,-0.22209593835167396,-0.33863539982952978,-0.85555585192852335,-0.98430513304013467,-1.0620175909996032,-0.92100136776765185,-0.96846664922181946,-0.95757119551948877,-0.86344439075106671,-0.737739313732494,-0.65191464546399236,-0.53063092157244685,-0.37887786241138682,-0.29123995453119278,-0.24657493723290308,-0.18888644472910807,-0.101924658442537
-0.34960412979125977,-0.3393474817276001,-0.317687451839447,-0.29764083027839661,-0.30042368173599243,-0.28442586958408356,-0.30631053447723389,-0.29517355561256409,-0.24570908769965172,-0.19095348417758942,-0.132607971628507,-0.056337902943293251,-0.043670149520039558,-0.16238997793859905,-0.31264655292034149,-0.359336497883002,-0.38933413662016392,-0.4155883648816277,-0.45317964326767696,-0.38128100011659705,-0.29691586146752041,-0.31601228525764063,-0.27135897345013088,-0.24690916727889667,-0.2212222378562998,-0.11815668265660141,-0.013301818009579641,-0.61691114229495936,-0.73407089963872385,-0.57958787041051052,-0.48656476140022276,-0.49095018472936419,-0.70205710980356961,-0.91368803852482849,-0.79640965952592735,-0.76614624261856079,-0.73359339206646645,-0.5112574037752653,-0.31358645471834368,-0.1860992353289358,-0.092411014026608965,-0.050182533217594028
-0.35410059988498688,-0.33806505799293518,-0.31089839339256287,-0.31261694431304932,-0.29615163803100586,-0.28834837675094604,-0.30672067403793335,-0.31114243467648822,-0.23909885287284852,-0.1624816358089447,-0.068758123554289341,-0.010416593041736633,-0.054340935591608283,-0.18851559795439243,-0.29484964162111282,-0.31162340566515923,-0.33836211595270371,-0.36312606930732727,-0.33005247890949252,-0.24609040841460228,-0.25081715658307074,-0.31865996718406675,-0.243273902270529,-0.20241663143748329,-0.26097670836108072,-0.35241478231064111,-0.16434140740575795,-0.41048023790197891,-0.55616762775641226,-0.55627061069011685,-0.40678464879794995,-0.25540577504369949,-0.28413478321716434,-0.542863508269779,-0.7358382850885391,-0.86784677092845619,-0.81568050384521484,-0.64623379224055522,-0.43217110163287115,-0.22825775481760502,-0.10042676900823912,-0.042252484494103834
-0.33338215947151184,-0.35064274072647095,-0.32883661985397339,-0.30549314618110657,-0.29366870224475861,-0.295458048582077,-0.32843114932378131,-0.32224535942077637,-0.27426297465960187,-0.17490191161632537,-0.08562963455915451,-0.0161547364492435,-0.096972865814512421,-0.18502623008357155,-0.256294877992736,-0.284787280857563,-0.26614573936570773,-0.26815844953060153,-0.21017484304805598,-0.16759541063081651,-0.22277323352663139,-0.30828268555077637,-0.24367609052431016,-0.16141055237788421,-0.20918430315871392,-0.394368851184845,-0.35734922532932928,-0.30223977941911195,-0.28327427510644348,-0.22114907302286313,-0.30521170744451426,-0.35508459958494926,-0.14985819263269409,-0.38902281781915449,-0.53885495867375488,-0.91748007416725164,-0.94036474959416827,-0.79346350580453873,-0.5775915553440919,-0.38564986501421245,-0.19775559419188007,-0.0718132698977435
-0.323768749833107,-0.33524629473686218,-0.37409579753875732,-0.34694620966911316,-0.33646789193153381,-0.34531593322753906,-0.37239426374435425,-0.35949313640594482,-0.30955891013145448,-0.22379292249679567,-0.1436580391600728,-0.094586384349635663,-0.14800235399833092,-0.18203074019402266,-0.21139909492598641,-0.24790719772378603,-0.19074332900345326,-0.13381980018069348,-0.15676470970114073,-0.12875758958133785,-0.21404786904652914,-0.34273864071944665,-0.34628578930190113,-0.22248782680646792,-0.14022139832377434,-0.22881561110799129,-0.3734048028146067,-0.62430233224151066,-0.62847952606777346,-0.4477039797982173,-0.43366642415523526,-0.60552795648574831,-0.64337026347455228,-0.63389824530536154,-0.51189705167176591,-0.75940572878099832,-0.99100429813067115,-0.88286359091194311,-0.67508067732507537,-0.46962643453949376,-0.30718149058520794,-0.13638243520701374
0.0,-0.35019657015800476,-0.35913708806037903,0.0,-0.3751700023810069,-0.37173300981521606,-0.40582925081253052,-0.41052647680044174,-0.35734641551971436,-0.30731841708932606,-0.2288552543946675,-0.19183876613775888,-0.22003813982009887,-0.21391154494550493,-0.18193325739015231,-0.16572448700666428,-0.091482376903295512,-0.035812044125050305,-0.076609327768286065,-0.097774844616651535,-0.20100672906025863,-0.39937788352631687,-0.50244561837029622,-0.33764783876488008,-0.14330924519648156,-0.025141659796476191,-0.26957355920987375,-0.74139890869458513,-0.95345934033393864,-0.93335640774323392,-0.90927200084147242,-1.1276684284210206,-0.92075781345367436,-0.54687455838376831,-0.24439035667614503,-0.11916250449369581,-0.56847031075093479,-0.82485571864879492,-0.695234626531601,-0.52335751942686137,-0.37821030529106364,-0.19331206422713068
-0.2723243236541748,-0.29173319041728973,-0.35557332634925842,-0.39957389235496521,-0.426607221364975,-0.42866471409797668,-0.4401576966047287,-0.43625777959823608,-0.43746590614318848,-0.38738597716603962,-0.29596126973629,-0.26976819549288067,-0.29716243545214333,-0.25110859085213055,-0.15612174818913141,-0.07379265993833542,-0.039559028026732529,-0.0013045623948398446,-0.0090186934002899916,0.020814110463681191,-0.030469144166497385,-0.21905715144543059,-0.11757154808830969,-0.1421559902006074,-0.054564494910408504,0.17583465130971462,-0.22084433689242464,-0.68221465498209,-0.78079013302922251,-0.997140786104035,-1.2298201895677126,-1.1892345368862152,-0.75679787116892194,-0.402854705452919,-0.19822078511334848,-0.13232997449365661,-0.40893736632491245,-0.67817145966468972,-0.65035475393136344,-0.521280507867535,-0.37131282610770983,-0.25916067102263052
-0.25835439562797546,-0.29929529130458832,0.0,-0.36626431345939636,-0.4246143102645874,-0.44711853563785553,-0.454051248729229,-0.45368072390556335,-0.47855185270309447,-0.43511643580027987,-0.35043975710868835,-0.32322218588420321,-0.33699856463231537,-0.24173576093238333,-0.12963450132381349,-0.066166099838235168,-0.03993581627544604,0.033489676779136064,0.047309807765199559,0.0088500707055486384,0.043492650299762875,0.026728177849180634,-0.010675160866230726,0.0,0.0,0.0,0.0,-0.48962350189685822,-0.37731368898176681,-0.32033181956532286,-0.46742481875351105,-0.45430367624100582,-0.11256918999874456,0.11946014260416324,-0.038961810833271382,-0.027974615048022303,-0.14009425892849614,-0.51439337268540708,-0.55726987199905587,-0.4724018009645598,-0.35225886833377,-0.26346026914460319
-0.27059954404830933,-0.27260309457778931,-0.32932928204536438,-0.37164303660392761,-0.40230175852775574,-0.43276421725749969,-0.44768716394901276,-0.45899903029203415,-0.48353217755045208,-0.45674463444285923,-0.38546173700264524,-0.33189459145069122,-0.3221739656046817,-0.22823664934738822,-0.13241538941860198,-0.079255796184665273,-0.023971429271825953,0.055136254974499796,0.11334874498702231,0.015700123544552389,0.0072752461069575608,0.0,0.0,0.0,0.0,0.0,0.0,0.0,0.1273336373269558,-0.037312595243117988,0.13693806854713284,0.30820175482855217,0.336158812046051,0.2332709251089139,0.050671628517114715,-0.031043308265405436,0.0,-0.24522600677788012,-0.36567528952251782,-0.41885332221334631,-0.34875846038693969,-0.28204942991336185
-0.29041901230812073,-0.29854834079742432,-0.3218027651309967,-0.332382470369339,-0.35295017063617706,-0.38535451889038086,-0.39672792702913284,-0.44813429564237595,-0.48918555180231732,-0.44514387183719212,-0.3578391739955315,-0.30911886294682822,-0.275990513594527,-0.19781655202741208,-0.1355568990111351,-0.079670404940843584,-0.020150757792483393,0.011252015385957014,0.083179593446575814,0.0556076524512495,0.027690884235639576,0.0,0.0,0.0,0.0,0.0,0.0,0.0,0.0,0.0,0.0042948594546032837,0.198023262742051,0.25213814846106936,0.071872795682090027,-0.00021729818624059173,-0.036279674619436264,0.0,-0.0067572149303581179,-0.17016597242608408,-0.36705054185892405,-0.37643897843857604,-0.33228182086819097
-0.31079298257827759,-0.33043403923511505,-0.3274693489074707,-0.29750600457191467,-0.31419365108013153,-0.3240898996591568,-0.34417577087879181,-0.42099421223004657,-0.49396593372027081,-0.43580894516064572,-0.330039171235902,-0.2870955363563869,-0.22073597088456154,-0.13942347857214155,-0.09074683881857816,-0.071054678696852461,-0.10592448173297776,-0.063067497647219764,0.0099796127899533654,-0.13580985546094723,-0.015089185908436775,0.0,0.0,0.0,0.0,0.0,0.0,0.0,0.0,0.0,0.0,0.0,0.0,0.0,0.0,0.0,-0.21103752321667141,-0.13950003551411061,-0.24871536178219758,-0.40452924141517055,-0.44928482307328116,-0.39610911043066727
-0.32351845502853394,-0.33434940874576569,-0.296379029750824,-0.24929788708686829,-0.26525362332661945,-0.27022087574005127,-0.28381518522898358,-0.3634979546070099,-0.45833641716412138,-0.41657296740091765,-0.32523603638013204,-0.27693228849342894,-0.17971039137669972,-0.0658848149003461,-0.017396712433158729,-0.063844051928474352,-0.18664567172527313,-0.15999420351067253,-0.073183998310317591,-0.055881983731847461,0.0,0.0,0.0,0.0,0.0,0.0,0.0,0.0,0.0,0.0,0.0,0.0,0.0,0.0,0.0,0.0,-0.19576529240314389,-0.32515563687892873,-0.4920889869116355,-0.54100675852793567,-0.52687114748087793,-0.48593416147761875
-0.31843186914920807,-0.32157105207443237,-0.28893345594406128,-0.24576830118894577,-0.21911701560020447,-0.22039991617202759,-0.23600636124610902,-0.30036752820014956,-0.36002906825807357,-0.324055545605146,-0.27903152150767191,-0.22506920086300891,-0.11408042993683082,-0.019983612621823948,0.023932018391788004,-0.028675754155431474,-0.15662101677485874,-0.13839957183390333,-0.089793571714786871,-0.061844528635723116,0.0,0.0,0.0,0.0,0.0,0.0,0.0,0.0,0.0,0.0,0.0,0.0,0.0,0.0,0.0,0.0,-0.11587572580764408,-0.25885253037149841,-0.49714355615147371,-0.60767237097024918,-0.564075942337513,-0.53702609466783924
-0.31205242872238159,-0.29785670340061188,-0.26746571063995361,-0.23440225422382355,-0.19633224606513977,-0.18031194806098938,-0.17993684113025665,-0.24697169661521912,-0.24576576426625252,-0.20265402014438921,-0.19412274200182694,-0.13965153496931582,-0.046851952050928958,0.009364633241646169,0.019571280701105326,-0.0065841402551692829,-0.059927065598054066,-0.07439083751776944,-0.0310959017436377,-0.13781727999448776,0.0,0.0,0.0,0.0,0.0,0.0,0.0,0.0,0.0,0.0,0.0,0.0,0.0,0.0,0.0,0.0,-0.10655506027910633,-0.15589701861907274,-0.29865640588104725,-0.47200241221321954,-0.527325902330248,-0.5108753722725492
-0.29839414358139038,0.0,-0.22705009579658508,-0.21602307260036469,-0.19321449846029282,-0.16216151788830757,-0.15917933359742165,-0.1594859684507052,-0.14376379797856012,-0.11550990212708712,-0.10069418139755726,-0.04392259499679009,0.013089592073811218,0.018363303504884243,0.0016849589888946726,-0.022501812136221315,-0.00714012080070239,-0.036513703395186933,-0.021349816508284287,-0.018440457060933113,0.0,0.0,0.0,0.0,0.0,0.0,0.0,0.0,0.0,0.0,0.0,0.0,0.0,0.0,0.0,-0.075455183318505689,-0.20599923925420763,-0.075830730597178139,-0.10187794902147009,-0.25777107079823813,-0.40561793059916107,-0.46028584148734808
-0.32421572506427765,-0.25547504425048828,-0.24544088542461395,-0.201980859041214,-0.19599761813879013,-0.177656888961792,-0.18064947426319122,-0.1235406156629324,-0.078356917016208172,-0.070219434797763824,-0.06755350188662608,0.010454047036667665,0.033289345563389361,0.020107412303332239,-0.017093345074681566,-0.021857195729089361,-0.021645035786301985,0.035645348132646637,0.026516876235791995,0.0,0.0,0.0,0.0,0.0,0.0,0.0,0.0,0.0,0.0,0.0,0.0,0.0,0.0,0.0,0.0,0.080243971198797226,-0.076850796180743988,0.029765837932671596,0.066232059315672887,-0.09312161985485061,-0.30370241366326811,-0.38546437190638649
