SouthSea_Web/demo/jsonfile/2017-12-14-13.json
{"header": {"parameterUnit":"m.s-1","parameterNumber":3,"dx":0.1,"dy":0.1,"parameterNumberName":"Northward current","la1":29.0,"la2":12.0,"parameterCategory":2,"lo2":131.0,"nx":250,"ny":171,"refTime":"2017-12-14T13:01:52.5","lo1":106.0}, "data":
[rows 95 to 113 of 171, columns 172 to 214 of 250]
0.098604093616207436,0.094798550009727478,0.070522139055861369,0.041048102546483278,0.011522133901183094,-0.021529382560402155,-0.058247396722435951,-0.091817766427993774,-0.096186675131320953,-0.07808818481862545,-0.047117289155721664,-0.0458555594086647,-0.076766575376192733,-0.10409665480256081,-0.073909081518650055,0.0091951740905642509,0.065075423568487167,0.12474003061652184,0.14903324097394943,0.16783453524112701,0.16735470294952393,0.15812385827302933,0.13158448040485382,0.10143137350678444,0.075246371328830719,0.044752167537808418,0.021295562386512756,-0.038205873221158981,-0.049850098788738251,0.0,-0.089300841093063354,-0.05880427360534668,-0.030186833348125219,0.0,0.036166928708553314,0.039501771330833435,0.09814559668302536,0.11881380900740624,0.13282331824302673,0.1986115574836731,0.25434499979019165,0.0,0.24556396901607513
0.13638199188492514,0.10677383975549178,0.067023758259084493,0.040676067893703781,0.0032518070191144945,-0.020070157572627069,-0.044196747243404388,-0.066494989208877087,-0.076628918449083969,-0.04774981364607811,-0.014109389623627067,-0.016405197093263268,-0.047158313294251762,-0.080293655395507812,-0.037358361296355724,0.00052804406732320786,0.0981035828590393,0.14605496823787689,0.1630232110619545,0.16720567643642426,0.15820646286010742,0.14304118603467941,0.12982772290706635,0.08252483606338501,0.0797087699174881,0.040470272302627563,0.01124857401009649,-0.022639237344264984,-0.055410260334610939,-0.08007928729057312,-0.0735517218708992,-0.079962275922298431,-0.058562550693750381,-0.037963070906698704,-0.015151024796068668,0.038080919533967972,0.067358978092670441,0.13266958296298981,0.21038752794265747,0.20932140946388245,0.267946720123291,0.2698882669210434,0.0
0.13096876442432404,0.09651286453008652,0.069554681330919271,0.05325703788548708,0.022545544896274805,-0.012826271122321487,-0.032309603877365589,-0.043622102588415146,-0.044028572365641595,-0.0197656387463212,0.012232797336764634,0.011730404803529382,-0.013855721180637678,-0.039287460967898369,0.0017288839444518089,0.051022724558909736,0.1171523928642273,0.15385919809341431,0.16671908646821976,0.17010779678821564,0.16020951420068741,0.14641767740249634,0.12311708554625511,0.095170386135578156,0.076373029500246048,0.053456695750355721,0.018746338784694672,-0.028656685724854469,0.0,-0.085185889154672623,-0.089242547750473022,-0.084829129278659821,-0.087631106376647949,-0.065705221146345139,-0.012532238848507404,0.030677464208565652,0.0,0.1384161040186882,0.21929927170276642,0.28677657246589661,0.26660975813865662,0.28547006845474243,0.26200002431869507
0.14578098012134433,0.10544037570556004,0.093294497165415019,0.079008421727589193,0.037847994412812919,0.000558045759264912,-0.017126600878934067,-0.014613942895084619,-0.0051239417249841308,0.009520016610622406,0.032937324605882168,0.025204509496688843,0.0038675312559159161,-0.010148520930670202,0.0235540468711406,0.072633073975642518,0.12764962017536163,0.15297853946685791,0.167667418718338,0.17121869325637817,0.17236541956663132,0.16509696841239929,0.14375344663858414,0.11367504298686981,0.093018170446157455,0.067506112158298492,0.0,-0.011440117319580168,-0.068212922662496567,-0.10339096188545227,-0.11014632135629654,-0.093617729842662811,0.0,-0.083472892642021179,-0.025558492168784142,0.043141454458236694,0.093909762799739838,0.0,0.24431174993515015,0.31309667229652405,0.3300243616104126,0.29575526714324951,0.28974860906600952
0.19267018437385558,0.1411577183753252,0.11164181182781856,0.08282902422878477,0.042057341230767112,0.016593824999290518,0.0086379849102134667,0.0090794007992371917,0.0050941038643941283,0.010217076574917883,0.02088995526234309,0.0075691582169383764,0.00039251195266842842,-3.1543468746046223E-05,0.04538233857601881,0.082656428217887878,0.12859375774860382,0.16112527251243591,0.17777479439973831,0.18335292488336563,0.19597268104553223,0.18857219815254211,0.16180522739887238,0.14462608098983765,0.0,0.090290561318397522,0.043936554342508316,-0.0095824282616376877,-0.043275222182273865,-0.10996115207672119,-0.11338270455598831,-0.10846145823597908,-0.085948608815670013,-0.038002308458089828,-0.031292308121919632,0.064349249005317688,0.16351551562547684,0.24810546636581421,0.0,0.31913724541664124,0.36093854904174805,0.0,0.34899398684501648
0.20544302463531494,0.13786564767360687,0.086470871825109832,0.060068367669979729,0.040091565677097867,0.040884991874918342,0.042962353676557541,0.019008448906242849,0.0047972886823117733,0.0029636756225954741,0.0029492074972949922,-0.0023384415544569492,-0.0058915970148518682,0.015416745523301264,0.079067569226026535,0.10597020387649536,0.13345015421509743,0.17614744603633881,0.20643468201160431,0.20798778533935547,0.21347164362668991,0.20981591194868088,0.18935790657997131,0.18243901431560516,0.13526473566889763,0.10321862623095512,0.06351606547832489,0.012847977690398693,-0.082064002752304077,-0.12185677886009216,0.0,-0.11754821985960007,-0.090165276080369949,-0.039661452174186707,0.072275415062904358,0.0,0.21195361018180847,0.28957520425319672,0.34959998726844788,0.34481075406074524,0.37964415550231934,0.36868727207183838,0.0
0.19030861929059029,0.11073964702732422,0.050410502336241982,0.040397589715818562,0.045093161778317556,0.056638731931646667,0.047694787383079529,0.023294481604049604,0.0065112008014693856,0.0060994285934915142,0.0037300076801329851,0.011736399028450251,0.0091657845769077539,0.0382330808788538,0.085453271865844727,0.13585095107555389,0.15173324942588806,0.17705606917540231,0.19949248433113098,0.22284738719463348,0.22189129889011383,0.2219419851899147,0.21491403877735138,0.21564704179763794,0.15903257578611374,0.1312946081161499,0.056062343530356884,-0.0006554925930686295,-0.057167481631040573,-0.11795087903738022,-0.1192917563021183,0.0,-0.055763385258615017,-0.021703444421291351,0.071743600070476532,0.18902775645256043,0.0,0.32734262943267822,0.38135242462158203,0.41489887237548828,0.40499630570411682,0.40009842813014984,0.39631527662277222
0.17609418276697397,0.11334986239671707,0.058883035023297579,0.044932092793963173,0.05009552463889122,0.04641698407275336,0.032104996964335442,0.027205858379602432,0.027845120057463646,0.021709011401981115,0.020042190017799538,0.040442671626806259,0.050309784710407257,0.085714034736156464,0.132658580938975,0.17884156852960587,0.18491760641336441,0.19676031172275543,0.21405884623527527,0.22372083365917206,0.22101147472858429,0.0,0.22966071963310242,0.19470448791980743,0.19867554306983948,0.14905749261379242,0.027551824226975441,-0.028630485758185387,-0.079053068533539772,-0.11486504971981049,-0.116482675075531,-0.075263049453496933,0.0,0.049362153979018331,0.11076726764440537,0.20794271677732468,0.29784473776817322,0.0,0.38396008312702179,0.42183464765548706,0.0,0.41105595231056213,0.41183578968048096
0.16191376395085277,0.14394921530038118,0.096344433724880219,0.066805967344687536,0.042596859624609351,0.027721083323870386,0.026913374396307126,0.039147042048474155,0.046503076950709023,0.046482672293980919,0.05033382773399353,0.070682406425476074,0.0980926975607872,0.1359890028834343,0.17963838577270508,0.20542132357756296,0.22315073013305664,0.21569129824638367,0.22191280126571655,0.22460082173347473,0.22479116916656494,0.22611607611179352,0.2465362474322319,0.24631264805793762,0.22075196355581284,0.14930078387260437,0.068716712296009064,-0.033520001918077469,-0.0853009931743145,-0.10165467113256455,-0.11151332408189774,-0.06414216011762619,0.003040877403691411,0.11444307863712311,0.0,0.21230417490005493,0.30763751268386841,0.38065913319587708,0.0,0.42355248332023621,0.42313960194587708,0.43187138438224792,0.43146076798439026
0.15285975933074952,0.15327406525611878,0.13118805410340428,0.088515210151672366,0.05059449840337038,0.038605149835348129,0.039752617744462829,0.057748854160308838,0.065205523371696467,0.069810977205634117,0.085498424867788955,0.11692252258459727,0.14820849895477295,0.18513680994510651,0.21616122871637344,0.228960320353508,0.23797229677438736,0.22801975160837174,0.22382351011037827,0.22472553451855978,0.2313840389251709,0.24114188551902771,0.26231946051120758,0.26333019137382507,0.23877540230751038,0.12291999906301498,0.014111991971731186,0.0061951335519552231,-0.070740535855293274,-0.075264602899551392,-0.031132131814956665,-0.0014585293829441071,0.032385706901550293,0.11128092557191849,0.20147835463285446,0.0,0.30289509892463684,0.37012514472007751,0.42013064026832581,0.41876247525215149,0.44206243753433228,0.42958459258079529,0.0
0.17043752340893997,0.16335740607035787,0.14572697771447046,0.10812334982412201,0.078104644082486629,0.063101589679718018,0.061109762224886149,0.069889819249510765,0.081625004609425858,0.10185141488909721,0.12121907373269399,0.15449176232020059,0.18366461992263794,0.21527177095413208,0.23268526047468185,0.23379047960042954,0.23699568212032318,0.23127342263857523,0.22505106776952744,0.23050309717655182,0.23612846434116364,0.25401510298252106,0.25815078616142273,0.24974056333303452,0.20494833588600159,0.14700590446591377,0.05781598761677742,-0.025760594755411148,0.0,-0.048027604818344116,-0.0082462206482887268,0.083270944654941559,0.098695170134305954,0.12991094589233398,0.20558613538742065,0.29211965203285217,0.0,0.35940733551979065,0.41910457611083984,0.45059835910797119,0.45333099365234375,0.4583950936794281,0.45581981539726257
0.218437678757168,0.24193156976252794,0.18645116314291954,0.12171184058700289,0.091323611636956528,0.078773719817399973,0.0795925681789716,0.096018999814987183,0.11411731503903866,0.12947606295347214,0.1453998883565267,0.17260724306106567,0.19831801205873489,0.22353389859199524,0.22828086465597153,0.22929354012012482,0.23046217113733292,0.22421842813491821,0.22177042067050934,0.23434298237164816,0.25128373503685,0.253217875957489,0.25202235579490662,0.20490020513534546,0.19221782684326172,0.12246815860271454,0.063618108630180359,0.018801067024469376,-0.011473548598587513,0.015803052112460136,0.051469773054122925,0.11827398091554642,0.16332319378852844,0.23462732136249542,0.24211388826370239,0.297332301735878,0.34672868251800537,0.0,0.410945326089859,0.0,0.44321343302726746,0.46043303608894348,0.0
0.25033977627754211,0.2930181236828075,0.22081037163734435,0.14041315019130707,0.09444772731512785,0.087873241305351263,0.096865690002838775,0.12427903562784196,0.15404409915208817,0.15041308850049973,0.15496306121349335,0.17436824242273966,0.19792411476373673,0.21599959582090378,0.22324378788471222,0.21039398014545441,0.2174317017197609,0.21210116147994995,0.21143832802772522,0.23449748754501343,0.24132049828767777,0.2473645955324173,0.2457720935344696,0.22499706596136093,0.15977269411087036,0.11822644248604775,0.064673706889152527,0.035651108250021935,0.011562003754079342,0.0788426548242569,0.14123710989952087,0.0,0.18453177809715271,0.25130528211593628,0.0,0.30985963344573975,0.35337835550308228,0.39890018105506897,0.40758728981018066,0.435625821352005,0.429797887802124,0.0,0.41976387798786163
0.27312928289175031,0.27695842087268829,0.21928722131997347,0.16007074217001596,0.1168390851881769,0.11260660986105602,0.13188206652800241,0.16434937715530396,0.18927231803536415,0.17060698072115579,0.15894966945052147,0.16781898836294809,0.18799787014722824,0.20206740498542786,0.20788303017616272,0.20148657262325287,0.21356682479381561,0.21227384358644486,0.20902335643768311,0.22505863010883331,0.24508155882358551,0.24267687648534775,0.23707173764705658,0.1891774982213974,0.0,0.13376571238040924,0.083054684102535248,0.0820465013384819,0.091326586902141571,0.11418851464986801,0.17673055082559586,0.2068275511264801,0.0,0.24473197758197784,0.30835309624671936,0.0,0.36650019884109497,0.39940065145492554,0.45301777124404907,0.42752686142921448,0.4249204695224762,0.40927082300186157,0.41312992572784424
0.27572555918442576,0.2646330028772354,0.24205798655748367,0.20372724303832421,0.16484718645612398,0.16273856535553932,0.18374567925930024,0.20222835540771483,0.20302002628644308,0.18114832043647766,0.16292491058508554,0.15508949011564255,0.16842951873938242,0.19151360541582108,0.19716206938028336,0.2070515900850296,0.21650563180446625,0.20842286944389343,0.21238579601049423,0.23219769448041916,0.25369719415903091,0.25690194964408875,0.23491223156452179,0.21477743983268738,0.15851655602455139,0.0,0.107362549751997,0.10385516285896301,0.14240114390850067,0.19726996123790741,0.19044286012649536,0.23430950194597244,0.25557446479797363,0.25329479575157166,0.29177266359329224,0.37480467557907104,0.0,0.4059428870677948,0.0,0.44798168540000916,0.43746635317802429,0.0,0.41360872983932495
0.302995266020298,0.33164984864347119,0.31583167281415725,0.25178210934003192,0.21771605719219556,0.23615955313046774,0.24420181129659926,0.24701765924692154,0.2250609869758288,0.196755717198054,0.17153647914528847,0.15240264683961868,0.16150915622711182,0.19046983122825623,0.19995558261871338,0.21037238091230393,0.22783330082893372,0.22026483714580536,0.22428855299949646,0.25378237664699554,0.26281470060348511,0.2561849057674408,0.23087216913700104,0.19887909293174744,0.17046697437763214,0.13516388833522797,0.12045585736632347,0.0,0.15687763690948486,0.2176133394241333,0.0,0.26714348793029785,0.28077423572540283,0.29984012246131897,0.31074130535125732,0.37345033884048462,0.43931666016578674,0.43260288238525391,0.46216502785682678,0.0,0.44506460428237915,0.41436931490898132,0.3938353955745697
0.41215324401855469,0.44479344079368993,0.37320514461573434,0.30003354479284849,0.29085341095924377,0.297071944583546,0.28322930634021759,0.2628156915307045,0.24372369423508644,0.22065158188343048,0.187919020652771,0.16143559664487839,0.16120093067487082,0.19109276682138443,0.21084947139024735,0.21949265897274017,0.23483347892761231,0.21595820784568787,0.22036111354827881,0.0,0.25668860971927643,0.24715694785118103,0.22682856768369675,0.19783392548561096,0.17681105434894562,0.13759888708591461,0.15452979505062103,0.17302806675434113,0.0,0.2280319482088089,0.28887052834033966,0.0,0.29608240723609924,0.3294905424118042,0.0,0.4036935567855835,0.0,0.44915229082107544,0.46432748436927795,0.45635047554969788,0.431469202041626,0.42068585753440857,0.0
0.499998607805797,0.46959035887437706,0.407311350107193,0.3664831413942225,0.34402397274971008,0.31682898781516333,0.28541345397631329,0.26595509797334671,0.25094875941673916,0.22878998517990112,0.20104090372721353,0.17167963832616806,0.15915386006236076,0.17490308731794357,0.20731785893440247,0.21132560819387436,0.21744897216558456,0.19792149215936661,0.19962319731712341,0.22547699511051178,0.26262500882148743,0.24651412665843964,0.22062951326370239,0.19950862228870392,0.18728300929069519,0.19246306270360947,0.18407893180847168,0.21650952100753784,0.25700601935386658,0.26168671250343323,0.29721155762672424,0.30860114097595215,0.0,0.312467485666275,0.38994497060775757,0.0,0.46289151906967163,0.0,0.46937310695648193,0.0,0.44402340054512024,0.40828210115432739,0.39805895090103149
0.523215277493,0.48666700720787048,0.44940317049622536,0.4095085880586079,0.36211270732539041,0.31867801601236517,0.28915589451789858,0.27486137747764589,0.25995664298534393,0.24153797328472138,0.21378279104828835,0.18016950786113739,0.15674772361914316,0.15816028416156769,0.17624704539775848,0.18067097663879395,0.17941930890083313,0.16210596263408661,0.18048340082168579,0.19432348012924194,0.23327842354774475,0.2392914816737175,0.0,0.1996808797121048,0.19265665113925934,0.22481907904148102,0.25081110000610352,0.25475561618804932,0.27464139461517334,0.30735921859741211,0.30928385257720947,0.30712561309337616,0.32418122887611389,0.35307055711746216,0.4032636284828186,0.4426635205745697,0.0,0.49060401320457458,0.0,0.46515309810638428,0.43048518896102905,0.0,0.0
