SouthSea_Web/demo/jsonfile/2017-12-16-05.json
{"header": {"parameterUnit":"m.s-1","parameterNumber":3,"dx":0.1,"dy":0.1,"parameterNumberName":"Northward current","la1":29.0,"la2":12.0,"parameterCategory":2,"lo2":131.0,"nx":250,"ny":171,"refTime":"2017-12-16T04:58:07.5","lo1":106.0}, "data":
[rows 133 to 151 of 171, columns 43 to 85 of 250]
-0.32433976020131794,-0.34993459284305573,-0.29805388450622561,-0.23937147217137472,-0.25542524882725309,-0.27947725491090253,-0.33405590429902077,-0.30222219157786595,-0.13266216971455735,-0.156834500623338,-0.1695005836781491,-0.1802527200091969,-0.12269722893834115,-0.059405746036454252,-0.023236646513013465,0.001028922270052135,0.020637439980514739,-0.012352782099143318,-0.02082601965307013,-0.0068589735601563007,0.0076967886844239034,0.026999859226634726,0.069783625751733774,0.11840607143110699,0.16278504114598036,0.18052836880087853,0.20141864319642386,0.20405131081740061,0.1979919821023941,0.16468873620033264,0.10897663767848696,0.045993444199363388,-0.018478391298021261,-0.1412737350910902,-0.31983984261751175,-0.33460244110652376,0.029448114048976164,0.15196577299918448,0.014593254920328036,-0.026687072300167831,0.080895041473782986,0.14323539705947042,0.10801863696958337
-0.40202602318355013,-0.3810381640990575,-0.32054242491722107,-0.31522857291357859,-0.36096256226301193,-0.37866462469100953,-0.36456629037857058,-0.27513746730983257,-0.16368956749255842,-0.16490968242287635,-0.18794791121035814,-0.20132129359990358,-0.16216478564522482,-0.11628227394360763,-0.068606360349804163,-0.030851693358272314,-0.015064650820568204,-0.030791077496750013,-0.036663088699181876,-0.005995658505707979,0.052147056162357333,0.068132208453284368,0.10336186074548298,0.15664144073213851,0.18362528085708618,0.20700005888938905,0.23304196894168855,0.24151227374871573,0.23684580326080323,0.21873845905065537,0.17994865626096726,0.10583296205316271,0.0037148001928082003,-0.13639383075328973,-0.22564414988916653,-0.074524764420597675,0.081196726920704052,0.045785167909101192,-0.088961147121153772,-0.1099688426724502,0.14043162861032346,0.31963387783616781,0.33767057557900748
-0.429637648165226,-0.40707853436470032,-0.37796381711959837,-0.39429718255996704,-0.4233587384223938,-0.41803084313869476,-0.357440710067749,-0.26484124548733234,-0.23645061254501343,-0.23715848103165627,-0.21860355138778687,-0.21607476100325584,-0.20834508091211318,-0.15625852942466736,-0.089532289033134774,-0.031231153396550904,0.0014123623047701337,-0.0019179492508276151,-0.0085994899790320135,0.012730820739472454,0.050826968832148448,0.07079047875271903,0.10562761873006821,0.15361108382542929,0.19611715152859688,0.23123784661293029,0.2628981411457062,0.26206884384155271,0.2529604931672414,0.25044375019414084,0.2412036189011165,0.18306458327505323,0.10760146131118138,0.018585120909847319,-0.0024274807268132768,0.06312404129753954,0.054797488648225277,-0.00554127342855701,-0.093688647861459431,-0.085070442780852323,0.26926857084035871,0.40936447978019713,0.37923841980787426
-0.42954504489898682,-0.42946630120277407,-0.42738530784845352,-0.43295590082804364,-0.43082742094993592,-0.38179212808609009,-0.3308077394962311,-0.29169772565364838,-0.28373770713806151,-0.27144443243741989,-0.24282092187139723,-0.24550311081111431,-0.22524975736935934,-0.15301390488942465,-0.08545158600265329,-0.052145651231209435,-0.027332342020235954,0.0069649032666347921,0.037491535767912865,0.043019365053623915,0.046105723414156169,0.058521947357803583,0.089822935871779919,0.15481970459222794,0.22236726113728114,0.24859795570373536,0.2605868067060198,0.26994601388772327,0.29105033477147418,0.29943407078584033,0.27227813856942312,0.22356557420321874,0.17610305547714233,0.13110420785167,0.12965601496398449,0.13114552199840546,0.0986841834549393,0.0625841730798129,0.045950925343536904,0.072529315482825041,0.29060159410749165,0.3418440114368092,0.31040340993139481
-0.43202604850133258,-0.42987029893057688,-0.4171922579407692,-0.39417077898979186,-0.36556296795606613,-0.33363824486732485,-0.29319523913519724,-0.29956159421375822,-0.30680844187736511,-0.29709366336464882,-0.29045950993895531,-0.26781047218375736,-0.19273916699669577,-0.13011514643828073,-0.075678760016506363,-0.052529594994017055,-0.043874896734076387,-0.0032004223467083648,0.023596142672679642,0.036312246429068704,0.05625776294618845,0.082341247548659638,0.12966700394948325,0.17817455033461252,0.23112762222687402,0.25437574088573456,0.27501146793365477,0.28286562860012054,0.30677374700705212,0.30225446323553723,0.28111120206969126,0.25671396723815371,0.22694533566633859,0.19193617440760136,0.16394274433453879,0.15044479710715158,0.13384708975042617,0.12267311569303274,0.10880552728970845,0.13683089862267175,0.19421895146369933,0.23867212448801314,0.2340959370136261
-0.43049543102582294,-0.40659590810537338,-0.37505587509700228,-0.34976001083850861,-0.31484938164552051,-0.26621951411167782,-0.24536015590031943,-0.2756447245677312,-0.299149398292814,-0.30793830379843712,-0.30506911448069979,-0.2496119820409351,-0.16218075528740883,-0.096793451656897858,-0.051760035877426468,-0.032858081368936434,-0.017883871887427044,0.014221128629287705,0.036200661988308035,0.049951632274314761,0.079445497443278626,0.12513452644149462,0.16163427382707596,0.20606511618409837,0.25675504157940549,0.28969986438751222,0.30408341189225513,0.30602149963378905,0.30681073665618896,0.30247717244284494,0.28773944576581317,0.27072694046156748,0.24480594197909036,0.21643391251564026,0.18119368453820547,0.160630401968956,0.13701116790374121,0.11920608455936115,0.11512085795402527,0.13071049377322197,0.15424855351448058,0.17784068733453751,0.18828905373811722
-0.42662113159894943,-0.37883259654045104,-0.33403817812601727,-0.31764573355515796,-0.279758724073569,-0.2210299993554751,-0.21761583685874938,-0.25996805514608112,-0.27850928902626038,-0.28158933917681378,-0.27088623387472971,-0.21431737393140793,-0.13358035013079644,-0.082164854183793073,-0.041956091299653053,-0.027644188608974218,-0.00012988552043680102,0.045441637436548867,0.073154361711608037,0.0948234423995018,0.12599049974232912,0.1410822480916977,0.15219132229685783,0.20695151761174202,0.26606085896492004,0.30487628493990215,0.32075676321983337,0.32285404702027637,0.32649818062782288,0.316726553440094,0.2929205944140752,0.26470384498437244,0.25384337007999419,0.24344701766967775,0.22377355148394904,0.19255425284306207,0.16328899934887886,0.1329229548573494,0.1321107279509306,0.13493740061918894,0.13284123316407204,0.13570419947306314,0.15393075719475746
-0.41005405783653259,-0.33862573901812237,-0.32303728461265563,-0.32909216284751891,-0.27630291879177094,-0.22113184630870819,-0.22118425156388963,-0.25723712891340256,-0.26906536817550658,-0.26638971455395222,-0.24322595447301865,-0.20233991742134094,-0.12591181778245503,-0.076236912049353123,-0.048218468553386629,-0.032550127361901104,-0.0011247590145406624,0.036619429787000023,0.0730913562907113,0.10971894860267639,0.15581021954615912,0.17357269674539566,0.18035561218857765,0.23445835411548616,0.28813642760117847,0.31999866664409637,0.33754579226175946,0.34784635156393051,0.35172830522060394,0.3407808591922124,0.316228049993515,0.29474390745162965,0.27778680622577667,0.26291542500257492,0.24603827297687531,0.22087302207946777,0.18304192274808884,0.14827631413936615,0.13316943682730198,0.13191843405365944,0.12663191060225168,0.13266616314649582,0.14087256292502084
-0.37531830370426178,-0.32386981944243115,-0.32045249938964843,-0.32927060723304746,-0.28560859461625415,-0.245594722032547,-0.24347811937332153,-0.25997520344597952,-0.25614002346992493,-0.25213048793375492,-0.237046147386233,-0.19371006079018116,-0.13463592777649561,-0.083108497783541679,-0.024452376179397106,0.0087912317714653916,0.027577164557038084,0.043671338120475411,0.07029032614082098,0.12461317330598831,0.18195751681923866,0.21993133425712585,0.24633693695068359,0.28741629421710968,0.316350057721138,0.34048367142677305,0.364339554309845,0.37358434001604718,0.38267189264297485,0.38846144676208494,0.34907987117767336,0.32235979437828066,0.3032156378030777,0.27899652123451235,0.26518179774284362,0.24597439914941788,0.21790589690208434,0.16762007772922516,0.13788043707609177,0.12217803858220577,0.11950685828924179,0.12711475417017937,0.1246834322810173
-0.36963698863983152,-0.32123562693595886,-0.326240137219429,-0.32697292566299441,-0.294827734430631,-0.27974171723638264,-0.27998917869159151,-0.28646910190582275,-0.27447364330291746,-0.26384229319436209,-0.22929981102546057,-0.17606432735919952,-0.12977038430316107,-0.059978943318128586,0.021351397723063,0.0627028936786311,0.080092304519244609,0.086356356739997864,0.12349263685090202,0.17667907476425171,0.23031918108463287,0.27845314145088196,0.29459519471441,0.31949974099795025,0.33362022042274475,0.33466411630312604,0.343574620783329,0.38369394093751907,0.40522107978661853,0.40746300667524338,0.3833942785859108,0.35722469091415404,0.33858550786972047,0.32241439074277878,0.30666909615198773,0.27795988818009693,0.24451928834120432,0.19210043549537659,0.13549101849397024,0.10943505416313808,0.10686159878969193,0.10554515570402145,0.10847164317965508
-0.37671605348587034,-0.34905938804149628,-0.3579188386599223,-0.34073601365089418,-0.32528843979040784,-0.32083241144816083,-0.32729587703943253,-0.30643819911139353,-0.27162867287794751,-0.23184002339839935,-0.20401235520839692,-0.12580212950706482,-0.0631965601018497,-0.0037927326280623674,0.034647802667071424,0.07143382728099823,0.098763030022382736,0.13041142870982489,0.18731402286461421,0.26310112327337265,0.30454881985982257,0.33876412113507587,0.342932050426801,0.3502529114484787,0.35451456904411316,0.34960532188415527,0.35101587772369386,0.39704493681589764,0.42052825291951496,0.41974785178899765,0.4069576809803645,0.38086570054292679,0.3584645887215932,0.35473085939884186,0.33104084432125092,0.30499940117200214,0.25759904583295185,0.19697219133377075,0.13859827667474747,0.10464491695165634,0.091021161526441574,0.073439802974462509,0.061348545054594673
-0.39205015301704405,-0.38959062596162158,-0.38116265088319778,-0.36317021399736404,-0.37006512780984241,-0.37169876197973889,-0.35707525610923768,-0.31424742341041567,-0.25064104795455933,-0.19637428472439447,-0.12554387003183365,-0.082137610763311386,-0.057529683535297714,-0.030092360296597082,-0.0045506560321276384,0.035943405469879508,0.092113519708315536,0.168616384267807,0.24644935876131058,0.3225560535987218,0.37136670450369519,0.36706915497779846,0.3619680255651474,0.36520520846048993,0.37663545707861584,0.38041449338197708,0.39154888689517975,0.41002257913351059,0.41865487396717072,0.41810673475265503,0.41934186220169067,0.4067445496718089,0.39110207557678223,0.3735586404800415,0.34702733904123306,0.31573479374249774,0.27146569788455965,0.21203767508268356,0.15584134062131247,0.11164509877562523,0.08249366469681263,0.052409480015436806,0.020049402490258217
-0.35635554293791455,-0.38251997033754986,-0.38613592584927875,-0.3850177178780238,-0.39950545628865558,-0.39901947123663767,-0.3636677662531535,-0.31241887807846069,-0.23026504367589951,-0.16630378862222037,-0.12060327579577763,-0.097207538783550262,-0.089371956884860992,-0.061745763756334782,-0.035141047090291977,0.018536713952198625,0.11707375943660736,0.21219050288200378,0.30089751879374188,0.38071495294570923,0.40689972043037415,0.39876494556665421,0.40683186054229736,0.42365247011184692,0.43389017879962921,0.42543855309486389,0.43866720199584963,0.42858685553073883,0.4164995551109314,0.40733775496482849,0.41377291083335876,0.41254362463951111,0.4149690568447113,0.39361172914505005,0.3694625124335289,0.32944895327091217,0.28224886953830719,0.21390053257346153,0.15510201454162598,0.11807603885730107,0.080512464046478271,0.057312683512767158,0.02132087666541338
-0.33280098934968311,-0.36208266615867613,-0.37166868448257445,-0.38121454119682313,-0.38816407819588977,-0.36592793464660645,-0.32651740312576294,-0.26497540126244229,-0.1964458018541336,-0.15667508915066719,-0.14017796143889427,-0.12565853819251061,-0.098459504544734955,-0.063212461769580841,-0.011727365897968411,0.065723703242838383,0.17671711444854737,0.28086196382840473,0.3462662547826767,0.39104245603084564,0.41556382179260254,0.44045895338058472,0.45341476798057556,0.4613846093416214,0.46134836077690122,0.46075940132141113,0.44801358878612518,0.42990986506144208,0.416320675611496,0.41254931688308716,0.41689419746398926,0.4190964202086131,0.42433752616246539,0.4118494212627411,0.38248729705810547,0.33923273533582687,0.28033392131328583,0.23295088857412338,0.18035958409309388,0.14546316862106323,0.10652410984039307,0.067327931523323059,0.022612582426518202
-0.32585524022579193,-0.32601834336916607,-0.3399157126744588,-0.34233214457829791,-0.33592169199671063,-0.30144739151000977,-0.2712596021592617,-0.19885773460070291,-0.16672928631305695,-0.14887430518865585,-0.13826546669006348,-0.11676125228404999,-0.0784723920126756,-0.045562494546175,0.0059476551381521855,0.099015224725008011,0.20045170187950134,0.2815760150551796,0.37205561002095539,0.42688800891240436,0.4442984014749527,0.45474837223688763,0.45951313376426695,0.45873020589351654,0.45506340265274048,0.4473564128081004,0.43169958889484406,0.42275152206420896,0.42111196120580036,0.42976405471563339,0.42971779406070709,0.43631215393543243,0.43391499668359756,0.41809667646884918,0.37189228336016339,0.33359297116597492,0.28791797161102295,0.24286545316378275,0.18367073933283487,0.12907838821411133,0.12548982352018356,0.088906366378068924,0.048357715830206871
-0.31417875885963442,-0.29847755176680429,-0.30457279831171036,-0.29969699382781984,-0.25817366689443588,-0.22811136767268181,-0.16681011269489923,-0.13257965818047524,-0.13864811658859252,-0.1254743461807569,-0.10774311982095242,-0.080099215731024742,-0.033993751369416715,0.011076029273681343,0.0625432866315047,0.12575127482414245,0.19422581791877747,0.28165660798549652,0.36562441786130268,0.44910010695457458,0.4743839104970296,0.47591876387596133,0.46240378171205521,0.45259849727153778,0.44419720768928528,0.435250860452652,0.42226573824882507,0.41570744663476944,0.42196466525395709,0.43481868505477905,0.44200881322224933,0.44081269949674606,0.4234686593214671,0.40353885293006897,0.36971940845251083,0.31948000192642212,0.27634181082248688,0.23711453378200531,0.19196949402491251,0.15505332499742508,0.12173645198345184,0.10197626054286957,0.084306523203849792
-0.29054693579673768,-0.27380439639091492,-0.25372642278671265,-0.2376689612865448,-0.18988819792866707,-0.14957452714443206,-0.094656389206647873,-0.099579695612192154,-0.10548156872391701,-0.10701765740911166,-0.084466388449072838,-0.054635593667626381,-0.013663988967891783,0.038657996058464053,0.078960336744785309,0.11923469603061676,0.18197001020113626,0.26935414969921112,0.36457414180040359,0.43921355158090591,0.48710537950197857,0.50226137787103653,0.48992745280265809,0.4649219810962677,0.44909309595823288,0.430405929684639,0.41595029830932617,0.41261039972305297,0.42635779082775116,0.43805956840515137,0.44185703396797182,0.431284894545873,0.41536237796147663,0.38918955624103546,0.33953337868054706,0.29260300596555072,0.24811430275440216,0.20933020114898682,0.17460165917873383,0.14079915483792624,0.10119481012225151,0.090911399573087692,0.084459267556667328
-0.27105696002642315,-0.24956381320953369,-0.23015288636088371,-0.18210542798042298,-0.13523202016949654,-0.088425196707248688,-0.0746685653924942,-0.079844934865832329,-0.088872566819190979,-0.0833217516541481,-0.065400744974613192,-0.034002944206198059,0.010240615927614272,0.0405713909616073,0.067969078818957016,0.10800007544457912,0.16917843520641326,0.24932828173041344,0.33015947540601093,0.40961360931396484,0.48105837702751159,0.51438035567601526,0.50437580794095993,0.4619249701499939,0.42993222475051879,0.40697770565748215,0.399651437997818,0.40879594087600707,0.4293166846036911,0.44616960485776264,0.44736703485250473,0.4334578812122345,0.40547661185264589,0.36705061793327332,0.31925620635350543,0.26748441159725189,0.21712809056043625,0.17600104212760925,0.13785991817712784,0.1027105450630188,0.066867358982563019,0.0698215663433075,0.07747693732380867
-0.27827784915765125,-0.24412508060534796,-0.21355166286230087,-0.16494235023856163,-0.11749763041734695,-0.0809933003038168,-0.067573711276054382,-0.06757065504789353,-0.074497349560260773,-0.066390285889307663,-0.046472759296496712,-0.018432915210723877,0.00483789062127471,0.039032737165689467,0.071359243243932724,0.11751900985836983,0.16868327558040619,0.23418569937348366,0.30748916417360306,0.38685162663459777,0.4573492705821991,0.49069397896528244,0.48654827475547791,0.453719025850296,0.41066745917002362,0.382148156563441,0.39011355638504031,0.41795351107915241,0.44138779491186142,0.45943723917007445,0.46027243137359619,0.43157583475112915,0.38981030881404877,0.34371429681777954,0.3078923225402832,0.26312890648841858,0.21604447066783905,0.15205547213554382,0.10605325798193614,0.069968536496162415,0.05044303834438324,0.058673355728387833,0.0726051926612854
