SouthSea_Web/demo/jsonfile/2017-12-14-08.json
{"header": {"parameterUnit":"m.s-1","parameterNumber":3,"dx":0.1,"dy":0.1,"parameterNumberName":"Northward current","la1":29.0,"la2":12.0,"parameterCategory":2,"lo2":131.0,"nx":250,"ny":171,"refTime":"2017-12-14T07:58:07.5","lo1":106.0}, "data":
[rows 76 to 94 of 171, columns 43 to 85 of 250]
0.0,0.035708746177878115,0.0,-0.025441585059620832,-0.058198322970420123,0.01131892004290936,-0.0031353957216027949,0.0062237126141553743,0.07249799164424757,0.11209075264896692,-0.038895048192082955,-0.021775547247696675,0.032468056753277776,0.046789656235621528,0.066285552162873115,0.054491207950183605,0.051516279741190371,0.12439603676072887,0.061024637298955436,0.01811244824163926,0.049834977794024682,0.043462773052494179,0.092158212124005615,0.056345582062091962,-0.050583772882541171,-0.02120481399715177,0.071460001571820336,0.140105557177336,0.15792788287340584,0.14868711718058181,0.140649027743582,0.13899359877767234,0.15023228260925262,0.11879303445250301,0.11714647002518178,0.10462717058365806,0.092545126896288438,0.10757146775722504,0.091914086674268425,0.030737173685338348,-0.018746307979698382,-0.028732119607073919,0.030824428083021837
0.0,0.099992622711300244,-0.017618302891390738,0.10725121319862921,-0.085132882362270262,0.022154360204145577,0.03301412102806827,0.03994982734460522,0.047691988613490666,0.016155286718365424,0.0013181650308459732,0.059732884027263414,0.066939833449820671,0.044336842464619,0.035973303257937038,-0.011788405519986495,-0.036285185094792553,0.12089275737901428,0.16260017841705121,0.030390413194789502,0.039298424265871289,0.043428076452321628,0.068569552768438832,0.093648510558877962,0.10820496870348087,0.15028985519893467,0.17491962272124212,0.17564711267830896,0.18701493938763936,0.19453018492665783,0.10150331395367782,0.11226761434227228,0.14428901862014423,0.12946643866598606,0.087173846478645622,0.082978212008518834,0.057419183077635591,0.0633860856294632,0.064677387165526554,0.04717753842593201,0.021206916895984061,-0.0024573913326969852,-0.00081677419411090133
0.0,0.13328927365500931,-0.036115038981094853,0.01772704382027869,-0.026662341860025553,0.059364966032179917,0.035286893850152795,0.050817393790930511,0.039250927977263927,0.00062130259611876677,0.035214063048312837,0.076655506404737631,0.05820257152462828,0.00055496655384836306,-0.052522673369235086,0.0677908612495481,0.065549998213687247,0.17990479078919938,0.22444793085257211,0.21296378579296049,0.2153407804893725,0.18162854621186853,0.1521874791632096,0.13242665717476293,0.15462264391007247,0.1696128837886404,0.20179910392596803,0.20951658513462335,0.18477426444069814,0.14505252945754263,0.136420524626408,0.090595010381478533,0.14361154625438294,0.14866293817758561,0.0910887144679247,0.068998232856392866,0.086955788570481377,0.074668447052439052,0.068224809943668308,0.06895862865660872,0.092064838080356523,0.095481107234954829,0.084742812886834148
0.015006776361406082,0.049794605729831874,0.12423511262975864,-0.049535440994077362,0.040010668531370662,0.047055029496550563,0.024328343245680586,0.022430705721490085,0.064103918307918617,0.044279103459379937,0.0069586309817774843,0.0045912020792395385,-0.025455856974336451,-0.017054663901425165,0.12100602694433825,0.1613631546497345,0.14254898789028328,0.16022329520983775,0.23472047417328276,0.24365622220469302,0.23320510392558985,0.19731155644028875,0.14764683328147205,0.18644444996660406,0.18155726122445073,0.14427454347880381,0.16895166956461394,0.18282173457098941,0.17318098962306977,0.13545877858996391,0.15688851243919796,0.12499642085570556,0.12495345342904329,0.14137131103447506,0.097468496464631141,0.075118929712158264,0.078045824602726965,0.066974863538454318,0.090554391118613159,0.12991087828521375,0.15180599717078386,0.14918046593666076,0.1527122716818537
0.069321881074574779,0.12033464834687538,0.046489157729217266,0.043919165993072821,0.04931344937517488,0.025664730076448795,-0.00627966194450233,0.023737928625849777,0.077234645516185432,0.065063938847742975,-0.062725761143186815,-0.011905292468977027,0.13364526575120786,0.16561151686750475,0.19224076425390585,0.18675759117134283,0.17036887801299661,0.17419439281026522,0.23267709855305946,0.24151841705215388,0.22136527991720609,0.21553611463191463,0.21124325660949059,0.18712873044221298,0.15297856788302577,0.14959789084063635,0.12736477499658411,0.15094746897617975,0.18994720317423344,0.14020890134729838,0.16680041824777922,0.13889823284219294,0.10086111652274285,0.12170949482148694,0.0909922535602863,0.090883734769054828,0.0632643258342376,0.083147567317441662,0.10485413727852014,0.14910925869588498,0.15472534236808619,0.15034108996391296,0.14587751805782317
0.035729182095212093,0.16186288529864817,0.13849751326868753,-0.078851347577812383,0.00065549849221082572,-0.011200779111407298,-0.049213174926607234,0.036554589888380305,0.04096370502927546,0.061538355645991985,-0.035662912161809938,0.023436770524962673,0.17461566529313072,0.16984532054128318,0.17359939341743788,0.19525290973353804,0.19280901648959176,0.19651721208764797,0.20425891320584183,0.22007100650093012,0.22049022170732607,0.24902208956579366,0.24026274006991161,0.19720188356362856,0.15523146641881844,0.13258553962958486,0.14520251389705774,0.14517218881362193,0.18422301836086041,0.17082714708521962,0.16445934725925326,0.14092027139047098,0.10398679026044332,0.11972233094274998,0.09330374002456665,0.079330229821304485,0.066534849170308843,0.088916972969417224,0.14905474210778871,0.16222435866410917,0.13975709064730577,0.13309459719392988,0.12578782639824426
0.14672833722498682,0.2121659183932334,0.21975916279987856,0.062208930876810738,-0.027957359591106835,-0.051283824257552624,-0.070684132764914212,-0.00825261022164968,0.018428251031317337,0.023295355609473611,0.025503497451427392,0.12804697504488088,0.14638128183011351,0.16394013687968254,0.19597677306996453,0.19399991348899645,0.20154584673317996,0.19451666209432814,0.19421709371062945,0.23153768175718736,0.23785565955483395,0.24201629177117959,0.24574263564177923,0.19453090078690472,0.16893030161207373,0.13735813105648215,0.14324079995805567,0.15063130756219229,0.18654408443857123,0.1928207736324381,0.16964488316859519,0.15592418840298286,0.12115868180990219,0.11249374857415324,0.11519091907474729,0.086110656507886379,0.073075258731842035,0.11152551615876812,0.15101626873016358,0.14822337279717127,0.13448109422568921,0.16424870380648859,0.21500185132026672
-0.015240735591654557,-0.049100435930443255,0.18549860648752828,0.18306350101058075,0.012141268607228995,-0.07032094586451175,-0.10039404154356037,-0.0020924093254858205,0.048409458506723929,0.07187347232474614,0.090229423523976879,0.12516414361899017,0.14147058011669861,0.17776027029114111,0.18873301840254239,0.20751254091847618,0.19026894381512766,0.18848495358644529,0.20271690322293176,0.21128920891455241,0.2345141615061199,0.24210053908102441,0.22046281312193189,0.20527351399262747,0.18361173272132875,0.15915002648172708,0.1717639745309435,0.17452312122892449,0.18953111309271592,0.19105533739695182,0.1712097798784574,0.14156992520604814,0.11443921465140122,0.12913850179085365,0.13171980440616607,0.11162102509003419,0.12943721147110829,0.16269674019089767,0.15077928094952195,0.17118300411563653,0.23278785855681808,0.27403615185847652,0.22894457142267907
0.0,0.14541828877698745,0.16085315913587925,0.29254817301407454,0.16258000143194998,-0.068429579296797466,-0.13912631139943474,-0.022535433104106536,0.040905757600651876,0.055135867085124628,0.10193121093407012,0.1232758521757744,0.13484572094899636,0.17842523366212845,0.19330419798692067,0.19900961965322495,0.20507304141154656,0.17381678438848919,0.2040402992731995,0.21615291319110178,0.22899300725229324,0.23451710877747373,0.21285921335220337,0.20156690371888025,0.19290050036377376,0.1919927740097046,0.19406952250462312,0.20430333339251006,0.18000228989582795,0.15956504986836359,0.14349562617448661,0.14948709371189276,0.15487955870299502,0.13953304290771484,0.14699674741579935,0.142531229612919,0.12772218763828278,0.14191274841626486,0.24570873071407451,0.29980060192091124,0.29291858417647226,0.2281371713788421,0.09260550094768405
0.0,0.0,0.3215687107708719,0.249334351393526,0.11656937854240823,0.0504985243491264,-0.15823425961212373,-0.078471018061522513,0.017845546975994723,0.049369814606117349,0.069539495571343993,0.10320031384424287,0.12939767244943354,0.17345153265877775,0.18099071126845148,0.20241672122800672,0.19922533631324768,0.19570144394348407,0.17537712691159085,0.20212185934737878,0.21436840295791626,0.22122925806504029,0.21076849848031998,0.19852999210357666,0.20188894466711924,0.17624893039464951,0.17897589325904847,0.17540250603969282,0.17804556488990783,0.16681341139169839,0.16061277229052323,0.172226308630063,0.15258454669404914,0.12045400159863326,0.10602896357024158,0.12538296894894707,0.19863118683653219,0.243831651630225,0.2438081159041478,0.2032637314072677,0.15672967024147511,0.10103271003546459,-0.000482572171936876
0.0,0.0,0.037400802014145758,0.090697895221905231,0.10212485670297825,0.056366716121923316,-0.041458553565856836,-0.0585974547129202,-0.0023074994219754326,0.018850570090026372,0.065621573340009759,0.078851855444637214,0.11610618866980076,0.15188253200367877,0.16823423721573569,0.17577849427858988,0.20584787084506109,0.14585743232497148,0.17569226192103493,0.2121112160384655,0.19789264202117921,0.18460642227104732,0.19622810242267755,0.20212713215086195,0.21888861775398255,0.22862268110801434,0.18540847129546678,0.16315046124733412,0.17535016768508488,0.18400961848405692,0.16979138381206071,0.1424722765330915,0.16758584948601546,0.20874124871832983,0.2605173733830452,0.2719518111811744,0.21982686479504293,0.13273620826226693,0.094186477591925916,0.06744004210728842,0.034471995785549679,-0.00097487906792334143,0.0625495568425062
-0.063199572907439591,0.0032690719553184781,0.059102957872673868,0.070383406767680248,0.17630939654019825,0.13096948490084076,0.17247644807682949,0.071517494712246665,0.020366904451940959,-0.0015787218386928241,0.022873595635995597,0.051973672317607064,0.093116357922554016,0.11997072158321258,0.13567817010558569,0.19040366013844809,0.16846127642525566,0.15155775959675127,0.14097029744432524,0.18291888439229556,0.19686666131019592,0.17200435378721782,0.20291594505310059,0.25304774664066454,0.22899750053882598,0.1677360694717478,0.13420220823199661,0.185056494978758,0.18492695468443413,0.12677263606477668,0.14656535269958632,0.25168669641017916,0.3285772227323972,0.31486910638900906,0.2163578128176076,0.11032855435713337,0.043196458203493861,-0.010694361431524158,-0.0457014421579139,0.038487754917393126,0.017294896156366528,0.014564507100731134,0.12221225537359715
0.048152141847663019,0.061616551032095075,0.11987983350625295,0.061077465882690085,0.14423366147943223,0.23166478953315217,0.23734827510811188,0.12207709765825116,0.040336955231843427,0.027025293722679769,0.024748255984484463,0.077957254636919854,0.087604234776189255,0.12559049079815546,0.12506326210909877,0.13661678679860556,0.15481518098601588,0.11329681288312983,0.14796124702250516,0.1688252345279411,0.17475362281714166,0.20887285630617822,0.24233791589736939,0.20517790703861802,0.15461203189832823,0.1169683047466808,0.13446855086546677,0.17192173004150391,0.11367325910500117,0.15802927429859454,0.31327599011085649,0.37454731486461779,0.29913266941353128,0.17112541391893668,0.059445099188014862,-0.026114769047126174,-0.011652668048627675,0.037104779664702991,0.0287595255067572,0.054768195138491974,0.096516182323774471,0.14457061011344194,0.22963868188006537
0.056694839893337477,0.0308847796664504,-0.036731172937198943,-0.040833578355381581,0.19676865095139615,0.20306691610695501,0.15978142295460232,0.12955736368894577,0.040150272532276085,0.0069665955317239946,0.0014288531355781569,0.028064925338126597,0.079191631327072784,0.095468300636167874,0.15095465372388178,0.12273813425390809,0.10884159654378892,0.12594734353047829,0.14339473923402174,0.17239162964480265,0.21713775120399617,0.22519763612321445,0.20817874425223895,0.2409529432102486,0.24356139451265335,0.2265746212667889,0.14959297191213677,0.025259403064130589,0.0840447731455788,0.29998878442815374,0.36275131393361976,0.26869088354019016,0.18239929552735953,0.13623211733423746,0.14435158096826994,0.048854293280358736,-0.01709792691282928,-0.0068917475213171337,0.032737858641635753,0.086504086708793268,0.13254857542259352,0.11791271909043707,0.13175422256743466
0.0055027301979798564,-0.020358216017484665,-0.047957881462780086,-0.15265045294161889,0.0,0.06245743733291563,0.033485602288485759,0.16268130150874929,0.010469432845711708,-0.015536228225259534,-0.054259046007479939,0.009029779138342877,0.077808981362198076,0.081343923030155044,0.11183804324988661,0.11581262663520615,0.1097900721019712,0.097802307328273511,0.15928604299652166,0.19058417832409894,0.2080168958221163,0.21639697613387271,0.25638324595414674,0.28153652415193359,0.19424411680164008,0.064745486593218868,-0.035645965641985335,0.051444592347753976,0.25866903293018156,0.34872632335733483,0.27796748042106628,0.18449639556584535,0.15498816967010498,0.1279026587995199,0.0845994095283526,0.043389568437095689,-0.0052116369999047106,0.0042306869042847582,0.058316246709889837,0.035218851173218962,0.018707753224298358,0.02723130684507151,0.043336747860848845
0.0,0.0,0.0,-0.027460905503108667,0.0,0.0,0.0,0.14058109351753956,-0.048995158402249217,-0.049442511051893234,-0.028834389988332987,0.01285499579639041,0.030302817130397106,0.062379337006038232,0.082076511148250458,0.079494290053844452,0.076871525015561812,0.10795936627047402,0.14278377592563629,0.17990934232185626,0.23557845236999647,0.30342969245144297,0.27697775536967861,0.1580652186854018,0.004094338187804589,-0.085097553274993382,0.017325336650873605,0.24115801049816993,0.34082257085376316,0.26149032347732121,0.18828733541347362,0.21488904180350127,0.2407162987760135,0.13114564550610688,0.073191538053963862,0.079692624233387133,0.046712798199483326,0.034844121478241064,0.033262992650270461,0.046163658786099404,0.050724555287630327,0.062401513169918744,0.093001113672341623
0.0,0.0,0.0,0.0,0.0,0.0,0.0,0.044625956558293718,-0.077494923037011179,-0.033403496680914406,0.0090411412917698417,0.024403827213973273,0.029182470812829153,0.049744256830308586,0.086041067877123428,0.063636491424404085,0.082221445595395973,0.097128483627376888,0.13462476714931684,0.25184959964826703,0.29822955717300548,0.25305180366222674,0.1066412313769932,-0.048509345079461731,-0.052311911213177222,0.0704493980758406,0.21603000988917692,0.32163864054850172,0.28278583058944118,0.24209863532866752,0.1961642721933978,0.18403271558108153,0.15123251797976317,0.13005157366946893,0.092311342060565946,0.11452063378588907,0.090669319162081027,0.06945634003857086,0.066106883027861191,0.064813135058752122,0.068797387044738839,0.070478177762457309,0.0790865730356287
0.0,0.0,0.0,0.0,0.0,0.0,0.0,-0.044645277520074793,-0.077090763486921787,-0.012724249278879583,0.017138687261167969,-0.001580647295152114,-0.0031001849394455992,0.056105674347943731,0.075860956793322276,0.082843814161606133,0.079265392269007862,0.085220255943782186,0.16728788871189643,0.22006592923595059,0.15973608629328423,-0.032849558032372946,-0.12353760781216211,-0.039353762963502154,0.0900861862115562,0.22158798681838171,0.33524576491779751,0.24879425764083862,0.11376612260937691,0.073146737456597666,0.15029912761279515,0.124795314890367,0.10468651039096025,0.093692725593293155,0.085374512330249508,0.097386988401412966,0.078935922020011484,0.072864647126860083,0.063604599623768424,0.081802964762405117,0.10536918070699487,0.1187155601279489,0.11742737227016026
0.0,0.0,0.0,0.0,0.0,0.095323112252409622,0.016027558894595333,0.010891774925243824,-0.081026744370794171,-0.037249708206069709,-0.033475129744265752,-0.031664300323804705,-0.013160581653937697,0.059836721047759056,0.063908272373833161,0.0811299722203437,0.12553909655128206,0.11123247084946468,0.19983919858932495,0.20204095588997006,0.046342232311144468,-0.047629139944911004,-0.054151371914755414,0.056783404866499562,0.21085579345623653,0.26651504582592417,0.24377377745178011,0.12440107654089973,0.070389344046513244,0.065565939706105456,0.077419336636861166,0.044881842797622085,-0.02276279338492224,-0.0678143722959794,-0.038451454718597233,0.019042333420366049,0.0377887623315608,0.0566844931907124,0.0687715376502481,0.097308960671608269,0.13719223301719735,0.15343838397945678,0.14185500546143606
