SouthSea_Web/demo/jsonfile/2017-12-14-10.json
{"header": {"parameterUnit":"m.s-1","parameterNumber":2,"dx":0.1,"dy":0.1,"parameterNumberName":"Eastward current","la1":29.0,"la2":12.0,"parameterCategory":2,"lo2":131.0,"nx":250,"ny":171,"refTime":"2017-12-14T10:01:52.5","lo1":106.0}, "data":
[rows 114 to 132 of 171, columns 0 to 41 of 250]
0.0,0.0,0.0,0.0,0.0,0.018313027995948989,0.011462750975416774,0.0098514991579577334,0.056602448394352738,0.19025617199284689,0.213196546667152,0.176523024837176,0.12417977210134268,0.092192997535069779,0.081329241394996643,0.078337766230106354,0.079384252429008484,0.0705256996055444,0.049668701365590096,0.027250522747635841,-0.017728460021317005,-0.06948167085647583,-0.10872077196836472,-0.15192924067378044,-0.20033836737275124,-0.26865551769733431,-0.34362149238586426,-0.39233044907450676,-0.41881526013215381,-0.4222549895445506,-0.40331192314624786,-0.43479853123426437,-0.48290320379393442,-0.48190606633822125,-0.50588669379552209,-0.51267184019088741,-0.49390764747347149,-0.52999110221862789,-0.54167938894695711,-0.55388836218760562,-0.62374703089396155,-0.63870507478713989
0.0,0.0,0.0,0.0,0.0,0.0,0.016376177923560269,0.030116224714153764,0.054117504980857087,0.10412262686129127,0.21268327805128964,0.22696702380975087,0.14895673675669563,0.096094581484794619,0.079715450604756669,0.078570957481861117,0.084957204759120941,0.077703552941481277,0.05164607334882021,0.037329914979636669,-0.013383178738877177,-0.071857146918773651,-0.12339733690023422,-0.17169622778892518,-0.21974736750125884,-0.28790183663368224,-0.34985242996897015,-0.38548302153746289,-0.45051353176434833,-0.4868747393290202,-0.48669502564838957,-0.47523083910346031,-0.46508206427097321,-0.45290393829345704,-0.48034232258796694,-0.51322389642397559,-0.52739382783571875,-0.54780466556549068,-0.556345134973526,-0.583659440279007,-0.53109231193860373,-0.48325533810115995
0.0,0.0,0.0,0.0,0.0,0.0,0.0046651116378294928,0.026944081046104688,0.058257934351962422,0.086583673502459671,0.1526237696054436,0.25230163782835008,0.21570729836821556,0.15158398555857794,0.09337207142795835,0.0893639400601387,0.093213996291160589,0.087397655472159386,0.071060836315155029,0.033327066029111542,-0.014575537294149399,-0.07643377284208934,-0.119909243658185,-0.16065003971258798,-0.22284949819246927,-0.2860298752784729,-0.326836097240448,-0.3749174177646637,-0.43381059169769287,-0.49836653045245577,-0.51060412327448523,-0.49404974281787872,-0.47009416669607162,-0.48993921279907227,-0.52625303268432622,-0.54829131364822392,-0.54626032710075378,-0.522682386636734,-0.49421202242374418,-0.50781229680234741,-0.48470694571733475,-0.38824275583028794
0.0,0.0,0.0,0.0,0.0,0.0,0.0,0.0,0.0501308537866563,0.091065230918681531,0.12326532040651028,0.18646321259438992,0.23627258837223053,0.24224789440631867,0.15758470859792498,0.10107869406541188,0.13136716336011886,0.11836711814006169,0.080178571244080857,0.020458034550150234,-0.010310145560652018,-0.072100107868512467,-0.11840755119919777,-0.16629928946495057,-0.21592813233534494,-0.27509510517120361,-0.34890554348627728,-0.43216645220915478,-0.506982433795929,-0.53671728287424358,-0.5257459282875061,-0.51183664798736572,-0.48423954844474792,-0.50023610889911652,-0.55498999357223511,-0.5869308511416117,-0.59524849057197571,-0.5448141230477227,-0.50340175926685338,-0.44789099464049709,-0.37189460794130963,-0.31142341941595075
0.0,0.0,0.0,0.0,0.0,0.0,0.0,0.0,0.0,0.076697019969715785,0.10819214524134346,0.14155259330502965,0.2088827935513109,0.24132770536975426,0.19998670939136953,0.18253097161650658,0.21166411601006985,0.18860346575578055,0.10299249552190304,0.06403612345457077,0.02040696454544862,-0.026857416766385239,-0.10353416800498963,-0.14070118218660355,-0.18817256391048431,-0.23823901762564978,-0.31059099095208303,-0.41549870868523914,-0.5005754828453064,-0.55940403540929162,-0.545838475227356,-0.52470820148785913,-0.51214286684989929,-0.52831855416297913,-0.54773383140563969,-0.571120431025823,-0.57742350442068913,-0.53278552368283272,-0.446267306804657,-0.37240545203288394,-0.290755581524637,-0.2594271367010863
0.0,0.0,0.0,0.0,0.0,0.0,0.0,0.0,0.0,0.0,0.10371902246366847,0.10980247550469358,0.14812891467784842,0.1876702752980319,0.12201783941550688,0.1883419394493103,0.28884491986698574,0.28638229966163636,0.19644675031304359,0.09153546827534835,0.03061849158257246,-0.0046492358669638634,-0.076757599599659443,-0.1242088258266449,-0.13873575627803803,-0.1744891732931137,-0.22851577401161194,-0.33119367559750873,-0.45965231458346051,-0.55453804135322571,-0.55401084423065183,-0.53303329149882,-0.5234663337469101,-0.53956295053164161,-0.58259149392445886,-0.56529636184374488,-0.54777446720335221,-0.4634380108780331,-0.37404578924179077,-0.32723149470984936,-0.30245642299237457,-0.26900254065791768
0.0,0.0,0.0,0.0,0.0,0.0,0.0,0.0,0.0,0.0,0.0,-0.015421718881350591,0.048085015772012414,0.14944079381070638,0.20269859494531856,0.16424928342594819,0.20925784111022949,0.27823777225884522,0.254334207624197,0.15319060906767845,0.050925496034324169,0.0300977835431695,-0.026042906916700304,-0.089279329404234886,-0.10885940641164779,-0.13901852369308471,-0.20133150368928909,-0.2820387125015259,-0.39450204372406006,-0.49173273642857868,-0.51227579514185584,-0.52160399300711491,-0.51076986392339074,-0.56727356910705562,-0.64158840477466583,-0.60610917210578918,-0.53503709369235564,-0.46395311951637269,-0.39483914176623025,-0.37001736462116241,-0.33255797252058983,-0.31492118472638336
0.0,0.0,0.0,0.0,0.0,0.0,0.0,0.0,0.0,0.0,0.0,0.0,-0.026810950382302204,0.043546907061050105,0.14062287350081734,0.18510070985013788,0.17996736875046854,0.20338606515101024,0.26857862940856386,0.21921026044421726,0.10400341264903545,0.050218401849269866,0.021171855833381416,-0.047490196768194437,-0.089835039029518768,-0.10726973166068395,-0.15076926052570344,-0.21213482320308685,-0.29213142395019531,-0.36493009328842163,-0.45926600197951,-0.47348239421844485,-0.47218823432922363,-0.580544908841451,-0.64693326609475277,-0.59238100051879883,-0.52411456240548027,-0.4550243814786275,-0.44354778953960966,-0.3852461739019914,-0.33637164209199988,-0.32341586730696936
0.0,0.0,0.0,0.0,0.0,0.0,0.0,0.0,0.0,0.0,0.0,0.0,0.0,-0.016460250376803744,0.012043152642211664,0.045031688635436558,0.096861599227778761,0.11911609960453851,0.17209580066529187,0.22958605885505676,0.16736476761954172,0.10715209692716599,0.066327396780252457,-0.00276240919317518,-0.076294378067056343,-0.10450644897563118,-0.1260470939534051,-0.16701754289013998,-0.21867299266159535,-0.29509072644369944,-0.39595985909303028,-0.43269204348325729,-0.42371429800987243,-0.52740605388368877,-0.58922862155096867,-0.57273404796918237,-0.54824219644069672,-0.44018857926130295,-0.3963574506342411,-0.35610197236140567,-0.31993263810873029,-0.28995987441804671
0.0,0.0,0.0,0.0,0.0,0.0,0.0,0.0,0.0,0.0,0.0,0.0,0.0,0.0,0.010274394419531362,0.012011452325498263,0.014811967010609805,0.032051906996076143,0.079289221657173975,0.18553038580077036,0.2410610407590866,0.17480998393148184,0.12369797316690286,0.069822997919150767,-0.031205830490216614,-0.087720019476754327,-0.098816436198022634,-0.12890196467439333,-0.16163793206214905,-0.25486693034569424,-0.34596474468708038,-0.37265882641077042,-0.41505677103996275,-0.50758464336395259,-0.58634671143123085,-0.58123546838760376,-0.46208589937951827,-0.36625887155532838,-0.34346742033958433,-0.33100495381014688,-0.28701225974980521,-0.26500629677492027
0.0,0.0,0.0,0.0,0.0,0.0,0.0,0.0,0.0,0.0,0.0,0.0,0.0,0.0,0.0,0.00067701131726304693,0.008908899847845873,0.025276243111775704,0.038497363051204513,0.10260946879332716,0.21865414008498191,0.25526600778102876,0.19708248476187387,0.1151206608523022,0.03606403757691045,-0.050215318015861238,-0.0869655418727133,-0.1120729548856616,-0.13472970078388849,-0.20594856441020965,-0.30217532813549042,-0.33330507079760235,-0.40669283270835876,-0.53736070791880286,-0.5717124342918396,-0.52431272608893253,-0.40550893214013839,-0.34095167368650436,-0.32189140319824217,-0.29939667383829754,-0.26215172133275438,-0.27419023960828781
0.0,0.0,0.0,0.0,0.0,0.0,0.0,0.0,0.0,0.0,0.0,0.0,0.0,0.0,0.0,0.0,0.0,0.028521347162855225,0.027598619448959923,0.022836502399133127,0.083512814323368822,0.21804536272620045,0.24866488141318163,0.20206063985824585,0.1285248465836048,0.0019163766052000797,-0.058566013207802407,-0.0706788081675768,-0.085559726692736149,-0.16228083372116089,-0.24216286092996597,-0.25330716619888943,-0.31028950214385986,-0.43604162931442259,-0.45972660183906555,-0.43287625908851624,-0.3638855516910553,-0.3159612880812751,-0.27148585849338108,-0.25197561085224152,-0.23321164467118002,-0.2653719016483852
0.0,0.0,0.0,0.0,0.0,0.0,0.0,0.0,0.0,0.0,0.0,0.0,0.0,0.0,0.0,0.0,0.0,0.0,0.03422786286544232,0.032403451557560213,0.065636108815670016,0.11262428562374825,0.22277356951304203,0.26609959114681592,0.22312948178677333,0.10355933333436648,-0.027103352759565626,-0.046994196928360245,-0.0614945306442678,-0.10353557579219341,-0.21025875210762024,-0.20944554855426154,-0.24722147583961487,-0.36254376769065855,-0.33342514932155609,-0.33713379999001819,-0.33004363253712654,-0.29253781959414482,-0.2247851469687053,-0.20988241024315357,-0.20894473791122437,-0.23420653424479745
0.0,0.0,0.0,0.0,0.0,0.0,0.0,0.0,0.0,0.0,0.0,0.0,0.0,0.0,0.0,0.0,0.0,0.0,0.0,0.057466770211855568,0.0084140268650116923,0.022258470495279622,0.1014462321923644,0.25307625868628103,0.31024867296218872,0.24534762788701942,0.064654581980513673,-0.012374802434351295,-0.043977322677771248,-0.070083607453852892,-0.170299659882273,-0.18710525706410408,-0.19232385158538817,-0.29703598717848462,-0.23639414831995964,-0.25969881647162968,-0.30292149881521863,-0.2922742409365518,-0.23545800397793451,-0.22315491177141666,-0.2399985757138994,-0.25654794275760651
0.0,0.0,0.0,0.0,0.0,0.0,0.0,0.0,0.0,0.0,0.0,0.0,0.0,0.0,0.0,0.0,0.0,0.0,0.0,0.0,0.0,-0.053824373416305665,0.01218937774040269,0.12795440028732022,0.28735553031718292,0.34382755415780203,0.2070506952702999,0.035944442621257622,-0.012556529670421566,-0.027212249632510874,-0.12750455271452665,-0.17195733636617661,-0.15165406838059425,-0.22674998889366785,-0.20580093264579774,-0.21788381412625313,-0.26107974102099735,-0.25688081383705141,-0.24779417216777802,-0.27467666268348695,-0.29675820138719344,-0.29835323095321653
0.0,0.0,0.0,0.0,0.0,0.0,0.0,0.0,0.0,0.0,0.0,0.0,0.0,0.0,0.0,0.0,0.0,0.0,0.0,0.0,0.0,-0.013971205625178602,-0.03008913263134096,0.048999939216802423,0.1647434105854664,0.33372938364744187,0.33617844320833684,0.13568508795098119,0.015102307845014505,-0.006865521046655396,-0.083093734191996713,-0.14937077462673187,-0.12939400970935822,-0.23955494165420532,-0.20498313382267952,-0.21596667729318142,-0.21703916043043137,-0.22628921270370483,-0.25298941632111865,-0.28521605829397839,-0.30547687411308289,-0.29794023558497429
0.0,0.0,0.0,0.0,0.0,0.0,0.0,0.0,0.0,0.0,0.0,0.0,0.0,0.0,0.0,0.0,0.0,0.0,0.0,0.0,0.0,0.0,0.0,-0.068909202398014971,-0.088516556363885793,0.14139973610484352,0.34372801001709286,0.29560676962137222,0.078585628694032919,0.0054912890012089452,-0.030776190867816858,-0.11251440023382504,-0.10293954610824585,-0.24912474676966667,-0.237097995976607,-0.21531437933444977,-0.20764991268515587,-0.20741788744926454,-0.25402308627963066,-0.28348765522241592,-0.28528542816638947,-0.25737964548170567
0.0,0.0,0.0,0.0,0.0,0.0,0.0,0.0,0.0,0.0,0.0,0.0,0.0,0.0,0.0,0.0,0.0,0.0,0.0,0.0,0.0,0.0,0.0,-0.13441746433575949,-0.048475707813920528,-0.012595310144472478,0.1929263885721404,0.32847524154931307,0.19437426291406154,0.036691995686851442,0.00570192102168221,-0.0568487819816385,-0.049953376670600846,-0.24234119057655335,-0.24415137618780136,-0.1941472589969635,-0.18427655696868897,-0.20240885205566883,-0.25342397391796112,-0.27094161510467529,-0.25848841170469922,-0.24177682648102442
0.0,0.0,0.0,0.0,0.0,0.0,0.0,0.0,0.0,0.0,0.0,0.0,0.0,0.0,0.0,0.0,0.0,0.0,0.0,0.0,0.0,0.0,0.0,0.0,0.044837382027449517,0.039658220398705452,0.025155481420207158,0.21604597667853037,0.25253101510386311,0.10446116240585551,0.033698634554942451,0.0084217778957364226,0.0012414928060024977,-0.17601610124111175,-0.24279064436753592,-0.1769505798816681,-0.16080425977706908,-0.18659295567444392,-0.2332418461640676,-0.25295222699642184,-0.25672539571921033,-0.26079121232032776
