SouthSea_Web/demo/jsonfile/2017-12-14-08.json
{"header": {"parameterUnit":"m.s-1","parameterNumber":2,"dx":0.1,"dy":0.1,"parameterNumberName":"Eastward current","la1":29.0,"la2":12.0,"parameterCategory":2,"lo2":131.0,"nx":250,"ny":171,"refTime":"2017-12-14T07:58:07.5","lo1":106.0}, "data":
[rows 95 to 113 of 171, columns 42 to 83 of 250]
0.0,0.0,0.0,0.0,0.0,0.0,-0.090825228165733449,-0.262774799921317,-0.32969391062146142,-0.31939255437631714,-0.36461454492348894,-0.40277334560047495,-0.43130400093893212,-0.3966335675546101,-0.40595461820301254,-0.41918113285844977,-0.43522419558989034,-0.417561552103828,-0.37145055970177054,-0.31225937884300947,-0.31777123097450505,-0.43833855589230858,-0.56402848362922664,-0.668020525882984,-0.65844147801399233,-0.50976585569205113,-0.38134901071416921,-0.37112177213033043,-0.37591860017606188,-0.4551838195323944,-0.43808100159679142,-0.35687623421351117,-0.34062051883450262,-0.35278775418798131,-0.42426011392048429,-0.49396079557913319,-0.53289695649311464,-0.51046138891467341,-0.48468699023641387,-0.493780724131144,-0.51652872333159816,-0.54908353090286255
0.0,0.0,0.0,0.0,0.0,-0.12674005632906887,-0.22230099733854397,-0.34789723254019217,-0.38237832044251263,-0.38801610016304516,-0.398317960843648,-0.4245460103858601,-0.42255706489086153,-0.39765295454046945,-0.41816870048642157,-0.43907639963759315,-0.44970415494380855,-0.36398340109735727,-0.27285860569188092,-0.315350424378149,-0.36338688333829244,-0.57987492351696412,-0.6455359411239624,-0.6579301570143018,-0.54543871780236564,-0.41182752119170296,-0.35220336803683527,-0.32895658653357934,-0.3991206394774573,-0.461513653949455,-0.46092347907168524,-0.41809333364168805,-0.38892347881427181,-0.40330456583588209,-0.46403648828466731,-0.50351643103819632,-0.5207388224425139,-0.4999789526829353,-0.45807323604822159,-0.41633474368315476,-0.400808076773371,-0.44377438337714586
0.0,0.0,0.0,0.0,-0.039826532706766476,-0.20280564397570047,-0.3386005392121203,-0.39139504824484977,-0.41186670931902797,-0.42025605092446011,-0.4163479011724977,-0.37900019039710364,-0.378343902528286,-0.37497412142428482,-0.37965527957394007,-0.42888486523960911,-0.39947587612903479,-0.28644986748695372,-0.30674606561660767,-0.38993187745412189,-0.55960843063169907,-0.58525149949959343,-0.60155690599370881,-0.51661710800795724,-0.41656582270349773,-0.34473294445446562,-0.33088620263954688,-0.35536370012495255,-0.43880340244088856,-0.46405437478312739,-0.46570074238947462,-0.40407537862106607,-0.34850397599594934,-0.35544023875679287,-0.44516503691673281,-0.51836515135235262,-0.5172326026054529,-0.48519761434623171,-0.44327455142448691,-0.37139999064115375,-0.30333947031586256,-0.31198342832235187
0.0,0.0,0.0,0.0,-0.13298562299330821,-0.27545024145324276,-0.33786238970295074,-0.39722063333269148,-0.44754055976867674,-0.43460543436162613,-0.42098754074643641,-0.426627268748624,-0.41190028305237109,-0.41171033003113489,-0.35696599396263679,-0.33073432139448217,-0.25548345802558792,-0.2630363634654454,-0.367706966586411,-0.4333389226732583,-0.54096057824790478,-0.59423055936550273,-0.52305903619733352,-0.42973660650076689,-0.37646416651791542,-0.33787659874984194,-0.36214622216565268,-0.38904017529317308,-0.40685563247937423,-0.45815920057120146,-0.43059782896723064,-0.36708430258127361,-0.32091538820947918,-0.37456898115299364,-0.46498396992683411,-0.51605942125978144,-0.48299175386245435,-0.48256613314151764,-0.43775222897529603,-0.37358210768018452,-0.28747346224608245,-0.24353760891947254
0.0,0.0,0.0,0.0,-0.1865490550621568,-0.31536262051055308,-0.4109888038574121,-0.43546842560172083,-0.44358613342046738,-0.42789719708554158,-0.4306993073141071,-0.40891684045394261,-0.34954032970934495,-0.33667461392356129,-0.31691573596582179,-0.2547483891248703,-0.24645950409926867,-0.3547767198854877,-0.49496310353279116,-0.56758035674239649,-0.585248528949676,-0.54834707826375961,-0.45526111523310342,-0.40181956414518682,-0.37401552884667005,-0.35915265720466089,-0.34083169809094183,-0.31158382914684435,-0.38945558004909092,-0.40764486576829639,-0.36032424228531973,-0.30383484005928041,-0.28395627494211551,-0.36523879745176863,-0.45614844781381114,-0.46329705357551576,-0.39757027268409728,-0.37444802799395155,-0.35531166728053776,-0.34784958025683527,-0.30419745489403055,-0.22848733858420298
0.0,0.0,0.0,-0.11090579628722654,-0.25860296831654273,-0.33148780646847514,-0.3892105996608734,-0.400858728061045,-0.38934908243058952,-0.38073405772447588,-0.34888666642434668,-0.34962119792516416,-0.33911926007789112,-0.31078205837143791,-0.285027896746611,-0.29965648675958317,-0.44521468204836689,-0.54490692387608919,-0.58176421593217287,-0.58949642796670232,-0.55608084691422321,-0.4288281099870801,-0.374162919819355,-0.36875637261955824,-0.39711578755543148,-0.35628335865644306,-0.27761325870568937,-0.31820639755044666,-0.36128012262857878,-0.30840958378933092,-0.24164558361683572,-0.19782659239493883,-0.2131404717053686,-0.289206666526971,-0.36521207647664206,-0.37908518314361572,-0.3457616225436882,-0.34637027520399827,-0.34029882802413058,-0.32038325390645434,-0.29070399284362791,-0.21258286100167495
0.0,0.0,0.0,-0.13280301113972642,-0.22843288506945253,-0.3189751447523041,-0.35003750668517475,-0.41800897896289824,-0.47760930020832321,-0.45012103582357432,-0.42314756558491634,-0.32353914485258217,-0.28414098432530527,-0.35249735380327979,-0.42077366337180139,-0.46802753891263688,-0.47076681962138728,-0.48626461625099182,-0.49817205739743781,-0.518799749287692,-0.45793983872447697,-0.37177287042140961,-0.35566378335158028,-0.37320632913282942,-0.36711880785447581,-0.29664833471179008,-0.2498627927686487,-0.30738451331853867,-0.30563886357205255,-0.24437361038648164,-0.17348145334808915,-0.11804716862165011,-0.13210346842450754,-0.2056591546535492,-0.28967834822833538,-0.32592527224467349,-0.35945161947837245,-0.36860394592468554,-0.34251920819282533,-0.3066359976163277,-0.26058138620394927,-0.19585745657483736
0.0,0.0,0.0,-0.07440385465029839,-0.29884363951360116,-0.35944378415428141,-0.41026573829324525,-0.44656775842110313,-0.44247057616153612,-0.33848175651664975,-0.34979679801706542,-0.32156316757202147,-0.2969483844935894,-0.368152307836633,-0.37604363141833125,-0.42525246739387512,-0.46369218004160911,-0.48023472260683775,-0.47982201086623327,-0.41959944473845617,-0.34823353588581085,-0.32816573338849203,-0.34772408221449169,-0.37886243207114084,-0.32593950739613287,-0.26906418303648633,-0.26767358822481974,-0.26915156898590237,-0.27497075557708739,-0.22580325106779733,-0.14331587936197007,-0.076733824908733372,-0.086094513535499573,-0.15154346623099768,-0.2326908473457609,-0.29126813883582753,-0.33172515837045818,-0.37297484278678894,-0.36256000951484396,-0.3181364178657532,-0.24856257385441236,-0.1939386140022959
-0.074001185595989227,-0.045589538159924496,-0.12325201266128605,-0.29938411823496336,-0.35165936763058164,-0.41292439511669871,-0.43578626411239596,-0.39440322993323207,-0.33226244630069907,-0.35727573286842657,-0.374401679326748,-0.38603587283028495,-0.38525701223350151,-0.38030563933508738,-0.38827134140076175,-0.42883363275816944,-0.42228120458977564,-0.41610605966660286,-0.39397640474911394,-0.36446609986679895,-0.32398046127387453,-0.34977558361632483,-0.34559531454686765,-0.3301341202523973,-0.279993114563135,-0.27367252054122776,-0.24100386321544648,-0.25824621372989248,-0.26033600833680892,-0.20748379498720168,-0.11598589988770308,-0.064964391015194078,-0.092161855732019127,-0.15453898638486863,-0.21411223709583283,-0.2669980525970459,-0.31259118937529051,-0.35321595050670485,-0.35165761709213256,-0.30988905153104235,-0.24456467603643736,-0.20208307541906834
-0.086616252918253867,-0.14492684094926248,-0.35815404470190104,-0.4153352333649164,-0.41042353390797359,-0.4011400466163953,-0.39621853219089009,-0.39518566664896515,-0.38801456134296158,-0.42568889132567816,-0.4476192043377803,-0.42922901908556621,-0.38295584054369675,-0.3571351556216969,-0.33844839874655008,-0.38919959337480609,-0.38723481402677651,-0.3466493394868127,-0.30276957473584581,-0.27655261754989624,-0.30765612809746351,-0.3545022425906999,-0.34841042315518417,-0.26623093254036373,-0.20492069661617279,-0.23862439127905027,-0.23805703509312409,-0.26831370076307881,-0.24701481369825509,-0.12114998964326722,-0.01867994376073551,-0.037464849428152258,-0.0986596315812606,-0.17218102073227917,-0.21371337354183198,-0.25087625861167906,-0.28352601647377013,-0.28875548286097391,-0.2729779487406766,-0.26279034217198688,-0.2314175122976303,-0.18625573751827082
-0.18664220665732331,-0.376194400569982,-0.4520408214535564,-0.45292739907475504,-0.43300342580320639,-0.39960786168391887,-0.43937995132332142,-0.45743504365285237,-0.44206023812294004,-0.43558577711765584,-0.42207478853159175,-0.40094126070418007,-0.36131875344685144,-0.3215487701818347,-0.34124991393858389,-0.34218847174798289,-0.31594133685375081,-0.27224663645029068,-0.23161383026412555,-0.23556388222745486,-0.24846568482893486,-0.22011566658814749,-0.24428864052662483,-0.18341474097084115,-0.16132521572021338,-0.18578130068878332,-0.19833317604558221,-0.15484696399906409,-0.1127629157293726,-0.071667370601342276,-0.044356961734592915,-0.056682308132831864,-0.072585129075580179,-0.13110162919530502,-0.19917584183039488,-0.24092172265052794,-0.24178769687811533,-0.23510820515777753,-0.25264182916054356,-0.26803384555710685,-0.24048849301678793,-0.20350337550044059
-0.36955858589173057,-0.44376592552471328,-0.48004709254257033,-0.46368414663768315,-0.42541073279918273,-0.45738204584039494,-0.47156072009998151,-0.42734753031308959,-0.42228666626954381,-0.39664466908344853,-0.3809204157008681,-0.32301184797988219,-0.242419614456594,-0.22490387435617118,-0.24761019852654687,-0.23644555945481574,-0.23043463538799966,-0.20280522935920292,-0.14978946638958796,-0.13239077368268259,-0.13990567265837281,-0.1619133731493583,-0.13869297918346193,-0.10416704028844834,-0.11747933694949517,-0.13163385126325819,-0.13292591646313667,-0.099909050459111179,-0.034991758902413912,-0.0185197012928816,-0.040926319101582405,-0.029627099710827071,-0.040120155327022074,-0.08117536321282387,-0.14453703358217521,-0.20260693629582724,-0.203235425055027,-0.19914010453682679,-0.22320080578327178,-0.24409251660108566,-0.2444262758773916,-0.22246797581513722
-0.40522208435226786,-0.43405705333011307,-0.45488897716668752,-0.40432612277716823,-0.44344513009715553,-0.4340033161460905,-0.45381411527274945,-0.40570732754356459,-0.44190537879864372,-0.38009969853773351,-0.26580698291460675,-0.17914622326691945,-0.18446383146303041,-0.232807294048112,-0.21434777459272972,-0.18820776641368867,-0.16909049212932586,-0.14445307265434945,-0.12517037029777253,-0.13685822841666995,-0.15222420046726862,-0.15456885578376906,-0.14260167062282561,-0.10671654623001814,-0.066224798959280767,-0.077324644972880677,-0.085803418159484862,-0.060738791066866651,-0.048202911796777145,-0.037430014819479905,-0.0068846960086375473,0.030220758944304416,0.011588007027748972,-0.03376683646153348,-0.093896630304780876,-0.14895775883148113,-0.18156213993611542,-0.18464080041105097,-0.19578146320932052,-0.22238199015458424,-0.24217772058078221,-0.24162605901559195
-0.46493154645559209,-0.49802768089705041,-0.50123254127982186,-0.50991249468366984,-0.55649357081345907,-0.47024862097285469,-0.45231871664524076,-0.46217598293868589,-0.35445689691437615,-0.20390739866665431,-0.15198409268932958,-0.15695743205455634,-0.17976000518710525,-0.19208787143230438,-0.16821703314781189,-0.15636632084846497,-0.15849895536899566,-0.13442726046950729,-0.11785118669271469,-0.12317826942755626,-0.14377287806322178,-0.1594997334938783,-0.14739619009196758,-0.10407088954861347,-0.062711429744958871,-0.065763767653455332,-0.071919025646315679,-0.076216962188482285,-0.071264017522335049,-0.035489250821146096,-0.0097107995090828757,0.0021766216627189089,-0.032092376262880862,-0.0925388035364449,-0.14341972768306732,-0.1871883351551859,-0.21084197479135849,-0.21316120992688573,-0.1959508736928304,-0.205434116934027,-0.23638992126171404,-0.25032570399343967
-0.46940675434432449,-0.55073555087963477,-0.541386809754879,-0.55372631122437554,-0.55524069083390859,-0.4889001884243705,-0.411176031598678,-0.29779039989126488,-0.15958663182599203,-0.12601053631967968,-0.14080803871154785,-0.14354244193860463,-0.15431966919165391,-0.17952674351356648,-0.1799694826560361,-0.15800994953938893,-0.15470034150140627,-0.126473853630679,-0.13449138030409813,-0.15985973715782165,-0.19820444131719656,-0.20160642094337022,-0.16765787303447724,-0.11638313503219532,-0.086007969677448268,-0.0919178808512895,-0.096666047754495041,-0.10934653100760086,-0.1138969710604711,-0.11626181183826356,-0.11839776262640953,-0.13149892278015612,-0.14084500348881671,-0.18480560340379415,-0.21948305610567331,-0.2263606172055006,-0.22704038130385534,-0.22268335620562235,-0.20984340210755667,-0.211601742853721,-0.22582586295902729,-0.24436462670564652
-0.50763094735882,-0.5985492452566803,-0.520542088482115,-0.51209253724231274,-0.44245247478070465,-0.3937039339059108,-0.2698298215866089,-0.17675317778731836,-0.14108451841206388,-0.12969067066907883,-0.12875578800837198,-0.14764145282762392,-0.17659272459046593,-0.1869170782821519,-0.18644707703164645,-0.1790789147572858,-0.17032779802878698,-0.160246946981975,-0.17251985732998168,-0.21730762720108032,-0.25139312503429562,-0.24093401698129519,-0.20365629911422731,-0.1462006965386016,-0.13015857630449793,-0.14281878403077522,-0.15102822488794723,-0.16462985290722412,-0.171926634652274,-0.17671771347522736,-0.16242061331868171,-0.16458477545529604,-0.16097155739279354,-0.18263028282672167,-0.17996949056784312,-0.15516672432422637,-0.15628929321582502,-0.17670136243104934,-0.2052153175075849,-0.2143095638602972,-0.21899630555084773,-0.23077309131622315
-0.5047363688254497,-0.58044823932360456,-0.53037215606139521,-0.43967406234393519,-0.36953523382544518,-0.2482760465422342,-0.16585888690315187,-0.12089997033278148,-0.13188997598794791,-0.15210588047137627,-0.14957795112297453,-0.15219253727367946,-0.17077852178502967,-0.18717589013038144,-0.2020153364827556,-0.18748581781983376,-0.1700291378844169,-0.1912843836792584,-0.23087550411301275,-0.28881005120688469,-0.304413440823555,-0.27799685070147884,-0.23350878006645612,-0.18718897358134942,-0.17336636722087861,-0.16636248052120209,-0.15210268095783566,-0.15151605577695937,-0.15378080237479436,-0.166690457808344,-0.15331088673127324,-0.16258991758028665,-0.19178600195381376,-0.22825675670589721,-0.23492424190044403,-0.19590900714198747,-0.15825991603461179,-0.15628650107166983,-0.17842844128608704,-0.18911527522972652,-0.19882121682167053,-0.21916034320990244
-0.44375482896963753,-0.51341794553350228,-0.50388198704631237,-0.38454517333403876,-0.253514409490994,-0.18707518022635888,-0.1480013546347618,-0.12123763726817237,-0.1484519692936114,-0.182232692323882,-0.17016486535149236,-0.15382978577038337,-0.14883840164622744,-0.1628496651396607,-0.20218212541305658,-0.20242853090167046,-0.21732534588994207,-0.27134506720485108,-0.32402896158622974,-0.35338882424614648,-0.33890658797639789,-0.27120823390556104,-0.22281346495809226,-0.18713144958019257,-0.17060539355644813,-0.15326260775327683,-0.15605844060579935,-0.16458147764205933,-0.1791383765992664,-0.16529188127744765,-0.14138856177267276,-0.17154384963214397,-0.2054607474378177,-0.24003316036292485,-0.24580921003451714,-0.21300576627254486,-0.1619594544172287,-0.12796532445483738,-0.12456595338881016,-0.13653296870844706,-0.166778165102005,-0.20224061608314514
-0.41052778530865908,-0.36793116245950969,-0.38814246058464053,-0.31269102593262993,-0.21009446879227955,-0.17532175034284592,-0.15575813695236487,-0.14191656863247906,-0.16370582332213721,-0.17346384841948748,-0.16437750660321293,-0.14325042255222797,-0.14149167409964969,-0.16717150807380676,-0.1988200917840004,-0.23110341032346091,-0.31443577673700118,-0.37240394714631531,-0.3914333707407901,-0.36755561015822669,-0.32854119135487464,-0.27297550638516743,-0.22479505737622579,-0.18076846209065667,-0.151555490813085,-0.15712394336095223,-0.17587740948567024,-0.20094414353370665,-0.20715071426497567,-0.19247977528721094,-0.1731068566441536,-0.19582991302013397,-0.19540693958600361,-0.1826951916401203,-0.17217552255500446,-0.14217691197991372,-0.11391150951385498,-0.087815673814879522,-0.080360642323891326,-0.090000296632448837,-0.1269303634762764,-0.16851957514882088
