SouthSea_Web/demo/jsonfile/2017-12-15-07.json
{"header": {"parameterUnit":"m.s-1","parameterNumber":3,"dx":0.1,"dy":0.1,"parameterNumberName":"Northward current","la1":29.0,"la2":12.0,"parameterCategory":2,"lo2":131.0,"nx":250,"ny":171,"refTime":"2017-12-15T07:01:52.5","lo1":106.0}, "data":
[rows 95 to 113 of 171, columns 172 to 214 of 250]
-0.033328634531547628,-0.073150412365794185,-0.096295928789509669,-0.11022711545228958,-0.11084141901561193,-0.12806272692978382,-0.12358587483565013,-0.094887187083562211,-0.045224853325635195,0.025295544881373644,0.0881849080324173,0.11568935215473175,0.12393209089835484,0.14157608896493912,0.16885744531949362,0.20163339376449585,0.22524577379226685,0.22853077203035355,0.23638266324996948,0.22202746570110321,0.21325157582759857,0.2307937890291214,0.24847296625375748,0.25827956199645996,0.25382235646247864,0.23079629242420197,0.2048272043466568,0.17958985269069672,0.16401612758636475,0.0,0.14855742454528809,0.15367528051137924,0.18889623135328293,0.0,0.24662825465202332,0.31279146671295166,0.34152093529701233,0.37583482265472412,0.39938840270042419,0.44411447644233704,0.48359212279319763,0.0,0.44065269827842712
-0.034027566371316258,-0.060752684758468109,-0.066756535735395223,-0.074142528490887746,-0.085714223980903628,-0.0928577572107315,-0.10469299554824829,-0.059659245889633894,-0.015613086133574447,0.048918134222428,0.098934382200241089,0.12056150659918785,0.12218984464804332,0.13387300074100494,0.14959417283535004,0.17789213359355927,0.20146831125020981,0.20234358310699463,0.21026462316513062,0.19598750770092011,0.20141278207302094,0.20934471487998962,0.23042245209217072,0.2549319863319397,0.25258246064186096,0.22109013795852661,0.19428983330726624,0.17239025235176086,0.14549512416124344,0.14217093586921692,0.13171850144863129,0.13638210296630859,0.15617349743843079,0.20618706196546555,0.25060424208641052,0.29042401909828186,0.38498455286026,0.43709641695022583,0.46310558915138245,0.47813934087753296,0.486326664686203,0.44457204639911652,0.0
-0.04989360657831033,-0.052434251457452771,-0.039990482479333879,-0.042422119062393904,-0.0640010063846906,-0.05799239811797937,-0.046718121506273746,-0.015288126965363821,0.035685915313661096,0.074797590573628739,0.11271725222468376,0.12862703949213028,0.12599930167198181,0.13201677799224854,0.13322006165981293,0.15832510590553284,0.16936172544956207,0.16593721508979797,0.17301791906356812,0.16652724891901016,0.17236355692148209,0.19989557564258575,0.22340276837348938,0.24188029766082764,0.23707447201013565,0.20509615540504456,0.1715553030371666,0.14879487454891205,0.0,0.10362975671887398,0.10617075860500336,0.10169673711061478,0.15357024967670441,0.21082336455583572,0.28003972768783569,0.33943746984004974,0.0,0.44258897006511688,0.48113039135932922,0.48179477453231812,0.473436564207077,0.44603931903839111,0.40644773840904236
-0.02926318692334462,-0.052093153819441795,-0.035086218888560929,-0.016017840144091418,-0.027624552138149738,-0.014478190369637949,0.018005580330888431,0.046315819025039673,0.078654300421476364,0.093734670430421829,0.11690013855695725,0.1262016991774241,0.12673822045326233,0.12603935226798058,0.12395737320184708,0.13570032517115274,0.13693380355834961,0.1450699158012867,0.13343299180269241,0.14540141820907593,0.14680947363376617,0.17550099641084671,0.19734963774681091,0.21364250779151917,0.2048238068819046,0.18761074542999268,0.0,0.13127156347036362,0.10385516285896301,0.083494499325752258,0.07814875990152359,0.10389041900634766,0.0,0.19754962623119354,0.29958605766296387,0.34779605269432068,0.41873824596405029,0.0,0.49490194022655487,0.47245687246322632,0.45043358206748962,0.42906862497329712,0.39961028099060059
0.05144711366544167,0.010235741016610215,-0.00088572081100816524,0.008708669635881152,0.028334260785153935,0.0455292264620463,0.06857384989658992,0.091234836727380753,0.092350251972675323,0.092783534899353981,0.10598218192656835,0.12243344634771347,0.12934908270835877,0.12643507619698843,0.12676294893026352,0.12502382695674896,0.11440616349379222,0.11233565211296082,0.10479477792978287,0.11898787319660187,0.13854335248470306,0.14559133350849152,0.18026110529899597,0.17975099384784699,0.0,0.15938447415828705,0.13990912586450577,0.11011509597301483,0.086817830801010132,0.062275808304548264,0.075054198503494263,0.096124731004238129,0.1424659788608551,0.24708600342273712,0.25953599810600281,0.37117698788642883,0.44473254680633545,0.4913012683391571,0.0,0.49298647046089172,0.44598877429962158,0.0,0.41287976503372192
0.094329695217311382,0.071939498472672239,0.062714852054010742,0.050137464784913592,0.069705813058785024,0.088809765875339508,0.10910093225538731,0.10371804237365723,0.095762431621551514,0.090928308665752411,0.10770974059899648,0.13222868740558624,0.13647611439228058,0.13486484189828238,0.13466796278953552,0.12399670109152794,0.10918854922056198,0.090972043573856354,0.091112673282623291,0.10587769746780396,0.12151743099093437,0.13625480234622955,0.14749951660633087,0.14093878120183945,0.162387877702713,0.1288270503282547,0.12505030632019043,0.098668128252029419,0.067320955917239189,0.055161807686090469,0.0,0.082363829016685486,0.12724657729268074,0.20958203077316284,0.32997524738311768,0.0,0.43593481183052063,0.47326195240020752,0.48617413640022278,0.46993407607078552,0.45780691504478455,0.43199700117111206,0.0
0.11638717306777835,0.11457054448478363,0.12112622775814751,0.11686558090150356,0.13031336251232359,0.1518981953461965,0.1396105041106542,0.1134105200568835,0.09767596423625946,0.10282797366380692,0.12968977292378744,0.14209076762199402,0.14399224519729614,0.14232692867517471,0.13069040328264236,0.11132184788584709,0.094905238598585129,0.078562386333942413,0.091069705784320831,0.10057289898395538,0.11113865673542023,0.1103069968521595,0.12204526364803314,0.11551740765571594,0.12490493431687355,0.10147549211978912,0.090499341487884521,0.084328658878803253,0.055045418441295624,0.044962696731090546,0.052509833127260208,0.0,0.13483020290732384,0.2112494707107544,0.29318735003471375,0.39432674646377563,0.0,0.44755974411964417,0.46236863732337952,0.45365980267524719,0.4576011598110199,0.43005163967609406,0.42424637079238892
0.15523485187441111,0.16374190677614772,0.19341258066041128,0.20063817365603012,0.20099958777427673,0.18492601173264639,0.15152589231729507,0.12136710435152054,0.11650092154741287,0.12325332313776016,0.14181365569432577,0.13819006085395813,0.138395756483078,0.13032392412424088,0.11471924930810928,0.083262309432029724,0.071950450539588928,0.0633537694811821,0.08276689425110817,0.1029624417424202,0.10791761055588722,0.0,0.10191018134355545,0.10993734002113342,0.099858522415161133,0.087397575378417969,0.05827224999666214,0.034212306141853333,0.029287549667060375,0.031380318105220795,0.026202630251646042,0.067516041919589043,0.0,0.20493241399526596,0.28964149951934814,0.37109167873859406,0.43538239598274231,0.0,0.45581318438053131,0.450258731842041,0.0,0.42392575740814209,0.41261494159698486
0.23983965112882502,0.2355301296338439,0.24616228602826595,0.2544965549157216,0.22512816265225411,0.18299583239214762,0.14387020042964391,0.12768537302811941,0.12724797179301581,0.13533507784207663,0.13121802918612957,0.12208973243832588,0.11434349417686462,0.098329164087772369,0.07628834992647171,0.072300051649411515,0.06165209598839283,0.071090016514062881,0.0910707414150238,0.10317296534776688,0.098642241209745407,0.097074214369058609,0.079472079873085022,0.08812636137008667,0.066046340391039848,0.059453632682561874,0.030928844586014748,0.00478123314678669,-0.014165797736495733,-0.014164487831294537,0.01125749759376049,0.037149909883737564,0.13008815050125122,0.21725597977638245,0.0,0.33932596445083618,0.40749374032020569,0.44374674558639526,0.0,0.44421517848968506,0.42451915144920349,0.41876721382141113,0.3984314501285553
0.3168122500181198,0.29805860718091332,0.28141143172979355,0.26178381890058516,0.2100041595598062,0.16105878565992629,0.13799956440925598,0.12567115823427835,0.12314969152212144,0.1258012130856514,0.11388726035753886,0.095861718058586121,0.083972044289112091,0.061986254528164864,0.051117515191435814,0.056004386395215988,0.059583118185400963,0.072641637176275253,0.085937868803739548,0.095884755253791809,0.072699829936027527,0.077766101807355881,0.048973795026540756,0.054976843297481537,0.044224701821804047,0.019409313797950745,-0.0012210591230541468,-0.036537684500217438,-0.050389483571052551,-0.045223742723464966,-0.0040081795305013657,0.057363305240869522,0.11162827908992767,0.20302048325538635,0.29735742509365082,0.0,0.37845906615257263,0.41851818561553955,0.44124114513397217,0.43506062030792236,0.43560174107551575,0.40612643957138062,0.0
0.35250900607360036,0.3298583862028624,0.27750065177679062,0.22053450452429907,0.17136430740356445,0.14286921918392181,0.12803619354963303,0.11903262510895729,0.11575708786646526,0.11002044379711151,0.096371223529179886,0.069182636837164566,0.053083973005414009,0.038417592644691467,0.040803678333759308,0.041737515479326248,0.054075026884675026,0.062252605954806008,0.072383534163236618,0.083281233906745911,0.08402927964925766,0.054813843220472336,0.024433275684714317,0.017141413409262896,0.017732884734869003,-0.0072563504800200462,-0.035378731787204742,-0.075116168707609177,0.0,-0.070251300930976868,-0.012298271991312504,0.053129751235246658,0.11340587586164475,0.17327210307121277,0.26985687017440796,0.36142155528068542,0.0,0.39766418933868408,0.43124955892562866,0.44347530603408813,0.42878538370132446,0.42839279770851135,0.39808821678161621
0.33043281379200162,0.33535401150584221,0.24408957455307245,0.16556941717863083,0.15294446216689217,0.14296504706144333,0.12636512890458107,0.11679750556747119,0.10574069432914257,0.085808853308359787,0.074441440403461456,0.043257548163334526,0.036478680558502674,0.033551795408129692,0.031075729057192802,0.034496068954467773,0.035920131020247936,0.0354698458686471,0.04222884401679039,0.06284792100389798,0.063886344432830811,0.0433132816106081,0.017413429915905,-0.020433356985449791,-0.040487587451934814,-0.051712023094296455,-0.0696636363863945,-0.095926776528358459,-0.095182649791240692,-0.036368384957313538,-0.022181587293744087,0.043330967426300049,0.14793384075164795,0.23968338966369629,0.25545108318328857,0.32985074818134308,0.3867466151714325,0.0,0.41703906655311584,0.0,0.42899996042251587,0.40771520137786865,0.0
0.28078741185805378,0.32049692027709065,0.23520472248395283,0.17416228697850153,0.1581886038184166,0.13924470841884612,0.12079310789704323,0.11759324967861176,0.096147291362285614,0.061019523069262505,0.038663034327328205,0.015475962000588575,0.027129894122481346,0.031859340146183968,0.030608309432864189,0.015452228486537933,0.01017023173335474,0.010021635331213474,0.012710458599030972,0.039581730961799622,0.030529342591762543,0.0031153727322816849,-0.0086194174364209175,-0.0414245780557394,-0.063934773206710815,-0.08541405200958252,-0.10806285589933395,-0.10579057410359383,-0.089251726865768433,-0.056668799370527267,0.0320538729429245,0.0,0.11486530676484108,0.21884572505950928,0.0,0.29462364315986633,0.35466372966766357,0.38929277658462524,0.40576684474945068,0.4030088484287262,0.41269546747207642,0.0,0.38939467072486877
0.27990581989288332,0.29727550409734249,0.2439733799546957,0.19309088786443074,0.15858221054077148,0.12784221602810753,0.098777972989612162,0.097723756730556485,0.063929191790521145,0.031155670061707497,-0.0047222590073943138,-0.00949160490805904,0.01519640302285552,0.021103124134242535,0.018552999012172222,-0.0028353980742394924,-0.0054202284663915634,-0.021106500644236803,-0.013280525454320014,0.003561702324077487,-0.0073948916979134083,-0.031756267882883549,-0.0551048181951046,-0.075693603605031967,0.0,-0.095683716237545013,-0.10980827361345291,-0.11855628341436386,-0.082954198122024536,-0.036472268402576447,0.020470865536481142,0.087544597685337067,0.0,0.19357888400554657,0.28043094277381897,0.0,0.32022067904472351,0.38235372304916382,0.41219767928123474,0.39646458625793457,0.40901422500610352,0.391593873500824,0.39869257807731628
0.31024568488723353,0.30110647082328795,0.253563922829926,0.19303853695209211,0.16088699425260225,0.12032749596983194,0.07739954292774201,0.049416253250092267,0.014588973911789557,-0.016571651212871075,-0.041798929994304977,-0.035950960591435432,-0.0082072500663343817,0.0045594195835292339,0.0085478113032877445,-0.0060892385081388056,-0.025760817341506481,-0.057580159977078438,-0.057540392503142357,-0.029043504036962986,-0.041702212765812874,-0.057219687849283218,-0.0753353163599968,-0.086784891784191132,-0.097025029361248016,0.0,-0.11611732840538025,-0.11854889243841171,-0.062908954918384552,-0.017227020114660263,0.0053118569776415825,0.063701346516609192,0.13567961752414703,0.15987634658813477,0.23805312812328339,0.32803511619567871,0.0,0.37012296915054321,0.0,0.40502968430519104,0.41652292013168335,0.0,0.40227204561233521
0.29398962706327436,0.26878374026102181,0.24171910683314005,0.18852146367232006,0.14691389013420453,0.09547418769862917,0.049076194475804059,-0.00864734168862924,-0.039889621548354626,-0.052285821487506233,-0.058086424134671688,-0.054136715829372406,-0.025970637798309326,-0.012040983012411743,-0.0047658605835749768,-0.024322219658643007,-0.053197082132101059,-0.076419509947299957,-0.066655412316322327,-0.050541164353489876,-0.069208905100822449,-0.09202103316783905,-0.09852941706776619,-0.099982336163520813,-0.10928560048341751,-0.12545977532863617,-0.13277532905340195,0.0,-0.093724392354488373,-0.035514399409294128,0.0,0.055839516222476959,0.12680955231189728,0.187727689743042,0.20626834034919739,0.29646521806716919,0.35717916488647461,0.37453606724739075,0.40248692035675049,0.0,0.40733298659324646,0.39588743448257446,0.36706036329269409
0.26630782335996628,0.22764678064145541,0.1929500541266273,0.15454638793187983,0.11127000035984176,0.057777998460964722,0.01548070675926283,-0.024579283082857728,-0.047153166495263577,-0.058810446411371231,-0.062111878146727882,-0.052453741431236267,-0.039954317112763725,-0.029659141786396503,-0.024876657873392105,-0.046305416151881218,-0.063635583966970444,-0.083410333842039108,-0.078779127448797226,0.0,-0.0762234553694725,-0.0959484726190567,-0.11144270375370979,-0.13144271075725555,-0.13676850497722626,-0.13779918849468231,-0.14981800317764282,-0.1203158050775528,0.0,-0.061445552855730057,0.029865878634154797,0.0,0.11187246441841126,0.1716725081205368,0.0,0.29548797011375427,0.0,0.37012431025505066,0.39452558755874634,0.41117113828659058,0.40738850831985474,0.37541133165359497,0.0
0.24635057648022971,0.20386663692839005,0.15309796219362931,0.11803240416681066,0.09313469462924534,0.055885114114392891,0.027100391944663391,0.010987531335558742,-0.015394114850399395,-0.036069935808579125,-0.040564348300298057,-0.03319357056170702,-0.044147452805191278,-0.059695625677704811,-0.037949215620756149,-0.059094058349728584,-0.070276476442813873,-0.086612295359373093,-0.093219276517629623,-0.094979561865329742,-0.095783405005931854,-0.093556627631187439,-0.11148037761449814,-0.13996607810258865,-0.16349834203720093,-0.16209342330694199,-0.15194013714790344,-0.12463375926017761,-0.072033800184726715,-0.0462329275906086,0.009900260716676712,0.10082272440195084,0.0,0.1412937343120575,0.26364827156066895,0.0,0.37034200131893158,0.0,0.40414726734161377,0.0,0.38584521412849426,0.341602087020874,0.29988250136375427
0.23827770426869394,0.18653359338641168,0.15318511985242367,0.13406604209116527,0.10634143544094903,0.085254477506334136,0.0885077252984047,0.07690108120441437,0.041858943644911051,0.00817764864768833,0.0035433846278465353,-0.0035141240805387497,-0.034782190807163715,-0.069691106677055359,-0.061340657994151115,-0.0719549898058176,-0.084416761994361877,-0.10235682874917984,-0.10799208283424377,-0.11272051557898521,-0.10531050711870194,-0.11025017872452736,0.0,-0.14926646649837494,-0.18172894418239594,-0.16764263808727264,-0.1349886953830719,-0.1244979202747345,-0.0779305174946785,-0.01057953666895628,0.0063378489576280117,0.059153396636247635,0.1267782598733902,0.15863871574401856,0.24469166994094849,0.31136895716190338,0.0,0.39559119939804077,0.0,0.39726126194000244,0.37139374017715454,0.0,0.0
