SouthSea_Web/demo/jsonfile/2017-12-16-17.json
{"header": {"parameterUnit":"m.s-1","parameterNumber":2,"dx":0.1,"dy":0.1,"parameterNumberName":"Eastward current","la1":29.0,"la2":12.0,"parameterCategory":2,"lo2":131.0,"nx":250,"ny":171,"refTime":"2017-12-16T16:58:07.5","lo1":106.0}, "data":
[rows 76 to 94 of 171, columns 168 to 209 of 250]
-0.49566026119624867,-0.44597445987164974,-0.44860745221376419,-0.48819415484155926,-0.471936819228259,-0.35686039924621582,-0.2496142735083898,-0.23314769566059113,-0.27569328745206195,-0.31455220494951519,-0.31837229430675507,-0.29879048466682434,-0.2775611698627472,-0.23510925968488058,-0.18524731198946634,-0.14198513825734457,-0.14919179677963257,-0.19449469447135925,-0.27478060126304626,-0.32930520176887512,-0.315512016415596,-0.25502042472362518,-0.20759004354476929,-0.16232059895992279,-0.10028127829233806,-0.069006685167551041,-0.0750405304133892,-0.1033078208565712,-0.115833580493927,-0.12803995609283447,-0.12221316248178482,-0.10496388375759125,-0.13231585174798966,-0.17237243056297302,-0.17308586090803146,-0.16864455491304398,0.0,-0.12156672775745392,-0.10933632403612137,-0.10176572948694229,-0.13251528143882752,-0.17268418520689011
-0.4879024128119151,-0.51632069547971093,-0.46679879512105671,-0.48720697760581971,-0.48914520036090503,-0.37369778752326965,-0.24318160675466061,-0.22268334031105042,-0.25958443284034727,-0.31404105254582,-0.323500394821167,-0.28623670339584351,-0.25117686639229458,-0.23048136383295059,-0.19797974079847336,-0.16271639863650003,-0.16134034097194672,-0.18945446610450745,-0.25623897463083267,-0.30086931586265564,-0.28934457898139954,-0.23387739807367325,-0.18957601487636566,-0.15057090669870377,-0.0860023945569992,-0.068258099257946014,-0.0792970173060894,-0.12113212794065476,-0.130063995718956,-0.14325211942195892,-0.14383687078952789,-0.13160479068756104,-0.16456598043441773,-0.2160649448633194,-0.19649041444063187,-0.19914834201335907,-0.1726405993103981,-0.13290177285671234,-0.0988481268286705,-0.11062280833721161,-0.14231213927268982,-0.17959509044885635
-0.49398219410110922,-0.53124606258728924,-0.49007038213312626,-0.50027961730957027,-0.51015086472034454,-0.40984832495450974,-0.28438570536673069,-0.2427616516749064,-0.27270833154519397,-0.3039088100194931,-0.3236810564994812,-0.27446258068084717,-0.22096067070960998,-0.22211526334285736,-0.2007710188627243,-0.17434294521808624,-0.16706781834363937,-0.18314381937185922,-0.23879291862249374,-0.27292934060096741,-0.25881671160459518,-0.20780329406261444,-0.16233538836240768,-0.12379659339785576,-0.05553369720776876,-0.057601515203714371,-0.085595341399312019,-0.16770252585411072,-0.15945981442928314,-0.1786481961607933,-0.15578761696815491,-0.16403821855783463,-0.18918684124946594,-0.1831938773393631,-0.2162540927529335,0.0,-0.18400241434574127,-0.13951320946216583,-0.10102628916501999,-0.1051962673664093,-0.1373056173324585,-0.1627669483423233
-0.48363466122571158,-0.50821074492791118,-0.4903333250965391,-0.50170893115656712,-0.51955674290657039,-0.43519223630428316,-0.30336539074778557,-0.26462086290121078,-0.27977312803268434,-0.30030764341354371,-0.32306240002314252,-0.28892567753791809,-0.22701942622661592,-0.21981560438871384,-0.19883377850055695,-0.17202697197596231,-0.15849225968122482,-0.17410630484422049,-0.22742081433534622,-0.25380740314722061,-0.23291731625795364,-0.18193881958723068,-0.13178162276744843,-0.091806665062904358,-0.024900455338259537,-0.03842706885188818,-0.086945619434118271,-0.11686819791793823,-0.18545367568731308,-0.20244941115379334,-0.18182316422462463,-0.18634297698736191,-0.20666368305683136,-0.216146782040596,-0.22438152879476547,-0.21156106889247894,-0.19596893340349197,-0.14925352483987808,-0.1144048385322094,-0.10569401830434799,-0.12131883576512337,-0.1395382285118103
-0.4354492723941803,-0.48656726479530332,-0.4572914969176054,-0.47953459194728304,-0.50377191305160518,-0.43181093633174894,-0.31454913483725655,-0.28425808889525278,-0.29021031515938894,-0.30110984295606613,-0.32245877385139465,-0.29040467739105225,-0.23201192170381546,-0.22409551590681076,-0.19651531428098679,-0.1567478577295939,-0.14549750834703445,-0.17326041559378305,-0.23158881068229675,-0.24911455065011978,-0.21546295285224915,-0.15971082448959351,-0.10258780792355537,-0.06058402918279171,-0.00937862228602171,-0.019828296033665538,-0.075543740764260292,-0.15187010169029236,-0.19632963836193085,-0.20213916897773743,-0.19509602338075638,-0.19052036851644516,-0.195154070854187,-0.22121568024158478,0.0,-0.21424101293087006,-0.20325952023267746,-0.15426592528820038,-0.11733245104551315,-0.10526297986507416,-0.11534526199102402,-0.12303301692008972
-0.41686444773393516,-0.46025779470801353,-0.43106917611190249,-0.46854125211636227,-0.48017278855497186,-0.4084402190314399,-0.31755585223436356,-0.29032509667532785,-0.29911765083670616,-0.297357565164566,-0.30869335432847339,-0.27792176231741905,-0.24303637742996215,-0.23065131405989328,-0.19783325493335724,-0.14849393566449484,-0.14733441919088364,-0.18617897232373556,-0.24573531001806259,-0.2533111497759819,-0.2074882984161377,-0.13844659179449081,-0.080462213605642319,-0.033940045163035393,0.010271168313920498,0.0032042176462709904,0.0,-0.14099549129605293,-0.18048104643821716,-0.20420226454734802,-0.1901068389415741,-0.1778637170791626,-0.2013753205537796,-0.21987492591142654,-0.22351057827472687,-0.23216196894645691,-0.21028277277946472,-0.15688710659742355,-0.11328870430588722,-0.095846220850944519,-0.10505839809775353,-0.13122498989105225
-0.412109911441803,-0.43330317910979776,-0.41690089840155381,-0.45006725937128067,-0.4500715113603152,-0.38668916001915932,-0.31161099672317505,-0.29458681493997574,-0.2914131184418996,-0.28964650630950928,-0.29437557359536487,-0.26121271550655367,-0.24380579218268395,-0.2574567049741745,-0.22182352840900421,-0.16241930425167084,-0.16851775348186493,-0.20947427550951639,-0.26225279271602631,-0.26090612262487412,-0.20287884771823883,-0.12578535452485085,-0.060090495273470879,0.010446881875395775,0.035055659711360931,0.03698316402733326,-0.046881239861249924,-0.10602923110127449,-0.14281725138425827,-0.18396609276533127,-0.17338964343070984,-0.18354593217372894,-0.185613751411438,-0.18483924865722656,-0.2089947909116745,-0.22029182314872742,-0.20175047963857651,-0.146620973944664,-0.11195393651723862,-0.0883689671754837,-0.0965912938117981,-0.11731536686420441
-0.38923150300979614,-0.39492042462031046,-0.39881813724835713,-0.4301084578037262,-0.42248496711254119,-0.35877200629976058,-0.28267198801040649,-0.25569324940443039,-0.26395619660615921,-0.29051883220672609,-0.2955998380978902,-0.25674758851528168,-0.2499938408533732,-0.25686755031347275,-0.23123067617416382,-0.1817861944437027,-0.20696085194746652,-0.23877622932195664,-0.27270033955574036,-0.26282088458538055,-0.20157004147768021,-0.11449092626571655,-0.05612650141119957,0.014893575105816126,0.061386216431856155,0.066712928935885429,-0.0059171887114644051,-0.059944694861769676,-0.10604342818260193,-0.14902693778276444,-0.13871380686759949,-0.16140247136354446,-0.151847742497921,0.0,-0.17756843566894531,-0.194226935505867,-0.17828075587749481,-0.14065510779619217,-0.10167061164975166,-0.083881877362728119,-0.095325320959091187,-0.11531057953834534
-0.38419840236504871,-0.37837974727153778,-0.39353410326517546,-0.41546548767523334,-0.39128856526480782,-0.32505348655912614,-0.23281037360429763,-0.1908800353606542,-0.23973698616027833,-0.30184563994407654,-0.29784000664949417,-0.2511264942586422,-0.25561777874827385,-0.27025334040323895,-0.25334541002909344,-0.21722774207592011,-0.2259801079829534,-0.24679931253194809,-0.26984919607639313,-0.25354511290788651,-0.19556232541799545,-0.11741717159748077,-0.049261095002293587,0.025953665220489103,0.075996119529008865,0.082614414393901825,0.02831096132285893,-0.023036576923914254,-0.083753012120723724,-0.10220556706190109,0.0,-0.12125584483146668,-0.10061532258987427,-0.12842249125242233,-0.14631222933530808,-0.16314448416233063,-0.15758511424064636,-0.1190699115395546,-0.091882981359958649,-0.088383354246616364,0.0,-0.101984653621912
-0.41295517318778568,-0.3949595041134778,-0.40669838740275455,-0.39846079999750311,-0.3466841226274317,-0.282088503241539,-0.2122587731906346,-0.17157638072967529,-0.23073687652746835,-0.31080164909362795,-0.28843552619218826,-0.24385364651679992,-0.2732691764831543,-0.28810787200927734,-0.26491986711819965,-0.23019277304410934,-0.22557050983111063,-0.23332726210355759,-0.24973431974649429,-0.23252245038747788,-0.18696728348731995,-0.10774080082774162,-0.041695797815918922,0.036763400460282959,0.0858202613890171,0.0,0.046995473094284534,-0.0008109482005238533,-0.057099893689155579,-0.061421733349561691,-0.087894931435585022,-0.066903464496135712,-0.072421729564666748,-0.10113785415887833,-0.13418307900428772,-0.1442408412694931,-0.13314367085695267,-0.10374665260314941,0.0,-0.08695191890001297,-0.078037939965724945,-0.12353828549385071
-0.43258793739711537,-0.42383852175303866,-0.43066829442977905,-0.40870906277136371,-0.33816947638988493,-0.27593078547053868,-0.22321136593818663,-0.1781393438577652,-0.23106089979410172,-0.3001200258731842,-0.27800312638282776,-0.23862668375174204,-0.2619103267788887,-0.286000519990921,-0.255949717015028,-0.23136317729949951,-0.21048501630624136,-0.20756697654724121,-0.2170988917350769,-0.19925576448440552,-0.16201141476631165,-0.092830996960401535,-0.035546023398637772,0.024132086895406246,0.091561857610940933,0.090183839201927185,0.058654196560382843,0.0070328726433217525,-0.028421772643923759,-0.025608448311686516,-0.041606705635786057,-0.02099047414958477,-0.045702541247010231,-0.081553522497415543,-0.11702684685587883,-0.13674741238355637,-0.11290975660085678,-0.087081223726272583,-0.075713686645030975,-0.076547108590602875,-0.088202707469463348,-0.126651082187891
-0.47167803719639778,-0.4551455769687891,-0.4475705474615097,-0.41937625408172607,-0.33549514141949738,-0.26849866906801861,-0.21865743895371756,-0.19796716918547949,-0.22895796100298563,-0.272018164396286,-0.25862302780151369,-0.22998439148068428,-0.24355529621243477,-0.24509264032046,-0.22608868777751923,-0.21401331325372061,-0.19639048725366592,-0.17802448570728302,-0.19575579464435577,-0.17727857828140259,-0.12940284609794617,-0.079301796853542328,-0.034158309921622276,0.028886624611914158,0.094392254948616028,0.093419324606657028,0.075008485466241837,0.040710493922233582,0.00789982546120882,0.0,-0.0064420998096466064,-0.010153784416615963,-0.026923233643174171,-0.063654012978076935,-0.10207381844520569,-0.11565238237380981,-0.094384249299764633,-0.078048393130302429,-0.0650070533156395,-0.091429390013217926,-0.092250190675258636,-0.12689602375030518
-0.43315941270659952,-0.42874762203012196,-0.43179614543914796,-0.39671906332174939,-0.31366073091824848,-0.26320694200694561,-0.23468351177871227,-0.20826230446497598,-0.21102020144462585,-0.23924682661890984,-0.22080801924069723,-0.20439411997795104,-0.20711061358451843,-0.19044426083564758,-0.1714106947183609,-0.18575487037499747,-0.18158299475908279,-0.15829212466875711,-0.15946881473064423,-0.13452258333563805,-0.095781050622463226,-0.062625793740153313,-0.025969594717025757,0.031241323798894882,0.097885448485612869,0.11347221583127976,0.11132871359586716,0.069717669238646821,0.062175493687391281,0.02759838942438364,0.00986795302014798,0.002004357345867902,-0.023307214491069317,-0.054280318319797516,-0.0982275903224945,-0.10325561091303825,-0.083076611161232,-0.061539862304925919,-0.067901112139225,-0.082237258553504944,0.0,-0.13453995436429977
-0.35059615038335323,-0.34788347283999127,-0.36815076569716138,-0.33015326478264551,-0.25928995199501514,-0.22646664934498922,-0.20622501522302628,-0.16202840954065323,-0.1533236250281334,-0.16842907071113586,-0.159543776512146,-0.16319868961970011,-0.16895290712515512,-0.14538446813821793,-0.12963053956627846,-0.16285348931948343,-0.17136213183403015,-0.14058578014373779,-0.12759443745017052,-0.091526955366134644,-0.057237429544329643,-0.034800495021045208,-0.0095113310962915421,0.043744133785367012,0.1096300520002842,0.13160981237888336,0.12151571363210678,0.10494633764028549,0.095479473471641541,0.067477354779839516,0.032442465424537659,0.0080345787355327047,-0.025963176041841507,-0.057324992492794991,-0.083196051418781281,-0.084652155637741089,-0.064917497336864471,-0.064901880919933319,-0.067876927554607391,-0.086250893771648407,-0.11648142337799072,-0.16508868336677551
-0.3238221500068903,-0.3048618882894516,-0.31822439111196077,-0.2562295061846574,-0.18024705350399017,-0.14095371216535568,-0.11668129358440638,-0.062923579609819827,-0.058098264038562775,-0.049516329541802406,-0.080706758797168737,-0.11954348906874657,-0.11492637097835541,-0.096376068890094757,-0.0922451950609684,-0.14159034440914789,-0.15861673653125763,-0.14533329010009766,-0.10298733413219452,-0.05030382052063942,-0.01220245665172115,-0.0020083393901586533,0.016816622810438275,0.07313217967748642,0.11795411258935928,0.13669240474700928,0.13111898303031921,0.12580300867557526,0.12705349922180176,0.080837815999984741,0.061648830771446228,-0.0019943213555961847,-0.020342716947197914,-0.063466742634773254,-0.069778628647327423,0.0,-0.074652690440416336,0.0,-0.070589516311883926,-0.084952540695667267,-0.12213623523712158,-0.162345252931118
-0.29403617481390637,-0.2847551517188549,-0.28719693720340728,-0.20594305748289282,-0.13259972022338348,-0.08816856294870376,-0.06363070011138916,-0.017673091811593621,0.00882879588752985,0.0020542917773127556,-0.034806795045733453,-0.087164007127285,-0.073166511952877045,-0.050717250754435859,-0.0581066831946373,-0.11094789952039719,-0.12841027230024338,-0.12899431337912878,-0.072800226509571075,-0.006879329914227128,0.0383282545953989,0.039001359604299068,0.078176070004701614,0.13194085285067558,0.14753794670104981,0.14858715981245041,0.14038383960723877,0.13933991640806198,0.1327824629843235,0.10393170639872551,0.059163287281990051,0.0072690793313086033,-0.034711881540715694,-0.059210674837231636,-0.073535338044166565,-0.079473286867141724,0.0,-0.082971937954425812,-0.084521502256393433,-0.1091022752225399,0.0,-0.19017887115478516
-0.27749350832568276,-0.27470369537671407,-0.26086058616638186,-0.17475063602129617,-0.10103044509887696,-0.065595575422048566,-0.051049257939060531,-0.04469331788520018,-0.033894441276788714,-0.031792867928743362,-0.05867710461219152,-0.092964217066764832,-0.071151109039783472,-0.029722497798502445,-0.036115840077400208,-0.077878413101037339,-0.092048075050115585,-0.10481247678399086,-0.044911540113389492,0.044803837314248085,0.095886893570423126,0.10521740838885307,0.15217180550098419,0.19750658422708511,0.18912022560834885,0.16644246876239777,0.14294195175170898,0.13982739299535751,0.13362446427345276,0.10821130499243736,0.061404341831803322,0.0075480330269783735,-0.049275737255811691,-0.066490817815065384,-0.083378739655017853,-0.087419886142015457,-0.079703226685523987,-0.096504304558038712,-0.10059165954589844,-0.10552380979061127,-0.15415830910205841,0.0
-0.27299553900957108,-0.28156733938625883,-0.23301557050301477,-0.14085289984941482,-0.063883545249700552,-0.034093715017661452,-0.044601730588409633,-0.076866791117936373,-0.075625197589397425,-0.0716597642749548,-0.0932804395755132,-0.10969291875759761,-0.06850336243708928,-0.03146540280431509,-0.036627570167183876,-0.059884041547775269,-0.071835745126008987,-0.07026481069624424,-6.6664380331834153E-05,0.095368266105651855,0.15072494000196457,0.17048166692256928,0.21578063815832138,0.23112808167934418,0.21649009734392166,0.17522679269313812,0.14089478552341461,0.14028453826904297,0.11708524078130722,0.1159258633852005,0.043042264878749847,0.014918744564056397,-0.046410733833909035,-0.067833244800567627,0.0,-0.087618209421634674,-0.093704402446746826,0.0,-0.11206328123807907,-0.11605958640575409,-0.14558641612529755,-0.20303088426589966
-0.26394611989196975,-0.26844178991658346,-0.18341530453075061,-0.093208779980029383,-0.042206925526261332,-0.034448142163455486,-0.055241548973653049,-0.0934372531871001,-0.093844735622406,-0.08798768967390061,-0.12453058113654454,-0.12285573408007622,-0.0732081929842631,-0.037378407083451748,-0.040274603292346,-0.057177763432264328,-0.067427400499582291,-0.048208895139396191,0.037489770601193108,0.1348937414586544,0.19120240211486816,0.22816626727581024,0.25519979000091553,0.25224783271551132,0.21092403680086136,0.15899308770895004,0.12411496415734291,0.1181519590318203,0.1123124398291111,0.090879194438457489,0.049881027080118656,-0.0068458481691777706,-0.037274871021509171,-0.0682089515030384,-0.084759887307882309,-0.084431648254394531,-0.087923925369977951,-0.10581663623452187,-0.11589775234460831,-0.13605333864688873,-0.14253771305084229,-0.18348607420921326
