SouthSea_Web/demo/jsonfile/2017-12-14-03.json
{"header": {"parameterUnit":"m.s-1","parameterNumber":2,"dx":0.1,"dy":0.1,"parameterNumberName":"Eastward current","la1":29.0,"la2":12.0,"parameterCategory":2,"lo2":131.0,"nx":250,"ny":171,"refTime":"2017-12-14T03:00:00","lo1":106.0}, "data":
[rows 133 to 151 of 171, columns 168 to 209 of 250]
-0.30683396756649017,-0.32044754549860954,-0.33153362359319416,-0.31746745854616165,-0.35570020760808674,-0.38157607242465019,-0.40106328204274178,-0.39590682254897225,-0.42796731420925688,-0.43858442136219572,-0.43040578067302704,-0.42757758072444368,-0.44203936457633974,-0.45896947383880615,-0.46035280823707581,-0.42648035287857056,-0.38867826014757156,-0.36267518997192383,-0.33635881543159485,-0.30498982469240826,-0.26137806971867877,-0.20842058459917703,-0.15384612232446671,-0.084114845842123032,-0.046602007001638412,0.011028704233467579,0.1785214071472486,0.26133266091346741,0.35541623830795288,0.39784836769104004,0.41217520833015442,0.4156443178653717,0.41674208641052246,0.39714285731315613,0.3577667772769928,0.28753545880317688,0.0,0.21658813953399658,0.147879958152771,0.09250582754611969,0.10368538647890091,0.07679593563079834
-0.37717975037438528,-0.39582417905330658,-0.40236498787999153,-0.41390685902701485,-0.41600317135453224,-0.41412925720214844,-0.42027297616004944,-0.42015990987420082,-0.43805891937679714,-0.42347371950745583,-0.42540336080959867,-0.44039431711037952,-0.45544548332691193,-0.45663158808435711,-0.44565064460039139,-0.42749611735343934,-0.40093887597322464,-0.37608426809310913,-0.35251998901367188,-0.31767498254776,-0.283494308590889,-0.2517312268416087,-0.17548021674156189,-0.12797076255083084,-0.085263095796108246,-0.010574209503829479,0.090550452470779419,0.1809365451335907,0.25639298558235168,0.35269166529178619,0.38995590806007385,0.3951561450958252,0.38142955303192139,0.36562594771385193,0.33923397958278656,0.0,0.27481013536453247,0.21167181432247162,0.12969779968261719,0.1270047128200531,0.093116968870162964,0.094598807394504547
-0.40601053088903427,-0.43553176820278167,-0.45203597678078544,-0.46913384397824603,-0.48422464066081577,-0.48410509228706361,-0.4707855251100328,-0.47011183202266693,-0.45351715792309155,-0.43412321474817062,-0.432211024420602,-0.46389268173111808,-0.48412647470831871,-0.48217063148816425,-0.46578499178091687,-0.43131228288014728,-0.39175885915756226,-0.36542646090189618,-0.34123501181602478,-0.329827681183815,-0.32199031114578247,-0.30545779069264728,-0.24085775017738342,-0.17775236070156097,-0.12421415746212006,-0.086393636961778,0.012363222369458526,0.096179358661174774,0.16506243248780569,0.0,0.30777207016944885,0.29862080514431,0.29463300108909607,0.28829467296600342,0.30142676830291748,0.26622912287712097,0.25387382507324219,0.20600651949644089,0.15252602100372315,0.0,0.079010650515556335,0.047505777329206467
-0.40177105118830997,-0.44603004058202106,-0.48201847407552934,-0.51851590474446618,-0.54747442007064817,-0.55641045421361923,-0.53882339265611434,-0.52374552355872261,-0.51846002936363222,-0.52683206647634506,-0.50925096056678076,-0.50651445984840393,-0.49980094177382334,-0.48620210422409904,-0.46955145256859915,-0.42543514711516245,-0.37919788807630539,-0.34559280176957446,-0.328488161166509,-0.323224201798439,-0.328544020652771,-0.3216962143778801,-0.26382265239953995,-0.20891084522008896,-0.17008455470204353,-0.15504379570484161,-0.07865576259791851,-0.0095929540693759918,0.0,0.16336442778507868,0.19315477460622788,0.0,0.22658103704452515,0.23896559327840805,0.21734549105167389,0.19082531332969666,0.0,0.1710997074842453,0.1466284841299057,0.13443629443645477,0.075658608227968216,0.0
-0.40491144061088563,-0.44580058587921989,-0.49047107588161121,-0.53389577567577362,-0.579066104359097,-0.61683178610271883,-0.62454722523689266,-0.63816182102475849,-0.61614261973987927,-0.597356952726841,-0.59591240353054475,-0.57554342349370324,-0.522824339568615,-0.47991949692368507,-0.43684280663728714,-0.3931822081406911,-0.3603217403093974,-0.33544693887233734,-0.33071926236152649,-0.32287768522898358,-0.31770129501819611,-0.31899383664131165,-0.31003138422966003,-0.27429462969303131,-0.21494005620479584,-0.20164678990840912,-0.12157953530550003,-0.10826715081930161,0.025533293839544058,0.095169752836227417,0.11220768839120865,0.14667167514562607,0.17707093805074692,0.17199687659740448,0.17764699459075928,0.0,0.17889762669801712,0.14975200593471527,0.12533728778362274,0.090199746191501617,0.096905715763568878,-0.0028629060834646225
-0.44811316207051277,-0.44714296981692314,-0.46960389282968307,-0.49690513147248161,-0.5401009685463376,-0.58934887647628786,-0.62255440439496723,-0.64748317665523958,-0.6470493018627167,-0.63907186190287268,-0.6172951817512512,-0.58149224519729614,-0.5285425119929843,-0.46781763765547013,-0.41266506248050266,-0.3700710449899946,-0.33825279985155376,-0.32762589553991955,-0.34833671897649765,-0.3486241027712822,-0.3383023738861084,-0.32542870938777924,-0.34129635492960614,-0.31513524055480957,-0.2443695142865181,-0.22168779373168945,-0.1749408021569252,-0.094833336770534515,-0.074882999062538147,0.0059026068483944982,0.090320836752653122,0.0,0.099176786839962,0.14036783576011658,0.1419406533241272,0.16877015680074692,0.0,0.15807589143514633,0.0,0.060488134622573853,0.041391231119632721,0.0094621013849973679
-0.43662597239017487,-0.40492198467254636,-0.41451260074973106,-0.43190779983997346,-0.47591887116432191,-0.53888164460659027,-0.59031058102846146,-0.62807182967662811,-0.64110432730780709,-0.61734252505832243,-0.602107320513044,-0.556739228963852,-0.48372498527169228,-0.42330413725641036,-0.37651432885064018,-0.35833335295319557,-0.33283468229430063,-0.33896536060741972,-0.3765265742937724,-0.38475201278924942,-0.38895628601312637,-0.36356925964355469,-0.35635994374752045,-0.3543481131394704,-0.29140008489290875,-0.24929624050855637,-0.19236429035663605,-0.17313572764396668,-0.1392190232872963,-0.085494488477706909,-0.019357664510607719,0.052013741806149483,0.034559126943349838,0.07801428996026516,0.10484961420297623,0.090007796883583069,0.13128320872783661,0.11967701464891434,0.090279161930084229,0.0,-0.014986629132181406,-0.0476779006421566
-0.50983852744102476,-0.44986957642767167,-0.4145407795906067,-0.41692836955189705,-0.43546449806955123,-0.47908990912967259,-0.52226022481918333,-0.572537328515734,-0.62766281196049278,-0.61751345545053482,-0.57271554734971786,-0.50986560806632042,-0.44558907747268678,-0.37712982959217495,-0.35310769743389553,-0.38296501172913444,-0.365165650844574,-0.3686674748148237,-0.40935886899630231,-0.42257498701413471,-0.42498576641082764,-0.39005583524703979,-0.36177515983581543,-0.38361012935638428,-0.34935736656188965,-0.32157258689403534,-0.2650931254029274,-0.25344365835189819,-0.20444795489311218,-0.1454598568379879,-0.10311660915613174,-0.057292645797133446,0.0,-0.01108661200851202,0.023571696132421494,0.039900809526443481,0.036453783512115479,0.05901777371764183,0.045136842876672745,0.0364452600479126,0.0,-0.07627500593662262
-0.552076555788517,-0.51340720057487488,-0.46591298778851825,-0.43761567274729413,-0.4516925977336036,-0.4731341153383255,-0.47750476375222206,-0.495380412787199,-0.54241498410701749,-0.56214475631713867,-0.523695592369352,-0.44379759165975785,-0.39778762204306467,-0.37088439613580704,-0.363409411162138,-0.41196971014142036,-0.46525504522853428,-0.42646775394678116,-0.42896840969721478,-0.45849839349587757,-0.44416327029466629,-0.40552740544080734,-0.3674161434173584,-0.37792733311653137,-0.40037384629249573,-0.40269756317138672,-0.36148971319198608,-0.35645714402198792,-0.29490734140078229,-0.2113049328327179,-0.18018647283315659,-0.12932153046131134,-0.10546292364597321,-0.056325778365135193,-0.11152619123458862,-0.041119477711617947,-0.010518615134060383,-0.041109554469585419,-0.018262813333421946,-0.0072040194645524025,-0.062950834631919861,-0.1223950982093811
-0.40050622008063574,-0.43671038084559971,-0.45652763951908459,-0.46540782228112221,-0.44653798474205864,-0.46875427166620892,-0.4689437597990036,-0.45201098173856735,-0.45809979902373421,-0.49955381080508232,-0.51495550359998432,-0.46402115747332573,-0.398531261831522,-0.35955872386693954,-0.39950777803148541,-0.44794315695762632,-0.52061882189341957,-0.5265049934387207,-0.49297021826108295,-0.4949121560369219,-0.47896386981010436,-0.41806808710098264,-0.38109660893678665,-0.4061577096581459,-0.4241470992565155,-0.44103966653347015,-0.42083219687143963,-0.39707072079181671,0.0,-0.34189628064632416,-0.27801677584648132,-0.22458791732788086,-0.21855834871530533,-0.1858220249414444,-0.12750369310379028,0.0,-0.11461343616247177,-0.10830481350421906,0.0,-0.10932997241616249,-0.10401862859725952,-0.16758735477924347
-0.25313871502876284,-0.23732101089424557,-0.29383998177945614,-0.3965241854841059,-0.41810553073883056,-0.44249758720397947,-0.47333341505792403,-0.460391066968441,-0.44130575656890869,-0.462433180638722,-0.46870248847537571,-0.4419947663942973,-0.41394450834819246,-0.37980973720550537,-0.40904096141457558,-0.50671795862061642,-0.56114117056131363,-0.57339776754379268,-0.529188834130764,-0.51637894660234451,-0.50931159513337276,-0.45838311314582825,-0.42372587323188782,-0.45164069533348083,-0.46507258216540021,-0.46261198818683624,-0.45494350790977478,-0.46320943534374237,-0.438344806432724,-0.43600191175937653,-0.38010010123252869,-0.37075310945510864,-0.30861634016036987,-0.26372450590133667,-0.23232673108577728,-0.23018911480903626,0.0,-0.18809688091278076,-0.1860535591840744,-0.18751254677772522,-0.22514165937900543,-0.207774817943573
-0.25348252058029175,-0.22432193491193983,-0.2264411523938179,-0.28757046908140182,-0.32570025324821472,-0.37038742218698772,-0.41074903905391691,-0.463816848066118,-0.44990691968372892,-0.4471777081489563,-0.46650943905115128,-0.47081341677241856,-0.44679409265518188,-0.407149113714695,-0.43973615765571594,-0.50968121985594428,-0.62055456638336182,-0.67048297325770057,-0.61776863783597946,-0.53516923056708443,-0.51623436382838661,-0.50666368504365289,-0.49294399221738178,-0.49343109875917435,-0.4982322057088216,-0.486998975276947,-0.49813667933146161,-0.52356189489364624,0.0,-0.53724834322929382,-0.49669912457466125,-0.4773714542388916,-0.42716644704341888,-0.40837565064430237,-0.34966486692428589,-0.34917518496513367,-0.34345591068267822,-0.28237690031528473,0.0,-0.24200701713562012,-0.25768584012985229,0.0
-0.26182043850421904,-0.23495064675807953,-0.23028348055150774,-0.23804528266191483,-0.25426618423726821,-0.26949394742647809,-0.28455321863293648,-0.31720402174525791,-0.35873045027256012,-0.40578395979745047,-0.45210202038288116,-0.49661255876223248,-0.46905838591711863,-0.43520038823286694,-0.44797205428282422,-0.49816626310348511,-0.59179448088010156,-0.69783917495182579,-0.7119947075843811,-0.62535135447978973,-0.52485690514246619,-0.50590280975614277,-0.52211008965969086,-0.526905357837677,-0.52980667352676392,-0.52220171689987183,-0.52705296874046326,-0.54604899883270264,-0.56600186228752136,-0.59837549924850464,0.0,-0.58686405420303345,-0.528866171836853,-0.48939792811870575,-0.47654217481613159,-0.43014408648014069,-0.39238792657852173,-0.37366603314876556,-0.35050159692764282,-0.29056289792060852,-0.30303233861923218,-0.30360156297683716
-0.29025327888402069,-0.24765116638607448,-0.21321546882390977,-0.21834451407194139,-0.22848556258461691,-0.24549856036901474,-0.25474980970223743,-0.26210564540492165,-0.26997494138777256,-0.31491875275969505,-0.37668850521246594,-0.43732736366135733,-0.43357899785041809,-0.40568785071372987,-0.43226390580336255,-0.49834566811720532,-0.589319109916687,-0.67881033817927039,-0.73112628459930418,-0.66187040805816655,-0.56474001705646515,-0.50940361618995667,-0.51628956794738767,-0.53511013587315881,-0.53601109981536865,-0.52649915218353271,-0.52489480376243591,-0.55274155735969543,0.0,-0.5823119580745697,-0.61985546350479126,-0.61814713478088379,0.0,-0.58254635334014893,-0.52425867319107056,-0.4977460503578186,0.0,-0.44268690049648285,-0.38958066701889038,-0.38964596390724182,-0.34357152879238129,-0.31774541735649109
-0.26469741761684418,-0.22665767778049817,-0.19404112733900547,-0.18952054381370545,-0.18806533846590254,-0.20256637930870056,-0.21262368684013686,-0.20444969832897186,-0.19938419120652334,-0.20361429639160633,-0.27158719673752785,-0.31990267974989756,-0.34035344719886779,-0.33291645560945782,-0.390972264111042,-0.49253835082054137,-0.62989431619644165,-0.71094038486480715,-0.73958183526992793,-0.6927688866853714,-0.61566120386123657,-0.51189656555652618,-0.49812805652618408,-0.52327863375345862,-0.5274316668510437,-0.51649689674377441,-0.49746395647525787,-0.49390384554862976,-0.53331658244133,-0.5794617235660553,0.0,-0.63894820213317871,-0.64192569255828857,-0.60636752843856812,0.0,-0.57732421159744263,-0.53691691160202026,-0.490411639213562,0.0,-0.43505111336708069,0.0,-0.41071605682373047
0.0,-0.13218314573168755,-0.12862823978066446,-0.16377950366586447,-0.1975039079785347,-0.21879508059758407,-0.18575385890223764,-0.15750395032492551,-0.15394851565361023,-0.13792800158262253,-0.1624512363757406,-0.1842267577137266,-0.1653968058526516,-0.19397316562632719,-0.33980112274487811,-0.48624668518702191,-0.71202409267425537,-0.71746432781219482,-0.74514539539814,-0.70470462242762244,-0.64449013769626617,-0.54734043776988983,-0.498648926615715,-0.47779574990272522,-0.47374683618545532,-0.47824476659297943,-0.47184884548187256,-0.46713259816169739,0.0,-0.522761344909668,-0.59420841932296753,-0.65171927213668823,0.0,-0.63612204790115356,-0.61395221948623657,-0.60832697153091431,0.0,-0.544000506401062,-0.48045870661735535,0.0,-0.43400323390960693,-0.43544533848762512
0.0,0.0,-0.068660769145935774,-0.0809184276837517,-0.16093672918421881,-0.24978633075952531,-0.1390620150292913,-0.11487521231174469,-0.09433442286469719,-0.085370169331630066,-0.087380695072087372,-0.1019953829901559,-0.10693050455302,-0.051488497731043026,-0.09264123936494191,-0.48294132947921753,-0.75034566720326745,-0.74415490031242371,-0.73748084902763367,-0.685477077960968,-0.65457475185394287,-0.58804599444071448,-0.53721423943837487,-0.48359332978725433,-0.45419442653656006,-0.40751342475414276,-0.37777671217918396,-0.43204303085803986,-0.47134283185005188,-0.5031457394361496,-0.57749301195144653,-0.63605383038520813,-0.66124951839447021,-0.64650243520736694,-0.63710701465606689,-0.62790769338607788,-0.59364557266235352,-0.56458616256713867,-0.51456114649772644,-0.48746824264526367,-0.46935802698135376,-0.46224144101142883
0.0,0.0,0.0,-0.010570474131964148,-0.0463119070762052,-0.19821187853813171,-0.064201718578780334,-0.099344778805971146,-0.11288734897971153,-0.10550948046147823,-0.083532385528087616,-0.0847946149962289,-0.108115429058671,-0.10313302874565125,0.0,-0.31998340785503387,-0.53429044783115387,-0.68292629718780518,-0.76290899515151978,-0.78987395763397217,-0.71650663018226624,-0.58790156245231628,-0.50524330139160156,-0.45253181457519531,-0.37377268075942993,-0.27478235214948654,-0.25228521227836609,-0.3949924111366272,-0.43927955627441406,-0.557568371295929,-0.59972596168518066,-0.67203909158706665,-0.66987282037734985,-0.65223240852355957,-0.65315759181976318,-0.62642553448677063,-0.596594363451004,-0.55759507417678833,-0.54454612731933594,-0.531211256980896,-0.51997381448745728,-0.517431378364563
0.0,0.0,0.0,-0.013840111263561994,0.00830510834401304,0.03870778763666749,0.0,-0.069670660421252251,-0.11189489662647248,-0.081930943143864468,-0.0340997202321887,-0.067497894374860659,-0.10682578757405281,-0.10036248837908109,0.0,0.0,-0.36164477467536926,-0.49286594986915588,-0.75035005807876587,-0.75226956605911255,-0.75104564428329468,-0.73516759276390076,0.0,-0.60930860042572021,-0.53903084993362427,-0.49447309970855713,0.0,-0.5113290548324585,-0.53863394260406494,-0.57809615135192871,0.0,-0.58689326047897339,-0.62760978937149048,0.0,-0.70375198125839233,-0.74382871389389038,-0.74033564329147339,0.0,-0.74702781438827515,-0.7660706639289856,0.0,-0.77987545728683472
