SouthSea_Web/demo/jsonfile/2017-12-16-23.json
{"header": {"parameterUnit":"m.s-1","parameterNumber":2,"dx":0.1,"dy":0.1,"parameterNumberName":"Eastward current","la1":29.0,"la2":12.0,"parameterCategory":2,"lo2":131.0,"nx":250,"ny":171,"refTime":"2017-12-16T22:58:07.5","lo1":106.0}, "data":
[rows 38 to 56 of 171, columns 168 to 209 of 250]
-0.44207286462187767,-0.39701823677335468,-0.28817827254533768,-0.17079993138710659,-0.13439291417598726,-0.1601566235933985,-0.17513680271804333,-0.10367290434591911,-0.022117757869636989,0.0030439841250578564,0.022961647086776792,0.032643956539686769,0.035674489718595784,0.072685741545522917,0.082403506019285741,0.085074805188924074,0.0643968356307596,0.014924525773884463,-0.065638470655197609,-0.11932519823312759,-0.14361245842540965,-0.20894860607736251,-0.30689368871125305,-0.34341038698735443,-0.42136872559785843,-0.59487789301645189,-0.69289801172588183,-0.71203953822453814,-0.68104719657164359,-0.56868703365325923,-0.40900057341371265,-0.28109592199325562,-0.19900716028430246,-0.1587551511824131,-0.22128122548262277,-0.28478266671299934,-0.37452150508761406,-0.42598317350660053,-0.43164298364094328,-0.42966840416193008,-0.44912862351962496,-0.47067325810591382
-0.4160724263638258,-0.37116948471349831,-0.31918277032673359,-0.23790227042304146,-0.17634779329483324,-0.184818174032604,-0.21949910279363394,-0.20094949163888631,-0.17990418129107533,-0.13085908652283251,-0.10104872112472853,-0.074373098555952311,-0.010700033545227987,0.052587859066469331,0.056829361710697412,0.03182034095128377,-0.023503273293109878,-0.087511829233595309,-0.13745824495951334,-0.13873787177726626,-0.21922343886560863,-0.2969434778941305,-0.37656755860035235,-0.37058131893475849,-0.39183714654710555,-0.47123015092478859,-0.52034474046606771,-0.62700166421778059,-0.59665894260009134,-0.48456059052393985,-0.30746210309175342,-0.27285781800746917,-0.2225139249454845,-0.24999558925628662,-0.30360407233238218,-0.35821805521845818,-0.40519648790359497,-0.414311021566391,-0.41354091678346905,-0.426904817422231,-0.451882466673851,-0.45128354926904041
-0.38302915626102024,-0.31098113718785736,-0.25880394048160976,-0.23280889031134153,-0.22410530410706997,-0.24428172146572785,-0.249366789271957,-0.21871484903728261,-0.18929111864417791,-0.1418076771147111,-0.10563639458268881,-0.0625121695920825,0.000950090425948684,0.015385385471745394,-0.024062229852591242,-0.067901977447464179,-0.13191409382436956,-0.19517059717327356,-0.15720329930384955,-0.15256837468880874,-0.21846914757043123,-0.25920491868799383,-0.36878974859913188,-0.39055096710983078,-0.36839573020520416,-0.35415921732783318,-0.37370010637320006,-0.37109872698783875,-0.29173131007701159,-0.28513469994068147,-0.3025532451768716,-0.33810269087553024,-0.3180492237210274,-0.33317021727561952,-0.38722797897126937,-0.41180912511689322,-0.39997902512550354,-0.38251676729747225,-0.38795821865399677,-0.4177173376083374,-0.43610670665899914,-0.41943655908107758
-0.34428918808698655,-0.28971224609348512,-0.26961034928497513,-0.27963407512973337,-0.26130775809288026,-0.22694017228327298,-0.18189701788565693,-0.12651311518514857,-0.10817865903178851,-0.099392409272053658,-0.096417416135470072,-0.09319815436999003,-0.075502042275141262,-0.11047453805804253,-0.17198330221267846,-0.21321545115539006,-0.24599364858407241,-0.30991852780183154,-0.23466659165345705,-0.15438826496784502,-0.34178182482719421,-0.36282838980356852,-0.41250012127252728,-0.37395111406626907,-0.1497188258508686,-0.10388860284918537,-0.21228244165725232,-0.30255575681274588,-0.1314429116124908,-0.249550461769104,-0.35881056743008749,-0.36794251451889676,-0.413445340262519,-0.42556489109992979,-0.43431537350018817,-0.43190708756446838,-0.39634793624281883,-0.37206076085567474,-0.3793395608663559,-0.39943965077400206,-0.41543141504128772,-0.403696671128273
-0.27572716059892072,-0.30761499296535144,-0.33138069936207365,-0.31842757165431979,-0.21070808751715553,-0.14391031600534915,-0.083189099150545454,-0.068336540626155,-0.10708277622858684,-0.13184462529089716,-0.15685839074499466,-0.20513249437014261,-0.24956701810543353,-0.30549662311871845,-0.37895979881286623,-0.39170887149297273,-0.37749683260917666,-0.34470877051353455,-0.26427561503190261,-0.077122832751936377,-0.3320399324099223,-0.480973494052887,-0.466335676218334,-0.28494456272434304,-0.15769560962950852,-0.056940717715770008,0.073728000503358676,-0.18997885025345493,-0.090485985204577443,-0.26408961415290833,-0.36352129395191485,-0.40017090572251213,-0.42911714315414429,-0.45174186759524876,-0.44219982624053955,-0.43075995643933612,-0.41543932259082794,-0.39499600231647491,-0.37059240937232973,-0.36846218009789783,-0.38948432604471844,-0.35754208266735077
-0.19932288005948068,-0.31869626612890334,-0.3572965074669231,-0.33754822363456088,-0.20628810944882306,-0.11379598230123519,-0.05453861691057682,-0.076624855813052922,-0.14076981610722011,-0.20297358836978674,-0.29375062212347985,-0.3747025991187376,-0.42003342935017179,-0.44824767857789993,-0.51932415366172791,-0.54168446754154409,-0.48389602346079691,-0.45311322382518221,-0.28872416416804,-0.030014896982659897,-0.18464262437607562,-0.43886747727027309,-0.50426441117336873,-0.391722864725373,-0.29052618381224182,-0.24687695761139578,-0.23654634264213117,-0.062216918356716631,-0.1697582094506784,-0.26640283730294967,-0.36927743894713266,-0.4345360815525055,-0.44825200902091134,-0.43691841264565784,-0.42088200364794048,-0.414680723633085,-0.41105297207832336,-0.39590276777744293,-0.3737946331501007,-0.35942062735557556,-0.33104742169380186,-0.26481182873249054
-0.14974371522665023,-0.23343749903142452,-0.37722579292629077,-0.34913878798484804,-0.23964896940049671,-0.1608963580802083,-0.11404872106181251,-0.15152924946125815,-0.22089598923921586,-0.29909291224820272,-0.39715027809143066,-0.42772770844973051,-0.40627345868519377,-0.43647869569914682,-0.42962755560874938,-0.28512412501232964,-0.433804622789224,-0.60114484031995141,-0.50948043380464825,-0.23746788467246074,-0.077695012247810766,-0.24929749468962351,-0.54724040856728184,-0.56929013691842556,-0.51819592584734375,-0.46040918145860943,-0.37245046666690279,-0.27547829558974818,-0.25052035351594287,-0.31922103856739242,-0.38584212462107342,-0.41307207483511704,-0.40838803185356987,-0.40415145669664654,-0.39410600066185,-0.37780284881591797,-0.38397121429443359,-0.361595739920934,-0.367208331823349,-0.34254010021686554,-0.26943914592266083,-0.21681904792785645
-0.16497336846330893,-0.076028494954560738,-0.17776237697883821,-0.13762806818510096,-0.082906248451521,-0.11342088443537553,-0.14522453118115664,-0.21252244285174779,-0.2818785545726617,-0.31675861403346062,-0.28103215540094034,-0.39148170069644328,-0.35474402728405868,-0.28824682320867268,-0.27170789233692316,-0.076149755500649147,-0.31008575314825232,-0.47248206626285205,-0.46776604652404785,-0.34146106739838916,-0.23223970979452133,-0.23163978870098406,-0.27838563280446188,-0.29473422123835635,-0.33349250157674154,-0.31784428017480032,-0.32751626769701642,-0.33582498629887897,-0.34165726258204532,-0.37975119627439058,-0.37596261998017627,-0.35989596322178841,-0.3582908995449543,-0.36822754996163504,-0.34886350731054944,-0.33568519353866577,-0.30907676617304486,-0.30848249793052673,-0.31661331057548525,-0.29061700900395709,-0.23775302867094675,-0.18705759445826212
-0.045831260821697389,-0.046068754357596241,-0.024168794956423489,0.014869597141763993,0.070199309136061108,0.0011245603382121772,-0.13096046354621649,-0.23791648123575293,-0.32515516260574606,-0.23609257160615738,-0.07824073028590145,-0.11961432412157164,-0.16741797807911524,-0.054217991243415281,0.0,-0.069474263313727885,-0.38610469301541644,-0.46182889077398515,-0.43687038123607636,-0.34029084775182938,-0.26182368939573114,-0.27823733389377592,-0.30563963800668714,-0.35371893644332886,-0.36365376985990083,-0.38189274569352466,-0.38976073052201954,-0.37780539393424989,-0.37406964193690906,-0.37057906687259673,-0.35582193732261658,-0.35109395906329155,-0.34538186093171436,-0.33705117305119831,-0.30380998551845551,-0.27231097221374512,-0.2498263418674469,-0.24244391918182373,-0.23588963225483894,-0.24085181454817453,-0.19641629606485367,-0.14408732702334723
0.0014115662143012742,0.051791765219108624,0.0824536361985586,0.057304298505187035,0.13853545969023423,0.06684076073853408,-0.11039219358388115,-0.1902102514317161,-0.26077708032201319,-0.24873066127507224,-0.32291687130928037,-0.22059407802550374,-0.23381976468178134,-0.26743028998995821,-0.22864066216128845,-0.35117738063518816,-0.45398328521034936,-0.49117561280727384,-0.43910049579360266,-0.36894001364707946,-0.32431157610633154,-0.35187250375747681,-0.37067785263061526,-0.36687457230356,-0.39186407219279895,-0.40994781553745269,-0.3983399599790573,-0.38058018353250289,-0.36121204495429993,-0.3412770728270213,-0.34098662270439994,-0.33948096136252087,-0.34064903855323792,-0.31605566740036012,-0.2690885066986084,-0.23996499478816985,-0.22466588765382767,-0.21013973280787468,-0.19054048260053,-0.16263040527701378,-0.12633753195405006,-0.11973298713564873
-0.020859921594992989,-0.029091915270934503,0.033645843089159043,0.074477870565126919,0.11432237120775077,0.093386607573312866,0.024943593263742514,-0.041454508112600215,-0.23377249126925187,-0.38362762018253926,-0.42123202731211978,-0.43026172579863131,-0.48567529142864291,-0.53085335563210878,-0.48824511766433715,-0.41310499774085152,-0.44592492779095966,-0.47248025834560392,-0.4372990816831589,-0.39056026604440475,-0.37043900415301323,-0.37828918629222447,-0.37035241297313143,-0.37265925854444504,-0.3998620907465617,-0.4090239836110009,-0.40478563970989651,-0.39322656765580177,-0.36543669551610947,-0.33658670261502266,-0.30656301602721214,-0.30108152329921722,-0.30230932831764223,-0.29081931710243225,-0.27457543611526491,-0.25975946088631946,-0.22042236849665642,-0.19155246019363403,-0.15114786724249521,-0.12830200046300888,-0.11934653421243031,-0.11960697919130325
0.0097274994865680729,-0.053634430281817913,-0.10640875380486251,-0.016656497265233026,0.033360321289644793,0.067186463624238968,0.042688433329264322,-0.073663921151119915,-0.12669970691204072,-0.16360370657945933,-0.2686964628100395,-0.44888921082019806,-0.47285861047831451,-0.45594879239797592,-0.44893159468968707,-0.45509651845151727,-0.44928387701511385,-0.44081473946571348,-0.41726614162325859,-0.39511604905128478,-0.36949991517596775,-0.36489612289837431,-0.36908094088236493,-0.38551998635133106,-0.39925529062747955,-0.39952053502202034,-0.39670228958129883,-0.38426058491071063,-0.37708591918150586,-0.36006215214729309,-0.312868595123291,-0.28897075355052948,-0.27149348258972167,-0.26901265978813171,-0.26382055878639221,-0.23840579017996788,-0.20821149150530496,-0.16410382091999054,-0.12911786884069443,-0.10174307972192764,-0.10332716256380081,-0.12431057294209798
-0.030929396213549707,-0.046594607003498822,-0.088630138834317529,-0.083689918741583824,-0.019590633626406392,-0.014695291283229987,-0.002367194868962873,0.011157818250164079,-0.08258090975383918,-0.1650313566128413,-0.12137487009167672,-0.17097559743202651,-0.26145995325512356,-0.36634199321269989,-0.41640262140168083,-0.44056745767593386,-0.441482800245285,-0.42541630938649178,-0.3945885509252548,-0.38703249182019916,-0.38766681296484812,-0.37598128989338875,-0.37848704201834543,-0.39039728790521622,-0.39531043171882629,-0.372638260324796,-0.36407376187188284,-0.36070890227953595,-0.359429794549942,-0.34484067559242249,-0.32052672654390335,-0.28840931057929992,-0.244931032260259,-0.2173356314500173,-0.20076310634613037,-0.19919537007808685,-0.1910025030374527,-0.17408797889947891,-0.14401199668645859,-0.12203610688447952,-0.12460248917341232,-0.13442882150411606
-0.16205659094783995,-0.13932068952742746,-0.11781860941222735,-0.092777712536709647,-0.0678126746072219,-0.068030482530593878,-0.06988183695536393,-0.031809843610972166,-0.063739307535191372,-0.14707448333501816,-0.16927790912714871,-0.21644427378972372,-0.2933101147413254,-0.36998296082019805,-0.39128619432449341,-0.39671080559492111,-0.40319043397903442,-0.40788687393069267,-0.38593202829360962,-0.39151180783907574,-0.39446666464209557,-0.36946050077676773,-0.35934484004974365,-0.359987872838974,-0.34464446902275087,-0.32547616362571719,-0.31691643595695496,-0.30483528375625613,-0.29028899470965069,-0.31395448247591656,-0.28692595288157463,-0.22289690747857094,-0.19923408826192221,-0.16548247635364533,-0.17164575060208639,-0.18787880738576254,-0.19148024171590805,-0.18516718596220017,-0.15593674778938294,-0.14822429418563843,-0.13981787860393524,-0.13634900748729706
-0.26784954302840763,-0.261568920686841,-0.23477558890978495,-0.16305339204914429,-0.12373697112003962,-0.10442440981666247,-0.0867850981079615,-0.067692088428884745,-0.066409070355196789,-0.085512756441648186,-0.11826988997367713,-0.18352429568767548,-0.27414726533673028,-0.30557658523321152,-0.30149598826061597,-0.32511281594634056,-0.3633759617805481,-0.38498598337173462,-0.38873307704925536,-0.40264503161112469,-0.40602027092661175,-0.36962162256240844,-0.35383750796318053,-0.3515968918800354,-0.33066681772470474,-0.29626124352216721,-0.27289398908615115,-0.25414501875638962,-0.25429912656545639,-0.25206883251667023,-0.25510933250188828,-0.20705136160055795,-0.17861609160900116,-0.16930509358644486,-0.18746561805407205,-0.19377484172582626,-0.21782131493091583,-0.23634606599807739,-0.21702473362286887,-0.18874764442443848,-0.15195587277412415,-0.14018491407235464
-0.33116392294565838,-0.34116260707378387,-0.32854936403386731,-0.27184664126899505,-0.2448565532763799,-0.24247440122641051,-0.20464240154251456,-0.13792017847299576,-0.070616868324577808,-0.071913585998117924,-0.11305808772643407,-0.16551702916622163,-0.22521624134646523,-0.28237871148369531,-0.3093505859375,-0.31889445334672928,-0.33512746625476414,-0.36719128489494324,-0.38741084436575574,-0.41599884033203127,-0.41362773180007933,-0.37376786470413209,-0.34514450281858444,-0.32807964086532593,-0.30056918412446976,-0.25495672225952148,-0.24653814733028412,-0.26353626698255539,-0.27648630738258362,-0.28909350434939068,-0.28653059403101605,-0.25984634955724079,-0.22201000154018402,-0.19745977719624838,-0.20378057658672333,-0.23186266422271729,-0.25026892622311908,-0.26258204877376556,-0.24912328521410623,-0.206263929605484,-0.17089546471834183,-0.16260749101638794
-0.40799326802554886,-0.42229431308805943,-0.39623223323571055,-0.35460651234576579,-0.33697830041249593,-0.31459859188865213,-0.26825202628970146,-0.218513123691082,-0.17964989233475465,-0.16901486565669377,-0.19055127228299776,-0.21060583591461182,-0.2704036918779214,-0.33512576752238804,-0.36091340581576031,-0.35114556550979614,-0.34920080900192263,-0.37202705144882203,-0.39913432002067567,-0.4199709991614024,-0.40401238203048706,-0.36566826701164246,-0.33205327391624451,-0.30667112022638321,-0.258480042219162,-0.23661601543426514,-0.24051031470298767,-0.26194384694099426,-0.28424064069986343,-0.28957222402095795,-0.28995488584041595,-0.28121195236841839,-0.2413853332400322,-0.22646592557430267,-0.24206196516752243,-0.26178833842277527,-0.27796345949172974,-0.27968635161717731,-0.25788335998853046,-0.22840125858783722,-0.20282775908708572,-0.16642669836680094
-0.48112238505307364,-0.47620588716338663,-0.439263336798724,-0.39149188995361328,-0.35308515149004321,-0.3115906481231962,-0.29119504374616284,-0.29308419227600097,-0.27803346514701843,-0.23881715629249811,-0.23718973994255066,-0.26261019919599804,-0.31439176864094204,-0.35552659630775452,-0.36421281099319458,-0.34950210154056549,-0.36386705636978151,-0.39125763873259228,-0.41120005647341412,-0.4065442482630412,-0.37786594033241272,-0.34746620059013367,-0.317812979221344,-0.28249771893024445,-0.25767801702022552,-0.2500869408249855,-0.26135809719562531,-0.27777993679046631,-0.2808346301317215,-0.28305932879447937,-0.28661516308784485,-0.27982938289642334,-0.25737828016281128,-0.24488210181395212,-0.25443215668201447,-0.26325604319572449,-0.27694259583950043,-0.2858889102935791,-0.2727428674697876,-0.24256108701229096,-0.23011428117752075,-0.19754061847925186
-0.44536213489139781,-0.468046379439971,-0.47065366432070732,-0.45616644971510945,-0.40493577292987276,-0.3476351411903606,-0.29553252032824923,-0.27617573525224415,-0.2762049416700999,-0.26817567646503448,-0.24401003973824637,-0.26085369559851562,-0.28910499811172485,-0.30906353252274649,-0.30586261550585431,-0.31627221107482911,-0.33500859141349792,-0.35691585391759872,-0.38122044006983441,-0.37495814263820648,-0.35944128036499023,-0.33958476781845093,-0.31861585378646851,-0.2967805415391922,-0.28222517669200897,-0.28340257704257965,-0.28630614280700684,-0.28263969719409943,-0.27241738140583038,-0.263984094063441,-0.26534284651279449,-0.26757523417472839,-0.25964933633804321,-0.25494520366191864,-0.25424380600452423,-0.26181638240814209,-0.27898874878883362,-0.28342733780543011,-0.279285192489624,-0.2637149840593338,-0.24547974765300751,-0.2114979699254036
