SouthSea_Web/demo/jsonfile/2017-12-15-23.json
{"header": {"parameterUnit":"m.s-1","parameterNumber":2,"dx":0.1,"dy":0.1,"parameterNumberName":"Eastward current","la1":29.0,"la2":12.0,"parameterCategory":2,"lo2":131.0,"nx":250,"ny":171,"refTime":"2017-12-15T22:58:07.5","lo1":106.0}, "data":
[rows 38 to 56 of 171, columns 168 to 209 of 250]
-0.2235624585300684,-0.12346919679215976,0.0063941405795048924,0.055178683747847873,0.051213878439739347,0.0218768010880532,0.047696313238702714,0.14945632657584021,0.21472816169261932,0.22698078552881876,0.24695149660110474,0.23393671959638596,0.23104751535824367,0.26028695527245016,0.25713970725025448,0.23365365341305733,0.22971532121300697,0.22783262069736207,0.17579537542427287,0.11086064353585243,0.094509449075250065,0.10987367765868411,0.054608795791864395,0.022231484884801117,-0.015836352327217657,-0.099432940816595441,-0.22129342478254568,-0.3108515659968058,-0.38748323458891648,-0.35265773932139077,-0.22795280814170837,-0.082487103529274464,-0.003017827762629498,0.049940213561058044,0.076072810424698725,0.10632138419896364,0.077207279391586781,0.0318660062870809,0.036466459078448157,0.051309864036738873,0.041022019992981641,0.002071925594160954
-0.24942638631910086,-0.16887509340749068,-0.051005623899982311,0.085859142140381872,0.13554189698054239,0.065498758107423782,0.0392175359884277,0.081312719340387141,0.1293399340527899,0.16161635052412748,0.17700201769669852,0.18986359611153603,0.234085208603314,0.25971998806510654,0.22259179875254631,0.1768936574459076,0.16698248258658818,0.15020793197410448,0.092628233879804608,0.077552287722937763,0.10145482814146413,0.025979044301876503,0.0016537787691609433,-0.0706017523555568,-0.11421679588103736,-0.065679791452432121,-0.16442160837744413,-0.28875346131184521,-0.21321258073051772,-0.13450523494527891,-0.026563557262236897,0.027628383738920091,0.039617875336923382,0.067789686166427346,0.053220356628298757,0.079637431539595127,0.051121555734425783,0.03744714254779475,0.053397979587316513,0.062130821247895561,0.048261110670864582,0.022222807320455711
-0.23332327107588449,-0.18270461731835416,-0.079010963284720973,0.055436252469294948,0.12072028080001473,0.058439323788180071,-0.0031785972685994287,0.00811871188446222,0.044314999715425074,0.11967189872966093,0.18271497823297977,0.21509258780214521,0.25549704180313992,0.2286021588370204,0.16364094774637902,0.11196377982988078,0.081954846956900182,0.0354114613001002,0.067535161894435689,0.11888455026424848,0.041755705547984689,-0.027053477000498042,0.021138009799566742,-0.041282548912261664,-0.24896148268295371,-0.19778763240901753,-0.074648215175749585,-0.13811943658134518,-0.038722490251529962,-0.006068357173353434,0.00046734399317453307,0.0453417346579954,-0.0066298349294811485,0.024794783676043153,0.028263526761697397,0.042822408889021189,0.037998083978891373,0.058998893946409225,0.0725539152820905,0.0624013946702083,0.057327253744006157,0.0448679318651557
-0.15006062090396882,-0.1136852480057213,-0.031681210994352831,0.0779676347532693,0.12691802345216274,0.0532698230817914,0.0019674666143734663,0.034202984890297931,0.10088134184479713,0.15307915166896932,0.17806260585784911,0.18274500469366709,0.19900863836793339,0.14438508301973343,0.064352355037744224,0.015050167034912323,0.010697343440439839,0.0018967882885287206,0.062083358948047347,0.095913342558420628,0.0017340510832862211,-0.11296214436491331,-0.12157227055957684,-0.13030900433659554,-0.12270499927560902,-0.087891151932425388,-0.010653403721091042,-0.035587607078592882,0.096448253167586193,0.037668951155085652,0.0094857585001071644,0.013904207922071995,0.016386865172535181,-0.014056688430719078,-0.028051696872959535,-0.0042545933392830193,0.04043923132121563,0.087209163854519531,0.092585513989130661,0.066047742962837219,0.043396891405185066,0.048019624315202236
-0.016701373757551544,-0.00559113020691174,0.048034382274463064,0.10254602376371622,0.13300225883722305,0.084905110485851767,0.0843785455559983,0.13961775600910187,0.16333838204542797,0.17840394874413809,0.17087752240545609,0.13184911807378133,0.084948956966400146,0.0019984783604741095,-0.081692078538859889,-0.0868362811429856,-0.098031221143901351,0.0052679846606527763,0.018953717922648557,0.1211074185040262,0.016161826788447797,-0.11759199549754461,-0.2016058764175365,-0.19595170214220328,-0.090412272207870861,-0.0091425516700837754,-0.01521053797035825,0.0023210945419614784,0.11298733483999968,0.067313332607348758,0.023303684823286649,-0.010320664124770297,-0.031849421840161082,-0.074363634404208928,-0.049113215464684695,-0.0080272918567061424,0.022164726445528988,0.068633690476417542,0.10035784095525742,0.081896565854549408,0.054312214255332947,0.068934027726451561
0.032889490562956779,-0.001301136954377095,0.049593337049538437,0.06629872159101069,0.076892645860260178,0.11886650882661343,0.16406906189190018,0.18234924972057343,0.17157996942599615,0.16221740003675222,0.10995636444713455,-0.012401546954232104,-0.077432717479366281,-0.12402949063107371,-0.16190706422695747,-0.17663080519751498,-0.11128014645406179,-0.074034594864185371,-0.12731825653463602,0.10555769540757562,0.0093047711624032158,-0.089732574728819042,-0.13155833376865639,-0.18606854026967828,-0.13376142744693839,-0.13903214614121959,-0.11181393916591663,0.038385684332024536,0.0834660308266228,0.0888952279670371,0.009772668459585734,-0.041203640215098855,-0.067802951981623963,-0.057723266383012138,-0.031771788373589516,-0.01996515571538891,-0.0034237211802974343,0.032559304963797331,0.074613582342863083,0.088919224838415786,0.08438396751880646,0.13869889577229819
-0.012576871677301824,-0.010525168925856374,-0.0014602735324803255,-0.030071801490848885,0.067385934503926409,0.18909275624901056,0.21393144379059473,0.17287314464064205,0.15187631249427797,0.13356860496458553,0.0086625599302351478,-0.13032058339852554,-0.1631292360169547,-0.15936254230993135,-0.13162058666348458,-0.084707632075463016,-0.043580155291905,-0.17300983145833015,-0.25131568312644958,-0.0865852950071847,0.020544278280188639,0.015912429681823898,-0.074315676035789341,-0.2026486904360354,-0.24003546328648276,-0.18538259613082378,-0.01351106082577081,0.07147974844433759,0.076604850279788181,0.027564250128833873,-0.026247904383732628,-0.059153211517975882,-0.043022571131587029,-0.017760063255471841,-0.015780053633664335,-0.019161099878450234,-0.016202707309275866,0.017789103294489905,0.06030751888950666,0.088164014120896653,0.13471381552517414,0.19335229694843292
0.052862379489259023,0.034362833227284929,-0.074699102973681875,-0.039509922685101631,0.17192344466845194,0.25727154811223346,0.23037447407841682,0.16716881238278888,0.13188353724156818,0.038874597689300572,0.004905325736867131,-0.076594307038344842,-0.10117947422391312,-0.11745284817048482,-0.18796243202751098,-0.01734037963845032,-0.045434880832379516,-0.16185075315562161,-0.14557609707117081,-0.0668909956390659,-0.00432503845077008,-0.013375811986266993,-0.030634345486760139,-0.054532897228804916,-0.088714164495468137,-0.050458617109273164,-0.0052093409753676189,0.0045375382527709,-0.015726526339466754,-0.042080121508871131,-0.0702653331682086,-0.046413941076025367,-0.011987114208750427,-0.0036733699796189156,0.003407115931622684,-8.58008861541748E-05,-0.00434521180674589,0.022467246434340876,0.063003572821617129,0.11022396137317021,0.16391904652118683,0.21520394086837769
0.26654865592718124,0.2560938017235862,0.18535156745244474,0.18904757549587106,0.28524829885538888,0.32759166322648525,0.24757971428334713,0.17235170952651813,0.067943303420304732,-0.11647199995313136,0.027193683946248274,-0.0050230140015414424,-0.019665241260461663,-0.074728250305853644,0.0,0.030458519503904078,-0.11764856986701489,-0.18966201775603825,-0.18023984258373579,-0.095737788412306041,0.0016495694025334988,0.0091231735306791968,-0.031263275363016874,-0.075669464841485026,-0.079302409807076826,-0.048302809863040842,-0.024958067972745215,-0.03889407888054848,-0.039480758661573585,-0.058837237581610677,-0.057306840550154448,-0.032834581332281232,-0.011444021947681904,0.0048533662920817733,0.018778824945911765,0.026611730922013521,0.033353366423398256,0.054589630570262671,0.094593452289700508,0.12138502796490987,0.168165422976017,0.22132281959056854
0.36597761635979015,0.42222818867726758,0.44842061400413513,0.38477983361198786,0.38520744968863097,0.39041008493479562,0.27873377589618459,0.18964303480951408,0.027453387313631967,-0.0946272642403427,-0.16841300651431085,-0.075850047029529674,-0.027440560151201984,-0.10264300320413895,-0.058897067123325542,-0.17052908356373125,-0.16500392894853244,-0.19607048332691193,-0.16374147209254178,-0.103595170378685,-0.028402187734503637,-0.019375093958594582,-0.052796373888850209,-0.050330169291959867,-0.040882273661819374,-0.024882267229259014,-0.04801498483866453,-0.064085517492559224,-0.047287029524644218,-0.019915632903575897,0.0098075936031010412,0.023300793720409274,0.0076999220298603179,0.021051501482725145,0.044065045192837715,0.057090715318918225,0.070520751178264618,0.089532334357500076,0.12623983124891916,0.17118451744318008,0.19772544503211975,0.20018613338470459
0.46533020337422687,0.4465022739909944,0.47008209781987326,0.55988238313618832,0.56498927336472726,0.49520917675074411,0.42649279907345772,0.23703204209987933,0.15230369787005818,0.0043356502581828908,-0.063577086373697966,-0.16219945500294367,-0.27147290855646133,-0.29777540441821604,-0.14609679821878671,-0.0602582028756539,-0.0839607065750493,-0.13305389285087585,-0.10575422570109368,-0.076244747887055084,-0.039087243378162384,-0.024114326573908329,-0.028700613815869604,-0.024272678652778268,-0.020406336006191041,-0.021905739791691303,-0.0544095676806238,-0.05738809984177351,-0.039494812488555908,0.0064477616688236594,0.05393301835283637,0.066917750984430313,0.056112078577280046,0.055357764475047588,0.046103142201900482,0.050505833079417549,0.097579995170235634,0.1265953853726387,0.18277024229367575,0.19119571894407272,0.16257618864377341,0.15095078200101852
0.59315141042073571,0.54127889275550845,0.44944179852803551,0.48205502331256866,0.5426837710233835,0.48425617069005966,0.45834738413492837,0.3434801926979652,0.16644089072942733,0.12588589961983657,0.17627400472760202,0.083870457485318184,0.0010604415173557672,0.015603784471750259,0.016663805348798633,-0.030458973636004059,-0.072645833343267435,-0.096050409227609629,-0.088434501551091671,-0.067034923657774928,-0.033770385922657117,-0.0042973737498479226,-0.021244251014043886,-0.031702728010714054,-0.022552850190550089,-0.025034232763573527,-0.042241189007957779,-0.032778427315255008,-0.0159603568026796,-0.001173826555411021,0.019796343869529665,0.057550589864452682,0.054222936183214186,0.063493536164363221,0.062983663752675056,0.078817849978804588,0.11539861559867859,0.19283422827720642,0.18803527454535166,0.1859477311372757,0.15110032757123312,0.11214562505483627
0.58976694279246855,0.56538042053580284,0.52983969449996948,0.50652988255023956,0.50003251632054646,0.43314394752184548,0.41023476557298139,0.38133666416009265,0.24921523158748946,0.17342997243007025,0.04598840169608593,0.0668718286145192,0.069884449347025812,0.074609129875898364,0.028971788159752678,-0.0280906630345271,-0.075617599114775655,-0.10015806555747986,-0.0891607217490673,-0.0656392579632146,-0.051888617553881237,-0.026768031413666904,-0.031680825565542491,-0.036663432372733951,-0.030750800296664237,-0.02721082791686058,-0.031146331823297908,-0.0066123759218802052,0.027081055101007223,0.015679487318266183,0.021886209491640329,0.043862818554043767,0.065767746418714523,0.089009734491507217,0.10782290001710256,0.13406441360712051,0.155771903693676,0.17009980976581574,0.15309014171361923,0.14218840251366297,0.11038252959648769,0.086809787899255753
0.49122090803252327,0.46668793173397288,0.46662445579256329,0.50491937569209511,0.49514474777074963,0.42307816147804261,0.39083736676436204,0.35174922071970427,0.28528322155276936,0.21941060945391655,0.18146607212044977,0.10890116030350328,0.051179157849401233,0.04760176595300436,0.013798710683153736,-0.01166403641764191,-0.042628567694919184,-0.083345121704041958,-0.087069907358714518,-0.076801934589942292,-0.069911059457808733,-0.038747215643525124,-0.028298367613128254,-0.02681736685335636,-0.00575298030526028,-1.86192337423563E-05,-0.0071624297802372894,0.016733845602720974,0.074913118655482933,0.087810106575489044,0.084360964596271515,0.11082598194479942,0.11712321639060974,0.158302441239357,0.16668369372685751,0.13920317590236664,0.12060878798365593,0.10254667885601521,0.10405216366052628,0.10166456550359726,0.089916914701461792,0.0777672529220581
0.38949802021185559,0.36538856662809849,0.35731300512949626,0.39903030325384703,0.39258638421694436,0.37398885488510131,0.36072176924118626,0.32069483399391174,0.28557039548953372,0.23083523718210366,0.22794610720414382,0.20250154489820654,0.15047440136020834,0.13155317585915327,0.10484814643859863,0.050964126363396645,-0.0066274246200919151,-0.044325988041237,-0.080422705411911016,-0.091138793776432678,-0.086882247456482473,-0.049210180342197415,-0.034848761931061747,-0.034231419985493027,-0.0260533862747252,-0.020227274857461452,-0.020365714747458696,-0.0019445302314125001,0.04636567085981369,0.075788393616676331,0.0702328309416771,0.10814096281925838,0.1520068570971489,0.17058342695236206,0.14728423456350961,0.125958863645792,0.079883992671966553,0.039379611611366272,0.041529243811964989,0.052533995360136032,0.073642820119857788,0.075552565356095627
0.30896191795667011,0.27453322522342205,0.26652332877411561,0.29287273271216285,0.3157673259576162,0.31263580230566174,0.27549837995320559,0.27086333533128104,0.28176115825772285,0.23184595132867494,0.21235362191994986,0.17146230190992357,0.12712098658084869,0.092100003226236862,0.055691237747669223,0.023848388242186047,0.012195464598739313,-0.012613113380211871,-0.058513105536500611,-0.097005635499954224,-0.10180617719888688,-0.065776921063661578,-0.034102027770131826,-0.021642869338393211,-0.007386490236967802,0.016646074689924718,0.015232720722754797,0.026898214127868414,0.0435075672964255,0.042000153412421547,0.034602229172984757,0.057668494681517281,0.074651086702942848,0.10637617856264114,0.11373599867026012,0.089879778524239853,0.064368998010953263,0.030294465832412243,0.021005759636561077,0.036961434409022331,0.058445146307349205,0.063675977289676666
0.23431600551856191,0.22289626207202673,0.22195433942895188,0.24302120506763458,0.258862375219663,0.25899395784910989,0.23469619080424309,0.23069634394986288,0.23623344646050379,0.21187089184919994,0.19107362379630408,0.14512899965047837,0.0811405327791969,0.026722349614525836,-0.018055839412328269,-0.019313313998281956,0.00600125354831107,0.0024498017504811288,-0.042880142107605934,-0.091629962126413986,-0.10142013281583787,-0.069417757292588547,-0.045494007567564644,-0.021576376049779356,0.0026592867216095328,0.013376789633184671,0.016316534951329231,0.016905028373003006,0.0053812054684385657,0.0020771883428096771,-0.007837028824724257,0.0014602936183412869,0.030963348224759102,0.0709925014525652,0.072324186563491821,0.058868618682026863,0.036883307620882988,0.020832126649717491,0.020682499433557194,0.033068866468966007,0.041850334033370018,0.059119696418444313
0.20458270872340484,0.18518807782846339,0.19644982236273148,0.22914459463208914,0.24273283604313345,0.23289684525557927,0.23951044240418604,0.23122739295164743,0.21566211711615324,0.19784254767000675,0.1975810557603836,0.15662208678466932,0.095889648629559412,0.020573277686708025,-0.023104146255978515,-0.0080689195698748026,-0.0051182366158172956,-0.02782175752023856,-0.070567195614178971,-0.10331120093663533,-0.10217664763331413,-0.085387572646141052,-0.060287313535809517,-0.033542320132255554,-0.015009255148470402,-0.020185758359730244,-0.030724825337529182,-0.050811454653739929,-0.049743955954909325,-0.038019115105271339,-0.031119321472942829,-0.031495934352278709,-0.0060118172550573945,0.034748752291003861,0.048771779984235764,0.044177962467074394,0.030733502469956875,0.021036822348833084,0.019943804014474154,0.024857047945261,0.023687156848609447,0.036353036761283875
0.17406050510266247,0.17717025735799005,0.1874144421890378,0.19001226302455454,0.20373678846018656,0.20866455313037424,0.21551332409892762,0.19793941506317683,0.18071072399616242,0.16938382501785571,0.16964066347905568,0.16465306823903864,0.12751016486436129,0.051373231623853953,0.041061860353996359,0.028019065223634242,0.0042591110492746038,-0.031791010871529579,-0.081295707573493317,-0.0988682471215725,-0.098059151321649551,-0.0918294961253802,-0.082373638947804764,-0.05926135741174221,-0.058588694781064987,-0.07453053817152977,-0.08852593973279,-0.0907234400510788,-0.080110017210245132,-0.05938697482148806,-0.042709017172455788,-0.033559088905652366,-0.0069733954345186549,0.015851789619773626,0.026489969342947006,0.033969668671488762,0.027561264112591743,0.020998954772949219,0.010551063809543848,0.0078538761008530855,0.0061150325927883387,0.018814345821738243
