SouthSea_Web/demo/jsonfile/2017-12-14-06.json
{"header": {"parameterUnit":"m.s-1","parameterNumber":2,"dx":0.1,"dy":0.1,"parameterNumberName":"Eastward current","la1":29.0,"la2":12.0,"parameterCategory":2,"lo2":131.0,"nx":250,"ny":171,"refTime":"2017-12-14T06:00:00","lo1":106.0}, "data":
[rows 95 to 113 of 171, columns 0 to 41 of 250]
-0.12324400842879657,-0.13708310766980567,-0.14620731729600164,-0.084678411770325437,-0.056547679345716133,-0.097228669203244716,-0.11840585039721595,-0.13872335255146026,-0.1496889978647232,-0.12434249371290207,-0.11359294131398201,-0.095699836810429886,-0.09148624911904335,-0.10113271325826645,-0.10591670125722885,-0.12041816860437393,-0.13298900797963142,-0.13154620677232742,-0.12965370714664459,-0.11510487273335457,0.0,-0.076848559081554413,-0.093165263533592224,-0.060492949560284615,-0.03950968524441123,0.0061539892986830734,0.082652189955115321,0.12848361395299435,0.14123474915201464,0.0566185617010884,0.032285006609387122,0.0,0.0,0.0,0.0,0.0,0.0,0.0,0.0,0.0,0.0,0.0
0.11467579342726302,0.052524239742116813,-0.045025363331660628,-0.083455768103400871,-0.05908192118460482,-0.084328089441571913,-0.14193282152215639,-0.16979484756787619,-0.14973265826702117,-0.12437593936920166,-0.11753464490175247,-0.098697264989217118,-0.090807788074016571,0.0,-0.097121305763721466,-0.10572074726223946,-0.1187053807079792,-0.11118274182081223,-0.11263054236769676,-0.1297865534822146,-0.085613474249839783,-0.07208600640296936,-0.054788733995519576,-0.017202095904697973,0.0031050450648763216,0.084476518386509269,0.15987651721864452,0.17330687301574457,0.11737576004649912,0.0,0.0,0.0,0.0,0.0,0.0,0.0,0.0,0.0,0.0,0.0,0.0,0.0
0.10839618607000871,0.0608663527139773,-0.0076163629108729463,-0.065350354338685676,-0.08084650254911846,-0.13287785090506077,-0.17130695283412933,-0.16458911821246147,-0.14571775496006012,-0.13765409588813782,-0.11649728938937187,-0.10237644612789154,-0.08910839632153511,-0.0858110785484314,-0.074666444212198257,-0.098585408180952072,-0.12240467220544815,-0.10392777621746063,-0.10949211940169334,-0.13415855169296265,-0.08630409836769104,-0.0437779501080513,0.010325601557269692,0.031214735290892089,0.026973331114277244,0.11217795534336821,0.075511697578298884,0.048504650082678485,0.0,0.0,0.0,0.0,0.0,0.0,0.0,0.0,0.0,0.0,0.0,0.0,0.0,0.0
0.039669693095077362,-0.011360450893537037,-0.024487557322052971,-0.052364501242454238,-0.10469383339990269,-0.12066463487488884,-0.11713150516152382,-0.13456752598285676,-0.13812067359685898,-0.11743753775954247,-0.10311641916632652,-0.079618636518716812,-0.072762906551361084,-0.0612686350941658,-0.05862557515501976,-0.073225043714046478,-0.1079479344189167,-0.10781344771385193,-0.11112861707806587,-0.12661343564589819,-0.11229445040225983,-0.044677105732262135,0.055235670268302783,0.044647333635525269,0.00796817838052062,0.018858441441143688,-0.026115054578026049,-0.01213516186689958,0.0,0.0,0.0,0.0,0.0,0.0,0.0,0.0,0.0,0.0,0.0,0.0,0.0,0.0
-0.0614398216990673,-0.069691710988990963,-0.016516990226227789,-0.029409611131995916,-0.060885896906256676,-0.04297652724198997,-0.073669419934352234,-0.095777207985520363,-0.10425390303134918,-0.091587573289871216,-0.084976479411125183,0.0,-0.045536920428276062,-0.03984474390745163,-0.031336612068116665,-0.030046189203858376,-0.070674818009138107,-0.076082311570644379,-0.10013008862733841,-0.0891238624850909,-0.10624237172305584,-0.052531831794314914,0.02050117853612296,0.011731296974735765,-0.019414544905885123,-0.023024227569538463,-0.012733321188480241,-0.026899485227962334,0.0,0.0,0.0,0.0,0.0,0.0,0.0,0.0,0.0,0.0,0.0,0.0,0.0,0.0
-0.091175708210184461,-0.006002963021663683,0.0607155858228604,0.0048828469589352608,0.01248724110579739,-0.00034521241572552493,-0.045470900461077692,-0.061120308935642242,-0.064354224130511284,-0.047648412175476551,-0.042708445340394974,-0.050920186564326286,-0.0087167962919920683,-0.0019847722724080086,0.017271498392801732,-0.029723912477493286,-0.0018505691550672054,-0.054165434092283249,-0.058371011167764664,-0.079816088080406189,-0.093090941508611039,-0.072655762461098755,-0.030531651481975463,-0.037194767035543919,-0.043260002529005644,-0.042768183680575181,-0.019265939379529504,0.0,0.0,0.0,0.0,0.0,0.0,0.0,0.0,0.0,0.0,0.0,0.0,0.0,0.0,0.0
0.063079126563895013,0.12510945993874753,0.12167341434038602,0.08394290208816528,0.058009513061154976,0.036523045868509345,-0.001762126135872677,-0.018024576071184129,-0.010645339886347452,-0.0098586613312363625,-0.00099530001170933247,0.011447321623563767,0.041327381506562233,0.046801835298538208,0.068314701318740845,0.040559602901339531,0.043792176991701126,0.0027137193828821182,-0.027761567927276094,-0.070947147905826569,-0.084649370983242989,-0.07007580676249095,-0.061762534826993939,-0.046901843632045,-0.055341011916215606,-0.033629891206195729,0.0018638978283362169,-0.0010375413054134696,0.0,0.0,0.0,0.0,0.0,0.0,0.0,0.0,0.0,0.0,0.0,0.0,0.0,0.0
0.23041338443756104,0.23707236963159897,0.20334564681564057,0.15618076237539449,0.11050154455006123,0.090638565106524363,0.0487541388720274,0.034137649647891524,0.032998767060538135,0.023395241238176823,0.043421518057584763,0.062617350369691849,0.0858466848731041,0.084447279572486877,0.075543172657489777,0.069487404078245163,0.076914861798286438,0.0331245611111323,-0.0071356672172745066,-0.044813103973865509,-0.05965244397521019,-0.05853576000247683,-0.055091328173875811,-0.053129006028175357,-0.039408779607361388,0.0020332562932956284,0.01451962041781759,0.025722885009998531,0.0,0.0,0.0,0.0,0.0,0.0,0.0,0.0,0.0,0.0,0.0,0.0,0.0,0.0
0.24077667196591696,0.2718012803479245,0.28184851152556284,0.22754277909795442,0.15415850877761841,0.12838806625869539,0.11173227855137416,0.086844404041767118,0.073576003313064575,0.073065708080927536,0.0717407042781512,0.10699159279465675,0.11882148683071137,0.11270899325609207,0.11877240613102913,0.092214062809944153,0.08874719962477684,0.057052887976169586,0.019976246170699596,-0.015655123473455507,-0.030403426382690668,-0.04139188677072525,-0.052998050633403987,-0.058859359472990036,-0.014346809985393004,0.018494422022033379,0.021965093765673894,0.019016497677916452,0.0,0.0,0.0,0.0,0.0,0.0,0.0,0.0,0.0,0.0,0.0,0.0,0.0,0.0
0.20966093174435876,0.28426856112976867,0.32867688106165993,0.26724540938933689,0.19168130627700261,0.20124751193956894,0.18096054428153569,0.13657774869352579,0.13063760846853256,0.12914614627758661,0.10805584490299225,0.13642138987779617,0.14566272497177124,0.14563990384340286,0.14650052785873413,0.11273320391774178,0.10480233281850815,0.059743192046880722,0.027614302933216095,-0.0029902133004119,-0.013292919921999177,-0.025258522946387529,-0.038448955242832504,-0.049509671075563678,-0.025351524524012348,0.012855713767930866,0.033731025937247625,-0.0012430126205965114,0.0,0.0,0.0,0.0,0.0,0.0,0.0,0.0,0.0,0.0,0.0,0.0,0.0,-0.033435044344514608
0.20799110258851095,0.25345297548032941,0.35513347268104556,0.32963555455207827,0.29028487006823223,0.26558559238910673,0.25407227426767348,0.20442017250590855,0.20040667057037354,0.179621492822965,0.17986961702505747,0.18455988168716431,0.19582010805606842,0.17469710111618042,0.18046452850103378,0.15119708577791849,0.14127475023269653,0.097128597398598984,0.066668344661593437,0.034263918176293373,0.0045703405048698187,-0.0096582150086760524,-0.014633730053901672,-0.012069341207209688,-0.018325746279019353,-0.003577171873378878,0.050222869796146243,0.11762064493571718,0.12533664931693384,0.0,0.0,0.0,0.0,0.0,0.0,0.0,0.0,0.0,0.0,0.0,0.0,-0.07548161453431497
0.17901355142776781,0.24539661788278155,0.34555145385472669,0.41520243173553828,0.45817835864267853,0.32860792577266695,0.28301870822906494,0.27253842055797578,0.25768828392028809,0.22764271125197411,0.21811439096927643,0.21857099980115891,0.21961353719234467,0.2028837576508522,0.19223626703023911,0.19374419003725052,0.16904495656490326,0.1336519867181778,0.091445975005626678,0.065153412520885468,0.027035215248664219,0.0077893190318718553,-0.0011208773357793689,0.010265851842372544,0.02954947544882695,0.022604686589064924,0.029167206812417135,0.08956662836043458,0.14252230512374398,0.15840617440724009,0.1392573588088436,0.076762821826956831,0.0,0.0,0.0,0.0,0.0,-0.030960896584604467,-0.081272577362886456,-0.034303872085841895,-0.089592423230494878,-0.1947277635712337
0.14294536494546467,0.19155671275323155,0.36882084131240844,0.45843199100987664,0.56593921201096642,0.55601591523736715,0.34505274762278015,0.28754316601488328,0.26589553306500119,0.25789268612861632,0.25120207667350769,0.23745142668485642,0.23326833546161652,0.21341315905253092,0.19431575636068979,0.18780490010976791,0.16006018966436386,0.126032967120409,0.08199189230799675,0.051875585690140724,0.018854179419577122,0.012497719842940569,0.0054587336101879673,0.013967732045178613,0.032989259188373886,0.053658178448677062,0.029157907036798342,0.048831767449155447,0.14883460904486845,0.20378353782728606,0.19794199768549356,0.11739993991526759,0.17058228776436443,0.13227171086031817,0.13449719783791106,0.011228199058678001,0.0,-0.04436484091802613,-0.079514368160543636,-0.13043727081741413,-0.25372380718811233,-0.39246940517577883
0.0,0.010020953603088856,0.27745628202783651,0.32838513873151093,0.42793579338764659,0.61038225193818407,0.603024885058403,0.37004429350296658,0.28022078138131362,0.2525413814518187,0.24738384038209915,0.24046848714351654,0.23407797515392304,0.21576938033103943,0.18815881013870239,0.17858618994553885,0.17709529399871826,0.14303497225046158,0.091889427974820137,0.054587448015809059,0.021314562298357487,0.0043986886739730835,-0.0025223031795273223,-0.00090290280058979988,0.014701996852333346,0.034911742899566889,0.036538435678396909,0.012736475345133971,0.052512108662631361,0.11422810268898805,0.13102891688634241,0.1294223347494563,0.1041186523889337,0.1096979553582209,0.12305334863916345,0.054701416472758307,-0.00048969182450579664,-0.030447790631304719,-0.12679654797358525,-0.200478395401257,-0.2721598958101889,-0.29814464133670071
0.0,0.0,0.0,0.06968648486983274,0.22777328454583085,0.33697259554858594,0.620950033079903,0.58790913801039424,0.33117848021142621,0.25719472517569858,0.26350130736827848,0.25872675701975822,0.23830368618170419,0.20534516870975494,0.17388712614774704,0.16210974007844925,0.15656859676043192,0.12720129638910294,0.0781730090578397,0.037766589783132076,0.0013269959017634392,-0.0089329143520444632,-0.018473297823220491,-0.01762394467368722,-0.0095461675082333386,-0.0024869795112560191,0.0058800375490035452,-0.011677396467088588,-0.025020457186093109,0.018841921007260679,0.02488237710037668,-0.0094630269243592222,-0.026495952318471513,-0.017851333051316479,-0.0063533356392078775,0.073938675000573745,0.029160923158038927,-0.12467036558384145,-0.26841955226891251,-0.28262968624649115,-0.34464384144352328,-0.30041962791946614
0.0,0.0,0.0,0.0,0.074090443551540375,0.17129713330385193,0.33289184044766168,0.55349866854838836,0.40556699534257251,0.32640523910522462,0.29268855282238554,0.26763679981231692,0.25425161421298981,0.21560448408126831,0.18091725558042526,0.16683484613895416,0.16205038130283356,0.12667198106646538,0.089794968565305069,0.047570178906122841,0.0068708956241607666,-0.023206437006592751,-0.039916917216032743,-0.049307512119412422,-0.055910553783178329,-0.02328149788081646,-0.02361503414188822,-0.040823481231927874,-0.086263521263996765,-0.059148672569010942,-0.051906645504964724,-0.060621067293380439,-0.080000841828144112,-0.16462613540616902,-0.17188701601255507,-0.19369050792672418,-0.24432713277637957,-0.30596326463497603,-0.31840660261071246,-0.31715030051807669,-0.29826974675611212,-0.30130740087258484
0.0,0.0,0.0,0.0,0.011525191180408002,0.034426841598274326,0.10757615484474155,0.34194115392471613,0.44592061758041379,0.3558713177839915,0.29293198206207971,0.27309506386518478,0.25165891150633496,0.21912906070550284,0.1919709543387095,0.17674191296100617,0.16786877810955048,0.12592498461405435,0.083835194508234664,0.039356428508957229,-0.0070675841416232288,-0.026870523889859516,-0.058643385767936707,-0.094261102378368378,-0.10126220062375069,-0.074730468913912773,-0.06521095087130864,-0.074008906881014511,-0.15804484486579895,-0.13981899619102478,-0.14512091023581369,-0.12791143879294395,-0.22853843371073404,-0.31554235418637594,-0.31729007618767874,-0.3392671812325716,-0.39224630395571392,-0.40725465004260725,-0.42672487963800843,-0.38552207582526737,-0.32898428652967726,-0.33486826237170925
0.0,0.0,0.0,0.0,0.012758440803736448,0.025459724620170029,0.0517240142037147,0.1802539904601872,0.372892085313797,0.35034482961609248,0.2885178585847219,0.28114757314324379,0.26386154691378277,0.23821035772562027,0.21165459851423898,0.18784341712792715,0.17339186867078146,0.14433110505342484,0.10035467892885208,0.043909157315889992,0.0028445826610550284,-0.037304429337382317,-0.053112845867872238,-0.10222402215003967,-0.15445464352766672,-0.14615501314401627,-0.13675246685743331,-0.11977274715900421,-0.16209239698946476,-0.17295198781149729,-0.17683361284434795,-0.17082665413618087,-0.31993301754648035,-0.41111274891429478,-0.4075225970961831,-0.33872178196907043,-0.3842439626653989,-0.38235867023468018,-0.4465111990769704,-0.45747035617629689,-0.5356283389233254,-0.51567874476313591
0.0,0.0,0.0,0.0,0.059905608186327723,0.081830656257727757,0.05258557436252953,0.096756627162297562,0.21692646046479544,0.35148495719546363,0.30090461671352386,0.29820745495649487,0.26265488564968109,0.24157866338888803,0.22176428139209747,0.20791321496168772,0.18824085096518198,0.16122963031133017,0.11372704555590947,0.064905170351266861,0.011469341659297546,-0.0182450532913208,-0.051531923934817314,-0.092487212270498276,-0.1506425142288208,-0.18263984024524688,-0.18773119747638703,-0.16549948155879973,-0.15215364737170084,-0.19524353742599487,-0.15617439299821853,-0.20485638082027435,-0.28790871426463127,-0.35628079942294527,-0.34620415046811104,-0.31308578167642864,-0.32658718526363373,-0.32221270104249317,-0.44993724877184088,-0.51659228404363,-0.597056533979333,-0.52537874106703131
