SouthSea_Web/demo/jsonfile/2017-12-15-03.json
{"header": {"parameterUnit":"m.s-1","parameterNumber":3,"dx":0.1,"dy":0.1,"parameterNumberName":"Northward current","la1":29.0,"la2":12.0,"parameterCategory":2,"lo2":131.0,"nx":250,"ny":171,"refTime":"2017-12-15T03:00:00","lo1":106.0}, "data":
[rows 133 to 151 of 171, columns 129 to 171 of 250]
0.013088520376186352,0.024031254773338635,0.035377960652112961,0.037870867177844048,0.039403122934428131,0.054511242442660861,0.039926344114873141,-0.0018868520606442221,-0.045106743247463152,-0.015303281505608042,0.015424022303992197,0.0,0.0,0.0,0.0,0.0,0.0,0.0,0.0,0.0,0.0,0.0,0.0,0.0,0.0,0.0,0.0,0.046871094654003777,0.095186493782834572,0.24249707907438278,0.29440728127956389,0.28504842188623214,0.23738591000437737,0.17851028889417647,0.13380242304669487,0.10895371437072754,0.1168351016110844,0.16608335822820664,0.20269202192624411,0.19304586201906204,0.12983668874949217,0.051929510331579616,-0.000201749064217438
0.053871318697929382,0.045737608646353088,0.048273025546222925,0.0635227585832278,0.06634268444031477,0.066458996046673172,0.038384826853871346,-0.014114795506677845,-0.055926376643280186,-0.035249216781396954,0.0396395114560922,0.0,0.0,0.0,0.0,0.0,0.0,0.0,0.0,0.0,0.0,0.0,0.0,0.0,0.0,0.0,0.0,-0.12967729172669351,0.11287395300512965,0.21424804131189981,0.24200268089771271,0.21396878226236862,0.16279621608555317,0.091468008743091064,0.064371338486671453,0.054569597200800977,0.10506794322282076,0.17628321498632432,0.18573253229260445,0.16619497324739183,0.12295649293810129,0.0699502769857645,0.02429117399474813
0.077970820168654129,0.0839921161532402,0.079813397888626375,0.06464522538913621,0.078193264702955886,0.069874345842334956,0.034890390932559967,-0.00869689129629276,-0.053628428094089034,-0.041622338828165087,0.058258705772459507,0.0,0.0,0.0,0.0,0.0,0.0,0.0,0.0,0.0,0.0,0.0,0.0,0.0,0.0,0.0,-0.25412573292851448,-0.066350196100150541,0.13324170666081564,0.18643437190489334,0.19628884891668955,0.17265178805047815,0.068896497176452118,0.002911670029991203,-0.01854879641905427,-0.0080070477910339829,0.085461759318908051,0.17293497920036316,0.18674117513000965,0.17132316529750824,0.14422857016324997,0.11434172756142086,0.078966576192114085
0.085359843447804451,0.099375981837511063,0.10538009088486433,0.085727103054523468,0.08130148218737708,0.068100900473919784,0.033802410794628993,0.0073011214828713695,-0.028238715603947639,-0.015243126855542263,0.099571775645017624,0.0,0.0,0.0,0.0,0.0,0.0,0.0,0.0,0.0,0.0,0.0,0.0,0.0,0.0,-0.10097555816173554,-0.23387801647186279,0.015709994186181575,0.12617498636245728,0.15421343594789505,0.1534184068441391,0.10864441510703829,0.026931890305907775,-0.032631961120800537,-0.065451732074672531,-0.0056045224579672022,0.077643352933228021,0.13880562285582224,0.17780914157629013,0.18560438230633736,0.16149383617771995,0.12788229849603441,0.084551811218261719
0.1056444987654686,0.11749903112649918,0.11994403920003346,0.11765805714660221,0.0894718486815691,0.069494400173425674,0.041477605514228341,0.039073630369135311,0.016892372619953345,-0.010392594018152781,0.061340456518034138,0.12767459452152252,0.0,0.0,0.0,0.0,0.0,0.0,0.0,0.0,0.0,0.0,0.0,0.0,0.0,-0.18210709467530251,-0.22746413201093674,-0.098341475008055568,0.043860852795963488,0.069585508356491729,0.080374955820540592,0.045274378317925662,0.0055269630263663,-0.030845472030341624,-0.054587725549936295,-0.033656246028840542,0.02312726592645049,0.07242295891046524,0.12304880056116316,0.15112653747200966,0.14496214853392708,0.1175973347642205,0.053117402829229832
0.12751598507165909,0.1449340671300888,0.14447352538506189,0.13359095808118582,0.10757061466574669,0.083653967827558517,0.061948800459504128,0.057613241175810494,0.037144133355468512,-0.0071398287319526486,-0.00095509813399985433,0.076298744976520533,0.0,0.0,0.0,0.0,0.0,0.0,0.0,0.0,0.0,0.0,0.0,0.0,0.0,-0.13105596601963043,-0.23770362564495631,-0.186131751537323,-0.068028580397367477,0.0023950926843099296,0.044544805772602558,0.059966269570092358,0.039451783522963524,0.015474601206369698,-0.039885610215027227,-0.064351562783122068,-0.025951511057263069,0.030083137273322791,0.06917993103464444,0.088231530040502548,0.089808350428938866,0.0641056824889448,0.025123762691186532
0.14746244624257088,0.15517174005508422,0.15106966027191707,0.13721811398863792,0.12250145077705384,0.10952160134911537,0.096608986146748066,0.078669743443077256,0.036504514411919646,-0.01244779909861141,-0.07344808429479599,0.02744982914979725,0.0,0.0,0.0,0.0,0.0,0.0,0.0,0.0,0.0,0.0,0.0,0.0,0.0,0.0,-0.16976505021254221,-0.15150292466084162,-0.15248498072226843,-0.055492069572210312,0.020076223474461585,0.086612331494688985,0.053835772316564216,0.01678632174152881,0.003600700045353733,-0.0091587765131407647,0.018721760902553796,0.0651266078154246,0.092743844538927075,0.09762994572520256,0.0867132879793644,0.080346440896391869,0.0725347001105547
0.13766668140888214,0.15802789231141409,0.15068122318812779,0.12211276910134725,0.12158360052853823,0.13676790297031402,0.13092175051569938,0.094334026798605919,0.0339096568612149,-0.03839095844887197,-0.10218888201883861,-0.018970567716418633,0.0,0.0,0.0,0.0,0.0,0.0,0.0,0.0,0.0,0.0,0.0,0.0,0.0,0.0,0.0,-0.055682492628693583,-0.12007842754775827,-0.14118485897779465,0.0,0.1423737108707428,0.0374144295430077,-0.0050921761081554,-0.012674828671151772,0.0030929815997792916,0.030924584716558456,0.075974758375774734,0.093850079923868179,0.090636835992336268,0.095133394830756723,0.10045752674341202,0.0973788546398282
0.13777616123358408,0.15420179069042206,0.13791283716758093,0.10407192446291447,0.11130217183381319,0.13299594488408831,0.12554252669215202,0.0730580517815219,0.02265574772738748,-0.036789804347790778,-0.10440798036076805,-0.08439161628484726,-0.0867425873875618,-0.0086161286259690915,0.0,0.0,0.0,0.0,0.0,0.0,0.0,0.0,0.0,0.0,0.0,0.0,0.0,-0.041104760176191725,-0.061381380472864421,-0.097797352820634842,0.0,0.0,0.0,-0.044510237406939268,-0.11134931677952409,-0.05279298331588507,-0.020130523247644305,0.027188481487841767,0.051458747405558822,0.060529225505888462,0.0637487851911121,0.064461390798290566,0.059702288152443037
0.1316192988306284,0.13262233013908067,0.11182601749897003,0.090237416326999664,0.0885328890548812,0.10848242975771427,0.094057882577180868,0.042090606503188611,0.0039662787624235663,-0.043959372211247683,-0.12095041386783123,-0.094169247067636908,0.039845610037446022,0.02802980466124912,0.012400178669849993,0.0,0.0,-0.0562580154898266,0.0,0.0,0.0,0.0,0.0,0.0,0.0,0.0,0.0,-0.062476102262735367,-0.073195142878426447,-0.091594982892274857,-0.2053535133600235,-0.083178393542766571,-0.049645986274949143,-0.0011344571830704808,-0.11401132941246032,-0.1056388175735871,-0.061576857417821887,-0.058201451320201159,-0.061252132312140682,-0.00018544842235066673,0.010525416637796702,0.00041835854591971093,0.000509772351506399
0.10307795678575833,0.11166373267769814,0.096422380457321807,0.0756709286943078,0.068985300511121755,0.078047202900052071,0.060300526767969133,0.023979261517524719,0.0038323124637827275,-0.034551074728369713,-0.098601840126017734,-0.10467291540569729,0.012592441910369829,0.037265913793557308,0.0,0.0,0.0,-0.095018431171774859,-0.036944458128086159,-0.0088824859354645017,-0.052644595503807068,0.0,0.0,0.0,0.0,0.0,0.0,-0.046322051435709,-0.048983497012938769,-0.086618198941533386,-0.29957730174064634,-0.2105957567691803,-0.097813929346474732,-0.038854926928049989,-0.08210676908493042,-0.14197848178446293,-0.16384650942157297,-0.12524013444781304,-0.12193634443812901,-0.0975218240171671,-0.11405130765504307,-0.10521270520985127,-0.073910027996382924
0.090150377154350286,0.084309916198253634,0.067277344564596817,0.047445302296962054,0.034383174590766431,0.05237673781812191,0.046022961288690566,0.034393832646310331,0.020552581758238375,-0.018018844397738577,-0.079921860247850418,-0.12173735816031694,-0.057040577195584773,-0.0067724555476822634,-0.03487395285628736,-0.061437729746103287,0.0,-0.054448816304405533,-0.039213443174958229,-0.046898488632657311,-0.038056114967912433,0.0088581182062625885,0.0,0.0,0.0,0.0,0.0,0.022405004361644387,0.0035048684383380329,-0.10689216973260045,-0.24400257915258408,-0.15371856465935707,-0.10087631891171138,-0.092857353389263153,-0.10648113489151001,-0.11682228540832346,-0.11161835085261952,-0.12471034750342369,-0.13888163202338749,-0.13976495862007141,-0.15809798240661621,-0.18797518610954284,-0.20371858403086662
0.090074256062507629,0.064866533502936363,0.048311992415360043,0.032464974426797459,0.01149771274584863,0.042640729807317257,0.061111955179108515,0.0620393633014626,0.043785315684296867,0.0029394663352933195,-0.056226858682930467,-0.11541710252111609,-0.092559196054935455,-0.021232242482559133,0.00051663792692124844,-0.010375171065485725,0.0,-0.10609115660190582,-0.078221287578344345,-0.0782506490747134,-0.048337678528494306,-0.026504177483730018,0.0,0.0,0.0,0.0,0.0,0.035786166787147522,0.014862786792218686,-0.077947688288986683,-0.19124126434326172,-0.14797798070040616,-0.12164408984509381,-0.11552419948081176,-0.11961285769939423,-0.088643456250429159,-0.0667983029037714,-0.098690874874591827,-0.15032635764642197,-0.17130122929811478,-0.1531291984849506,-0.16903242303265464,-0.19959781567255655
0.070221024751663211,0.054817644879221916,0.043252913281321526,0.022008825559169054,0.00052254984984756447,0.03208597687383493,0.072265192121267322,0.08603915199637413,0.0754009559750557,0.037787050315686924,-0.014856281341053546,-0.088420149616219787,-0.097726692756017045,-0.025750648695975542,0.043707210518833667,0.00010639819083735347,-0.025092849601060153,-0.063929734751582146,-0.072066974639892575,-0.0939499169588089,0.0,0.0,0.0,0.0,0.0,0.0,0.0,0.0,0.024594676780647466,-0.044842066382989286,-0.15050209406763315,-0.11515935036269101,-0.14196680012074384,-0.14011590033769608,-0.13632055446505548,-0.098407591879367831,-0.028149791739203713,-0.062862702400889245,-0.12376904653178321,-0.13193881240758029,-0.14231819576687282,-0.13790793642401694,-0.16578790545463562
0.056732587516307831,0.048771876841783524,0.040950543646301539,0.028528976952657104,0.016485503991134465,0.047538294270634648,0.0862019369378686,0.093504833430051809,0.084263070063157516,0.062968219630420208,0.019241644011344761,-0.062306849492920771,-0.10257607021115044,-0.060735239854289427,0.031576709006913006,0.01629941013379721,-0.071470383554697037,-0.052633459866046908,-0.055882694820562996,0.0,0.0,0.0,0.0,0.0,0.0,0.0,0.0,0.0,-0.035990969743579626,-0.075989098184638559,-0.08442917824364625,-0.0591407411901111,-0.14772332335511842,-0.16104896987477937,-0.13786280569103029,-0.14744294807314873,-0.068783700466156,0.032659022758404412,-0.09285556455142796,-0.039026054553687572,-0.10197867927226154,-0.10700584761798382,-0.12919904366135598
0.04393034940585494,0.032221491759022079,0.033063167706131935,0.03656366840004921,0.037552922964096069,0.075285169109702108,0.099041809638341263,0.090457983314991,0.079221193161275655,0.06153092890356978,0.012607033170449237,-0.026382770364372327,-0.093317862261425369,-0.091935931958935471,-0.012410337260613838,-0.017319570450733106,-0.063193329506450235,-0.062443658709526062,0.0,0.0,0.0,0.0,0.0,0.0,0.0,0.0,0.0,0.0,0.0,-0.11349859495054591,-0.1195224178108302,-0.019071302324947383,-0.12230555795960957,-0.17357240617275238,-0.07143746696076253,0.0,0.0,0.0,0.0,0.0,-0.10176029801368713,-0.10307277515530586,-0.10103548131883144
0.021962592378258705,0.016531976560751598,0.024901765088240307,0.03533184379339218,0.042272305581718683,0.063202111257447138,0.067313361912965775,0.061406825482845304,0.061860549822449686,0.033470789384510785,-0.030381013388530567,-0.081123280738081255,-0.1272855975798198,-0.12225852012634278,-0.020774342871915836,-0.018291241334130365,-0.052010266808792949,-0.0069932875048834831,0.0,0.0,0.0,0.0,0.0,0.0,0.0,0.0,0.0,0.0,0.0,-0.0771199082955718,-0.07393810288472609,-0.08214286863803863,-0.081699439277872446,-0.072876806370913982,-0.068729586899280548,0.0,0.0,0.0,0.0,0.0,0.0,-0.11171711981296539,-0.12621387432922016
0.0044025154396270709,0.0098924498355093728,0.013997275498695672,0.020578508079051972,0.031792970640318732,0.027375710795500448,0.012350268746376968,0.020779405824012227,0.013591372361406683,-0.032786037866026164,-0.10400999939212433,-0.12262769751250743,-0.10847960394762811,-0.0025602787726610485,0.061047290892977467,0.077621939902504281,0.063594035839196289,0.0940211359411478,0.0,0.0,0.0,0.0,0.0,0.0,0.0,0.0,0.0,0.0,0.0,0.0,-0.012723943218588829,-0.034612367240091167,-0.0682038888335228,-0.035285790450870991,0.058925878256559372,0.0,0.0,0.0,0.0,0.0,0.0,0.0,-0.12097898200154304
-0.027409740723669529,-0.021550415753154084,-0.039493165910243988,-0.03718471030394236,-0.031172654358670115,-0.021608705224934965,-0.024166802047855325,-0.023317960530726448,-0.055751784471794963,-0.14925389851515108,-0.20203753516954534,-0.033231663501023183,-0.0025584427562534984,-0.048471621854011625,0.0048912598540482577,0.09399664970604997,0.18862954899668694,0.18795113762219748,0.0,0.0,0.0,0.0,0.0,0.0,0.0,0.0,0.0,0.0,0.0,0.0,0.0,0.0,0.0080377398990094662,-0.037781945274521909,0.0,0.0,0.0,0.0,0.0,0.0,0.0,0.0,-0.092162038199603558
