SouthSea_Web/demo/jsonfile/2017-12-14-14.json
{"header": {"parameterUnit":"m.s-1","parameterNumber":3,"dx":0.1,"dy":0.1,"parameterNumberName":"Northward current","la1":29.0,"la2":12.0,"parameterCategory":2,"lo2":131.0,"nx":250,"ny":171,"refTime":"2017-12-14T13:58:07.5","lo1":106.0}, "data":
[rows 76 to 94 of 171, columns 129 to 171 of 250]
0.30749582392828806,0.23853082954883575,0.13281702143805368,0.075501456324543276,0.051956811121531894,0.060404545317093529,0.052376759983599183,0.023803651998085634,0.036872542044147846,0.085461597191169858,0.16586026474833487,0.19729330204427242,0.18586472570896148,0.19195222109556198,0.23365447989531926,0.2967168785193387,0.37661953192008168,0.35640579213698703,0.32082186018427211,0.31716225321950586,0.440127483120671,0.56996340221828889,0.65012484788894653,0.6915025461104608,0.54212120289985954,0.31442180329135488,0.2130510982658182,0.1577530089351866,0.35157232114246911,0.55473325573481047,0.65159439047177636,0.6669593142426532,0.59980323639783,0.43592727482318877,0.31686325967311857,0.24316560477018356,0.17355815627995661,0.12695582485512683,0.12883445968230564,0.066768134341520416,-0.0067633966536959633,-0.0681115937186405,-0.13485085006271089
0.29658321397645132,0.21664577163755894,0.10472974470920032,0.018430906627327204,0.0064620202950512367,0.016277480611784592,0.02163132862187922,0.053862507455050945,0.10207773931324482,0.15311687522464329,0.18198231856028238,0.181957569387224,0.18797286450862885,0.22911186745533577,0.26573124155402184,0.29789198272758061,0.31871985291179855,0.25797163517702193,0.20548344538970428,0.19675129962464175,0.30490691897769767,0.46433044031814291,0.60787420749664312,0.76541579167048135,0.63740530485908187,0.36169835483586349,0.23569301994783537,0.12334926213536944,0.31383612696771268,0.45940143201086259,0.60537006173815044,0.6428549337387085,0.57907937963803613,0.41189353764057157,0.27904992657048361,0.21527836471796036,0.15255910118943766,0.10300629542154424,0.10981808304786682,0.063125224990977183,0.0077557592497517662,-0.060630419557648044,-0.13702213515837988
0.30735772422381807,0.23338997789791652,0.13112456564392364,0.061141934245824814,0.036805346142500639,0.028163574015100796,0.041078688809648156,0.092852321054254255,0.15558043548039027,0.18142279051244259,0.18263810873031616,0.18722360730171203,0.22596143682797751,0.26152667568789589,0.26364353986886829,0.28372738696634769,0.22224426620146809,0.18065480820157312,0.21288470711026872,0.26309427103170979,0.35840789318084715,0.44281226148207981,0.64421364894280064,0.8282142742113634,0.6704621958732605,0.47126064662422451,0.27263346590377668,0.19555450177618436,0.26488683234762261,0.37364521393409145,0.55257828001465115,0.62270179033279416,0.55309103056788445,0.39819819976886112,0.28338393214203061,0.22492459984052748,0.159932754188776,0.10725033400874388,0.10095608001574874,0.084355018813820445,0.035742325201521027,-0.071493419352918863,-0.14741656556725502
0.35102043151855467,0.29281060956418514,0.20496094040572643,0.129640702690397,0.0859108529984951,0.067975996062159538,0.068365701784690217,0.11838267836719751,0.19346877560019493,0.21176108419895173,0.21457698941230774,0.23631576129368373,0.27710770401689744,0.2896592989563942,0.33122007846832274,0.30569197336832682,0.22723858337849379,0.24411040395498276,0.2931441186290038,0.3856319785118103,0.39456350746608915,0.45590910954134806,0.67406236437650824,0.81009115602659143,0.59324686288833617,0.43585883617401122,0.24067612604371139,0.13049414612609764,0.16136023522384704,0.32292834470669429,0.59232050521033153,0.642002849743284,0.54353096842765813,0.42885887026786806,0.31381538251171942,0.25074043018477304,0.18493878096342087,0.11658046171069145,0.11591261507649171,0.12885794963906794,0.069490653462708,-0.038023658695497682,-0.14054922972406661
0.3645601451396942,0.31628084182739258,0.23800386985143027,0.1618968333516802,0.11397008704287666,0.087787319506917677,0.10095621645450592,0.15397577732801437,0.22862370312213898,0.25295700771468027,0.24952014287312826,0.27635927796363829,0.29445475339889526,0.31838360130786897,0.38345136780005235,0.34462713003158568,0.29686892458370756,0.3022228461854598,0.33198520392179487,0.34403685412623664,0.3392719030380249,0.45231345420082408,0.63495989487721372,0.6911041799344515,0.47467580579576041,0.30266634933650494,0.14370057842245809,0.022296178282704204,0.10768097107682158,0.2290932075543837,0.53180347647931836,0.70613776975207854,0.566104615888288,0.45452432694106265,0.36057497262954713,0.27908046025296918,0.20304939895868301,0.14425876702774654,0.09373940658919952,0.1025917953566501,0.088210002581278479,-0.016538996089366265,-0.10604329673307282
0.34955455362796783,0.30082173272967339,0.22470571286976337,0.15570202682699477,0.11729393651088078,0.1056834916983332,0.13327871635556221,0.22948700934648514,0.27836480240027112,0.29546608328819274,0.28600677847862244,0.29294849187135696,0.29683449864387512,0.34890487790107727,0.43624786039193469,0.406888351837794,0.34337596781551838,0.2755780056828544,0.26486523374915122,0.25742523558437824,0.32930750364349004,0.46909188975890476,0.57390199277711951,0.55814443741525921,0.40298603028059005,0.25979274345768821,0.12484643128342353,0.066774700565474632,0.15177111206576227,0.32257234418796282,0.41430083882640784,0.65085471527917049,0.550796124865027,0.45156538589247341,0.3868227207660675,0.3133268789811568,0.21823331908039426,0.15767526477575303,0.089026196135414973,0.11007862275137621,0.075808685272932053,-0.018948146258480847,-0.091535284494360283
0.2959663023551305,0.25675393475426567,0.18809162245856392,0.13283304373423258,0.12033434744392123,0.15001286814610162,0.19169295579195023,0.27299332122008008,0.30167335697582792,0.29905499517917633,0.30064883083105087,0.28825526237487792,0.28579367200533551,0.36420244971911114,0.42755316197872162,0.37117774784564972,0.25739605198888216,0.19721510426865685,0.19583049328888164,0.2491408728417896,0.34193658943359667,0.43803056685820868,0.52398743629455569,0.50337939547455834,0.32693590894341468,0.22600341473634428,0.15888912789523602,0.1731575790679816,0.27708221884334788,0.35876358000888037,0.32549203771780783,0.61982700038463512,0.52770984683718,0.41700423856576285,0.34889604647954303,0.32494555413722992,0.2292923970768849,0.17431484609842302,0.09981117184673037,0.10557856959731955,0.072785985601298953,-0.0062521581466381364,-0.077237349313994244
0.23340088687837124,0.18927357452256338,0.13174772262573242,0.099398535986741379,0.12165723208870206,0.18281608074903488,0.24730424210429192,0.283470664705549,0.2899300828576088,0.29569859802722931,0.30123209953308105,0.28469010194142658,0.2800319492816925,0.30937879681587221,0.32871733109156293,0.30318987121184665,0.21632018685340881,0.15418042680796454,0.17402182933357027,0.2532265924272083,0.34798658801161725,0.45143081123630208,0.55773285031318665,0.555908432061022,0.3363731422207572,0.17090377600296683,0.10851929416613919,0.12202108050546338,0.15208783526114136,-0.050664227570307682,0.29888978617526191,0.608318580881409,0.51028274940816976,0.41325439512729645,0.34137078481061117,0.35725819291891875,0.27175977116539363,0.18844409570807502,0.1131604804020179,0.10077431648969651,0.07556578939159711,-0.0072933796482781569,-0.070775498946507767
0.21656051278114319,0.15459664911031723,0.09729267843067646,0.062603834550827742,0.11561347916722298,0.21308863162994385,0.27796423435211182,0.29532787203788757,0.29080091118812562,0.29667270779609678,0.28131895263989765,0.25995413213968277,0.2539445273578167,0.263636847337087,0.26722678244113923,0.28066581216725434,0.24677292605241138,0.21256572306156157,0.23202236145734786,0.35729699432849882,0.41247176182897466,0.554219351573424,0.65233122825622558,0.673606276512146,0.547988136025036,0.33872461115772073,0.17667107550161226,0.047408505976337063,-0.14355855035044404,-0.16005982990288337,0.21387894239787961,0.41167989981417752,0.509272695973862,0.40129254232434663,0.35199494007974863,0.34632153350573319,0.34307843446731567,0.22872798483480106,0.1445061143487692,0.090180091559886932,0.042043938592541963,-0.015968332573090896,-0.07372627779841423
0.2460036426782608,0.17290437434400832,0.104608915746212,0.076545523745673041,0.14110500578369414,0.26858390619357425,0.32173437376817066,0.32433662563562393,0.31412887573242188,0.293665811419487,0.24862332890431085,0.21094140782952309,0.20356264710426331,0.19887915998697281,0.22094641625881195,0.23097602128982545,0.22589274563572623,0.22085207471480736,0.33148018153090225,0.56518082107816425,0.56358400529081176,0.66215973279692908,0.73307944447905926,0.743056480884552,0.689601954486635,0.57878129642743326,0.49915150127240587,0.19400270794391294,-0.139402448781766,-0.12270682257780384,0.33001809988332831,0.14159333412394379,0.28356994093666155,0.3271181529913193,0.31786560714244844,0.31589258847565488,0.3264336921274662,0.241262998431921,0.15826653838157653,0.10332136642601755,0.035025416099575948,-0.024736109440429851,-0.076752088963985443
0.29103703796863556,0.21629333247741064,0.14298770257404872,0.12719806879758835,0.22539080253669194,0.32842206954956055,0.3655022184054057,0.3461925472532,0.31969032287597654,0.26827833553155261,0.20911558469136557,0.17391374707221985,0.17122178077697753,0.17075537145137787,0.16724555691083273,0.14966600884993872,0.14238976004223028,0.18271399492567236,0.3951098144054413,0.71090844935841035,0.68448580801486969,0.66033020226851757,0.70393409936324414,0.73070226544919226,0.72748925785223639,0.61068388819694519,0.56013989243014106,0.44700345955789089,0.19345121667720377,0.076813579652350333,-0.01138655695753793,0.13879126496808683,0.3636059179058615,0.29348612476039576,0.25776959862560034,0.24072777479887009,0.2274524662643671,0.19163539260625839,0.14808730222284794,0.077034310821224666,0.022999891778454185,-0.040142635426794492,-0.10026951066472313
0.33290966351826984,0.26323600858449936,0.22005974501371384,0.24838018417358398,0.31759679317474365,0.3715127905209859,0.3868249297142029,0.36078088879585268,0.315607202904565,0.25326099693775178,0.2127207785844803,0.17553466260433198,0.16302740077177683,0.16607749760150908,0.1778160072863102,0.16716913580894471,0.130416353898389,0.1528518166054379,0.35319465185914722,0.64479963569080123,0.66854306629725868,0.5540830400483362,0.52945208549499512,0.59156151230518639,0.64896084981806135,0.60150912761688236,0.53566630955400141,0.43270290363579988,0.22321812800415183,-0.25367745262074864,-0.17478305540223629,0.37569476079337205,0.403582937495653,0.32606770323984552,0.26752456426620486,0.21153555237329924,0.15239843531795169,0.12871282583191282,0.1023762688825005,0.041180514555890113,-0.011048707954614656,-0.076115179008671222,-0.13855063170194626
0.36566555003325146,0.33770594994227093,0.33222277675356182,0.33910933988434927,0.38067864179611205,0.40049151579538983,0.39661277617727009,0.365707528591156,0.3148273229598999,0.26584305614233017,0.21143820881843567,0.18705721199512482,0.18031781017780305,0.170799121260643,0.2092740461230278,0.25060182437300682,0.18773405502239862,0.17038466533025107,0.30212113154785974,0.49467879063204717,0.59613351131740366,0.512364431431419,0.41866182565689086,0.445604916323315,0.55761855451957043,0.57417000002331209,0.49076670849764786,0.35022727356237526,0.19306297078728676,0.014296158897627335,0.19339981630752337,0.32893278929922315,0.367152114212513,0.3333648425691268,0.24697586574724742,0.18883737921714783,0.14639539480209352,0.099446127457278113,0.0816091802858171,0.021833850954221013,-0.026443758081378683,-0.077155551314353948,-0.14924606556693712
0.40747914995465961,0.4114646315574646,0.39035666584968565,0.37020127475261688,0.39475456376870471,0.41577035188674927,0.38990820050239561,0.34427387018998462,0.28916574517885846,0.25036676824092863,0.20895378887653351,0.18140533864498137,0.17788191636403403,0.19091249505678812,0.24038625260194144,0.26733134686946869,0.226940448085467,0.21249434500932693,0.25802213641313404,0.32959158806239858,0.47289300532568068,0.48369890294576945,0.44118064310815597,0.45597714574440668,0.45077060659726459,0.47468694051106769,0.47287993476941037,0.37629317917994093,0.22798364106062297,0.21340470335313252,0.16069091264254007,0.23593428110082945,0.315942591789997,0.28071250254288316,0.22550778039570513,0.19624805671197396,0.14271273328499359,0.12459237660680499,0.098417200540241445,0.036364832718390971,-0.0126094645432507,-0.049784789637972914,-0.10809338770129463
0.44362468520800274,0.46236835122108461,0.40700919429461163,0.36003936529159547,0.39042006134986879,0.41740474700927732,0.3767494757970174,0.2911696930726369,0.25420495867729187,0.20968354741732279,0.16361812874674797,0.13848067571719488,0.15911003947257996,0.22266841828823089,0.26436228056748706,0.27150857448577881,0.2646598994731903,0.27291814237833023,0.292193849171911,0.21975330131895401,0.26954559236764908,0.44471166282892227,0.47304986188044917,0.5024829149246216,0.48889843480927603,0.41634747705289293,0.42627783332552227,0.3702170345289954,0.31444891790548962,0.26870517257381887,0.2383721725029104,0.18342699622735381,0.22815252696314164,0.28222472220659256,0.23155730962753296,0.17294334427074151,0.12929625004529954,0.11212268542675745,0.083623398281633857,0.035570013104006648,0.0051083131756968214,-0.023282315653677169,-0.069917260048290089
0.48359844833612442,0.49713064091546194,0.42244854072729748,0.37003760536511737,0.38783951103687286,0.408298338452975,0.35735750198364258,0.26007460057735443,0.20594571530818939,0.17414308587710062,0.1352718636393547,0.10159304489692052,0.13693255186080933,0.22025169804692268,0.27175946533679962,0.29850208163261416,0.30594778060913086,0.316685332192315,0.32937856591664827,0.29480050974770594,0.19812283292412758,0.30645356714725497,0.37065580098525336,0.41775781537095708,0.45932733129571984,0.5040126552184423,0.44228759209314983,0.3483901136908038,0.23415760826319457,0.20450184110439185,0.24187684782913754,0.23977178800851107,0.18545977724716067,0.30789843727560606,0.21983242879311243,0.13512481033802032,0.10761443593285301,0.088599720292470666,0.063622710932242241,0.026695670973923471,0.00842292670859024,-0.0092248579370789226,-0.037722675214436924
0.51150689125061033,0.50907218952973687,0.44886234402656555,0.41735240221023562,0.40046914815902712,0.39794166386127472,0.3552773843208949,0.25449252426624297,0.17877225205302239,0.14907778054475784,0.10857793502509594,0.086055397987365723,0.11187472008168697,0.20067999884486198,0.30149762829144794,0.39775287508964541,0.343400498231252,0.3046428905083583,0.31500114763484283,0.3827179874244489,0.27189979702234268,0.15550904491773018,0.17531147764788735,0.24951647027679111,0.37271399175127345,0.551344832888356,0.53465054397072109,0.34512750711292028,0.13342750091653535,0.086839288603240514,0.25396122764318418,0.31463780193715485,0.36119841949807274,0.32434021849786082,0.23661684195200602,0.15182424762419292,0.087453635099033519,0.04808307953533672,0.038857990432353245,0.024295728964110214,0.013016789592802525,0.0045412658577940112,-0.0099055509328738675
0.50231280922889709,0.49618430137634278,0.45959494262933731,0.43964198231697083,0.40856428146362306,0.39468065649271011,0.35031986236572266,0.25894204676151278,0.15423475578427315,0.11216631159186363,0.081702932715415955,0.065228768438100812,0.098335340619087219,0.19169618189334869,0.39502062400182086,0.50620424747467041,0.43287140943787317,0.30582542717456818,0.31298860556939068,0.4663145378232002,0.36502862586216495,0.170044825412333,0.068863724619150163,0.082683887258172037,0.23954749880013643,0.47605049033318797,0.723348997036616,0.58499505239374494,0.47612270201955526,0.13444588760612533,0.36145682284172548,0.48841597224181554,0.408302034469361,0.31920929625630379,0.25983554916456342,0.21717856022027823,0.15117112657538168,0.085549519599779786,0.06053544394671917,0.047527977498248219,0.021310196424435292,0.0033942662501850952,-0.0068952430156059563
0.46903572976589203,0.46352840214967728,0.45123704771200818,0.43360014756520587,0.38906850417455036,0.36801887303590775,0.32863991856575014,0.24155624707539877,0.1802130863070488,0.10451733879745007,0.057188312523067,0.010225518839433789,0.023383160587400198,0.12999984063208103,0.3774725139141083,0.55083473771810532,0.43485902927138587,0.30189258777178252,0.37796689718961718,0.56087631635043933,0.50111337944313328,0.34498756780074191,0.19169177182696082,0.14023096017215564,0.13071049653714703,0.34032458833911838,0.79163585560662408,0.73434752386969493,0.727969915480227,0.60340597232182824,0.32243795935288971,0.57541691310082876,0.49067316743834266,0.37915085805089849,0.27410862956728255,0.25676602602005005,0.23762785553932189,0.17324107648296791,0.12684639272364703,0.066670063883066177,0.022024900293867437,0.0055784671779044647,0.019632635588225509
