SouthSea_Web/demo/jsonfile/2017-12-15-15.json
{"header": {"parameterUnit":"m.s-1","parameterNumber":3,"dx":0.1,"dy":0.1,"parameterNumberName":"Northward current","la1":29.0,"la2":12.0,"parameterCategory":2,"lo2":131.0,"nx":250,"ny":171,"refTime":"2017-12-15T15:00:00","lo1":106.0}, "data":
[rows 114 to 132 of 171, columns 43 to 85 of 250]
0.043568452302780419,0.082096307917877476,0.041037943593605804,0.0087231371920400615,0.0075431115573910239,0.010160650893873214,-0.0060283976160765938,-0.025127012536607006,0.0037352749468742073,0.015083457025497951,0.021989021382597815,0.056376171839791676,0.1023179355846799,0.15770053701556247,0.21196842972527852,0.23503632551949957,0.21859182078729977,0.18914081676061764,0.1832174016879155,0.199746450143201,0.21262363468607268,0.1791471004486084,0.11427876190282404,0.08115500770509243,0.05756745647106852,0.061157666742801667,0.066703577525913715,0.061254207044839859,0.027749469855916687,-0.0203445996157825,-0.037855248611706957,-0.034050425669799246,-0.076293120160698891,-0.10187927695612113,-0.0943446084856987,-0.069989586714655161,-0.061155748686620166,-0.06785314281781514,-0.074311836063861852,-0.058686123788356782,-0.03093421384692192,0.00082802819088101387,0.034929284825921059
0.054970308579504489,0.084439873408812746,0.032203849405050278,-0.00452450259062634,0.0029012933123989831,0.016026610078575511,0.018024559915912421,-0.0040180670079684611,-0.014882759545885381,-0.027463838530497418,-0.027022528530227297,0.014476334282705837,0.070563707532810757,0.1523367640530241,0.19650046578769026,0.1711669210344553,0.18622919366411542,0.22438002180080024,0.23339585245897374,0.21305258439646826,0.2019016330058758,0.18290476883069062,0.15368972638168851,0.11942590607537164,0.097377965767537392,0.081310387301657877,0.073262389904508993,0.0854992117910158,0.07326949427002355,0.015781486653448903,-0.028685652636340819,-0.044824426993727684,-0.080745548941195011,-0.10942474075339058,-0.10335018734137218,-0.0793395983055234,-0.065592478029429913,-0.072386017867497029,-0.065422824025154119,-0.048468957344690956,-0.024981258126596611,0.0042263739742338657,0.04432135634124279
0.031980891746503336,0.053978986390258957,0.049930327305836339,0.015567375694916808,-0.0025999008390499511,-0.0052106951911663332,-0.029687298511687134,-0.056240688270190728,-0.069862136741479244,-0.07589018480344252,-0.040885742086296278,0.013868401001673192,0.13800035774903863,0.17629912973921977,0.16355713069438935,0.16855705429368945,0.20761971317586445,0.23412112660449128,0.22253231241785246,0.19753093286505286,0.16836548871115634,0.14862193912267685,0.13186370953917503,0.1041614046184028,0.069748847770529823,0.064338389659921322,0.099014430686279575,0.083679675279806062,0.04256355193340116,0.0025826105447777081,-0.038651898370257447,-0.053117104672959874,-0.068655082955956459,-0.093624874949455261,-0.0972438208758831,-0.08460377249866724,-0.07556651160120964,-0.081448129067818328,-0.077638043711582824,-0.057567013055086137,-0.018527273181825878,0.017156644413868587,0.057019418726364769
0.023784339204430582,0.054208753837479487,0.047807095710326125,0.013759637292241677,-0.014955195384250292,-0.030743575255785669,-0.067662850394845014,-0.086179845208345457,-0.094339133292998908,-0.053163900043514067,0.0095296921363385648,0.094998622185313228,0.158082620373794,0.17468972710089956,0.19305705688558184,0.18762657011256498,0.18414916465543721,0.21102484221189793,0.20492740105027738,0.2163826920506027,0.22116851050462297,0.18808825290761888,0.12234165185484393,0.10042980008504608,0.079470520102700518,0.062925666344888276,0.062550770953811452,0.038987256290221754,0.017970001827435272,-0.0067223135231281907,-0.051448212936520576,-0.072651707256833717,-0.073705323868327677,-0.0902853293551339,-0.098077666014432907,-0.09689901449850627,-0.10238094720989466,-0.10455083527735301,-0.095663359388709068,-0.062280615791678429,-0.027998273726552725,0.0060735402337741108,0.045219067949801683
0.034787585437297819,0.028175216733611057,0.021122416048975929,0.002452265921859972,-0.027869086825486385,-0.041418002330158889,-0.050437508584108462,-0.057226575359150218,-0.048961444351349089,0.025873413306715734,0.08034182919901077,0.10285882336589006,0.1268029271590489,0.12197231071499678,0.12726774339999386,0.13442541865838897,0.17933731283364671,0.22793967793969547,0.21395319181939829,0.19994860186296351,0.19923846198702758,0.17419626540259312,0.13224865925999788,0.10106055498603851,0.082904044538736343,0.0600890868032972,0.0227850671702375,0.0064589171715152376,-0.0086046005384751451,-0.026356281383949166,-0.05786907273743834,-0.090074247257276016,-0.10124920010566711,-0.10736152115795347,-0.11706242461999257,-0.12859237194061279,-0.14359327405691147,-0.14084209714617049,-0.11081700921058654,-0.0781928263604641,-0.041174144670367244,-0.017097525531426072,0.023883952386677267
0.020349854195956141,0.015391440260120563,-0.019137362529623454,-0.037734213765830762,-0.03496318579547935,-0.052910537617962536,-0.021740968790254556,0.019806937542390917,0.03279227115943982,0.11513954791839101,0.1546904155531445,0.15523266643481135,0.014845489014067554,0.13017327280290295,0.13953514835664205,0.13345598039823933,0.2097572673422595,0.20098578233585179,0.1787823996204414,0.16215398892299415,0.21095494091795963,0.19831443554721773,0.1394580808258796,0.12171589220432859,0.086664620847975618,0.064828212089512657,0.052124257374089211,0.05901795261256073,0.043077901388252418,-0.00787798809745398,-0.050294298105514966,-0.095864108949899676,-0.13818639185693529,-0.13203059881925583,-0.13408343068190984,-0.14946102723479271,-0.15630902349948883,-0.15281601250171661,-0.13447105263670287,-0.095293737947940826,-0.064156845211982727,-0.040708414278924465,-0.00860617047874257
-0.025060693209525198,-0.044436603058129548,-0.093830885498651442,-0.089052406675887832,-0.045094545717750276,-0.060148874167786089,-0.064709322878493458,0.00708460772338395,0.077658059973927107,0.14550722088070883,0.1769809765297,0.154962026722618,0.12938081345319832,0.18769829795517104,0.17765559312520604,0.14222949467323445,0.23343689303915455,0.17135514281954326,0.40936445727755749,0.24018945401829633,0.25523574943738486,0.2412338325070211,0.15322683995017911,0.1354448162764311,0.088334789471839786,0.0542324139353107,0.054998508276971614,0.074673143898447356,0.064123767549576965,0.0092429542647940767,-0.040557016618549824,-0.08954531285497877,-0.12396762799471617,-0.12575297057628632,-0.14461190700531007,-0.15188964207967123,-0.15364070236682892,-0.15659613055842264,-0.14394990354776382,-0.11419213935732842,-0.094221912324428558,-0.060521215732608526,-0.012633234029635787
-0.1007502843439579,-0.12878305078656585,-0.14637380286499305,-0.1195099969558856,-0.10187239467333524,-0.11052787465893704,-0.07424331452338058,0.032988888210093138,0.11192446218236633,0.084047991667802524,0.085492477664565289,0.12077090140708068,0.15117208934389054,0.19702128709202083,0.20173029371393406,0.19586658947639637,0.23269912508209195,0.25439621517860811,0.46515289156145079,0.42688932280045944,0.03176113797218149,0.24709858221920458,0.20040687521762937,0.20183062687650458,0.14793722272923823,0.091507940553128719,0.061008985021284649,0.045212635590184118,0.072611089795827866,0.046495797413894362,0.002732624193992127,-0.032560962518411021,-0.063632231205701828,-0.1039184108376503,-0.13682153820991516,-0.13869712501764298,-0.15147703886032105,-0.16150783995787302,-0.15604127943515778,-0.13782182037830354,-0.11095903068780899,-0.071288279443979266,-0.032799191506845612
-0.16128525137901306,-0.16296286508440971,-0.13445995508560113,-0.13014320889487863,-0.13028957747987338,-0.10501731658468441,-0.047925995415425859,0.033706742917597177,0.10136112592893072,0.052339899760647478,0.035544672807486535,0.030326175600722698,0.03951052620697576,0.16444701271713094,0.25892092032091957,0.28249721592805516,0.2576875479426235,0.27847722972578864,0.32133507693097707,0.30203147064213737,0.20943570681530135,0.2348390423866126,0.23346203376496505,0.16565836561006186,0.22731446224895324,0.19170515259792065,0.13171409774724752,0.10114836171269417,0.099562036278455154,0.10505079478025436,0.11243784204125404,0.074423944163653583,0.024215032612638816,-0.032420448459950943,-0.081239429861307139,-0.11233652276652199,-0.14411369264125823,-0.16313720742861429,-0.16397390961647035,-0.1471405795642308,-0.11792983327593122,-0.089658973117669419,-0.05118615242342154
-0.15105686693087869,-0.13303231075406075,-0.12172187068339052,-0.13498974712313833,-0.12081750147044659,-0.10078825909983027,-0.10336089522267382,-0.049543471240793308,0.0064949324798190926,-0.035309382752994632,-0.05417469215701716,-0.044654539631058775,-0.026268902615681457,0.11793857860837632,0.20340010581602311,0.19638955385927209,0.13934873626451588,0.13198901100738628,0.14446146955259709,0.16170472178542822,0.21021070793026783,0.22697022334942896,0.23460441946306013,0.25475143013816132,0.17407468147864191,0.289801744938357,0.21569025369941211,0.17034391042861072,0.16427713789437948,0.16521307826042175,0.17110721617937089,0.14504980202764273,0.11027714982628822,0.067722102627158165,-0.0023965494786222863,-0.074791668781212392,-0.13133412280253,-0.16010022163391113,-0.16713749120632807,-0.1542470920830965,-0.13204524453197206,-0.10094862058758736,-0.0669500925578177
-0.14040808938443661,-0.124738162117345,-0.164605430982731,-0.158817229171594,-0.083562915235064747,-0.08391425373000011,-0.14519089313200961,-0.094570232626910389,-0.063530725784533254,-0.055039175008900348,-0.034085240899003111,-0.029228090367652872,-0.0044593466740729107,0.022406024387683167,0.04892606128638969,0.044452472038231432,0.04926789141937124,0.056892442013476006,0.075496315027662533,0.053894310953281191,0.11215155132943418,0.22577628505229949,0.26870250019207925,0.2600165968432146,0.25695233650975846,0.30442754355456325,0.2122443794556286,0.18413723573872917,0.19547424358980997,0.22131726890802383,0.22190625220537186,0.18585788210233054,0.14655032381415367,0.093944248557090756,0.023205762496218085,-0.042300581932067871,-0.11733928109918322,-0.1536745602885882,-0.17055166832038335,-0.140647468822343,-0.095169547945261,-0.051708296148313418,-0.0396721422333609
-0.14926517009735107,-0.13707097619771957,-0.1815358673532804,-0.18747641146183014,-0.11522070809521458,-0.060579069472592451,-0.14793757047457032,-0.15974926401042577,-0.065969784287553207,-0.02090469342362929,0.020014593430654735,0.017129200445001585,0.070841558375397143,0.0480077725858246,-0.12248946312903226,0.0061695242123810121,0.0319843582437015,0.044002352093964074,0.091461862216812823,0.03357034389208239,0.0055338565292317931,0.19523389854188655,0.32891887847248835,0.30464048442759906,0.22278246194124221,0.24131511655394677,0.1914323058885497,0.18995387686623466,0.20581098645925522,0.21361504088748584,0.22053832188248634,0.18561873478548868,0.13408935602222169,0.071917299181222916,0.015248384466394782,-0.048108013657232128,-0.10787277668714523,-0.14020737558603286,-0.13677126275641577,-0.10737167511667524,-0.079937145113945007,-0.040386930961782731,0.0037060150768541333
-0.16251226887106895,-0.16073820062659003,-0.17879512190818786,-0.16859832493697896,-0.12426542871528201,-0.096117586890856421,-0.12509456255606244,-0.16307349479512165,-0.12170191449443187,-0.084684697053735214,-0.04425003161751543,0.032392551579145813,0.027114421250052732,0.072331705424205764,0.026933974065579971,-0.00089353657300666382,-0.11894543032171419,-0.028555827889083233,0.26978674796498242,0.2495078702513783,0.11845839783231135,0.16434766713459537,0.36894614162694017,0.29053645790094446,0.23056062210758194,0.20206955897085593,0.17640423668282373,0.17062519231568213,0.17220170263733184,0.15894041955471039,0.15388297821794236,0.14871077239513397,0.12059923075139523,0.085867421329021448,0.035906096255140643,-0.012084922520443797,-0.060668876394629478,-0.092763107270002365,-0.12615464255213738,-0.15821685985876963,-0.14298137463629246,-0.06411490781853596,0.058512596449313253
-0.16704730503261089,-0.15690153695288159,-0.14253247094651064,-0.11730385777251474,-0.0958659358970497,-0.081977293842424775,-0.11492179798549168,-0.11885908163256115,-0.15385812600808485,-0.13004036172850048,-0.13494866425134092,-0.072224525502746217,-0.0382046586658867,0.029750134168298786,0.058196227856846118,0.14328206037840804,0.043171080319023253,0.005837354350594715,0.08200480204377418,0.22966401030161723,0.2260471031591586,0.24867793784933051,0.27071343455077207,0.2562453656812797,0.21677895656653812,0.18473145247451842,0.15689119199911752,0.13819648921489716,0.13332041759382596,0.12366585060954094,0.11580410972237587,0.12747595884970256,0.11739404499530792,0.10448720119893551,0.068643922252314429,0.017018209813007463,-0.0290363528765738,-0.071300635735193893,-0.12481987590973194,-0.16830835065671376,-0.11848803465117645,0.10708227689163043,0.30738092905708719
-0.14322698648486817,-0.147835878862275,-0.12207909890760978,-0.061894060228951275,-0.037913091573864223,-0.035472438427741115,-0.044515622809769645,-0.12633592763117382,-0.21243250429040134,-0.15140282932093474,-0.0982625988680263,-0.038837511909313185,-0.10253562257904703,-0.17168627132095621,-0.021438635939591413,0.033853353396638641,0.096537263995358349,0.10746444366797556,0.0375184211147097,0.0600685291595895,0.092197621234823252,0.133807102536238,0.21549723662485351,0.273127662218534,0.22189946436002606,0.18466050838524439,0.16646473580285123,0.14874060079455376,0.1347150132060051,0.12206013252337773,0.12996035441756249,0.14194826781749725,0.14120001792907716,0.12813355241503036,0.079526580042309225,0.023675503519674141,-0.017393986619676331,-0.080485188330595314,-0.12263877804462726,-0.1333792229493459,0.075181047323470321,0.27490486577153206,0.2352718168071338
-0.14151231696208319,-0.16080810342516219,-0.12485158443450928,-0.030429960627640997,-0.015850550904697565,-0.01888914909650339,-0.046832278885878931,-0.11982978286572021,-0.1062978029847145,-0.075363731821594032,-0.073340522065278024,-0.048814030279326,0.019430845024923354,-0.0328686241259528,-0.034458711771871521,0.034591259285594138,0.032049265703933905,0.073150573841238756,0.11501199849523031,0.18273116043298551,0.16485578334779746,-0.061494300813987587,-0.020719263402442144,0.23749129570227578,0.20909393708343091,0.18783210895278238,0.16844308276971182,0.16459688730537891,0.1713666170835495,0.16739094555377959,0.17519908398389816,0.17058481524387995,0.15294392619814193,0.11539145931601524,0.0550352556630969,0.018872672691941261,-0.0034133167041895483,-0.046253650138775505,-0.07529015582986176,0.1424427794913451,0.34029060372939479,0.2356360544761022,0.18419702563967025
-0.1519665688276291,-0.16597763391641471,-0.13610324263572693,-0.081463877281004737,-0.041412391548239905,-0.03662751641899456,-0.077278424739303075,-0.07517178986093094,-0.064106423959687908,-0.075062447238242486,-0.0573160806021025,-0.036520942456353407,0.026439069288557972,0.038549431689257667,0.054433168974887,0.031485608034985541,0.082968417181414955,0.13120548718277064,0.169382231682539,0.24343003667891025,0.29300844223843409,0.22272434046773784,0.094680140959098935,0.1679350465967028,0.21770892781205475,0.18259564918630264,0.1775596309453249,0.20508743077516556,0.22583836813767752,0.23504138986269632,0.23455960800250372,0.21274435520172119,0.15978587950978959,0.092756801181369364,0.026619780246013153,-0.014257569040637463,0.014505378374209007,0.085602804490675533,0.2333909866533109,0.37547070246476394,0.35962533764541149,0.31974977680615019,0.19710808300546237
-0.17598460987210274,-0.18669417947530748,-0.15627033331177451,-0.13242388309703934,-0.056473073959350584,-0.070066400744179455,-0.096599284669055652,-0.0883048984312242,-0.061571083681172686,-0.039179643916764428,-0.030121538809008811,-0.0030373218904037168,0.017769581455761029,0.018945104756615667,0.03793237077922601,0.047749522568050748,0.11395136025589957,0.19781017661094666,0.22975947436961261,0.271452944652707,0.26946717952236987,0.256755600909929,0.25682638138532637,0.25944191794241628,0.24015609527889051,0.19070467539131641,0.17990514822304249,0.20046607901652655,0.23252920061349869,0.25408524026473361,0.27918798923492433,0.25795789914471762,0.18609258863661024,0.097580168734897263,0.010126830743891853,-0.085624354829390847,-0.027199046096454065,0.27016839172158924,0.3922711248908724,0.28363960981369019,0.2568571280155863,0.20185180753469467,0.14963941063199723
-0.21160667283194407,-0.182281494140625,-0.15509765015708077,-0.13776095753366296,-0.050941227802208493,-0.084625241072738874,-0.10715637742369263,-0.039944375467409067,0.00732955045729634,-0.0016954318474389368,-0.015246505154635411,0.0053144457405222868,-0.026209877166622438,-0.0079841045375880128,0.0066268542519488573,0.038370192149886864,0.1327022933127249,0.18271792223376612,0.23728973964850109,0.26310687383701059,0.26506195410534189,0.27699872302381617,0.28274195790290835,0.24979792322431291,0.23110863566398621,0.21571878663131169,0.21272097102233342,0.22339333593845367,0.24739577770233154,0.27705445885658264,0.30208708558763775,0.297895291021892,0.20927905167142549,0.082538762201483429,-0.035368103006233768,-0.10087908139186246,0.062637479541202384,0.42145195816244396,0.31961278716723124,0.225507130580289,0.14130556657910348,0.13737720709580642,0.12169020447660894
