SouthSea_Web/demo/jsonfile/2017-12-16-03.json
{"header": {"parameterUnit":"m.s-1","parameterNumber":3,"dx":0.1,"dy":0.1,"parameterNumberName":"Northward current","la1":29.0,"la2":12.0,"parameterCategory":2,"lo2":131.0,"nx":250,"ny":171,"refTime":"2017-12-16T03:00:00","lo1":106.0}, "data":
[rows 114 to 132 of 171, columns 84 to 125 of 250]
-0.02680842826763789,-0.027782841896017391,-0.019696885254234076,-0.030722989390293758,-0.047764302541812263,-0.08511086429158847,-0.13834518939256668,-0.14815725882848105,-0.14375362172722817,-0.13694192469120026,-0.12892061471939087,-0.11384556194146474,-0.10540895164012909,-0.067982126027345657,-0.03882860392332077,-0.0032258277448515096,0.034859713166952133,0.046963131055235863,0.0,0.066723021368185684,0.0678158700466156,0.062116125598549843,0.045757990330457687,0.035512440837919712,0.0,0.029282346367836,0.047063667327165604,0.044519145973026752,0.03889984916895628,0.01313168928027153,0.0,-0.0381615124642849,-0.091275371611118317,0.0,-0.12820315361022949,-0.14608447253704071,-0.17285822331905365,-0.20798475295305252,-0.24654288589954376,-0.298187792301178,-0.24309880286455154,-0.21674144268035889
-0.032366197556257248,-0.018691801155606907,-0.0035781314363703132,-0.0075044256324569387,-0.036123246885836124,-0.095998656004667282,-0.13762852996587754,-0.15589835047721862,-0.14534553388754526,-0.1232420489192009,-0.10588954240083695,-0.086219087243080139,-0.077611959228913,-0.046434260904788971,-0.019619208760559559,0.0068260873667895794,0.019483910873532295,0.040398603305220604,0.0594906210899353,0.074790030717849731,0.07737453281879425,0.075027868151664734,0.072464596480131149,0.055307343602180481,0.053010333329439163,0.060517717152833939,0.0,0.053527092561125755,0.0,0.042986568063497543,0.020873492583632469,0.012953206896781921,-0.02151589747518301,-0.064449071884155273,-0.098935987800359726,0.0,-0.12965930998325348,-0.154679536819458,-0.24191735684871674,-0.25694896280765533,-0.22250387072563171,-0.20332504808902741
-0.03431204085548719,-0.01463358694066604,-0.0013505024641441803,-0.00862002515932545,-0.045316909626126292,-0.10509156882762909,-0.15087571367621422,-0.14973676949739456,-0.12254979312419892,-0.093098493292927742,-0.08355250395834446,-0.06556989997625351,-0.054571472108364105,-0.03685176409780979,-0.020159699022769928,-0.0034149116836488247,0.0119515061378479,0.045569062232971191,0.060323439538478851,0.075785398483276367,0.085848040878772736,0.090381994843482971,0.0,0.065903626382350922,0.061812622472643852,0.063784532248973846,0.0686238557100296,0.0,0.061257325112819672,0.046502850949764252,0.039685241878032684,0.023859972134232521,0.015715202316641808,-0.012084047310054302,-0.04968680813908577,-0.071166485548019409,-0.087177753448486328,-0.11510056629776955,-0.16990289837121964,-0.20077537745237351,-0.1886327862739563,-0.19968777894973755
-0.037195102870464326,-0.0114911834243685,0.004910751711577177,-0.0089960031473310664,-0.051033511757850647,-0.090645688585937023,-0.12259785830974579,-0.11836556792259216,-0.10658399313688279,-0.092641720548272133,-0.08137425283590953,-0.068389183841645718,-0.042265088111162183,-0.033690653741359711,-0.026349696641167004,-0.011216643732041121,0.010590858524665237,0.029376745223999023,0.036837264895439148,0.069079559296369553,0.091870643198490143,0.088910676538944244,0.0852683037519455,0.076630849391222,0.070975057780742645,0.0607464537024498,0.067365765571594238,0.068327665328979492,0.047574536874890327,0.0,0.026970523409545422,0.032299507409334183,0.014456477016210556,0.010126814246177673,0.0,-0.035032425075769424,0.0,-0.092225722968578339,-0.11348742246627808,-0.1327061653137207,-0.1774272546172142,-0.21814115345478058
-0.025239272508770227,-0.0081842382554896172,-0.0013684445526450872,-0.019506173208355904,-0.039210251842935882,-0.066192607581615451,-0.098308732733130455,-0.10226706539591153,-0.085623905062675476,-0.073802553117275238,-0.078533383086323738,-0.063550736010074618,-0.042305587790906429,-0.036553193815052509,-0.032062353566288948,-0.029519119299948215,-0.011178932152688503,0.0089454019907861948,0.0,0.05371536873281002,0.081865236163139343,0.0927579328417778,0.087674722075462341,0.084757652133703232,0.080531027168035507,0.0834696814417839,0.080521658062934875,0.06355556845664978,0.056854359805583954,0.02983430027961731,0.0,0.019612099975347519,0.0017558299005031586,-0.010897747240960598,-0.022510778158903122,-0.034238717518746853,-0.056997835636138916,-0.077645605430006981,-0.089105881750583649,-0.13317346572875977,-0.19659842550754547,-0.20293489098548889
-0.014422314940020442,-0.015020576072856784,-0.012012036517262459,-0.026579811237752438,-0.037663365248590708,-0.050631004571914676,-0.0822218619287014,-0.077478602528572083,-0.066842998067537948,-0.0648299166932702,-0.06166273131966591,-0.053697790950536728,-0.047834002971649171,-0.051960269610087075,-0.05320880189538002,-0.049456013366580009,-0.028566120192408562,-0.018279014155268669,0.010750286281108856,0.01524754986166954,0.06246400810778141,0.078564420342445374,0.080463092774152756,0.0868721455335617,0.09365496039390564,0.097130544483661652,0.0,0.081201612949371338,0.063393108546733856,0.0386447049677372,0.0081580858677625656,0.0020823436789214611,-0.019186029210686684,-0.012590558471856639,-0.035220831632614136,0.0,-0.0728045254945755,-0.090187281370162964,-0.10394363105297089,-0.13135373592376709,-0.15913109481334686,-0.19171672314405441
0.006856644027201193,0.00038016211086263257,0.0027974544500466436,-0.0039421842084266245,-0.017328576960911352,-0.033644527817765869,-0.028100195651253063,-0.024072383437305687,-0.035143459215760231,-0.059036660939455032,-0.05262678861618042,-0.04453892819583416,-0.058409768342971805,-0.067266913751761123,-0.064659565687179565,-0.055186230689287186,-0.047505784779787064,-0.03650094848126173,-0.024085130542516708,0.018275720067322254,0.00799722783267498,0.041957750916481018,0.0,0.084868475794792175,0.098732702434062958,0.10801704600453377,0.10087534785270691,0.0,0.075208559632301331,0.046237492933869362,0.00869049597531557,-0.04196065291762352,-0.043546449393033981,-0.029010090976953506,-0.068559430539608,-0.048232328146696091,-0.090007886290550232,-0.12838983535766602,-0.098333574831485748,-0.11890264973044395,-0.14075155928730965,-0.13603855669498444
0.028596336022019386,0.02513021683054311,0.0078249629198883976,-0.013477784814313054,-0.011584058004830564,0.0032139457512779961,0.020218403145138706,0.021817319893411229,-0.0071141028311103582,-0.027479438669979574,-0.020645859139040112,-0.032785051502287388,-0.05174572765827179,-0.062120736887057625,-0.06166408583521843,-0.055367752909660339,-0.051240142434835434,-0.045782048255205154,-0.037888577207922935,-0.026850646361708641,-0.012546208687126637,-0.019225843250751495,0.040277982130646706,0.074023619294166565,0.069340430200099945,0.11918418854475021,0.10661746561527252,0.0854058638215065,0.0744209736585617,0.044154021888971329,0.006877582345623523,-0.045865695923566818,0.0,-0.056555235758423805,0.0,-0.092518724501132965,-0.11310892552137375,-0.1444372832775116,-0.13931907713413239,-0.099576435983181,-0.10316921025514603,-0.095122590661048889
0.01800746036072572,0.011190971757362908,-3.577646566554904E-06,-0.0022766711190342903,0.016887056175619364,0.049692755565047264,0.068126651768883065,0.060841976106166838,0.04662852563584844,0.043476217271139227,0.028971221181564033,0.0084518844145350155,-0.023774958623107523,-0.03230528968075911,-0.036371291304628052,-0.03249247744679451,-0.033082583919167519,-0.046089939773082733,-0.053559968248009682,-0.036539133638143539,-0.055536020547151566,-0.017288340255618095,-0.017194736748933792,0.030533436685800552,0.085706405341625214,0.10497374460101128,0.1065150797367096,0.0843687504529953,0.0,0.038363148458302021,-0.00063190364744514227,-0.032768875360488892,-0.042964588850736618,-0.062865577638149261,-0.11233942583203316,0.0,-0.1560724601149559,-0.1773504912853241,0.0,-0.10147851705551148,-0.092753283679485321,-0.078672580420970917
-0.0027916182334593032,0.0015310242160921916,0.0014320296933874488,0.011131206460829293,0.020821289573278692,0.043693676058735163,0.066045932471752167,0.10417353042534419,0.12976738810539246,0.10908569395542145,0.093600655595461532,0.057637820641199745,0.022240713937208056,0.031229195185005665,0.01690707029774785,0.000959483440965414,-0.016078820452094078,-0.034800264984369278,-0.05537416972219944,-0.0759882777929306,-0.0547805055975914,-0.070263192057609558,-0.0075231855735182762,0.0,0.068203827366232872,0.0,0.0915016308426857,0.05922120064496994,0.047369783744215965,0.0,-0.011283455416560173,0.0,-0.050313398241996765,-0.089660685509443283,0.0,-0.14056368917226791,0.0,-0.16696523129940033,-0.15640264749526978,-0.1253451444208622,-0.0979628749191761,-0.060705732554197311
-0.015438940789964464,-0.0034038284581831908,-0.0012444319552741944,-0.0049828078507826749,-0.013183303436057435,-0.0080485423871626462,0.020583871082635596,0.0903481193818152,0.15693546459078789,0.17844386771321297,0.14186468720436096,0.11269102990627289,0.10071349143981934,0.088117741048336029,0.071883641183376312,0.036538437008857727,0.0010099962819367647,-0.015554487705230713,-0.03863128088414669,-0.048957075923681259,-0.06236705556511879,-0.050289563834667206,-0.05822821706533432,0.031157888472080231,0.0,0.0952964499592781,0.071492008864879608,0.037098001688718796,0.0,0.0025617356295697391,-0.02975146658718586,0.0,-0.06544141098856926,-0.11506885290145874,-0.11222724616527557,-0.14593252539634705,-0.16884590685367584,-0.16355276107788086,-0.16024889796972275,-0.13475829735398293,-0.10370612144470215,-0.064423106610775
-0.011671548360027373,0.029420958016999066,0.04740897826850414,0.031216361501719803,0.0028412087762262673,-0.017403594334609807,0.0017378956690663472,0.063585454864161353,0.15837889313697814,0.21679102381070456,0.20613439877827963,0.17515738805135092,0.1404644176363945,0.13456256687641144,0.089888535439968109,0.0,0.053202927112579346,0.022160749882459641,0.0090067118871957064,0.0,-0.00531890569254756,0.0,-0.0043289940804243088,0.0014353626174852252,0.0751450415700674,0.0,0.079185664653778076,0.047099608927965164,0.0,-0.0087650036439299583,-0.041702102869749069,-0.050189346075057983,-0.083851255476474762,0.0,-0.12285594642162323,-0.15503545105457306,-0.17115715146064758,0.0,-0.14906381070613861,-0.14127174019813538,0.0,-0.06621251255273819
-0.038414725512848233,0.0811024635600356,0.13271536082029342,0.096521762261788047,0.032986069594820339,-0.0044286937246887153,0.010828660890603295,0.090500635405381516,0.17994222896439688,0.24163725972175598,0.23040967682997385,0.2055060068766276,0.16978953033685684,0.0,0.14533400535583496,0.10916447266936302,0.091879509389400482,0.0,0.076451957225799561,0.002778590889647603,0.0,-0.011998263187706471,0.0,0.051089134067296982,0.0529051274061203,0.074120789766311646,0.0720880925655365,0.0,0.0385296456515789,0.0079154884442687035,0.0,-0.041132744401693344,-0.078247450292110443,-0.12258967757225037,0.0,0.0,-0.15680293738842011,-0.16532203555107117,-0.1638878732919693,-0.14353382587432861,-0.11767829954624176,-0.075431479141116142
0.067803604805913686,0.26906956093651907,0.19056549668312073,0.046309563414459784,-0.018297447822988033,0.011375302049730505,0.059628859162330627,0.1613130314896504,0.21436894809206328,0.2393251433968544,0.22200798491636911,0.20123861730098724,0.17550104111433029,0.16329604387283325,0.14563016593456268,0.0,0.12436335533857346,0.090697392821311951,0.076862730085849762,0.0700729489326477,0.0949806347489357,0.062540262937545776,0.038782745599746704,0.0,0.053031075745821,0.032685030251741409,0.0,0.04360223188996315,0.0,0.008953046053647995,-0.018441352993249893,0.0,-0.070312865078449249,0.0,-0.10711593925952911,-0.14265964925289154,-0.11674319207668304,-0.13475344330072403,-0.13721631467342377,0.0,-0.097730696201324463,-0.076537951827049255
0.1329657796304673,0.10370381149862494,0.044320613261124193,-0.018102659754311808,-0.048539126757532358,0.13561803784354456,0.32230050542524885,0.31670664350191752,0.26346285912123596,0.2081145622900554,0.18972006936868033,0.19249246269464493,0.17783373594284058,0.16804928332567215,0.162985697388649,0.15617731213569641,0.0,0.14477285742759705,0.0,0.1405118927359581,0.0,0.092150934040546417,0.0,0.037712447345256805,0.034698385745286942,0.0,0.022028284147381783,0.012836585752665997,0.0,0.0078248418867588043,0.0,-0.0078461868688464165,-0.034318454563617706,0.0,-0.0827728658914566,0.0,-0.10277345031499863,0.0,-0.085145045071840286,-0.10558734089136124,-0.079399686306715012,-0.062311705201864243
0.032107472885400057,0.052440544989492209,0.023773407424764279,-0.035750113660469651,0.019816979081952013,0.30715294608048033,0.42326424803052631,0.3412493824958801,0.26696167720688713,0.19056326895952225,0.15440266331036887,0.16170448064804077,0.17576560378074646,0.16673681139945984,0.17040584236383438,0.1724529042840004,0.17777299880981445,0.0,0.16696228086948395,0.0,0.1465761661529541,0.13773325085639954,0.07229682058095932,0.0,0.026319211348891258,-0.0082153845578432083,0.0,-0.0037247282452881336,0.0,0.018173113465309143,-0.0022217442747205496,0.0,0.0,-0.029326373711228371,-0.055078566074371338,0.0,-0.064533106982707977,-0.061865195631980896,0.0,-0.055282667279243469,-0.047282546758651733,-0.048355719074606895
0.034893727923710163,0.052597101578222852,0.0084442686430910331,-0.010891248792177066,0.088284496843698435,0.43369479775428771,0.39361154574614304,0.28580896953741708,0.21337526871098411,0.16157192587852479,0.14311133325099945,0.13580353558063507,0.14075557887554169,0.15218484401702881,0.16587945818901062,0.17429880797863007,0.18268370628356934,0.0,0.17740139365196228,0.18332327902317047,0.0,0.13122257590293884,0.0694793164730072,0.050722923129796982,0.0,0.0,0.00340099073946476,-0.0404505655169487,-0.030806303024291992,0.0,0.0,0.0025897384621202946,-0.01420972216874361,0.0,0.0,-0.036381527781486511,-0.040838539600372314,-0.015921838581562042,-0.033281444571912289,-0.046755626797676086,-0.0381108857691288,-0.04519551619887352
0.027286380911911174,0.053643424330013137,0.035775001905858514,0.030625256909323589,0.33532688568811864,0.5003878680559305,0.38292500128348667,0.279411593079567,0.18690250515937806,0.13342751065889993,0.11584392935037613,0.10663512349128723,0.11750491708517075,0.13362613320350647,0.14845982193946838,0.0,0.17159593105316162,0.18480017781257629,0.202530637383461,0.16044007241725922,0.17072214186191559,0.0,0.11781326681375504,0.0,0.057824742048978806,0.026844106614589691,0.0,-0.05072556808590889,0.0,-0.034858169034123421,0.0,-0.016985068097710609,-0.010528658516705036,-0.018628876423463225,-0.023437434807419777,-0.0068675312213599682,-0.012363700661808252,0.0,-0.013259470462799072,-0.013062678743153811,-0.026884972583502531,-0.030043234117329121
0.078711779931416884,0.063325982102576422,0.00693581939364473,0.16231324014564355,0.45187708735466003,0.42760104857958281,0.3349282791217168,0.22355126837889353,0.13953091017901897,0.10483262687921524,0.091025620698928833,0.0,0.10362514108419418,0.11594401299953461,0.11270466074347496,0.12403568252921104,0.0,0.13964858651161194,0.16627369076013565,0.0,0.14479738473892212,0.0,0.11465872079133987,0.10794445872306824,0.0,-0.00135898741427809,0.0,-0.028802825137972832,0.0,0.0,-0.05609603226184845,-0.056597944349050522,0.0,0.0,-0.00878105964511633,-0.022903090342879295,-0.009989946149289608,-0.0073468703776597977,-0.0027775621565524489,0.0050999876111745834,-0.0073729571886360645,-0.010179465607507154
