SouthSea_Web/demo/jsonfile/2017-12-16-08.json
{"header": {"parameterUnit":"m.s-1","parameterNumber":3,"dx":0.1,"dy":0.1,"parameterNumberName":"Northward current","la1":29.0,"la2":12.0,"parameterCategory":2,"lo2":131.0,"nx":250,"ny":171,"refTime":"2017-12-16T07:58:07.5","lo1":106.0}, "data":
[rows 76 to 94 of 171, columns 126 to 167 of 250]
-0.10040997070345012,-0.17710679343768529,-0.2200700326098336,-0.23510008411748068,-0.23673214444092341,-0.24000957821096694,-0.20911692721503122,-0.17111808913094656,-0.16699448724587759,-0.15953911244869232,-0.12837670956339156,-0.11749368906021118,-0.12604349292814732,-0.1325887769460678,-0.14516317658126354,-0.12337936386466027,-0.098039442052443818,-0.087132375687360764,-0.1122518234393176,-0.209342927524918,-0.30718428889910382,-0.30184502340853214,-0.20754179024490818,-0.13920331070268596,-0.00992631287900386,0.23409000315048076,0.41871888599088114,0.45954443399722761,0.38610176263110979,0.17327636520245246,0.023597293494579692,0.20578630247286389,0.33986804003898913,0.402122317502896,0.35868536259817041,0.30172535370696674,0.25681977197527883,0.24869391322135925,0.23710103498564827,0.16595920482102564,0.051681251044532188,-0.00656300406747808
-0.05150972782737679,-0.12510554627938705,-0.19334563612937927,-0.22973952335970743,-0.25598570704460144,-0.27025712695386672,-0.23348235189914704,-0.20756771663824716,-0.19838119546572366,-0.19844735227525234,-0.17805999889969826,-0.15396559424698353,-0.12950714594788021,-0.11098106950521469,-0.11785402728451623,-0.12327078580856324,-0.097736423405317158,-0.061199704495569072,-0.076387581105033561,-0.14887674799875209,-0.10347544898589452,0.0041019556513426569,0.10579080072542031,0.14538291725330055,0.25074589362850896,0.36682164132595063,0.42035274306933085,0.33473999984562397,0.21075449111285033,0.045926154208635647,-0.060042774408689832,0.15876547826661003,0.34630183985939733,0.484507469194276,0.41937150716781618,0.32156171152989071,0.274212546646595,0.24715671085176014,0.24193489220407274,0.17033956395952324,0.064231293275952339,-0.008707038278225809
-0.039950367486612362,-0.1098464448004961,-0.17480606668525273,-0.24659738796097891,-0.31223532983234953,-0.34026232361793518,-0.29605501038687571,-0.23426791777213415,-0.21258965796894497,-0.20279828459024429,-0.2086257870708193,-0.183116900069373,-0.12383862026035786,-0.10045384708791971,-0.10667005181312561,-0.098673190507623881,-0.077608613504303828,-0.092212311923503876,-0.091381560545414686,-0.026241021751261809,0.17547299839894881,0.29883176443122683,0.33687846534527266,0.4472607421875,0.51081975052754081,0.49220856680319858,0.34178130735050549,0.16940221920609475,0.02959336684684136,-0.127254753270083,-0.069715783133038459,0.17623725436903812,0.40476513138184178,0.5995040152754102,0.50649980306625364,0.365175678084294,0.29260389755169552,0.24887491904553913,0.24105362736043476,0.15853791870176792,0.054436173682150091,-0.058028879284393042
-0.055115192383527759,-0.1294017881155014,-0.18682294897735119,-0.24414964467287065,-0.32486142590641975,-0.36508933082222939,-0.31226510660988943,-0.23896413544813791,-0.20433643460273743,-0.17960223058859506,-0.18852879852056503,-0.16189777478575707,-0.10828315764665604,-0.096028828993439674,-0.10824022335665566,-0.08982399768299526,-0.070233601455887154,-0.0725131611029307,-0.040216475181902446,0.13552916960907169,0.37549123987555505,0.46641603739638077,0.51070016752118652,0.57820216530845281,0.68492871522903442,0.52939808483307182,0.28966233976509259,0.040417906725779176,-0.14396310850977898,-0.31608839439494268,-0.21894980080682655,0.070271395927956032,0.42020642558733623,0.59781709909439085,0.57475130105840744,0.39601342678070067,0.27237431168556214,0.19766168749850729,0.17049553387221836,0.10225746501237154,-0.0046052188146859406,-0.083793010758726222
-0.096095102280378347,-0.1606245661775271,-0.21746971644461155,-0.27580841034650805,-0.33491521577040356,-0.35284681121508282,-0.29992695791380747,-0.22512024215289525,-0.19044492925916398,-0.15240293741226196,-0.15000590894903457,-0.15295875072479248,-0.12824414031846182,-0.10273974140485127,-0.11268702447414399,-0.13386808037757875,-0.077919404208660129,0.0040201779562406819,0.045395102227727573,0.25161376169749666,0.49139805225765004,0.58583050966262817,0.6476147147742185,0.72820223093032832,0.77623678495486581,0.59362736115088832,0.37507070522559316,0.12286383097983032,-0.11514236203705271,-0.30300859996566065,-0.21868070711692175,0.072769798611903649,0.38139843331141904,0.56415476865238612,0.5620961628026433,0.38411736007659664,0.19630613974456129,0.10805815905332565,0.061040456001849278,0.033393777531190688,-0.027776500400663776,-0.10386999082915924
-0.11007949100299315,-0.17716537415981293,-0.23241187259554863,-0.29187959432601929,-0.338085662573576,-0.31926675885915756,-0.23550353944301605,-0.1903421034415563,-0.13736758061817714,-0.11672110855579376,-0.11600450798869133,-0.14640332510073981,-0.13986412286758423,-0.1208309531211853,-0.13506802916526794,-0.15011551678180696,-0.099091330543160439,-0.018671836107387207,0.028266213407429557,0.26579536404460669,0.52678521758034114,0.58290417492389679,0.65995671600103378,0.6988651326724461,0.74912276864051819,0.6527614982231803,0.47326292452358065,0.25676287487149241,-0.0046570292238525494,-0.21963073829045662,-0.1928313912358135,0.037319191463757305,0.32772320010146855,0.7356043785390719,0.54812109825156985,0.35366255483206582,0.15976574837133803,0.059298064932227133,0.006490485102403909,-0.040346210761724607,-0.071014807559549809,-0.13196378408206833
-0.0880356751382351,-0.14643467052115333,-0.20651150743166605,-0.252340463300546,-0.27662282188733417,-0.224398179186715,-0.1229837816208601,-0.075525562411972461,-0.024779679874579113,-0.04675698413484497,-0.072920676941672966,-0.123615634228502,-0.13271687924861908,-0.12598630972206593,-0.17665705382823943,-0.18895109991232553,-0.12051091839869817,-0.077989157289266586,0.016187264118343592,0.319899530533482,0.4712769157356686,0.52654320176909952,0.63602101518994281,0.64747790189889765,0.67253886098447058,0.64229573965072628,0.49075289005818573,0.29613666161894797,0.0391461275329885,-0.14825649453060968,-0.047731946053152736,0.11245908186195747,0.11314297941352539,0.63807506190533647,0.44387714850141646,0.32427870631217959,0.19392091209689777,0.063661332759592265,-0.017193168365898039,-0.075006123011310891,-0.10366381108760833,-0.1549292817002251
-0.0666575978199641,-0.11096012219786644,-0.14950870083911078,-0.16726064402610064,-0.15281784108706883,-0.084987583880623177,-0.00085731192181507743,0.0731609333306551,0.07825971394777298,0.036481613933574408,-0.045854985913527865,-0.0993313267827034,-0.13154722098261118,-0.15060812731583914,-0.2104065865278244,-0.23829536139965057,-0.19623298346996307,-0.090628751243154212,0.11491144821047783,0.37026795286398667,0.45020110817516551,0.53036680155330229,0.5734477326983497,0.57143144244733068,0.62333950400352478,0.65678188977418117,0.51294341683387756,0.30351789566603576,0.12910841615951579,0.054118582514937383,0.18841403951087304,0.33160639933820041,-0.062810358774502958,0.078855893043901337,0.31431332489718561,0.27355318045929861,0.2230924773029983,0.087054603467030187,0.0027724985357727512,-0.076151626805464431,-0.10954776796556655,-0.16195988066886602
-0.063211225438863039,-0.066095979884266853,-0.077794650569558144,-0.0968168494956834,-0.076626867676774665,0.0030265212699305266,0.0998298991471529,0.1507635215918223,0.11700547952204943,0.029552072752267122,-0.06206226240222653,-0.12702949345111847,-0.15225195586681367,-0.17699952920277914,-0.20908980071544647,-0.24184691533446312,-0.21375668048858643,-0.14002171605825425,0.11617681521139192,0.294951261083285,0.37343766093254088,0.44620152860879897,0.48180786967277528,0.50396414493259634,0.54094424301927735,0.60812858104705814,0.49252404731053573,0.28161912805893841,0.12727247144688259,0.097809745264904838,0.15995200964457848,0.21593889776541261,0.14574535129238561,0.1320314175796275,0.23389123562647371,0.23498792738415475,0.23033580096328959,0.11552925931755453,0.006119290116028144,-0.048040266918099442,-0.11386984620581973,-0.1661624476313591
-0.00427118326551863,-0.030130519598190273,-0.056682810187339783,-0.074474191027028222,-0.048130738016750128,0.045513835337866716,0.14185800403356552,0.15024695545434952,0.067903100202480957,-0.021631250468393166,-0.0978674627840519,-0.14026624336838722,-0.15024406711260477,-0.1648026779294014,-0.18364821746945381,-0.19359840750694274,-0.18051836639642716,-0.10972735509276391,0.06040398711338639,0.27460404417731543,0.38896395151431745,0.40913008075011403,0.4138350657054356,0.44156645780259912,0.44685195928270166,0.45533720873020311,0.40482346892356874,0.25050006144576603,0.05472847086807283,-0.013615242277280362,0.031870105350125494,0.12850454449653626,0.037268290878273547,0.016421434859259298,0.1330190296814015,0.3578258680720483,0.15928913404544196,0.082821839489042759,-0.0029224145210123269,-0.047571520631512008,-0.11419819258153438,-0.18698253110051155
0.0594137379899621,0.014390120399184525,-0.02036594952057515,-0.036607785682593076,0.012777459419642886,0.10720637068152428,0.16816063225269318,0.12269624854837145,0.028131424515907253,-0.051981084048748016,-0.10637746006250382,-0.11881954222917557,-0.10651098936796188,-0.1369649718205134,-0.15619731247425078,-0.1545960247516632,-0.1367708258330822,-0.12645780791838965,0.0068897761714955168,0.312753659983476,0.45538029887459497,0.43257762789726256,0.39964689314365387,0.424929341673851,0.47483889305073285,0.43460139113923779,0.34085741509561951,0.23816027988990149,0.15368773517283527,0.011788647212409254,-0.052540460863383487,-0.025474086748242069,0.15351445585812534,0.30921909413921339,-0.23295445790029612,0.13893477228593151,0.036942299285500836,0.016906048973396537,-0.014046241868137648,-0.062636279190580055,-0.096336836841973389,-0.157619970664382
0.12358251959085465,0.096698502344744544,0.062877423750857517,0.046472462204595409,0.084662074844042465,0.15787853673100472,0.17577300540038518,0.11156793311238289,0.037260143474365272,-0.017098761163651943,-0.071106431633234018,-0.077715931194169183,-0.05530649796128273,-0.085631901025772089,-0.11648233234882355,-0.11758028467496236,-0.11973843276500702,-0.17201159149408341,-0.10544623266905547,0.14779560746891157,0.42945067990909924,0.44653026972498211,0.43664230844553781,0.46690908783958074,0.46182120051877251,0.44601829414782318,0.38170970403231108,0.29055101643590364,0.21394483804702758,0.24389476791538042,0.18551174848107621,-0.0062905549218513716,-0.056899850580126678,-0.044431729420141231,-0.23189509630238614,-0.006267383696002409,-0.004885996272081904,0.0076035486563341692,-0.0028094366604748825,-0.046233809593579041,-0.085315955891495654,-0.093737995546115074
0.17354888149670192,0.18794304380814234,0.15870726853609085,0.13438593844572702,0.13701903447508812,0.17402296406882151,0.17231781780719757,0.11314104944467544,0.061541317651669182,0.033006205888731141,-0.018127586413174867,-0.026578039675951005,-0.023585962597280741,-0.050213021226227283,-0.090384038165211678,-0.0839344710111618,-0.091888377070426935,-0.15114695206284523,-0.19537069275975227,0.026254644277893629,0.30015472239918178,0.37609656155109406,0.40452757477760315,0.40709976616658661,0.39911128658997386,0.40663466453552244,0.35425478626381268,0.29661117558893951,0.25368662178516388,0.25948221043304159,0.2984108048326829,0.26207345854490993,0.10644480133018756,-0.069203089354401934,0.031749466624266157,0.025802073010709137,0.025376265817184877,0.049636310964290588,0.01378037283817927,-0.023475515921600163,-0.057053229993297941,-0.04578042726608969
0.2508044647318976,0.27087743580341339,0.230656698346138,0.1877709733588355,0.15293699800968169,0.17112025916576384,0.15438031901915869,0.10126417130231857,0.081377531588077548,0.059637097269296648,0.01353754250643154,-0.021204453116903704,-0.028010283783078193,-0.03750544972717762,-0.05805763751268387,-0.056397631764411926,-0.06380891675750415,-0.11835587397217751,-0.20188401639461517,-0.095571893655384585,0.15856537148356437,0.2410563173202368,0.2789176080156775,0.34973181571279255,0.39070479963955124,0.3785500780299858,0.29973375667696411,0.21613735670135134,0.22147615378101668,0.30206188215659213,0.371239854821137,0.41502051095704773,0.37255976526510148,0.2532446991938811,0.11735124616987175,0.081322697075930511,0.087284813751466572,0.097875987661295918,0.073684565722942352,0.026977870406963946,0.032117434070512117,0.019246330809485363
0.28168675303459167,0.31460786717278616,0.27820668816566468,0.20087295770645142,0.13437831699848174,0.14310192316770554,0.15439345240592955,0.11434900909662246,0.081164096295833585,0.039025081942478813,-0.01359885991162931,-0.042808264493942261,-0.041404613293707371,-0.016215180046856403,0.0036903507231424251,-0.0098518691180894766,-0.053824263811111453,-0.11026762425899506,-0.16242664307355881,-0.1062235713005066,0.068984619970433411,0.15510205924510956,0.22397847736583038,0.37789814323186877,0.38221002991000813,0.34051754956062025,0.30011053204536436,0.22575282199042185,0.16345872357487679,0.245708167552948,0.30856668024227535,0.379346439242363,0.43879567349658294,0.30278831325909672,0.17771074362099171,0.1725200623754532,0.20808820479682513,0.19444465289513271,0.14945884380075666,0.087831725031137467,0.091630568106969193,0.075122819095849988
0.31153598427772522,0.32218480606873828,0.25423965106407803,0.17468249797821045,0.097388680492128649,0.1053179328640302,0.12910655389229456,0.10451399286588033,0.032937665935605764,-0.022947350121103226,-0.04655070323497057,-0.047769977152347563,-0.019746899294356506,0.020790070184739308,0.049961673716704048,0.031059386907145381,-0.045673102838918567,-0.09826253168284893,-0.096398849785327909,-0.034922364478309952,0.014272742366301827,0.054338710812421948,0.11647349321528484,0.23925285134464502,0.32233461141586306,0.33690846484640369,0.33426612739761669,0.30613125474364672,0.20492884566386541,0.17147869567076365,0.27137472608993796,0.37679802179336547,0.34139346263625403,0.25612184405326843,0.25559448078274727,0.22780804708600044,0.35907202652272058,0.29356426795323692,0.22579604506492615,0.15853514251383868,0.10924742675640366,0.099373174733237216
0.33635347088177997,0.31202159821987152,0.21077432731787363,0.10284019112586976,0.02714043188219269,0.027019916949939216,0.043404089473187926,0.051189681887626647,-0.018276843591593206,-0.093198206275701523,-0.082411545515060428,-0.041396293323487043,-0.00888628838583827,0.0026813597651198506,0.034927756525576115,0.033883100375533104,-0.012777182273566723,-0.017153515170017879,0.034964199131354692,0.046411545352182455,0.035285977821331471,0.011426472875481361,0.050097692218658174,0.15552974641323089,0.25330719351768494,0.37757598691516453,0.38391392256902612,0.46037023266156513,0.33894014855225879,0.24117725289293698,0.29443347919732332,0.32673630994908948,0.2360063637880718,0.24462148814629287,0.22437333939848719,0.24557073621286285,0.27587915139813579,0.28617070615291595,0.28502031947885242,0.23929258373876414,0.13692972738118397,0.076282342097588954
0.34206461906433105,0.30801633497079212,0.18944876144329706,0.069528753310441976,-0.00549542773514986,-0.029262581840157509,-0.0032936249626800418,-0.0178943264298141,-0.067746998742222786,-0.13511015474796295,-0.11496658772230148,-0.043663532007485628,-0.034683638717979193,-0.029549400477359693,0.020456951385131105,0.05437899505098661,0.056450101733207705,0.10022690147161484,0.10412027065952619,0.10032243349335411,0.13502877578139305,0.0799954348408124,0.080048743635416031,0.13766671784899451,0.21488471825917563,0.27256778478622434,0.29401582241058349,0.47576107471077528,0.50531494136779542,0.4550543526808421,0.43448182326905865,0.2815212607383728,0.05493480331497267,0.0871785835293617,0.16647734394613303,0.18053808079120962,0.2134485524147749,0.26776894414797425,0.27273010691771138,0.22153807293485711,0.11714107834774515,0.029001328266329236
0.3536379411816597,0.29996106525262195,0.19179270416498184,0.097249934449791908,0.00969492644071579,-0.025074784799168508,-0.019072696721802156,-0.037992019516726337,-0.099917134270071983,-0.14061653017997741,-0.11235056320826213,-0.07871493324637413,-0.064316359348595142,-0.029540139716118574,0.077272510156035423,0.127541059628129,0.14468268118798733,0.13748425543308257,0.12851601466536522,0.12954392826015299,0.14798442618204996,0.12919652685523034,0.07602808511127597,0.082414760840711768,0.11281380530160207,0.10181029928340153,0.061283875216284527,0.18353324630598147,0.45544525411199122,0.7542440601757594,0.54706430032446574,0.28647442524497574,0.0044474555033957586,-0.1883852038734469,0.2123799474502448,0.264240522066067,0.257150032802632,0.22587379430021559,0.19174627900123598,0.14850866675376892,0.09539822387424382,0.033409376882693985
