SouthSea_Web/demo/jsonfile/2017-12-15-13.json
{"header": {"parameterUnit":"m.s-1","parameterNumber":2,"dx":0.1,"dy":0.1,"parameterNumberName":"Eastward current","la1":29.0,"la2":12.0,"parameterCategory":2,"lo2":131.0,"nx":250,"ny":171,"refTime":"2017-12-15T13:01:52.5","lo1":106.0}, "data":
[rows 76 to 94 of 171, columns 42 to 83 of 250]
0.0,0.0,-0.0058293712996105159,0.0,-0.0078516363619679681,0.064832740556739737,0.0052723960455173524,-0.07131307969562882,-0.078639127407222981,-0.075818757841359719,-0.079576043180124248,-0.11271330073821484,-0.11137396196874094,-0.15873272091150284,-0.19733969019009517,-0.23360446043181837,-0.36371221112423258,-0.28576435496409736,-0.17778394957546329,-0.28156445488549658,-0.23143986423810323,-0.43514577845732372,-0.41170704331290858,-0.41410956045855646,-0.3428196558585534,-0.22919682935992283,-0.13737130186695984,-0.11673093724709291,-0.1190829498152579,-0.14835026670815582,-0.16979181842278626,-0.1390225481936487,-0.14166828077928773,-0.16727700248613195,-0.18896753404100061,-0.20112146859367688,-0.17255776414745733,-0.12749532660690405,-0.07994052613154054,-0.041924817344317071,-0.077838921919465065,-0.065157832277397951
0.0,0.0,0.0041373804249890045,0.007934300181328912,0.031809239721136383,-0.046994282701729,-0.080521243288734848,-0.10093439551799194,-0.13443158608343866,-0.17911169602783447,-0.16850980173568336,-0.17396943931068692,-0.20989178812929563,-0.26196367343266808,-0.257415339839263,-0.16292576008198553,-0.43501798136801018,-0.49613642389491452,-0.31963378215028393,-0.21762146544642746,-0.17019660168272607,-0.19551972693630626,-0.22825617275454782,-0.21398389917701038,-0.20258932724847631,-0.16128771282159365,-0.10976320074405521,-0.098869704076501183,-0.10731395553858554,-0.11872613616287708,-0.13523040056742472,-0.1566000925997893,-0.111574513638126,-0.11668085584586317,-0.13970517056683698,-0.1603076493797394,-0.17419147438236646,-0.17081894146071541,-0.15237897410988807,-0.097972952450315162,-0.041107140359188984,-0.019615649205536163
0.0,0.0,0.07943023001473648,0.12588271189123235,0.029211824951915891,-0.042937298836219551,-0.098706749217076742,-0.13895044634316831,-0.17974013332277536,-0.20457547742586871,-0.21362520928184192,-0.26077167609972612,-0.27674217075109481,-0.40378517400601815,-0.44664993276030329,-0.27936616503903944,-0.26746822521090508,-0.3695894330739975,-0.353893435994784,-0.27710132594361447,-0.2139745757716601,-0.17527173843347665,-0.19984556222334504,-0.19466034298141796,-0.19790842031177722,-0.16736186737263645,-0.11478918167899867,-0.10050313277491207,-0.0899391737684869,-0.10482425065868992,-0.10775047968383189,-0.075614766200196068,-0.0788625874914802,-0.045262040113503078,-0.0512764076805777,-0.089033640314673271,-0.11251140907406806,-0.11081974611089036,-0.1059408999979496,-0.10072184882817729,-0.066298338651124916,-0.052648787192689873
0.01532416670257198,0.08915235224248666,-0.0032056115811237283,-0.0036222024543468962,-0.076590081498984039,-0.12043487458911717,-0.14685038882825111,-0.18709169621720459,-0.21111304982233856,-0.2292859915454509,-0.27235909639778783,-0.29984279026587807,-0.32497186984046028,-0.24064295579280173,-0.29855982373867718,-0.32630862552544165,-0.32072470883528392,-0.30059805711110432,-0.27103573230446359,-0.24979263004557839,-0.21138903205512,-0.16739478039330449,-0.158063488744073,-0.17713261212942735,-0.13942120115865361,-0.14885778635226446,-0.15487521788421668,-0.10809190671604413,-0.11750679360885247,-0.0969682377576828,-0.08972935896852742,-0.088832753234439427,-0.0854005488829735,-0.060196295473724605,-0.045402687255825316,-0.058759431080783117,-0.074878111143003814,-0.089789963417476221,-0.10485061437919221,-0.097857766192067749,-0.089048218947869753,-0.068524042351378336
0.090334413126680724,0.27574772662483155,-0.038009773704021317,-0.00665763648013111,-0.11359183288185425,-0.14304414973789906,-0.17824285612864929,-0.23311805211264511,-0.2572449317626786,-0.29117068850387962,-0.38720555177756716,-0.36189334145036794,-0.30003354565373491,-0.31888542351899324,-0.31187982002242665,-0.31151849510414259,-0.30996759162574516,-0.29909085823317705,-0.2707792170345783,-0.24446828890655,-0.22888704389333725,-0.16354441389973676,-0.12530225529974581,-0.11696236786690165,-0.11485343556041303,-0.10644643944363262,-0.11040096332629522,-0.13263922133906322,-0.11142121592447871,-0.10791706014424563,-0.10130906065827922,-0.088979194147719279,-0.094030492007732391,-0.10021682107640852,-0.079018716730417743,-0.0936188236452066,-0.11872815181102071,-0.11326644369042836,-0.099024610662901844,-0.086903642576474413,-0.0949811059291716,-0.095931154675781727
-0.18369063070132741,-0.26640995214967167,-0.26817307125320233,-0.14416725541701247,-0.15321186547805057,-0.18646455507137275,-0.20608953652637346,-0.29312561138680104,-0.33153182161705835,-0.28421548008918762,-0.30423184724177343,-0.33620088449064289,-0.33265607005783487,-0.33187438523183105,-0.33993689150645817,-0.30768404603004457,-0.30306176449123184,-0.30150393872964576,-0.27103816469510394,-0.23790220032304021,-0.20821418704693778,-0.16595210120925363,-0.13655972387641668,-0.13645103236749059,-0.12037440141042073,-0.12584158405661583,-0.13180510189972425,-0.13055998019196771,-0.12922028190380819,-0.12640557731642868,-0.13436953164637089,-0.11531135579571128,-0.11008055585211721,-0.11930738418148114,-0.13810004905930587,-0.14417282823059294,-0.12540972946832577,-0.1044940548734023,-0.11785022279730549,-0.16594952791929246,-0.21102144626470712,-0.23526309111288615
0.0,-0.058201476310690246,-0.12682257044205883,-0.2467295413125645,-0.31819749500024763,-0.2934130587075886,-0.2119134026269118,-0.34752027876675129,-0.40415463159824239,-0.35880555540828379,-0.33665915450145456,-0.32886343151330949,-0.33933503142857957,-0.32820031201017313,-0.31212768852710726,-0.31198999947971767,-0.29407854737906619,-0.26919802481477911,-0.24391983366674847,-0.23333763007847769,-0.19685821721748431,-0.18743833251621411,-0.17135352832384598,-0.14319180356604713,-0.13591529998709173,-0.11982446096160195,-0.12611668714971253,-0.14185837701414572,-0.14675897707541782,-0.14936165621987096,-0.15688821783772222,-0.15839097435985292,-0.15433468956213731,-0.15187501438238002,-0.13924648871888284,-0.1237390281425582,-0.12399984752902618,-0.15987882733345032,-0.22919700906745025,-0.27522536456584928,-0.210662592202425,-0.15736999997386225
0.0,-0.020313169781814414,-0.051006867083645248,-0.090102982979446772,-0.26502139008626707,-0.32035162079901924,-0.24660445421429003,-0.34165792885635582,-0.44070237979554294,-0.3966957716078594,-0.36729309063846782,-0.3544535344016963,-0.32351133373917124,-0.31425486112895767,-0.32211081257888247,-0.28444109697427067,-0.2715298404108803,-0.26512883765541989,-0.24071936482606932,-0.24152014023727841,-0.22582143793503443,-0.20197077621431911,-0.20478715634707248,-0.17855225375720432,-0.15632223536570866,-0.16511446510752043,-0.15530761048711581,-0.1372957561036636,-0.14764681237715263,-0.15014136467988676,-0.14910043260225883,-0.14730615789691606,-0.14904781164867537,-0.15672181489375922,-0.14831302773493987,-0.18468109250068665,-0.25038120609063369,-0.26906660428413975,-0.22925830153482302,-0.16790914756280403,-0.17664731179292387,-0.1682930654949612
0.0,0.0,0.078472035842391735,0.0807691086408163,-0.14565919105370995,-0.30927381060254855,-0.34530735438739929,-0.32849460526516561,-0.36516947547594708,-0.36294400211303462,-0.35817831314978055,-0.35401281139306856,-0.3456323086111634,-0.32380471461349064,-0.30199412286281585,-0.29592235883076984,-0.27920179778621312,-0.28418134114681148,-0.264489592363437,-0.23883609515097407,-0.23571383682164279,-0.23495859436450467,-0.2254329950645052,-0.19372902171952383,-0.17713531479239464,-0.17332545640291991,-0.18765683054924012,-0.18709306820080832,-0.17022938969043586,-0.16069670078846124,-0.14188324086941206,-0.11714195861266209,-0.10182745816806953,-0.1118767780476603,-0.14152606290120345,-0.20291972618836623,-0.20150495005341676,-0.14798545032739641,-0.12145977063725393,-0.09516506102578394,-0.15672099217772484,-0.22930385970643588
0.0,0.0,0.0,0.17620450974338583,-0.21400366506228843,-0.42982366730404253,-0.54576978749699068,-0.45955573253228632,-0.36042948644007405,-0.30568084361091735,-0.33160325299416271,-0.33007769065874593,-0.32268305153262861,-0.32053736753241963,-0.31092566800744909,-0.32329928295479882,-0.31255035867562164,-0.30012835607384192,-0.28328652320236997,-0.27111245126559819,-0.2711730886388708,-0.25095818274550968,-0.23904327303171158,-0.23640326582468474,-0.20067470550537109,-0.18437304061192733,-0.18697341015705696,-0.17383134186267854,-0.155212057611117,-0.12366375297307969,-0.12212153954001573,-0.1330446325815641,-0.15174891685064024,-0.17374432942381612,-0.18041762251120347,-0.096983713414778724,-0.017936385538498009,-0.025023814049615924,-0.0899795252415869,-0.15479230536864355,-0.20787575574857847,-0.2898967558784144
0.0,0.0,0.0,-0.49857522527892867,-0.52541036737315794,-0.62951606599723586,-0.79592751329009592,-0.660426633185651,-0.45940951406955721,-0.32079813365013371,-0.291988743912606,-0.28173079424434239,-0.30184816975485196,-0.30532423481345178,-0.32166472234224019,-0.31199932279008807,-0.31001416146755217,-0.31730986329225391,-0.29942195543221067,-0.27072998660582082,-0.27835439145565033,-0.29423744082450864,-0.26070691379053251,-0.22752974984737542,-0.21151263680722979,-0.18453635215759279,-0.1580789135447864,-0.13713281630323485,-0.14743057982279703,-0.20776841513536595,-0.24382744844143206,-0.23796962144283149,-0.20019145337519823,-0.10445440709763379,0.003976832659515951,0.033103700326755643,0.029704502544417564,-0.015895960942054026,-0.1260155720843209,-0.24548692076370635,-0.32444241394599277,-0.37242221300091061
-0.14388569090367545,-0.4344698300360349,-0.96667267754673958,-0.97082879642645514,-0.93505273040358006,-0.99808436237713871,-0.85038627454867732,-0.77233279488059914,-0.54267508122656083,-0.36773221472562367,-0.31659145365681562,-0.28804325297767042,-0.27176901485238758,-0.28873107348169597,-0.32420778851355275,-0.33374448464466977,-0.33524825672308606,-0.32397307069213305,-0.32485778400531184,-0.283525750041008,-0.26789206372840063,-0.21698857442690775,-0.1613735051027366,-0.12763183176517487,-0.16002484797327607,-0.20331331074237824,-0.17259677140801041,-0.19616570240921444,-0.26128745250977004,-0.29516838215015551,-0.26092964079644942,-0.15944013159189904,-0.074894169420003889,-0.061988338344515517,-0.036997717443647653,-0.0663018743507564,-0.10749300547803824,-0.15715536371701294,-0.26339579761028292,-0.37175264132433922,-0.43424338433477616,-0.5311265495316736
-0.95551560399819857,-1.1083273835425829,-1.0696918738433738,-1.0511415618622375,-1.1071563332311569,-0.87477687857773179,-0.77152367399155519,-0.70520427098145355,-0.51411025250544318,-0.35084418097480397,-0.28734140153284426,-0.26595271597890291,-0.25909844266645837,-0.28437725767012567,-0.29747856767089281,-0.34919088873369941,-0.35383652379879582,-0.32353458691526343,-0.29136755952128657,-0.26248539873847254,-0.23940543720015772,-0.24365825578570366,-0.2472802432520049,-0.22107349157333375,-0.17836150802947856,-0.13061708717473916,-0.17806277396502318,-0.27043886883900714,-0.32625191410382587,-0.27059675167713848,-0.20091880800632331,-0.12328644703935694,-0.048628598589588096,-0.062767587050243656,-0.14569731580990333,-0.20357478857040406,-0.32940956179437964,-0.38241989493370054,-0.38884834558875475,-0.46856997211774193,-0.48352683278230518,-0.49287478281901431
-0.90756462658605264,-0.70303748237758712,-0.71069530243715962,-0.45351959009693094,-0.29800199660854154,-0.30581225347538876,-0.47095137207131638,-0.56429827994987614,-0.43524475724010142,-0.32945102645504859,-0.29429085073726519,-0.2704379125719979,-0.26477802088183744,-0.2967743531421379,-0.30045327875349259,-0.3450128585100174,-0.35182319305561205,-0.34889011581738788,-0.31920455782501783,-0.27705668658018112,-0.26625685393810272,-0.23421398798624674,-0.190951547984566,-0.14571926263826235,-0.11950175519342776,-0.15044320804568437,-0.21194696536770574,-0.34738670234326963,-0.33629632913149321,-0.23318829476833344,-0.13158422309373105,-0.053807655659814678,-0.035125911164169125,-0.07243206018003924,-0.16386098328691262,-0.21223948437433976,-0.33718550900618233,-0.40833060860633852,-0.42651191583046544,-0.46294290752246464,-0.48062008046186888,-0.49279388678925379
-0.2366043534129858,-0.054592782586265105,-0.31324651837348938,-0.13577469200529951,-0.018600656376298749,0.0,-0.16220193684689307,-0.14154145731167359,-0.27128874528635705,-0.27297200053930282,-0.31616090779954736,-0.2667006628853934,-0.27365971888814655,-0.31226293742656708,-0.32746563213212149,-0.330457361607716,-0.3403857946395874,-0.28538712961920376,-0.29180146394104794,-0.31490289856647624,-0.262372296165537,-0.17078549867229803,-0.11161703924680579,-0.10380255430936813,-0.15066114145106282,-0.23696812319344487,-0.37356469035148621,-0.39756082826190525,-0.23710005524857292,-0.098941990174353123,-0.023825232012852752,-0.026493053445592524,-0.085668743829484334,-0.15248391156395277,-0.22215884064252561,-0.28000552069257806,-0.40293219914803136,-0.48737204819917679,-0.54494058423572111,-0.58909349309073555,-0.56953212221463523,-0.57477906942367551
0.0,0.0,0.0,0.0,-0.0020934093319940278,0.0,0.0,0.0,-0.13825423246610216,-0.29834440181201155,-0.29703085209642138,-0.30709319987467359,-0.30897236189671923,-0.32104903356782322,-0.33598626717444391,-0.34182651476426557,-0.31215418555906843,-0.31371863426700713,-0.34625786542892456,-0.2749209023755172,-0.1591048918921372,-0.11032000955726419,-0.1289299957986389,-0.18865587490220223,-0.250008605144642,-0.45101716655951279,-0.41236062028578352,-0.26715686974617153,-0.10583264176403323,-0.049446614873078137,-0.082048479191682955,-0.13135414818922678,-0.16919232656558356,-0.2251467699451106,-0.28443731138339412,-0.35690012574195862,-0.47268059187465244,-0.53210625265325817,-0.56960886305776137,-0.57027332305908207,-0.53473405539989471,-0.50955021381378174
0.0,0.0,0.0,0.0,0.0,0.0,0.0,0.0,-0.10595756067949183,-0.32056058645248414,-0.33741956629923414,-0.34387562771638236,-0.34108528401702642,-0.34383913784316089,-0.36353305261582136,-0.37349876473026888,-0.34730348270386457,-0.32266367098380777,-0.25035391747951508,-0.14527046372150554,-0.076321503729559481,-0.11150087930005172,-0.15855414620958841,-0.32702041777872271,-0.47154700866451971,-0.39600262376997208,-0.24585822430150262,-0.12227866053581238,-0.082793050711708407,-0.093238170473621443,-0.13057196273335389,-0.18127953420792306,-0.2126570377084944,-0.31105580263667637,-0.38469647257416334,-0.44228621959686282,-0.4814935100489649,-0.51262345293472555,-0.53117932430629078,-0.52014464909030544,-0.46208939914192471,-0.41366571960625825
0.0,0.0,0.0,0.0,0.0,0.0,0.0,0.0,-0.11432365801833246,-0.31167182289063933,-0.34469276124780829,-0.34649065136909485,-0.36853752667839462,-0.35944037752992969,-0.34468695273001987,-0.34539589285850525,-0.35279866680502892,-0.34250867180526257,-0.23665128779761932,-0.14248738694807578,-0.12886986689221475,-0.17826067733353582,-0.3989717600674465,-0.44329973746990337,-0.37246527826344528,-0.23073762903610864,-0.11917219896401678,-0.045118841653068863,-0.10031749666310273,-0.20247813658072397,-0.20017803377575344,-0.18378722082291329,-0.2526567627986272,-0.32433727039740634,-0.38962645552776476,-0.46593758353480585,-0.48593795776367188,-0.47722067766719395,-0.51056979320667406,-0.51265502086392156,-0.45198184472543224,-0.39627003031117575
0.0,0.0,0.0,0.0,0.0,0.0,-0.010612132332578241,-0.065212872488094334,-0.25523387067648262,-0.37741957410522131,-0.36720462538758103,-0.38779224001843,-0.39958317468806009,-0.37201959192752837,-0.37892638668417933,-0.37897961076937225,-0.34066935321863961,-0.27435882346970697,-0.22319040575931812,-0.18313016941150029,-0.1491496458183974,-0.35076166689395905,-0.42631045579910276,-0.35216656879142477,-0.2543271838554314,-0.18222904851039251,-0.13990091186548984,-0.089345188742434536,-0.15558468869754247,-0.23407429291142357,-0.23246047760431582,-0.26405744602282843,-0.34827034920454025,-0.4022732044641788,-0.46749537825584414,-0.52934117019176485,-0.51546543598175054,-0.4773453440931108,-0.522435517222793,-0.53066289322129612,-0.4575449446072945,-0.409920127303512
