SouthSea_Web/demo/jsonfile/2017-12-14-13.json
{"header": {"parameterUnit":"m.s-1","parameterNumber":2,"dx":0.1,"dy":0.1,"parameterNumberName":"Eastward current","la1":29.0,"la2":12.0,"parameterCategory":2,"lo2":131.0,"nx":250,"ny":171,"refTime":"2017-12-14T13:01:52.5","lo1":106.0}, "data":
[rows 76 to 94 of 171, columns 42 to 83 of 250]
0.0,0.0,-0.010878246730884932,0.0,-0.023504063879188738,0.051047140520822723,-0.015852406436322814,-0.058692221231975178,-0.065819694707170126,-0.043208930678446049,-0.047774496713313915,-0.18765577614384213,-0.2192573561529878,-0.28046351869901021,-0.30357101513789253,-0.31273541220447476,-0.29521709900410448,-0.40289034197727841,-0.47571979536384834,-0.31892263003881427,-0.21632868925730386,-0.29190738134913974,-0.32841215173849897,-0.52885720652082691,-0.51394255298834579,-0.42656813005902872,-0.34909929918206256,-0.32303499212631814,-0.31604207379202687,-0.33087554119401058,-0.36247728790267036,-0.31581920284335896,-0.28066950394161816,-0.302567090523445,-0.3360286617683152,-0.36282574385404587,-0.3663137858374077,-0.37680754873712186,-0.37015743911266324,-0.31048985857229966,-0.26458592992275953,-0.23454153874228079
0.0,0.0,-0.02052157212284789,-0.024190690978006885,0.0259078397555574,-0.027111972916638961,-0.0801981785121908,-0.098585004780603488,-0.12442711961490137,-0.15946632213548784,-0.20828024480415849,-0.28591720355408534,-0.31191413796373774,-0.33581582506497704,-0.33615039411138314,-0.41186466028815821,-0.32953923036817645,-0.29403958583282214,-0.54926439975538566,-0.54834501584991813,-0.34625517248230819,-0.29001361323254449,-0.2883876740480914,-0.36213958886132314,-0.38719962107933176,-0.35498906190578755,-0.32118792273104191,-0.29762376087610837,-0.26511067713870379,-0.27910774275660516,-0.34304583072662354,-0.36813600212335584,-0.30612182936498095,-0.28463320407000453,-0.26091961289445559,-0.28335793144427812,-0.29733877229903427,-0.27900239797653975,-0.310824827849865,-0.33922220145662624,-0.30683371809221083,-0.23738956656949273
0.0,0.0,0.065565153560366227,0.19081467036859034,0.12255956286767886,0.01241661329854425,-0.11653707772493363,-0.146042646800584,-0.16463190931826829,-0.20795233157964854,-0.28546254510680835,-0.33622641222817556,-0.3574069678783417,-0.35769659640460177,-0.30196102872743447,-0.37567753176535329,-0.46602807733519325,-0.37563206832255086,-0.36261435598134995,-0.38987736403942108,-0.38294326868213591,-0.34378235583955591,-0.30948091112077236,-0.32120971754193306,-0.31807499653414678,-0.30641739677499841,-0.27666396293483797,-0.29036855569173547,-0.27809206121846247,-0.28791295067738676,-0.27992786549859577,-0.30374487194250216,-0.29252566454502255,-0.257820262942674,-0.25039419862959122,-0.23331905104393183,-0.22039418332278729,-0.23684990285216151,-0.24059796979029974,-0.25576974836087996,-0.250790111720562,-0.25888813659548759
-0.0071303798841781136,0.00082434311675569914,0.050258050224694768,0.10769795878753545,0.025616518172278627,-0.099385064572860032,-0.15335964659849802,-0.14771679529186452,-0.23613892091532884,-0.28542800525487477,-0.3116164702480122,-0.33666009803613028,-0.372184511968645,-0.32995311543345451,-0.35444346708910807,-0.32543687265494775,-0.31952864180008572,-0.35778410782416664,-0.33645543944640238,-0.3239240338062418,-0.32756296581909305,-0.32859218326108208,-0.31303553156933545,-0.24368795864986922,-0.22647246555848555,-0.28278016581617554,-0.26856610207062848,-0.2480097092114962,-0.30741245898545955,-0.2861826014518738,-0.27742735004943347,-0.26349316272470685,-0.27820824736203903,-0.25108536519110203,-0.26278678476810458,-0.2556699943893096,-0.23743966176654352,-0.24835755988474814,-0.23621025835645609,-0.24533835866234519,-0.25841811023376604,-0.254833373758528
-0.0071533985777119946,0.046972204621670247,0.080627697561045777,0.044412935687015292,-0.011640148162400483,-0.0740621447278981,-0.16543785640687653,-0.16106605671089272,-0.28412201164061562,-0.34945065288220423,-0.33626458581004826,-0.28374671733985513,-0.37631967823420254,-0.36941416120087661,-0.3484411254280903,-0.34489325221095768,-0.34806186889038709,-0.32983447788125375,-0.31561155219872794,-0.31636848641654192,-0.32649958441997395,-0.32044949169669834,-0.29156630033371495,-0.277694452316203,-0.22369212527637897,-0.23165753518426141,-0.24074550668398539,-0.23904787545854395,-0.24128938537268413,-0.27983753383159637,-0.28036599567061976,-0.264710057940748,-0.26277744200299769,-0.25401900900948432,-0.2511212710411318,-0.26106162197314775,-0.27910862224442617,-0.24592313858178946,-0.27161215632050123,-0.29048180350890529,-0.29144125238612845,-0.2909630686044693
-0.023050784390997312,-0.016962869750568644,-0.026455377099257077,0.071939571974976371,-0.0020786572850447203,-0.093467287071817146,-0.17045058416468756,-0.1738833357629023,-0.31637239615832058,-0.37520491874824136,-0.39473227323111842,-0.30064357198634239,-0.32686257149491993,-0.34509494705278365,-0.36564597024999818,-0.34136119782924651,-0.33179778069780586,-0.32359064553604749,-0.30092481249257136,-0.30941312242362456,-0.31821794102066442,-0.28045378512931318,-0.286183246721824,-0.29279405446279616,-0.24742112557093302,-0.23964710219910271,-0.23432991026263489,-0.24159415879032828,-0.25646640682542649,-0.26029564079010126,-0.28071846626698971,-0.26091482769697905,-0.27089771525613193,-0.26559789536091,-0.2648310640028545,-0.2771913723813163,-0.27898666697243851,-0.29776686372665256,-0.30513403978612685,-0.30332225461800894,-0.3214391011458177,-0.36585604931627
0.0,0.12362902363141377,0.051903079785184561,-0.025225878365149997,-0.064527069029204034,-0.102722926028563,-0.1447864009688298,-0.13380839516009604,-0.29060357089700373,-0.35497974692764928,-0.389478489242751,-0.34929419507582982,-0.34969049591129109,-0.33762835788315743,-0.32616679022709527,-0.32158269815974766,-0.32046093406348392,-0.31139668768102474,-0.29745064620618467,-0.29279474154958185,-0.27203308562843165,-0.28123271724452142,-0.27908395268978214,-0.28170940450259618,-0.26993253651787252,-0.24872259660200638,-0.24561222439462488,-0.25229173311681458,-0.246140822271506,-0.25833570294910008,-0.27283199738573144,-0.26604361087083817,-0.26818007689255935,-0.26396559399587138,-0.26251847782860632,-0.2925559999766173,-0.29450224339962006,-0.2947788220643997,-0.30482682958245277,-0.35151363134384156,-0.40506503110130626,-0.41107015918802331
0.0,-0.01568635904398032,0.031840237458254705,0.075994870130066658,-0.060637577334646045,-0.11342783478044329,-0.095039713812076446,-0.15278196414666517,-0.27104432122749195,-0.29507151605754062,-0.29064643711356791,-0.29191920058480625,-0.30768700310441316,-0.30551414165580482,-0.30833369067737032,-0.28993463463016916,-0.28745067906829547,-0.2792089140933493,-0.26673628771027852,-0.27396458784739175,-0.27626198601155055,-0.2718326221494114,-0.29390851024425391,-0.28650095718247548,-0.27760709226131441,-0.29100947876771294,-0.28433785356324293,-0.27911938007535608,-0.26900945438279045,-0.25410403769749862,-0.25748326170902985,-0.2644677298764388,-0.27181329258850645,-0.27687101409985471,-0.27773361194592255,-0.27496898770332334,-0.30707683815405917,-0.34648968852483308,-0.40789857400315149,-0.42363536689016557,-0.3318296940280841,-0.26610453095701003
0.0,0.0,0.10063274278884855,0.1964638126320756,-0.032549578173347984,-0.16730125546895378,-0.17703518603701848,-0.09982727422264584,-0.19406272048751513,-0.22872061835181329,-0.24188679383426417,-0.2382499701098392,-0.25168724082134386,-0.26410509094044016,-0.2645329514145851,-0.26240120927492777,-0.25920935117063071,-0.28352878185418934,-0.28284110128879547,-0.26853131875395775,-0.28322170990886109,-0.280906290777268,-0.29008160993970672,-0.28818539210728239,-0.28778084686824251,-0.28702865044275921,-0.28792882561683653,-0.2805122435092926,-0.28286497868024385,-0.29700421828490037,-0.28775910918529218,-0.26970945126735246,-0.28005662870903808,-0.27830130992264585,-0.27614272328523487,-0.26687745864574725,-0.29666958978542912,-0.33987115979194643,-0.31959310173988342,-0.25400165237229444,-0.2663369668381555,-0.27434155185307774
0.0,0.0,0.0,0.20146723018131321,-0.17286686096595574,-0.34462540678214282,-0.41415460106700358,-0.26317404945131756,-0.18691618956865802,-0.19137072515103124,-0.21201975217887334,-0.222852834948787,-0.2241614169004012,-0.24084709792636161,-0.2299722829147389,-0.25879407135976684,-0.26352020937043269,-0.27901898640574829,-0.28235288118493967,-0.28587613742927026,-0.29710787203576827,-0.30095934867858887,-0.30395958859186906,-0.30785336402746349,-0.2973622393608093,-0.314773358977758,-0.32163284260493058,-0.29769408345222476,-0.28930162581113666,-0.28047503829002379,-0.2923315087190041,-0.28483165685947126,-0.29261603149083942,-0.32090382995428862,-0.32971971195477706,-0.3049592938688066,-0.27352047573637078,-0.20936190762690135,-0.1978875994682312,-0.25117132755426258,-0.34387247690132688,-0.41314733986343655
0.0,0.0,0.0,-0.51675672480812318,-0.508360371870153,-0.5684323399601614,-0.66092390976510607,-0.49576058157955305,-0.26372755765914918,-0.21205592540002638,-0.20101193184890445,-0.19781808775884133,-0.20407198064706542,-0.19524420946836471,-0.21936034528832688,-0.26162660347692895,-0.25896519422531128,-0.28251446439669681,-0.292773927961077,-0.27689622397776004,-0.29710576062401134,-0.30893550992012025,-0.29993037134408951,-0.30750234081194949,-0.30262624886300826,-0.26820127785205838,-0.27260412121641225,-0.30217283391035521,-0.30747633713942307,-0.29638932921268324,-0.29932098893018871,-0.33949723381262559,-0.3453783243894577,-0.26959843574850645,-0.18396933430007526,-0.12217210918664932,-0.12516482395154457,-0.19005937817005011,-0.27366051740116543,-0.3630471173031577,-0.48689353093504906,-0.52431947631495335
-0.19737929428395415,-0.48412990502627762,-0.93082384561950515,-0.87766202946503957,-0.79612049522933426,-0.82896850433419733,-0.68150394266614545,-0.52464724357208514,-0.3644109746766469,-0.25108363012136037,-0.21346932545042874,-0.18898645218680887,-0.18910066747949236,-0.18984501574720655,-0.22988168270357193,-0.22090448611057723,-0.24045673323174319,-0.258583214547899,-0.28759475625478303,-0.27548691401114833,-0.27968745678663254,-0.3061487955542711,-0.30579517568860737,-0.26924735188484195,-0.2572118689616521,-0.27097093760967256,-0.2704809440506829,-0.30370031242017392,-0.31549881169429195,-0.36080781839512011,-0.38684704679029958,-0.30345942665423664,-0.18527272880077361,-0.15205814804022128,-0.13769597904040262,-0.19978731870651245,-0.28126282703418,-0.39826608697573346,-0.48659447312355042,-0.49170382783330718,-0.56086249815093148,-0.5763455187452251
-0.8345284177430311,-0.88340463864542274,-0.77683218865612758,-0.74084890352751676,-0.84669205796334046,-0.697205192633789,-0.55877084133115784,-0.46979675663484111,-0.34475046542824289,-0.24320374722363519,-0.19557531674702963,-0.18062227613785686,-0.17508459181496591,-0.19495463900027737,-0.22348421425731094,-0.27360259613086435,-0.26975636356152022,-0.29480712060575132,-0.30933884227717362,-0.29147823982768589,-0.29199621081352234,-0.28989178474460331,-0.27241453421967371,-0.30866846323013308,-0.34478589009355615,-0.34446827960865839,-0.32004135515954757,-0.27475359118901765,-0.33848848828562983,-0.38049793243408203,-0.26142758532212329,-0.1451255519081045,-0.1050058984094196,-0.16402449044916365,-0.26486795975102317,-0.37098244428634641,-0.4540184849295123,-0.48053950667381284,-0.50324195954534745,-0.51891605754693348,-0.47346126001614791,-0.43966660018150622
-0.67653153000339383,-0.6049515316127867,-0.66790529592963288,-0.44950472199481373,-0.33781639044253908,-0.25060579027714475,-0.31956853697958748,-0.34658686792264221,-0.26072067906290797,-0.20564745462709858,-0.17727781991873468,-0.1676048675463313,-0.17199311910137052,-0.20384840115352912,-0.22107518767869031,-0.25561354022759658,-0.30546921160486007,-0.28867247203985852,-0.29912778514402882,-0.30915227851697374,-0.29248650478465216,-0.28038834200965035,-0.31279792743069784,-0.30449048216853825,-0.25434202507690146,-0.22498700653131193,-0.22180151829013117,-0.32546458420930086,-0.42004470183299136,-0.28573631465435029,-0.15554326267114707,-0.096268259540752132,-0.13699473985112631,-0.21635297069261814,-0.27466482153305638,-0.29495876225141376,-0.3693321466445923,-0.46275316596031191,-0.5003795635241729,-0.47568736713508081,-0.44903672773104447,-0.46597611265523092
-0.29276571795344353,-0.087477148837295543,-0.33278509974479675,-0.2161003107086141,-0.071043573791694514,0.0,-0.17971156066969821,-0.14846306406384843,-0.14764178662546099,-0.12711477681994438,-0.18467460030859167,-0.17051339277199337,-0.1716774824474539,-0.20658675261906215,-0.23305767561708177,-0.23640466404372248,-0.26311774397718496,-0.25666085707730263,-0.24886564910411835,-0.27689274528930929,-0.30052957159501537,-0.31606024184397291,-0.295975259151952,-0.24976901079599673,-0.24571253410701094,-0.27233776296007223,-0.35683989635220281,-0.45183809708665917,-0.316405511107938,-0.18353103158565667,-0.1221716566770165,-0.1704757884144783,-0.2176091378485715,-0.21537982374429704,-0.26371520872299486,-0.37222889948774268,-0.47938665059896618,-0.50292862313134334,-0.50353260393495913,-0.53526149855719674,-0.55573566257953644,-0.562245934009552
0.0,0.0,0.0,0.0,-0.015811949000366171,0.0,0.0,0.0,-0.070466437468341747,-0.18186819011514838,-0.21196582402501787,-0.21705827489495277,-0.22625357710889407,-0.2466999852451785,-0.23634312181703507,-0.25973484507112793,-0.24818729343158857,-0.23531538440335181,-0.26195824997765677,-0.29396132610995196,-0.27008508967942207,-0.220632509461471,-0.19076507432120188,-0.24521462955782492,-0.31804610623253715,-0.46366783632681918,-0.467803992331028,-0.3513911355000276,-0.21406871657217702,-0.1709553317891227,-0.20628410632963534,-0.19556585782104069,-0.13477914807973085,-0.18357078252094133,-0.29400825729736912,-0.43930401546614511,-0.48756192900516371,-0.48948588435138973,-0.515244235252512,-0.5333411192893982,-0.49557082075625658,-0.45302561598439373
0.0,0.0,0.0,0.0,0.0,0.0,0.0,0.0,-0.067292519170544379,-0.23934273086488248,-0.25408231999192921,-0.24917126595973968,-0.25522387772798538,-0.26961642052188062,-0.28742770943790674,-0.30790690164412221,-0.28304546047002077,-0.27398722644509943,-0.26661919571202375,-0.24523020355865874,-0.18180380528792739,-0.14918236485843,-0.1855257245210501,-0.32834588327715475,-0.47290999690691632,-0.44863489711726151,-0.32654973864555359,-0.19067451756979739,-0.16302158417446272,-0.18773973274689454,-0.18698242679238319,-0.12613349807049548,-0.14408750832080841,-0.29990587687050857,-0.41468949891902784,-0.44478367209434511,-0.44495680928230286,-0.46736737674680251,-0.49161505801924343,-0.49411152831969724,-0.44125864654779434,-0.40306402025399385
0.0,0.0,0.0,0.0,0.0,0.0,0.0,0.0,-0.052560212131103741,-0.242256903834641,-0.27791563398910291,-0.28054205459706921,-0.31778315354037928,-0.32281498523319468,-0.31240033441119724,-0.31858705773073082,-0.30292713921517134,-0.31948625482618809,-0.28621816503651004,-0.22781255738488559,-0.21612849687376329,-0.23421628516295862,-0.37724653194690572,-0.46343675872375223,-0.43608934018347,-0.3240151643753052,-0.19117950488414084,-0.097310736223503391,-0.17221112406024566,-0.26210303719227129,-0.2381367716524336,-0.17561700407947814,-0.22388742312237067,-0.31033270347576875,-0.44780789922784875,-0.46312579954112015,-0.44571320414543153,-0.42756025658713448,-0.46438250387156449,-0.47667555235050341,-0.419376015663147,-0.39194373360701967
0.0,0.0,0.0,0.0,0.0,0.0,-0.0050907600684222086,-0.14197647069037581,-0.30415540868544005,-0.34586004912853241,-0.31496812068686192,-0.32391734615616175,-0.35409122051262276,-0.33312378898262979,-0.34495740607380865,-0.35974999948551778,-0.3067462041097529,-0.32004345570291792,-0.2833851211029908,-0.21914200385411581,-0.22527997475117445,-0.36524898459513983,-0.457712725798289,-0.41644279934741835,-0.29980430858475821,-0.20020417720079423,-0.16212513191359385,-0.15366304334666994,-0.23754018066184862,-0.27780985501077438,-0.24644599740321821,-0.2733367453018824,-0.29898816595474881,-0.40614286867471844,-0.518755111694336,-0.50279841820398963,-0.46865348577499388,-0.44429059933733056,-0.4647126981505641,-0.46163918437628909,-0.38339239015029025,-0.35073785097510729
