SouthSea_Web/demo/jsonfile/2017-12-16-00.json
{"header": {"parameterUnit":"m.s-1","parameterNumber":3,"dx":0.1,"dy":0.1,"parameterNumberName":"Northward current","la1":29.0,"la2":12.0,"parameterCategory":2,"lo2":131.0,"nx":250,"ny":171,"refTime":"2017-12-16T00:00:00","lo1":106.0}, "data":
[rows 114 to 132 of 171, columns 0 to 41 of 250]
0.0,0.0,0.0,0.0,0.0,-0.26103287935256958,-0.42210064487797871,-0.55208908170461657,-0.62468098691015528,-0.65372453700928457,-0.58445300658543908,-0.51206389864285784,-0.43300561979413033,-0.4155096709728241,-0.40119872490564984,-0.39826245605945587,-0.37011583646138507,-0.35107495387395221,-0.32117380946874619,-0.26872533559799194,-0.25783012310663861,-0.23106879989306131,-0.23056492706139883,-0.200375746935606,-0.16063344106078148,-0.14618764519691468,-0.11821883916854858,-0.075821483042091131,-0.095240620896220207,-0.12190098439653714,-0.12812023889273405,-0.12639348115772009,-0.18847533208983286,-0.17275438706080118,-0.13531913484136263,-0.10773396492004395,-0.16568176341908319,-0.25714229941368105,-0.32994841535886127,-0.34491056203842163,-0.27052709046337342,-0.32566190802532696
0.0,0.0,0.0,0.0,0.0,0.0,-0.2624290536440323,-0.43076538909090695,-0.55937951904232219,-0.60516989869730808,-0.62438768148422241,-0.54787245194117229,-0.43129614326688981,-0.4144375264644623,-0.3971499502658844,-0.37731905579566954,-0.34282183647155762,-0.32535859942436218,-0.268506795167923,-0.22472002357244492,-0.21834438294172287,-0.19462113082408905,-0.18721008002758027,-0.16050576865673066,-0.13600181192159652,-0.1109182208776474,-0.090534188917705,-0.046355151260892548,-0.052035381396611534,-0.10760815814137459,-0.13661460365567887,-0.15831059031188488,-0.15044147645433745,-0.12380975335836411,-0.13893029689788819,-0.154177817205588,-0.1962982565164566,-0.25229039788246155,-0.33818834125995634,-0.40014975517988205,-0.3732798496882121,-0.3025824697244735
0.0,0.0,0.0,0.0,0.0,0.0,-0.022756974523266155,-0.27909762746301192,-0.4479386259711558,-0.52181560388117121,-0.59296643592062448,-0.57781905680894852,-0.45667122801144916,-0.42162744913782391,-0.38534889902387348,-0.36642550428708393,-0.32419202327728269,-0.30129339545965195,-0.26564405113458633,-0.21922711034615836,-0.19614886492490768,-0.16979414224624634,-0.17277867719531059,-0.16379505395889282,-0.1279321201145649,-0.10742364078760147,-0.059907585382461548,-0.041948971338570118,-0.047964633442461491,-0.13158826104232244,-0.17095013956228891,-0.15697773049275079,-0.12915091030299664,-0.12353470602205821,-0.16527267992496492,-0.23955608010292054,-0.28008733193079632,-0.35706415176391604,-0.39880181550979615,-0.32612985643473541,-0.31662726402282715,-0.31088079512119293
0.0,0.0,0.0,0.0,0.0,0.0,0.0,0.0,-0.29057319013223254,-0.41115602616250047,-0.48114455388142513,-0.52645959481596949,-0.5047428894042969,-0.43196298513147569,-0.39944464630550808,-0.3677223225434621,-0.29790730476379396,-0.273021141688029,-0.2569294273853302,-0.2106805145740509,-0.1859635611375173,-0.17403420805931091,-0.17178626358509064,-0.16878285109996796,-0.12666726360718408,-0.079822253435850143,-0.025378829489151638,-0.0045003437747557955,-0.047135052084922788,-0.13876533508300781,-0.17608969906965891,-0.18358682096004486,-0.15532679004328592,-0.14487718418240547,-0.18827955722808837,-0.2649916062752406,-0.28666850924491882,-0.31762197613716125,-0.36149781942367554,-0.33544068382336545,-0.29280423455768162,-0.26761713325977327
0.0,0.0,0.0,0.0,0.0,0.0,0.0,0.0,0.0,-0.29156744743094726,-0.3798234090856884,-0.42332488975741644,-0.49517254158854485,-0.50505893474275421,-0.47239194547428803,-0.43287956714630127,-0.304186325520277,-0.25304818650086719,-0.27196650207042694,-0.2464461475610733,-0.20408369600772858,-0.19585730135440826,-0.18705240786075592,-0.19492549076676369,-0.1548020362854004,-0.097751937806606293,-0.0469889124589307,-0.0078344983436788116,-0.026073369197547436,-0.10148935578763485,-0.18091987570126852,-0.17873073865969977,-0.1212613508105278,-0.11760237254202366,-0.19551250338554382,-0.2724817420045535,-0.3078809380531311,-0.28509105369448662,-0.27511780912225897,-0.2759420933822791,-0.27152418924702537,-0.24374494474867117
0.0,0.0,0.0,0.0,0.0,0.0,0.0,0.0,0.0,0.0,-0.22000181810422378,-0.33554031225894371,-0.52895638768871622,-0.5237241322344,-0.40946762128309772,-0.40132609605789182,-0.27064409686459434,-0.23740680813789367,-0.28265876322984695,-0.28775233527024585,-0.22387940436601639,-0.20520539581775665,-0.19927453249692917,-0.19181730151176452,-0.17137297093868256,-0.12273548394441605,-0.083361975103616717,-0.040467229982217155,-0.074509617562095329,-0.12848059460520744,-0.18661101460456847,-0.16887659827868143,-0.086832275614142418,-0.062744837875167533,-0.20932701230049133,-0.33071818451086682,-0.37821365065044826,-0.32058959868219161,-0.2926449328660965,-0.26465965900570154,-0.25279217180998431,-0.25549927105506259
0.0,0.0,0.0,0.0,0.0,0.0,0.0,0.0,0.0,0.0,0.0,-0.12739680042299864,-0.3100219237804413,-0.33162303786528741,-0.29125551441136527,-0.28691971302032471,-0.1973733535179725,-0.19129887900569223,-0.33037066832184792,-0.365058700243632,-0.2570393905043602,-0.22361471503973007,-0.19757862016558647,-0.17918134853243828,-0.17415838539600373,-0.14035146385431291,-0.0936601993938287,-0.068952465057373041,-0.10660930722951889,-0.14108713467915854,-0.1675113340218862,-0.14625241181680135,-0.084425364310542747,-0.066864735633134845,-0.22561484202742577,-0.38140515486399335,-0.41709391607178581,-0.36742028892040252,-0.33867564002672829,-0.32865698966715073,-0.29566264773408574,-0.28560992168343585
0.0,0.0,0.0,0.0,0.0,0.0,0.0,0.0,0.0,0.0,0.0,0.0,-0.15267599400702037,-0.23236161488258911,-0.261248706943459,-0.25784755091775546,-0.25686359923818836,-0.2276082251753126,-0.32925734136785778,-0.41967817147572833,-0.34365948662161827,-0.25501673817634585,-0.21956927776336671,-0.20887170980374017,-0.17476432522137961,-0.14530937870343527,-0.129033400118351,-0.11191189885139466,-0.11579868942499161,-0.13716904570659003,-0.12450744335850079,-0.086551831662654871,-0.087068552151322365,-0.088950236017505332,-0.2677756335054125,-0.43752583116292953,-0.41961866617202759,-0.34528135756651562,-0.30755332538059782,-0.30639364231716504,-0.27097116993821185,-0.22746027193286203
0.0,0.0,0.0,0.0,0.0,0.0,0.0,0.0,0.0,0.0,0.0,0.0,0.0,-0.19301610216498374,-0.2235865766367717,-0.26945894640886175,-0.28548844333957224,-0.26096106427056448,-0.27507752180099487,-0.3856925288836161,-0.39765074423381258,-0.30695605278015137,-0.25113046382154736,-0.23391484575612204,-0.19252002984285355,-0.170703615461077,-0.16414899485451834,-0.16346814376967295,-0.15572393126785755,-0.13824145283017839,-0.11140215024352074,-0.075022310018539429,-0.087694740295410162,-0.17086304724216461,-0.29244181088038851,-0.35699833929538727,-0.33513154089450836,-0.26680907110373181,-0.23083183635026217,-0.20963943935930729,-0.18998899236321448,-0.13994349332319367
0.0,0.0,0.0,0.0,0.0,0.0,0.0,0.0,0.0,0.0,0.0,0.0,0.0,0.0,-0.18102061434795982,-0.19534781495196707,-0.18371332557428452,-0.19217801286328223,-0.20878366615091051,-0.31523750154745012,-0.41843440731366477,-0.38338571041822433,-0.29666176189978916,-0.279043619121824,-0.23916963338851929,-0.19190516855035508,-0.17147437731424967,-0.18494639048973718,-0.17433519413073859,-0.13164361814657846,-0.098341105505824089,-0.092979822307825088,-0.1241133987903595,-0.171787092089653,-0.23234622606209346,-0.2777351654238171,-0.27124539679951137,-0.21742692887783049,-0.20188035517930986,-0.14062006399035454,-0.12376659188200445,-0.099219139884499943
0.0,0.0,0.0,0.0,0.0,0.0,0.0,0.0,0.0,0.0,0.0,0.0,0.0,0.0,0.0,-0.158348252872626,-0.15363850147743535,-0.1892946872809162,-0.20733021501753782,-0.25098452513868158,-0.35465203672647477,-0.42103570699691772,-0.39294821619987486,-0.30887091430750763,-0.278781842101704,-0.21077964522621848,-0.1867247290081448,-0.20069330558180809,-0.16191774937841627,-0.11493011415004731,-0.10183602074782054,-0.11930373311042786,-0.13835570812225342,-0.17477259536584219,-0.19963444521029791,-0.1860030527625765,-0.20087200734350416,-0.184526102617383,-0.15791040286421776,-0.073598955292254686,-0.042501265183091164,-0.043474559439346194
0.0,0.0,0.0,0.0,0.0,0.0,0.0,0.0,0.0,0.0,0.0,0.0,0.0,0.0,0.0,0.0,0.0,-0.19565131116745083,-0.20577417645189497,-0.2035470514796501,-0.25689815847497238,-0.38205460407013114,-0.42964277788996696,-0.35339530988743428,-0.33659154574076333,-0.26844197167800021,-0.2110460217182453,-0.19531182646751405,-0.16601081937551498,-0.12481647580862046,-0.11338179185986519,-0.10947785526514053,-0.1161470077931881,-0.15637554824352265,-0.15635675750672817,-0.16407771781086922,-0.16934262216091156,-0.15343682964642844,-0.10685134099589454,-0.0229417776758055,-0.00930819776840508,-0.020391011610627174
0.0,0.0,0.0,0.0,0.0,0.0,0.0,0.0,0.0,0.0,0.0,0.0,0.0,0.0,0.0,0.0,0.0,0.0,-0.18143415734881446,-0.14626890426052028,-0.13682458902621875,-0.27926429265991171,-0.38585686627423987,-0.4258815718419624,-0.39281344129925683,-0.34597941835721335,-0.24391877757651465,-0.20018274269320749,-0.18434247933328152,-0.13422814663499594,-0.10095660494906562,-0.081945536037286118,-0.119041408598423,-0.13942637145519257,-0.10971838732560475,-0.13419697930415472,-0.15386185795068741,-0.13087227288633585,-0.081657926418951574,-0.01953133127244655,-0.014463216542604972,-0.025935827161778103
0.0,0.0,0.0,0.0,0.0,0.0,0.0,0.0,0.0,0.0,0.0,0.0,0.0,0.0,0.0,0.0,0.0,0.0,0.0,-0.046362540063758693,-0.0275294123973828,-0.210959623642694,-0.27598313811947317,-0.4276798165613605,-0.46214600480519807,-0.4323805162200221,-0.31543353696664173,-0.22773900752266249,-0.203274076183637,-0.13395347166806459,-0.092423767915793834,-0.082021847367286682,-0.12414685487747193,-0.14333157241344452,-0.10784013569355011,-0.092701542708608836,-0.13694559906919798,-0.13049745985439845,-0.090278756494323417,-0.038589100353419781,-0.012397394075782763,-0.019582067114802506
0.0,0.0,0.0,0.0,0.0,0.0,0.0,0.0,0.0,0.0,0.0,0.0,0.0,0.0,0.0,0.0,0.0,0.0,0.0,0.0,0.0,-0.040943630671540304,-0.098862998214007777,-0.25908719745775066,-0.45610911537099769,-0.49506775907107764,-0.42191852450370787,-0.28654195740818977,-0.22543888539075851,-0.14011999136871761,-0.095653469674289227,-0.088840467234452561,-0.11181991547346115,-0.15209737420082092,-0.12126045823097228,-0.086980642750859261,-0.11340273171663284,-0.12746997475624083,-0.10142131596803665,-0.071108058840036389,-0.021174597036507394,-0.0081918188410782019
0.0,0.0,0.0,0.0,0.0,0.0,0.0,0.0,0.0,0.0,0.0,0.0,0.0,0.0,0.0,0.0,0.0,0.0,0.0,0.0,0.0,-0.0042651814350392666,-0.017460348315329225,-0.035034580508665307,-0.38989092672572417,-0.506865741610527,-0.528990937769413,-0.35991233328114386,-0.25157396380717939,-0.15494696566691765,-0.095064479325498857,-0.087149262428283691,-0.089217421909173325,-0.13589200079441072,-0.1530289463698864,-0.10104713402688503,-0.095812926689783737,-0.11885510087013244,-0.12180046613017719,-0.11291900525490443,-0.075452523306012154,-0.033724778913892806
0.0,0.0,0.0,0.0,0.0,0.0,0.0,0.0,0.0,0.0,0.0,0.0,0.0,0.0,0.0,0.0,0.0,0.0,0.0,0.0,0.0,0.0,0.0,0.031376904515201136,-0.22797651124816368,-0.33356983900151177,-0.57111187500528771,-0.51393580436706543,-0.29504739186343026,-0.18172886853034681,-0.11598889868367802,-0.089297590156396225,-0.071622165540854141,-0.11412855610251427,-0.14978212118148804,-0.093121869862079626,-0.075731641612946987,-0.10343308597803116,-0.12004776857793331,-0.13922941312193871,-0.12662639965613684,-0.1003915723413229
0.0,0.0,0.0,0.0,0.0,0.0,0.0,0.0,0.0,0.0,0.0,0.0,0.0,0.0,0.0,0.0,0.0,0.0,0.0,0.0,0.0,0.0,0.0,0.005788724089075846,-0.18756717091693376,-0.21405923312515371,-0.54156800804017968,-0.63414764404296875,-0.40804672688245774,-0.22632938623428345,-0.15590997847417989,-0.10685606513704572,-0.057639426551759243,-0.10517772162954013,-0.14092982187867165,-0.1069965660572052,-0.091509674489498136,-0.10238431114703417,-0.13290856778621674,-0.157920574148496,-0.14831285178661346,-0.14378254115581513
0.0,0.0,0.0,0.0,0.0,0.0,0.0,0.0,0.0,0.0,0.0,0.0,0.0,0.0,0.0,0.0,0.0,0.0,0.0,0.0,0.0,0.0,0.0,0.0,-0.19297857330395626,-0.14493866064896185,-0.3918860509102024,-0.64855580131212875,-0.52521732449531555,-0.278104849597987,-0.20890976488590241,-0.15878859230063178,-0.081951525993645191,-0.11918438374996185,-0.14240543792645136,-0.13369102478027345,-0.13579352051019669,-0.14653514751366206,-0.16370909412701926,-0.19443013966083528,-0.18233236918846765,-0.16976848244667053
