SouthSea_Web/demo/jsonfile/2017-12-16-06.json
{"header": {"parameterUnit":"m.s-1","parameterNumber":3,"dx":0.1,"dy":0.1,"parameterNumberName":"Northward current","la1":29.0,"la2":12.0,"parameterCategory":2,"lo2":131.0,"nx":250,"ny":171,"refTime":"2017-12-16T06:00:00","lo1":106.0}, "data":
[rows 76 to 94 of 171, columns 84 to 125 of 250]
-0.12085420319012233,-0.10768130113338602,-0.089463055409767012,-0.084487348656963418,-0.07108210926302351,-0.052729010510330014,-0.053052812384871334,-0.089213791958711763,-0.095729799817005787,-0.055602118372917175,0.033805180726071388,0.087500004675881621,0.0050756334439938655,-0.14014878277392948,-0.21225288992418961,-0.2194650113582611,-0.19319044092768117,-0.22802394704940993,-0.22957659771908884,-0.26382199994155336,-0.23575397234942233,-0.24217461446921032,-0.28496712638485816,-0.29892621686061221,-0.30094983990375812,-0.3469183113839891,-0.44359067766392818,-0.49201361525733517,-0.23397975065745413,-0.074593430627947266,0.016496506532920258,0.11441421764902771,0.096372587863551157,0.023377155796749451,-0.032598915590864162,-0.087821973730688507,-0.10927003492479739,0.0059664946971819382,0.061680526521645095,0.0762922849971801,0.088840386042228117,0.095033100382848221
-0.16802508797910479,-0.089556423660654291,-0.038495134010359096,0.00242915258044377,-0.0018909306230920334,-0.060563743321432009,-0.0927987990004045,-0.10175286952791543,-0.040579816970421234,0.044226564292330295,0.10041317463882508,0.095865807977729825,-0.060747111819884077,-0.16480610768000284,-0.20659418611062896,-0.22783632270800761,-0.23238855837420983,-0.17255500921358666,-0.17737184961636862,-0.17567702900555174,-0.20545542654063967,-0.22441192854333808,-0.27125982107013785,-0.37769712659777427,-0.34707073928142079,-0.46918014462074537,-0.48153182609779077,-0.35487075853678918,-0.22334138543929083,-0.042542963421770504,0.1181446727397005,0.038652998801054696,-0.047177728160374591,-0.045931716610131595,-0.03757626778231217,-0.072281543022164926,-0.056827684342861173,0.049662668602886026,0.10460621544292995,0.12308952957391739,0.1178891584277153,0.093068016836276427
-0.12368295073509217,-0.085509380847215655,-0.034145777097104917,0.0091219749592710286,-0.032790173150213625,-0.062133407979099838,-0.053097807523264581,0.013003245748612764,0.13302699234336615,0.16596603766083717,0.13268785476083717,-0.021629426494297204,-0.1816557501168812,-0.17968761424223581,-0.21577041635387823,-0.22522761436497293,-0.18233279945949713,-0.19864863443833131,-0.18268120028669871,-0.18416421421063253,-0.19274685724127677,-0.16466413687725187,-0.22784678856809656,-0.25251466566752528,-0.29239291727542877,-0.39548314509877736,-0.252635289660909,-0.1043191332884721,-0.14865322529592298,0.13024626044751775,0.065693129161372779,-0.12750479956276906,-0.12051357526113005,-0.075092491383353874,-0.086729853413999081,-0.092066126660658762,-0.020820110125224226,0.060655692070722578,0.080082105738776069,0.085131942604978875,0.08247630173961322,0.073450167973836258
-0.12070428431034089,-0.079636332312864919,-0.0499183577299118,-0.052691531540067109,-0.053290560304258876,0.0090432751889306089,0.09917439054697752,0.19088130717476209,0.13921397272497416,0.0062863326727830128,-0.12580163119470372,-0.22377162426710129,-0.25917312420076793,-0.21241557938711983,-0.19308037886565382,-0.12326004391813532,-0.060657921239194987,-0.098029586997243665,-0.11536163210868836,-0.15463409533208988,-0.12564524903780583,-0.10337504080396046,-0.11480561062391545,0.022428717874233905,-0.091924702018802457,-0.23419929713267704,-0.14263202120359478,0.0029185882807856926,-0.046339213653382928,0.20671580646988713,0.056305535186670329,-0.13184853373689853,-0.17260324386389633,-0.13395984172821046,-0.097015077248215675,-0.0795077963931752,0.053992922478452478,0.10844284425611081,0.0769503142522729,0.053272217760483423,0.060863525473645756,0.076495390385389328
-0.046083174645900726,-0.071027399748563771,-0.094001043854015212,-0.051127937869750895,-0.0044993467680695988,0.0857473170783903,0.16306426801851817,0.060828906266639629,-0.10031070210219871,-0.17999218543991447,-0.18857242353260517,-0.17432701806811726,-0.20334755729984594,-0.20427274049782171,-0.095477848472755131,0.009632636479349161,0.039154816723682664,0.070465038636518609,0.0479538169871459,-0.0024892676429639961,-0.17915654032612624,-0.19264819717098927,-0.17609693025323478,-0.030033096806607332,-0.15200795554840638,-0.32398396501677079,-0.10557629919113142,-0.073718765697381256,0.052173482778693311,0.14433607090227674,0.038789368140747522,-0.081277176346629856,-0.18952251298398506,-0.16230839068690936,-0.12910376315315564,-0.041712323060402505,0.15617997358952249,0.19292479693889619,0.14568072988798744,0.097411436727270484,0.065813052157560989,0.065833105282350021
-0.083835888240072459,-0.081896267401484341,-0.061736373403282079,0.0032935342711300172,0.10290907083877496,0.10578457542162921,0.0013721486340121678,-0.13229841913978038,-0.20289927581325173,-0.20339653809224406,-0.21739744756902968,-0.21774352065154484,-0.19171508009496488,-0.098297137074554577,0.043441493863887758,0.11016448009379055,0.075983959202796728,0.0838121997290536,0.15237072925083339,0.15675126005863321,-0.025548687181595,-0.18208070455685907,-0.1278953525815319,-0.071481161013786015,-0.18378686417753881,-0.31220807576384157,-0.18601333788592062,-0.11336416894809941,0.062281826537164978,0.095534868771210313,0.062355078998830561,0.020940117497014365,-0.024315105352221374,-0.095979806035757065,-0.096016451537919545,0.058418000841306314,0.19526982250121924,0.20978408306837082,0.19143207371234894,0.15494667490323386,0.11189504426259261,0.084099585988691869
-0.0064215417347710446,0.0047020258184952233,0.027699862080798658,0.083588836348748627,0.052596167116592242,-0.041766073374498273,-0.0696157536158959,-0.1220895344460452,-0.13757056515896693,-0.068273450784159431,-0.10212739600854762,-0.11038688101938793,-0.0382066122991474,-0.085042760685263646,-0.01324435223100914,0.08916193971579725,0.14352114409917877,0.14839992534420263,0.15647626901958503,0.080255520766902622,0.00019437193820285835,-0.12786245402758537,-0.20061700833601909,-0.18158909447064484,-0.11558933466607826,-0.20086578828723808,-0.24121704896573315,-0.079840419938685458,0.031489816673948665,0.041685982232253685,0.053981285831280826,0.032836182136289326,0.0016255140625417415,0.021169587826755432,0.073540596651934811,0.16550128804198627,0.23527018104990324,0.22834861278533936,0.21499169866243997,0.18743228018283845,0.15514423870123351,0.12941742605633205
0.0601005766970607,0.064462852265153608,0.048398377239074628,-0.058645687329893309,-0.073207555272217312,-0.027391513524544907,-0.088087415643807121,-0.036323027718546133,0.072384740965550434,0.10669559950850183,0.021017549630154723,-8.5566608184898223E-05,-0.10842659079935402,-0.1911094854383365,0.016816235284078055,0.15399526892339482,0.20633651796848543,0.12839804943650962,0.0664453278250486,0.034741839133379186,0.01135937604286307,-0.10799266817747684,-0.2606173234858683,-0.54002984470509463,-0.42450685813048178,-0.26080759650810176,-0.036136475352383353,-0.01870622388087213,0.0084485984849519673,0.0025094264332815859,-0.037819043281808851,-0.070707661494360127,-0.0020128492896071483,0.030897541245555177,0.11363448599974314,0.24536327907332667,0.31727080391003537,0.33414363454688678,0.31592183311780292,0.24982062876224517,0.19780361193877,0.16706373128626081
0.053066241106501329,0.017211004611453973,-0.041196604639900707,-0.14191741209763747,-0.029961685860349287,-0.051141967927105722,-0.020655297180383059,0.097811199724674225,0.051109705244501431,0.047383199544679941,0.016690344148914196,-0.082711110421870321,-0.12320769715465997,-0.060356143135123136,0.045868241872162895,0.10669567122089642,0.041423871788928021,0.01535545033249563,-0.0018716007518121088,-0.030155682465377049,0.032483389394058447,-0.022383999827885921,-0.14591691106305285,-0.31774945340078808,-0.36409139096484344,-0.27240546072088995,-0.023587692313440892,-0.0025600394683429357,0.060100331680490678,0.06335765976368686,-0.058095779681646427,-0.087629330487778559,-0.048285223592660929,-0.0098019832345979767,0.11204217746853828,0.27694439658751857,0.34524845159970796,0.36823936849832534,0.36157145920921774,0.30838009289332796,0.24869512563402002,0.1878011686106523
-0.0763196801500661,-0.07886366991858397,-0.11881703870104891,-0.10051221486467582,-0.070632089410097368,-0.079486056134618566,-0.010930331493727862,0.019058047952553767,0.031134872684453835,-0.014399706160475034,-0.10617390079642064,-0.12948571076910748,-0.055380096629214212,-0.0060751359790650215,-0.016692885262549997,-0.0050887715351220905,-0.0679112490073874,-0.059597716784813036,-0.056108689941894052,-0.01221369308429638,-0.010837607445588133,-0.16441550780812989,-0.24656342678920812,-0.23392169601891352,-0.17948094944215864,-0.043552399035170268,-0.003774308870696106,-0.04363129881414856,0.0063879277197742374,0.0008910951118026386,-0.1039043556412925,-0.1487398343730946,-0.10392208691490323,-0.060572344375153381,0.079164571337530326,0.21998038409011705,0.27099826254627923,0.3349444568157196,0.36575925548871357,0.35238392353057862,0.30296934463761072,0.23011724981996748
-0.13785330897995404,-0.16091902341161454,-0.086814007451457356,-0.097583667471491053,-0.12027666568756104,-0.033842141001388944,0.00010269635434572896,-0.0066775181732130779,-0.057668993905826936,-0.11131119637778311,-0.1076668661294712,-0.027527063376536327,0.039338654737818883,0.0048787126235277731,-0.038389265060771345,-0.055594321883594,-0.0473982290152395,-0.063220540061593056,-0.057506479841621619,-0.025817785884474257,-0.088298584235643032,-0.22231708536493963,-0.18283490733684679,-0.011781266709170955,-0.0060504915903443705,-0.027818923303555069,-0.021357928451500981,-0.022026383456929276,0.0050331945998168745,-0.029303281390238353,-0.16025694244998998,-0.20188852647940317,-0.17003427570064864,-0.10207019037296695,0.019428871339187026,0.15181914955377579,0.24102227886517844,0.31020634139285369,0.35301599899927777,0.34432628980049718,0.28464841436256061,0.23625180763857706
-0.11757299795746803,-0.092995228618383413,-0.11144145771309182,-0.13009167224168777,-0.060486567695625125,-0.0016860528762831731,-0.0029791137902066113,-0.057142914879615557,-0.0836888869457385,-0.046943170498266365,-0.013769716537758036,0.080997433967706631,0.046746769477613269,0.048322588426810573,-0.010291222227599726,-0.043637854883409273,-0.023610821824666915,-0.053691829554736614,-0.075438912691814561,-0.13778725168889477,-0.17080793463357605,-0.20300065784249455,-0.11560452136693003,0.0095839181170783473,-0.12289642458185186,-0.12543613821342217,-0.0781675850821508,-0.076325116915182331,-0.023980913313679075,-0.0900790764963333,-0.17753800652597263,-0.18855646252632141,-0.1617226834098498,-0.12328338725813504,-0.028649332855517667,0.089793273078447033,0.18260297880453222,0.26447046867438723,0.31960081366392284,0.28335168295436436,0.21237967163324356,0.20403279177844524
-0.1622056412200133,-0.16578731366566249,-0.13531690543251379,-0.031482419099969169,0.021923900723257766,-0.039177243316155526,-0.13513509556651115,-0.1427084709207217,-0.11853232763467296,-0.0792756350710988,0.00077969830652529538,0.063292778809280956,0.070089987073189169,0.077643053813113108,0.016118114692203346,0.0051732762142858955,0.0084978661464992916,0.0012920100147871731,-0.077143351074124941,-0.18489293434790202,-0.23304593656212091,-0.23483893717383289,-0.12797346673018875,-0.011426422167581525,-0.084660825193733788,-0.11636070775247254,-0.087349217385053635,-0.088501610338341363,-0.10307763339235232,-0.17469336387390891,-0.20349556011588951,-0.17423011921346188,-0.15422857013241997,-0.11101183165674625,-0.029648057656727775,0.057603995005289711,0.13622303704420727,0.2181571846206983,0.27063119038939476,0.23387655168771743,0.19085807353258133,0.21867157332599163
-0.11628260797467725,-0.099900158260155608,-0.02595643760702972,-0.012842462156550027,-0.0889978494233219,-0.16187369401256244,-0.15603460495670637,-0.11406061250497313,-0.089058595895767215,-0.05995503586018458,0.014465871767959359,0.0760698167341096,0.065210650116205221,0.042729902181875064,0.029266166432601649,0.025845631779659362,0.0059993086809602874,-0.039446616694476688,-0.1282152599758572,-0.17996875993136702,-0.21262168499731249,-0.22964952600328889,-0.1844428815431409,-0.12157763857394457,-0.17020253356121765,-0.19403957492775387,-0.16593489761535937,-0.15563091857914338,-0.18345257341861726,-0.19581568352878093,-0.18143815722535639,-0.15028611543987477,-0.12511573284864425,-0.092461147710033081,-0.026994160869542289,0.037697363445269208,0.085802290091911954,0.16524622340997061,0.21178724549033426,0.21940297931432723,0.22631066398961203,0.26480977875845774
-0.098364738031075552,-0.079686764569487423,-0.084563377170035467,-0.105283240920731,-0.15317267152879918,-0.16615062455336252,-0.12226484767321882,-0.11827959377190163,-0.0823114997509754,-0.029187730979174376,0.02271102638769662,0.089391506331808424,0.06994354118193899,0.031921507350893483,0.01890670055070439,0.031309240282728121,-0.0039741523186897949,-0.061148957371018657,-0.1272850863945981,-0.14878890186548233,-0.17350000684911554,-0.15686782529311522,-0.16122455485165119,-0.19208498138647814,-0.23239293237847666,-0.22338597364020799,-0.17812071201649118,-0.1699767712165009,-0.18422514866841466,-0.19653509338112438,-0.1928992584861558,-0.14528593650230995,-0.096659247509457855,-0.061284226310603762,-0.017661458803922871,0.016703664199807323,0.062186731232537165,0.11999386548995972,0.19562673941254616,0.21669905136028925,0.22800175597270331,0.26822175298418316
-0.11252817538167749,-0.075150829340730391,-0.0670424062344763,-0.0850761126855324,-0.11117566855890411,-0.11796208162759912,-0.11223658893642755,-0.1032612457357604,-0.09612027582313333,-0.04092987598569104,0.021659374164300971,0.0659591818769132,0.046206983792431211,0.030679779978735108,0.024697215658509068,0.020993891818862822,-0.0026145533633393212,-0.048778042846987411,-0.097662539500743148,-0.10540310674628546,-0.11274721523125966,-0.13249532386977622,-0.11198919406160712,-0.13813591052008711,-0.18164574937975925,-0.18335552974825814,-0.13796530227835585,-0.12964938441291452,-0.16327831847593188,-0.18771482557058333,-0.18230775805811086,-0.12976991283622655,-0.061823954477029687,-0.0051264348284651836,0.029626940454666812,0.049720975824377754,0.093677590177817779,0.14902589470148087,0.19591228912274042,0.2116716844694955,0.22202520817518234,0.2624748110771179
-0.097612602902310233,-0.078711012447321857,-0.062513864732214389,-0.070184280031493726,-0.0988371292578763,-0.11001163169189736,-0.10471775716748731,-0.094537987584067923,-0.083338247419431286,-0.028864962840452792,0.026092135031977968,0.040051000733529366,0.016067525139078498,0.0083045585300115972,0.021452191313180852,0.0071474523161619754,0.0070061889097868353,-0.018042522458189696,-0.053859644912575423,-0.066958694014607412,-0.058466794202104211,-0.079329849265161012,-0.10245284419506788,-0.12507613636553289,-0.14499140551520717,-0.10336514189839363,-0.059183727385419785,-0.08919150867696965,-0.1267002738480057,-0.147042373418808,-0.143317393310692,-0.081095621774071147,-0.018504485706216656,0.017466939816420727,0.04569955949078907,0.081156611442565918,0.1207103995340211,0.16085532307624817,0.19881472488244376,0.21252771360533579,0.22762165069580079,0.28902400732040406
-0.079474289355606867,-0.069707679251829788,-0.069213636733334638,-0.07767707774681705,-0.087244878041333171,-0.088165063824918538,-0.092750456312607074,-0.095765759795904154,-0.087341568867365521,-0.02188672329260347,0.040998635254800318,0.053012987474600475,0.035129886760842055,0.023006635303318035,0.033522217111154037,0.012262548352626971,0.017935274990604204,0.0089296377205113561,-0.013735720516706351,-0.0062916929753938393,-0.00228969349377116,-0.019224844116998169,-0.061860044726303645,-0.10261702218226024,-0.10699331805561528,-0.081056730493026627,-0.037854176074747115,-0.023611099991415228,-0.040203377049273022,-0.076156353489274076,-0.086092831664963773,-0.051986717885094028,-0.014751428021834446,0.0083416963578201823,0.031836318783462048,0.069256226221720382,0.11019417324236461,0.15706071009238562,0.18255244834082468,0.19385509938001633,0.21976613005002341,0.28198265532652539
-0.0781304942710059,-0.080363113576403036,-0.096077258112253969,-0.10321252103205081,-0.090147205467881825,-0.081831021500485282,-0.0818026234706243,-0.10585691641878199,-0.11322950546940168,-0.05556740742176771,0.012810989796858409,0.047612734619648225,0.067137771223982179,0.0705644830821022,0.06336921838422617,0.045375462073613614,0.014722975986925039,0.002033781323916628,0.027644262484767857,0.060852443251539677,0.050022382966496727,0.021111640826399838,-0.012838836430830725,-0.042631090676877648,-0.071603010990656912,-0.076449752881609156,-0.05749621601016433,-0.027780052668486651,-0.021335443218603083,-0.062107875322302185,-0.089994886746773348,-0.080729882543285683,-0.030184758536051959,0.0093854603409353234,0.019697211416704313,0.03822488470801285,0.080771539981166526,0.12089684307575226,0.1283685013651848,0.15386783629655837,0.182136919349432,0.28418517708778379
