SouthSea_Web/demo/jsonfile/2017-12-14-00.json
{"header": {"parameterUnit":"m.s-1","parameterNumber":3,"dx":0.1,"dy":0.1,"parameterNumberName":"Northward current","la1":29.0,"la2":12.0,"parameterCategory":2,"lo2":131.0,"nx":250,"ny":171,"refTime":"2017-12-14T00:00:00","lo1":106.0}, "data":
[rows 19 to 37 of 171, columns 129 to 171 of 250]
0.0,0.0,0.0,0.0,0.0,0.0,0.0,0.0,0.0,0.0,0.0,0.0,0.0,0.0,-0.050558826094619806,-0.1105186186289072,-0.23864544876309674,-0.43334803576099462,-0.40126702189445496,-0.37353619039058683,-0.29707650436183153,-0.12957216354627762,-0.063876730971969664,-0.002909862189218244,0.0504993331585929,0.10099823282259267,0.11740691046560964,0.13163996527069494,0.090332691956843653,0.0018231800081244169,0.11298618977889419,0.1612189601768147,0.16163522005081177,0.14385241518417993,0.1818425158659617,0.17759927809238435,0.12572344507162386,0.079809984361583541,0.062749117147177458,0.076948384754359722,0.081161814431349441,0.075951458620173593,0.0822808916370074
0.0,0.0,0.0,0.0,0.0,0.0,0.0,0.0,0.0,0.0,0.0,0.0,0.0,-0.064834155021041326,-0.14616419533278058,-0.2526021743114194,-0.36637684131494247,-0.46760823277395164,-0.32007287398778966,-0.333702523793493,-0.16154812661310036,-0.086674658978571656,-0.031716007990568569,0.027990762782455596,0.053762555494904517,0.078718918759156681,0.11677065153013576,0.1110565597191453,0.054747457114549786,0.021631551100514256,0.085993161382661623,0.15742388988534609,0.1544789212445418,0.16830206910769144,0.21496904393037161,0.18502315431833266,0.12324831200142701,0.075803386978805065,0.061312307736703327,0.070285320902864143,0.061898439590420039,0.059601712971925735,0.065840257331728935
0.0,0.0,0.0,0.0,0.0,0.0,0.0,0.0,0.0,-0.023198992945253849,0.0,-0.025559033208992332,-0.038845764184063429,-0.088383811614476143,-0.19622483431410634,-0.3465308576577355,-0.44964327812194826,-0.36427897523189412,-0.31273504106675165,-0.20191892589393415,-0.11856921197225651,-0.032250850642725946,0.023904402261938563,0.02235807133415206,0.040771371072956496,0.091530986682132442,0.12555499445824397,0.07881195444081511,0.082036842806981161,0.051284809480421245,0.055821037068116391,0.16893301531672478,0.1875380977988243,0.16776846051216127,0.17251054048538209,0.17826977372169495,0.13095921402176222,0.069228596985340118,0.0377069248684815,0.056379721034318209,0.010650148522108794,0.049275150150060655,0.086716585606336591
0.0,0.0,0.0,0.0,0.0,0.0,0.0,0.010030451096524787,-0.099941935403169035,0.000432216619021773,-0.041194059255455308,-0.010085276817035565,-0.064048287893433267,-0.2674984242365086,-0.28503727621864527,-0.35496230544270696,-0.42252457473013139,-0.29155725264741528,-0.20079759663006044,-0.15067982016983678,-0.081531550024043428,-0.0026756226392795463,0.047883531524111393,0.055106582422111486,0.05378050383712564,0.067453416307335312,0.088180753745530777,0.11750832243877299,0.163675830914424,0.099044056875365119,0.086346036030186549,0.18987410267194113,0.19479171103901333,0.18127941899001598,0.16862482577562332,0.18324947108825049,0.15463361782687052,0.086095841228961939,0.04889318160712719,0.024801956179241341,-0.0040512968165179091,0.052364979715396963,0.135695556178689
0.0,0.0,0.0,0.0,0.0,0.0,0.0,0.000686020341736491,0.02036402862567473,-0.0013133523718903909,-0.10689965011286831,0.0300585144103183,-0.13876847142277082,-0.46246222057003034,-0.34888754849483194,-0.40224113707225045,-0.34693364589475095,-0.20529225940505663,-0.174676308013273,-0.095262478053336958,-0.0049067512483251729,0.061925085597775049,0.11698154897190803,0.12969374905029932,0.0673551122443034,0.090874261444523222,0.062280268791843861,0.10623369342647493,0.14754123240709305,0.06395748505989711,0.10096269100904465,0.17242678458040411,0.1962808184325695,0.22287717275321484,0.20159275084733963,0.18824881563584009,0.14956831932067871,0.099131534993648532,0.042747476759056248,0.0075900664553046225,0.017935355979716405,0.10444713057950139,0.20815180242061615
0.0,0.0,0.0,0.0,0.0,0.0,0.0,-0.0054496269043255059,-0.064611828227810156,-0.018824380157477737,-0.064767600373194012,-0.1112141365631565,-0.28700929489394711,-0.40097786507589356,-0.3404737200549583,-0.42239693404264644,-0.2194723186619354,-0.18258378510513612,-0.095517163126108542,0.015565752515353129,0.087033307436725188,0.15369340437261955,0.1367140327181135,0.12414867324488503,0.033448703652247787,0.083851280939680611,0.017156523036058333,0.11431178051446166,0.10642163828015328,0.069363893630603954,0.12113282084465027,0.15364925377070904,0.18352777883410454,0.22730474919080734,0.22814979255199433,0.22296424210071564,0.18939359858632088,0.13464015101393065,0.093846343457698822,0.10128017887473106,0.10254442878067493,0.17302070309718451,0.23121342994272709
0.0,0.0,0.0,0.0,0.0,0.0,0.0,-0.05109979825861314,-0.014104689447381332,-0.092617258153872437,-0.14528937499838857,-0.1859478508422692,-0.27170912677585146,-0.40541786937766772,-0.40954266065681305,-0.2176398770774112,-0.19870908460334727,-0.12999846473120261,-0.049089037462768069,0.06470666859491632,0.0584831901027688,0.14471048812787885,0.16631211063691548,0.094461583460752785,0.012317097468656443,0.03393305056379177,-0.0050476896909198588,0.11166820834789958,0.0888418707375725,0.089281463840355471,0.1455686017870903,0.15054976567626,0.14380961159865061,0.18855865796407065,0.20536690354347228,0.21762043486038843,0.20887108147144318,0.19703536331653596,0.18597898100103652,0.17700337299278804,0.18074288964271545,0.20061703957617283,0.18543575207392374
0.0,0.0,0.0,0.0,0.0,0.0,0.0,-0.04806285125336477,-0.012252923817846121,-0.099486584259246127,-0.081926356120403165,-0.24942916018470421,-0.320669927966914,-0.35337198868630426,-0.33917069435119629,-0.20270387161402934,-0.13821197065807805,-0.12348993664438074,-0.0027465348456254496,0.063012093119323251,0.017104155342040454,-0.000489679435910754,0.11644700219233831,0.13399019495894513,0.12109393597624842,0.0034049417419523441,0.0064979268183164738,0.16614135761152615,0.20740369334816933,0.16926666970054308,0.15037826262414455,0.12714847922325134,0.12100079469382763,0.11923226589957874,0.12148731574416161,0.14440315837661424,0.13957414627075196,0.14448168554476329,0.1665619065364202,0.15969333611428738,0.16494708401816233,0.1646046657115221,0.13446671701967716
0.0,0.0,0.0,0.0,0.0,0.0,0.0,0.0018189054778000962,-0.027460954860518021,-0.09067575204287695,-0.24372336399489533,-0.28894449464785749,-0.33680786780068572,-0.33445047759092772,-0.22559219828018776,-0.077474208403977438,-0.13865219546147647,-0.0653615200791654,0.0076685676253780873,0.05672076882117174,-0.0056164420028734542,-0.083800938939957909,0.047777759011610056,0.22178641164844687,0.23612371165501445,0.092728268646169454,0.064589318074285987,0.23776243577400844,0.27907347679138184,0.25629370100796223,0.20790572216113409,0.1693828652302424,0.0974618837237358,0.087092330058415726,0.070061178505420679,0.074306561478546682,0.083519102074205875,0.074027343520096364,0.0780346728861332,0.088013604283332825,0.103054678440094,0.1094645606353879,0.10625825263559818
0.0,0.0,0.0,0.0,0.0,0.0,0.0,-0.053111623793230728,-0.11463173515538508,-0.2203263252371957,-0.30607938728120421,-0.30419270362336065,-0.39765529471253036,-0.23586463733859683,-0.17002447830005127,-0.1103009447189314,-0.098899915181803258,-0.039306775582107628,0.0028838616563007236,0.0068628480359237938,-0.070614061849669382,-0.13631798989242977,0.084411783215518177,0.2223803854801438,0.20824176885864951,0.16842090097420356,0.20275198242494039,0.29455026067220247,0.33426045179367064,0.29989391836253082,0.23314271654401506,0.14571896940469742,0.13484572370847067,0.10654715945323308,0.059852007776498795,0.040577163686975837,0.049844256602227688,0.048232472967356443,0.041160420514643192,0.045705728977918622,0.040607309646227142,0.062786703308423356,0.058436492664946452
0.0,0.0,0.0,0.0,0.0,0.0,0.12371244298658152,-0.063950993093414357,-0.18665565376201374,-0.3278629458086057,-0.28930946621280834,-0.41713376897098742,-0.31499841790410538,-0.24791998249381336,-0.18358527286486193,-0.10943647317588329,-0.059366617436436092,-0.018602855900664711,-0.031330344075104224,-0.098705894524051291,-0.13082007845414095,-0.059249583856555925,0.14036763176651826,0.19165525991808285,0.23935779556632042,0.27046179274717969,0.32773462044341223,0.39863839745521545,0.38842676465327924,0.34955066016742159,0.26414661109447479,0.17322465280691782,0.15064353602273123,0.14086347179753439,0.10389412492513657,0.079283352009952068,0.055328189209103582,0.038870717144825241,0.031266974428525336,0.023377208660046261,0.0088585067307576544,0.018768288237466055,0.0099334602620309367
0.0,0.0,0.0,0.0,0.0,0.0,0.20411384698342194,-0.053406972821582764,-0.34434013996506108,-0.47956880136123764,-0.41153798651707879,-0.41036772360152834,-0.28796651039053411,-0.24622619728888234,-0.17511989934877917,-0.088353765938354992,-0.041287186987152912,-0.044602513173595072,-0.10031809192150831,-0.10439533302012612,-0.05973943226315357,-0.050025395849453549,0.12199764791876078,0.148190659912009,0.32729818075895312,0.4535515553811017,0.53132294969899319,0.50947704017162321,0.47082220390439034,0.46256870627403257,0.39857794046401979,0.32824994996190071,0.26519015307227772,0.21732785205046337,0.14654758274555207,0.12506999685005707,0.11694231927394867,0.10285122286189687,0.0895868597382849,0.0680935602973808,0.043714288249611856,0.021846971862638991,1.2306030839681625E-05
0.0,0.0,0.0,0.0,0.0,0.0,0.0,-0.11957477849749167,-0.44777773526443548,-0.45303682394388345,-0.38798879957818366,-0.40439032132808977,-0.29799292433787794,-0.22317784279584885,-0.15867266632043398,-0.065909966785046792,-0.059655711647461758,-0.097410202418503011,-0.1709721619563718,-0.14152008963042292,-0.16648484046260517,-0.045012116288909547,0.043250615422342285,0.17231604393179478,0.47525731846690178,0.595523206392924,0.59858771661917365,0.48998672515153885,0.4322012024266379,0.39103489120801288,0.39617824852466582,0.33822211303881239,0.28474806249141693,0.24645085550016826,0.276748141007764,0.3197454430840232,0.33214787890513736,0.25106621533632278,0.20483256303347075,0.18204040527343751,0.11572638526558876,0.0372179952593377,-0.011363960353524558
0.0,0.0,0.0,0.0,0.0,0.0,0.0,-0.38276877711442386,-0.32613108112249806,-0.40577587239521068,-0.39289299560629803,-0.36983194855543283,-0.28021681244884217,-0.22763090517561316,-0.16327361210628791,-0.12013686745566257,-0.11496099575263698,-0.19724916344558871,-0.22922936230897903,-0.0961334818396075,-0.090760684769170791,0.038137156316744428,-0.019580434805349163,0.30937724236560904,0.57922000320334188,0.59129921879087177,0.51307292381922409,0.46908744672934216,0.386048565308253,0.32059517502784729,0.28441114723682404,0.28996634125709536,0.37363028588394326,0.50313956414659822,0.44734730819861096,0.35403633415699004,0.20714586056195772,0.13781243416791161,0.18333747467169395,0.19151222280093602,0.13142952024936677,0.098563785199075937,0.12182779328993222
0.0,0.0,0.0,0.0,0.0,0.0,-0.03675487889600746,-0.28982974960141489,-0.27856676413763415,-0.312510944779892,-0.49060020844141644,-0.44545838150425232,-0.31297358894540417,-0.23062125667929651,-0.16389711079548816,-0.18953364160325792,-0.1888800747692585,-0.20505461948258535,-0.11312072341131758,-0.053283875700019835,-0.073514611874189645,0.020258961864747106,-0.007936081241654314,0.36342543769966473,0.50537419170141218,0.5614687045415242,0.52850354512532549,0.42859449065648592,0.44602047403653461,0.53942988216876986,0.56898789728681243,0.6115478128194809,0.52511345488684513,0.40614861746629077,0.2863199072224753,0.27097432035952806,0.15831803940236569,0.14397598130744882,0.19516607316640708,0.24061051117522375,0.24570576044229361,0.27327956818044186,0.24387664099534354
0.0,0.0,0.0,0.0,0.0,-0.022268308326601982,-0.11562393078294753,-0.32044306555985497,-0.345691106717229,-0.27140972984387823,-0.53464158712746745,-0.5423102368008007,-0.3382100637142475,-0.24476678172747293,-0.17293230598827578,-0.18523677420325396,-0.19213741293975284,-0.21589541551657021,-0.11000706354777018,-0.11220582767293372,-0.066870873594390492,-0.092885296717286112,0.018937864257022739,0.29239821135997773,0.42313752695918083,0.59820904618217829,0.61818777463015384,0.4916878620783488,0.55211240865967492,0.68206492295631993,0.69415074870699933,0.4987196087837219,0.408320717189623,0.29560314367214841,0.29314815066754818,0.4093597691792708,0.40036269170897348,0.40620604157447815,0.36730721779167652,0.30147350473063333,0.25061903787510736,0.21458769376788819,0.20696880267216608
0.0,0.0,0.0,0.024951542003757574,0.028347875359666808,0.058956893875124393,-0.013350225948670413,-0.45564782148215305,-0.594615426102315,-0.081091473903031827,-0.63359376492685282,-0.50650524099667871,-0.30165371864006435,-0.213951508625079,-0.17585973505009997,-0.17295644232412663,-0.22099939526783097,-0.25414488193663681,-0.12490022368729115,-0.15125775789575918,-0.06453735773818782,-0.12122777338933062,0.0133644734416157,0.15670787543058395,0.29308257314066094,0.59759491911301243,0.644007126490275,0.533535727432796,0.57553455934805031,0.6833777129650116,0.60587205588817594,0.45853506667273386,0.31800089421726407,0.31874699476692414,0.28571983973185222,0.31884071230888367,0.42924758791923523,0.46658682647873373,0.41307024359703065,0.34439950968538013,0.26108800768852236,0.20728639761606851,0.22792965546250343
0.0,0.0,-0.084850013991327661,0.02242660303882002,0.053754987935043082,0.17605384207253033,-0.0074535382000597119,-0.016037371133782889,-0.40310645356242147,-0.35324697970155838,-0.55626660779239689,-0.40131097265652249,-0.27071670885197818,-0.20268459351999418,-0.18788700331659877,-0.21520354834042096,-0.31909460694559161,-0.21983702480793,-0.17925107822968409,-0.14513714525562066,-0.12790516584083952,-0.14103817284107209,-0.055455680570082259,0.0098387859439493953,-0.035976447825840509,0.29211402488382238,0.52847410911737491,0.65796263797863108,0.57125963541594416,0.55746810815551062,0.46357436154199683,0.34414714833964472,0.19636492259227312,0.33956002444028854,0.44392444057898089,0.50502602363887583,0.44196974529939537,0.46480046650942636,0.42239837162196636,0.35710465535521507,0.27068774898846942,0.22132836282253265,0.23725351492563884
0.01769748913855957,0.045299467182595213,0.0,-0.05941235559823161,-0.019858196127974865,0.027919461761227754,0.056048491876334344,-0.086089652518143614,-0.42986227366690871,-0.46362856368196537,-0.38686034589443569,-0.32103450037539005,-0.26083065089532886,-0.21073877467558935,-0.22119443321769888,-0.30387854176323587,-0.29288709956792092,-0.12661674494544664,-0.11234623497283017,-0.083801492220825613,-0.1236079290509224,-0.10793813373203631,-0.0773017037221614,-0.077768656902196934,-0.15992328702249442,0.050845822287374179,0.20141873840430333,0.5475168884406949,0.561667764918846,0.64402777573158,0.69413475067384778,0.61325594286123908,0.51962403953075409,0.58592629035313926,0.68807045949829948,0.70367183004106792,0.70633354783058167,0.615947029169868,0.534705271323522,0.4641675072557786,0.3693767748773098,0.29283925195535027,0.24946404887097223
