SouthSea_Web/demo/jsonfile/2017-12-16-03.json
{"header": {"parameterUnit":"m.s-1","parameterNumber":2,"dx":0.1,"dy":0.1,"parameterNumberName":"Eastward current","la1":29.0,"la2":12.0,"parameterCategory":2,"lo2":131.0,"nx":250,"ny":171,"refTime":"2017-12-16T03:00:00","lo1":106.0}, "data":
[rows 76 to 94 of 171, columns 84 to 125 of 250]
-0.096906024603439223,-0.11851599118832884,-0.11607761405132434,-0.098761158132994617,-0.063669223454780877,0.0014227282890015675,0.0766469519585371,0.11979902287324269,0.090541334946950283,0.021022578568330834,-0.062322514382405922,-0.091787427406886529,-0.033498626799428166,-0.066189986550906563,0.014821841453393811,0.011347475428400295,-0.084972516269006426,-0.11205418560749446,-0.018223755355195506,-0.060758511526320051,-0.053358930296131542,-0.093701199876765409,-0.300817753999464,-0.34304283152927051,-0.21089010823231477,0.024079658859778964,0.23217471859982755,0.26845269137114847,-0.10525945311140579,-0.40337933794311853,-0.48084174139159064,-0.41258940473198891,-0.21526291389619151,-0.081240055217806778,-0.0030671923773100034,0.0461917746933582,0.05283101607599984,-0.010846839679288678,-0.059981508780957052,-0.19428137177601457,-0.36685436964035034,-0.3770655935460871
0.011904647694555697,-0.062191612230470546,-0.078603521541312893,-0.087520273029804224,-0.0391202908595679,0.022197967291706137,0.02662519843283075,-0.0057446094117416394,-0.048757797649159329,-0.095930348483047309,-0.11314853689362926,-0.045117047685599918,0.017990961291694214,-0.060859326103871521,-0.011819112771061353,-0.050352699493463986,-0.15537109691649675,-0.13818745982522765,-0.058393856673909908,-0.062386396640943267,-0.050011024124816887,-0.098393916117924238,-0.24345374059292577,-0.24035404059959917,-0.24057486607712142,-0.037837566607736385,0.08834770709991728,-0.040703222624466032,-0.26909635872659038,-0.47850891765283077,-0.61942564425143332,-0.31273816036326546,-0.10948351458195717,-0.057580581898319314,-0.036536671042155758,-0.011256686653583668,0.018693955522030591,-0.082431453478488112,-0.19293303965103059,-0.35022871755063534,-0.47019263250487192,-0.38681829434174758
-0.02593245430616662,-0.029134933836758137,-0.034034572209098508,-0.00037734194148260239,0.01087779339989005,-0.037284759314691961,-0.099507451442808939,-0.15960845244782312,-0.16586654931306838,-0.13845279092590015,-0.030096072188884607,0.043817944572462388,0.039942596402183617,-0.076707050618198186,-0.09230938014623366,-0.16691148226580968,-0.35277428291738033,-0.26356979860709262,-0.0993670400172945,-0.092828684916289955,-0.10390745822380307,-0.26315846679321792,-0.34430116258717919,-0.38381317882480737,-0.261593833225114,-0.075599871881144531,-0.13690510343682641,-0.24399672378050655,-0.47297790994891875,-0.6636702216440632,-0.66462423086166378,-0.21603185263199684,-0.05249213536872583,-0.041337831380466622,-0.076041515118309436,-0.096209668626005829,-0.083516365565035652,-0.19110683619976043,-0.2875723803327197,-0.44525881773895687,-0.48054847121238708,-0.37903208782275516
-0.038420412596315144,-0.029356595444759086,0.012205823853146286,0.026281972458862043,-0.0335828763155195,-0.12540447215239206,-0.18953564177666391,-0.13956236268859357,0.027995676896635218,0.10759402230253508,0.089957265272353065,0.003134566402877681,-0.050983579311933785,-0.17312079071998596,-0.23683324862610211,-0.31937191873154741,-0.53271534980512136,-0.43891529162083903,-0.1963776867588361,-0.11038749768061841,-0.13197688495909626,-0.30923490105448542,-0.297468460559308,-0.42820263191543778,-0.091686796500339521,0.065470414829053039,-0.2172471547240846,-0.39923916975172552,-0.63159189603545451,-0.83239971836910975,-0.67015804271948964,-0.25157670660855924,-0.035911869769303224,-0.034041443274223378,-0.15031022711523942,-0.18352612214429037,-0.20876349819203219,-0.28918429042982019,-0.35831691000772559,-0.47517547011375427,-0.43448931830269949,-0.36326287473951069
-0.052260661423206331,-0.0093559965491294868,-0.0050928360516471526,-0.073638697387650609,-0.155484227946511,-0.17620295898190566,-0.095249010632479827,0.056178744183853269,0.12895173603488552,0.02916195327998139,-0.080469619540963322,-0.15902174176538692,-0.22768482726973457,-0.31941833619664356,-0.4385565214040803,-0.59119485409892336,-0.68260675560344353,-0.51476034566537654,-0.32232762616256189,-0.19448394984261602,-0.098724884811140917,-0.25747195701917697,-0.32521815191615711,-0.37641628428455037,0.014807296565435949,0.079220091229664127,-0.24006229606938773,-0.39723739105722178,-0.64418556662492976,-0.93796611717431855,-0.57870251785463367,-0.28780712604522707,-0.056088904790557559,-0.068654486862942579,-0.188435356815656,-0.23146745963738516,-0.30847767208303722,-0.38836220383644104,-0.44562184496929769,-0.4764057993888855,-0.37622972130775451,-0.3154278343374079
-0.073196528686417475,-0.098271203084060774,-0.14063346234184723,-0.18341150211876836,-0.22962234275681631,-0.11566109216905066,-0.016200050664095519,0.02990139484921071,0.01621446280478267,-0.070082090975296107,-0.2019001475402287,-0.333448914544923,-0.45869000412915883,-0.56918526307130468,-0.67037091047867481,-0.70044743406529331,-0.55363562248520937,-0.36746575957850408,-0.26731749499837559,-0.2148927163461159,-0.098161297870112033,-0.19015580874705768,-0.2749875858481054,-0.33773016319449606,-0.064247299287765208,0.031167602430216674,-0.27843990209169717,-0.26386872909995668,-0.71806194729827066,-0.81521249189972878,-0.597587775242956,-0.34977019936950121,-0.17382765116124618,-0.15886248337725797,-0.22907657374938328,-0.3025071505043242,-0.38777076739531297,-0.4270464765528838,-0.46982870133299576,-0.44547175168991088,-0.32963911615885222,-0.26313513836690355
-0.17771980304408958,-0.19957171552456343,-0.21717552012867397,-0.17466099114556397,-0.087973876523652253,-0.076000260549687573,-0.063688281923532486,-0.058281742864184909,-0.1326479988056235,-0.34822593290697446,-0.44208596822093515,-0.49211079904011318,-0.56186855623596588,-0.5604076889299211,-0.49406617946094938,-0.53298798366026445,-0.52637905639315408,-0.35797697468979717,-0.25313376708357943,-0.2274778407512221,-0.15912558526489964,-0.012350931096791654,0.086505800502907321,-0.014521961039114776,-0.12601358072647181,-0.19210166293972483,-0.30034852047245225,-0.43546557709060868,-0.70796366739066652,-0.7460701580842336,-0.56237354532055472,-0.37700554111908224,-0.24128460193552623,-0.2637807722602572,-0.33734915141136418,-0.38640812039375305,-0.44519027198354405,-0.46057307720184326,-0.50036657187673783,-0.40443813800811768,-0.26782721281051636,-0.22513016892804039
-0.196175496165569,-0.18817234917410783,-0.13127728855168377,-0.047896592194835344,-0.13526552469868744,-0.13132222793225584,-0.092110810351782826,-0.21185242145189218,-0.41095988759223151,-0.47225912924735775,-0.48063282455716816,-0.54168809668437856,-0.48500398993492128,-0.38680981488331506,-0.42890883075154346,-0.48242122227070378,-0.56395307087129165,-0.40183289945125578,-0.24967906197297921,-0.16003936014481282,-0.18485665555224826,-0.12444896936122653,-0.044702856480788408,-0.029362571823281891,-0.10135886985931666,-0.29104183949037793,-0.45646896054092634,-0.70595964387707089,-0.769401318497128,-0.71536329001575316,-0.48859732007158213,-0.369755296888998,-0.29970211760942328,-0.334065986030242,-0.42476552526156108,-0.46667759837927641,-0.52324517415120053,-0.51944201507351617,-0.561448421743181,-0.40736459096272787,-0.23490116000175476,-0.18946031232674918
-0.11487243227936604,-0.11350915022194386,-0.15400588082579467,-0.13548729855280656,-0.21420612690910215,-0.13999392067392666,-0.23465365101583302,-0.44653199276616495,-0.44234428604443871,-0.46411154848156555,-0.47523567846843173,-0.46149765286180711,-0.409752241874996,-0.44228590697776982,-0.44822937250137329,-0.49131183602191786,-0.4817519940081097,-0.35086144310863393,-0.22229576848372065,-0.16466746608848157,-0.24429426980870111,-0.21969891076200995,-0.20209070263525186,-0.19373303094635838,-0.28248034423943291,-0.28938058526234856,-0.51483635519044513,-0.66776043253067208,-0.77965097828248964,-0.70791413155320571,-0.4336164404706257,-0.30318963126494336,-0.32852958221184581,-0.36633722396457896,-0.46046311690889558,-0.53524931462911463,-0.59035975887225223,-0.57924727499485018,-0.60227906703948975,-0.41984717335019794,-0.23832664300094952,-0.16989727194110552
-0.025160147328278981,-0.081481535652918477,-0.15050200266497477,-0.2465526404289099,-0.256485418927285,-0.26387732090621158,-0.38199651141961416,-0.45172432335940277,-0.504454452325316,-0.4895603759214282,-0.45229431334882975,-0.41948826924750682,-0.44711062235709947,-0.50014960211376813,-0.43215017344640649,-0.47554602206877944,-0.38610720994143649,-0.30651068435588352,-0.24771996870123106,-0.24898014773251648,-0.21526781709222068,-0.1403604484105532,-0.12479055672883987,-0.24039084639238276,-0.40295927631750439,-0.48166995453628109,-0.64913681748132,-0.70827910213759449,-0.73391809293983179,-0.66790715112524512,-0.39442612338757171,-0.25102316451315976,-0.27324516365402624,-0.32624265948931375,-0.42115300893783569,-0.55601139260189869,-0.62492710893804382,-0.64067575666639542,-0.6250204205513,-0.4676058292388916,-0.2975110425190492,-0.18765142063299814
-0.081104190887085023,-0.12858375507806027,-0.24462650475963468,-0.23338831139021907,-0.28087457269430161,-0.3968590724057165,-0.42876508633295696,-0.54466393192609153,-0.48171477218468983,-0.42489417394002277,-0.43640012045701343,-0.49683845809527805,-0.549398730735521,-0.501372061124662,-0.44269613263218904,-0.42350957604746026,-0.34256145201231303,-0.31199430471116846,-0.26971785497816303,-0.233220059777561,-0.1814503229426262,-0.13065979046833948,-0.1637981977117689,-0.4352063212592529,-0.62349911422288717,-0.62784066396358207,-0.69329595904162877,-0.7474769332673814,-0.76604732135195786,-0.65009811680804019,-0.39793704475386665,-0.25794585297505063,-0.23375462782051829,-0.26122851477515313,-0.35109974167965075,-0.49895124554634096,-0.59228665204275222,-0.68465278078528014,-0.64947867393493652,-0.4776852841560657,-0.31077236343513837,-0.2154358093227659
-0.22675553023815154,-0.26614170273145038,-0.19525045377236824,-0.2747690689563751,-0.45396813750267029,-0.51431330155443267,-0.58519368966420493,-0.50456761501052161,-0.42993440873482647,-0.47313143538706232,-0.52996944884459174,-0.573929587515389,-0.53159433454275129,-0.50186645839272481,-0.44848378612236545,-0.37606801427140529,-0.35489279207061319,-0.32171464891269291,-0.261114177107811,-0.17838890389317558,-0.15801205795885312,-0.12896381475729868,-0.27473868533622386,-0.55819656628037462,-0.55254625128995016,-0.52222146130912928,-0.66819113235215888,-0.70152879852644157,-0.67863950659247008,-0.55641366772248713,-0.37890077285144641,-0.26913604102073574,-0.22634046524763107,-0.24232246495526413,-0.29256355762481689,-0.41416777670383453,-0.57916648598278275,-0.70208025830132625,-0.64427603666598976,-0.46518711580170524,-0.301401250064373,-0.22970985248684883
-0.17485429321726162,-0.15872464036302908,-0.24331179394253663,-0.42376614212989805,-0.551608430487769,-0.59840247900255261,-0.50309519097208977,-0.44525166551272072,-0.41629606581503348,-0.44177329540252686,-0.51478667873324768,-0.52307308509069328,-0.47476688409462953,-0.48414234485891128,-0.4300026474964051,-0.37752718316472095,-0.37243687450885771,-0.37280959979845929,-0.2330347617141536,-0.13099477386900357,-0.10623956639319658,-0.17473338298745209,-0.31180025764874048,-0.57914951741695408,-0.58665077106372732,-0.47719204452185504,-0.59057798275013562,-0.61028412053751391,-0.56101581087479224,-0.47295182012021542,-0.36391692726235642,-0.25798234762623906,-0.21773367554977022,-0.22436126937036929,-0.26447893069549039,-0.40062869588534039,-0.5732816616694133,-0.67595592141151428,-0.632145976026853,-0.46328214704990389,-0.301408713683486,-0.23482668586075306
-0.19982309922062116,-0.31118984906761732,-0.4238031857780048,-0.54466102321942644,-0.56294111694608417,-0.47143145004908243,-0.42267276843388873,-0.42147050710285411,-0.41463698645432789,-0.46265222784131765,-0.4986301570227652,-0.50556715130805974,-0.451701147215707,-0.431171267419248,-0.39347363899393778,-0.37863467917555854,-0.36382134622997708,-0.32415185092637938,-0.190210677407406,-0.1200423863684309,-0.094812606130876845,-0.1565378368513225,-0.27457206628539343,-0.49245261028409004,-0.502648363762264,-0.43245539105968711,-0.50035264308636007,-0.49097671111424762,-0.48360095289018418,-0.428947264701128,-0.32030685421298533,-0.23932194443685667,-0.20301728785037995,-0.20091575124989386,-0.24090948174981511,-0.38472822095666614,-0.53177920579910276,-0.61338268385993111,-0.59004664962941955,-0.46943708956241609,-0.31365283046449932,-0.24109578984124319
-0.31338569349967516,-0.40037693083286285,-0.4748112570780974,-0.53073856873171665,-0.49001473507710863,-0.40929565231005349,-0.40279968648121273,-0.39362642888365118,-0.41457148483305267,-0.49378889004389442,-0.5394882895052433,-0.51762035313774557,-0.47181811247553146,-0.40871108323335648,-0.39287314463306117,-0.40328085498932081,-0.36500057507128941,-0.27965355647164719,-0.17373654525727034,-0.12235173135995865,-0.10827780393036929,-0.16588448147688592,-0.24854461923241616,-0.33911216855049131,-0.38703439601006046,-0.36583769658826432,-0.43592843096306982,-0.46404153311794455,-0.40783626390130895,-0.34674865533323851,-0.26954352650149116,-0.2175754033602201,-0.18026730621402914,-0.1720130461103776,-0.21856875717639923,-0.36723331304696888,-0.48318501975801254,-0.53421979397535324,-0.52497076243162155,-0.42086467643578845,-0.2963855465253194,-0.24007873662880488
-0.33299102527754648,-0.42374705523252487,-0.48120811581611633,-0.50540909171104431,-0.44506109825202395,-0.39114015780646227,-0.38651107097494192,-0.370045635206946,-0.38079862722328733,-0.42456422791336523,-0.47328540403395891,-0.4866673311879558,-0.44607852925272551,-0.38455608572278704,-0.37809063245852786,-0.39255315065383911,-0.35486840154673605,-0.24237763812375623,-0.15556871742010117,-0.12180062262124794,-0.1390482814775573,-0.15505822415047504,-0.20929225099583468,-0.2596422838776008,-0.27910609186991403,-0.27152458933137713,-0.3413499869951388,-0.41593793127685785,-0.39842627383768559,-0.322967991232872,-0.24476655758917332,-0.19541562890464609,-0.17259919380440431,-0.17802328964074451,-0.25494919468959171,-0.370018563487313,-0.45137080550193787,-0.47881800432999927,-0.46117088695367175,-0.38896872741835459,-0.28258548676967621,-0.23449831306934357
-0.33747822152716772,-0.377096622078507,-0.42315427852528437,-0.4270795924322946,-0.37646835631337661,-0.35928250904436465,-0.36529303419178932,-0.35549127190343793,-0.34960797942917921,-0.38111223777135211,-0.43190980342126661,-0.45410388515841577,-0.42012812332673505,-0.36244944614522595,-0.35050134185482473,-0.32304956864666295,-0.29477957855252657,-0.19535775885388657,-0.12193412392547257,-0.093052068679797942,-0.13541725855320691,-0.16139990765424,-0.17062394805252551,-0.1984723463654518,-0.19832991311947504,-0.20473733757223403,-0.27518971128897235,-0.36076295827374316,-0.3793471870677812,-0.32405091524124147,-0.24879533052444458,-0.18999933804336347,-0.16837613377720118,-0.20165894519199024,-0.27991546284068713,-0.38820693559116787,-0.4337565175124577,-0.42225880920886993,-0.381610373655955,-0.33354276844433378,-0.26413934528827665,-0.22745561599731445
-0.35099814369760712,-0.3635377177485713,-0.37880686953149995,-0.37025299774748938,-0.34555831140485305,-0.34604945116572911,-0.34391534225694065,-0.32448323170344034,-0.30008851786454521,-0.33544003168741859,-0.40128523409366607,-0.43417092263698576,-0.41812073905020952,-0.36300188675522804,-0.3328735087857102,-0.27607004118688178,-0.2723209345165421,-0.19059658401152668,-0.10084194441636403,-0.075996691851239459,-0.11382337845861912,-0.14211546572355124,-0.13037268625838416,-0.14446628008569989,-0.16522038886041351,-0.16919603374074488,-0.2486759582834859,-0.33337892485516413,-0.3433046845289377,-0.29524408493723187,-0.22861738816687935,-0.16740471763270243,-0.17228609552750221,-0.23416923880577087,-0.30573677590915133,-0.37771284083525342,-0.40881323388644625,-0.38151078422864276,-0.31390749556677683,-0.28989337384700775,-0.26394119362036389,-0.22921815514564514
-0.33470802541290012,-0.34324561174099261,-0.33646761156894545,-0.3203728463914659,-0.31604659146276015,-0.32932416562523159,-0.32332953413327536,-0.28739808113486681,-0.23836206048727035,-0.27092138081789019,-0.3431395549198677,-0.37873183431163909,-0.38532285392284393,-0.34943778380270929,-0.31256463925043743,-0.28520579899058623,-0.2633286380406582,-0.21124589396640658,-0.14891485979451852,-0.11983065745409798,-0.12510601047313574,-0.11965162775346211,-0.11325580766424537,-0.12026752275414765,-0.1403846382163465,-0.14754737708075294,-0.18710669378439584,-0.24693213002039835,-0.29202868627465289,-0.2751312189631992,-0.20079772747479951,-0.14600814382235208,-0.17156465537846088,-0.23846449454625449,-0.28667641537530081,-0.34282740950584412,-0.377689465880394,-0.34068371653556823,-0.25834195017814637,-0.25544413924217224,-0.2665681466460228,-0.26512472629547118
