SouthSea_Web/demo/jsonfile/2017-12-16-05.json
{"header": {"parameterUnit":"m.s-1","parameterNumber":2,"dx":0.1,"dy":0.1,"parameterNumberName":"Eastward current","la1":29.0,"la2":12.0,"parameterCategory":2,"lo2":131.0,"nx":250,"ny":171,"refTime":"2017-12-16T04:58:07.5","lo1":106.0}, "data":
[rows 38 to 56 of 171, columns 168 to 209 of 250]
0.0949839735403657,0.098493123693125587,0.087194796837866309,0.13305701116720836,0.18045403460661572,0.20349932674850738,0.19330528378486633,0.1654585591133903,0.17127233371138573,0.20894262393315632,0.24936396380265555,0.30839778855443,0.35902095266750883,0.35335044825778289,0.33655384821551187,0.295290220528841,0.23545076139271259,0.20975267567804881,0.18428616576335011,0.14475023945172627,0.14206781939548605,0.17660227330291972,0.10536241480572657,0.088299724232891327,0.083806684861580535,0.0040722913247355748,-0.080641668775807251,-0.090063558767239246,-0.13392317094481909,-0.14872655570507048,-0.0875331297782915,0.0082478223834186789,0.10156015340577472,0.093999688327312467,0.13858083056079018,0.16201823763549328,0.12065163720399141,0.0783692364181791,0.0467924206916775,0.033057341002859175,0.065058927450861254,0.084205231318871185
0.072005287045612931,0.10519218269516439,0.11020207358524203,0.10442451139291127,0.11932121962308884,0.13709841931567474,0.10234239115379751,0.07719849059848409,0.089581982835250748,0.12872949987649918,0.18560872177282969,0.28916854783892632,0.34573533705302645,0.35582606707300457,0.33669738657772541,0.25998610059420268,0.18929474694388254,0.15750118291803769,0.10755201801657677,0.12968993745744228,0.15958553966548708,0.062277839421049544,0.0534991340425152,0.021263693118709379,0.033909386877591409,0.15268966162370312,0.0073682002625183058,-0.081043911111705447,-0.04523294147414466,-0.021813672465773728,0.022391381778736383,0.034044604282826185,0.078471194868060673,0.18800963867794385,0.18487826138734817,0.16184468939900398,0.0938766710460186,0.042979101716939895,0.00320339434048427,0.0038957686629146338,0.029920004308223724,0.042567263978223004
0.07528004691832596,0.11749686732103951,0.071746074180636138,0.033246457184615885,0.055736243375577033,0.073816064964322484,0.038683735765516758,0.018694037818075979,0.064157582819461823,0.14126737240482779,0.24754726327955723,0.33097063004970551,0.35418449915372408,0.34380063228309155,0.292843225811209,0.21125378591172836,0.13802713741149222,0.06510846025776118,0.047449850927174943,0.10403815026466663,0.047023713443195447,0.0031257996716621246,0.099256718996912241,0.0442803156635675,-0.0798484333689608,0.087515857862308616,0.046665709344849274,-0.03437489762847476,-0.096843840554356575,-0.040850696836908659,0.028464010703222204,0.12158853653818369,0.076961157284677034,0.17645766139030455,0.14593063874377144,0.11661982536315918,0.061622065181533493,0.0259959539398551,-0.0037343587027862668,-0.0066245479974895716,0.011154260952025652,0.015749300830066204
0.080235833674669271,0.11786138721638256,0.056270968168973923,0.01158781155176899,0.018260608217678963,0.033735614318988826,0.03895073405960027,0.064422003924846649,0.14188889248503578,0.21949746152933905,0.28630125721295674,0.31004149317741392,0.28983728237011852,0.25343619783719379,0.19081059614053139,0.12732800734894617,0.090680990081567034,0.018357788396921631,-0.047370400315580458,-0.049092524810335957,-0.023082266704967387,-0.11212551593780518,-0.057567730438537322,-0.03918923096700936,-0.073558241012506187,-0.0011728168210040216,0.019527075633338494,-0.030585429567674346,-0.15326373734407955,-0.06326410759772573,0.022837760392576456,0.1222926111270984,0.11929326421684688,0.10338341519236564,0.071595489978790283,0.059882949572056532,0.047330236528068781,0.034704160255690418,0.01888139561439554,0.0077941713854670523,0.008094219005821893,0.00021224666852504015
0.061260962332396404,0.10596307638016614,0.043115888766589616,0.0082695581717416641,-0.028946078033186495,-0.018288131580629852,0.057466236436191726,0.12485375089777841,0.15796371201674145,0.1717227813270357,0.2123577892780304,0.22275356451670328,0.16983988307989562,0.10700462659200033,0.056254047558953364,0.043920102242666945,-0.00711703683482483,-0.012122706968208755,-0.11769641907169269,-0.21404017011324564,-0.00894764189918836,-0.11383563876152039,-0.16880737127442108,-0.10984282702621487,-0.06156196583575313,-0.039478826581034812,0.026737466365482437,0.04021936544292682,-0.1485814219340682,-0.02518206772316868,0.049847097700246826,0.074916028728087738,0.058180111646652224,0.019330994665829673,0.018835859580172434,0.019543041397506993,0.012200807919725776,0.027626922354102135,0.040228599309921266,0.045523345780869327,0.037728226433197655,0.013823875885767242
0.05407091393135488,0.079370994120836258,0.031449333161369643,-0.038052862587695323,-0.090546017851341851,-0.033837284706532952,0.0710396556597617,0.10809656605124474,0.08769414180682765,0.0791978295892477,0.12538319304585457,0.082427157184985625,0.025721110237230147,-0.0045317269104998559,0.011580658279574262,0.0012566540390253067,-0.028905908277790462,-0.049286991224757264,-0.25345013849437237,-0.29458361193537713,-0.080619149043091712,-0.12900028263147062,-0.17720305468691022,-0.19247404079545627,-0.0696981928909704,-0.032315232705038326,-0.047714068575508216,-0.035689886779437074,0.024888841689310291,0.030531203270786338,0.022490570288417593,0.012640749686397612,-0.0074586344675885308,-0.010675612080376595,-0.013181601917105061,-0.018030379034046615,-0.022016073111444712,-0.00927391613367945,0.019271240303351079,0.050579460958639778,0.052501600235700607,0.044992698356509209
0.083336398154497143,0.037391709095183093,-0.034951578104443361,-0.065854297727346425,-0.05294671980664134,0.0066819541616496281,0.055646574538615018,0.036933310487417173,0.0066282407147809867,0.034815943744477065,0.046029216283932327,-0.044376606444040172,-0.068773001166326661,-0.0056008420319163376,0.071870177146047348,0.063256365506510648,0.058597922122498855,-0.064101230663557843,-0.24449288312877929,-0.347240521951958,-0.23188312786320844,-0.15819941523174444,-0.13116106620201698,-0.16734025176265277,-0.095018957113928118,0.018209521436975115,0.09774689638011512,0.10327846105945737,0.072226530768805086,0.0096914633567824864,-0.030041154929980014,-0.055984906708964936,-0.046891895640227527,-0.04092213750949928,-0.04374220222234726,-0.051545177275935807,-0.048049561679363251,-0.045951030837992825,-0.012287161157776913,0.021346048975829035,0.036534304730594158,0.034152928739786148
0.22810773389494937,0.028452013271762,-0.031719209437142126,0.0081851938118537269,0.034915311820805074,-0.0023362785810604691,-0.0071906096927705221,-0.031127241085327807,-0.042571520005973675,-0.0067332331285191076,0.0775500098575971,0.017400816940751514,-0.020876184963113206,0.053960543491744568,-0.052644422228458214,-0.077100981566074644,-0.044620056297968731,-0.042444030161608352,-0.0595712517388165,-0.10872923272351424,-0.17074894160032272,-0.130665065577397,0.000865656732847648,0.048479231504293591,0.038251194730401041,0.0752478971013001,0.062242251262068747,0.042246803377444547,0.00591014045326469,-0.034829103566992745,-0.07106088536481063,-0.082260077819228172,-0.067358052358031273,-0.05463799461722374,-0.05464951259394487,-0.059162255376577377,-0.081920803834994629,-0.075030294557412461,-0.038046720623970035,-0.013547368968526522,0.0094145936891436577,0.016107881752153237
0.29696321081031452,0.2280282651902073,0.18529868478357209,0.22274969491575444,0.062785261146285951,-0.038368755718693137,-0.051324763451702893,-0.034499907420705196,-0.11019385361979747,-0.20383578873727293,0.07598520905293267,0.16547991475090385,0.021701470822837129,0.016093940465306898,0.0,-0.079751538453050524,-0.055617260850138135,-0.022502312954101298,-0.043370733658472695,-0.088152752154403269,-0.099054491655393082,-0.090201707929372793,-0.057204721635207532,0.0010917004197835921,0.015920435216685291,0.020977391085277002,0.028481019062123129,-0.0019544818671420215,-0.039591688493436035,-0.068300716206431383,-0.065699856728315353,-0.071834025904536247,-0.0720030814409256,-0.057861468444267906,-0.0723908469080925,-0.081377270321051284,-0.09281468577682972,-0.0808927584439516,-0.048704443499445915,-0.04195136514802774,-0.025312056764960289,0.011885371059179306
0.30519237120946247,0.3107379661364989,0.36654770238832995,0.36257394651571911,0.15137193012325204,0.029332975254339332,-0.015683126060620826,-0.00983060047790212,-0.085352182100691343,-0.06226970328975262,-0.081111289502587169,-0.0878403832179469,-0.12348178512960052,-0.091535087150987238,-0.10144437140681678,-0.10986603961254542,0.017908244393765926,0.009571005322504789,0.0019153829833323305,-0.039523840928450224,-0.075758548284118821,-0.0853178162466396,-0.059426516108214852,-0.0055081905641903477,-0.011349903514862737,-0.026673779240809381,-0.040390116348862651,-0.068767371690935553,-0.099059251447518662,-0.091498027245203659,-0.058665638582573995,-0.063639011234045029,-0.0866099014878273,-0.089964710175991058,-0.0936889611184597,-0.092732091248035428,-0.10805231332778931,-0.091255804523825645,-0.081151286760965988,-0.050595879089087248,-0.0078237752895802259,0.011461852118372917
0.53223966984521776,0.45683114869253977,0.39143191277980804,0.38943981247789722,0.33407851136647737,0.23425420505159042,0.13536268775351346,0.038150122353377253,0.15731492463280172,0.18009931417672256,-0.051844183937646449,-0.0854797762615654,-0.155636434353167,-0.19279593908611467,-0.059234608151018622,0.054947635469337307,0.093007731768820018,0.0715410303324461,0.030945095140486954,-0.026121921837329865,-0.064757408574223518,-0.064105849299165935,-0.045434082725218365,-0.038126769009977579,-0.055380268643299736,-0.076351588798893824,-0.087806512084272176,-0.10142974182963371,-0.11330761015415192,-0.096547173336148262,-0.0891849473118782,-0.092057948311169938,-0.10633717030286789,-0.11164436489343643,-0.11100121587514877,-0.10680450002352397,-0.083683963865041733,-0.075778217365344361,-0.048754988238215446,-0.03221617080271244,-0.0106616395059973,0.022410565987229347
0.714960386355718,0.67539844512939451,0.49995533625284833,0.40964597463607788,0.35024199348229629,0.26639897190034389,0.23894331355889639,0.1885617277943171,0.20072427541017532,0.25565237983276967,0.2548973847925663,0.21693352932731311,0.1604055515067144,0.18558970093727112,0.15353651406864324,0.11334197629581798,0.10298947468400002,0.0842239148914814,0.037249199813231826,-0.014183527848217636,-0.060041855192846723,-0.048108823597431183,-0.045981412132581077,-0.060795414571960769,-0.08801259597142537,-0.10272632725536823,-0.10984752823909123,-0.10147072250644366,-0.10246296102801959,-0.11865209043025971,-0.13905248294274011,-0.12953714157144228,-0.13004102259874345,-0.12460758288701375,-0.095855318009853363,-0.066372998058795929,-0.045321075866619744,-0.010565311318108192,-0.0034725082417329154,-0.013427091762423515,0.0063185325513283415,0.037632956479986511
0.68821318282021415,0.715793788433075,0.64614952007929483,0.5481177291699818,0.4288925270239512,0.32182886004447936,0.25215939364650031,0.23244109004735947,0.24897039557496706,0.24730950891971587,0.14109323114156724,0.17878577170463708,0.22378281586700016,0.23905877918004989,0.20422239932749006,0.14470559358596802,0.096895796060562131,0.084384417161345482,0.038331134896725419,-0.018402651018862213,-0.058740749422992976,-0.060731283854693174,-0.051677194557019641,-0.067745434120297432,-0.10227210074663162,-0.11682081346710523,-0.11560002395084926,-0.098171907166639968,-0.10208494365215301,-0.12381836958229542,-0.12972805835306644,-0.14300212115049363,-0.15310600896676382,-0.13027196874221167,-0.080043037111560508,-0.01574240205809474,0.014771399088203907,0.021644877269864082,0.025549975223839283,0.019905079777042072,0.02489149197936058,0.041060956194996834
0.59183180332183838,0.59692917150609637,0.57471728324890137,0.54334121516772682,0.46959120035171509,0.36800520420074462,0.27121767630943883,0.211872772528575,0.206854614118735,0.21186664886772633,0.21954656460068442,0.22391037146250406,0.21336186528205872,0.21242102533578872,0.17916906542248196,0.1329615069553256,0.086409706622362137,0.07284928672015667,0.042518321158630509,-0.0092378557504465188,-0.054262334946542978,-0.058870411477983,-0.0592765456863812,-0.065735502541065222,-0.076298725605010984,-0.089708946645259857,-0.09917852096259594,-0.099492338299751279,-0.0866480643550555,-0.095715843141078949,-0.108164107427001,-0.12119048275053501,-0.1417660117149353,-0.11214914172887802,-0.042627284924189247,0.0091350330039858818,0.029804517515003681,0.03700543288141489,0.03595566563308239,0.03351917676627636,0.031654558144509792,0.030628454871475697
0.50980204840501153,0.50018690899014473,0.48241217931111652,0.4528764556435978,0.37391734719276426,0.29407812555631,0.22716975441345802,0.18570928182452917,0.14566494027773538,0.1372492668720392,0.20945499952022845,0.27612988108938391,0.29116928035562689,0.27767966315150261,0.23730974441224878,0.15136241912841797,0.060772629454731941,0.037855196045711637,0.025009612180292608,-0.0062659542697171373,-0.041462775319814682,-0.058420118689537046,-0.07385918647050857,-0.078795975695053741,-0.086498958989977837,-0.12098865024745464,-0.15362159907817841,-0.1814597100019455,-0.16715283319354057,-0.13427026756107807,-0.13701116293668747,-0.10573512812455495,-0.085756371418635055,-0.063774734735488892,-0.031778295834859215,0.0055697259376756847,0.031164064072072506,0.029455302283167839,0.03239635812739531,0.027364832349121571,0.026763906702399254,0.021332455798983574
0.4445141586992476,0.43474257551133633,0.4138433179434608,0.37247128950224984,0.31308079759279889,0.24816410014262566,0.18533315416425467,0.14820987582206727,0.11519566411152482,0.088172923773527145,0.13026616660257182,0.18774681985378267,0.226186603307724,0.21915304254401813,0.18170335739850999,0.11587188299745321,0.048003655754857592,0.019244562058399122,0.015143106361695876,-0.0037800443824380636,-0.025800688937306405,-0.048403811454772946,-0.0637537008151412,-0.0755803460876147,-0.098624097183346748,-0.14649495780467986,-0.18151486913363138,-0.19617309048771858,-0.19050261874993643,-0.17406494915485382,-0.15289628505706787,-0.11296847462654114,-0.10305111110210419,-0.066767085343599319,-0.043402478098869324,-0.0086504264424244557,0.013546385026226441,0.024253129959106445,0.023590157429377239,0.018982987850904465,0.019601223058998585,0.018800627440214157
0.41697309048552261,0.40061105601489544,0.39849227823709188,0.35248193458506938,0.29409205317497256,0.22424294580431545,0.15621923748403788,0.088041149079799652,0.059056436213163227,0.05659592499335607,0.077920198440551758,0.090158528462052342,0.09847133172055085,0.10895946621894836,0.099391893380218088,0.0777197325868266,0.042122553288936618,0.027701786532998086,0.024516000226140023,0.028333501890301704,0.00019595937337726354,-0.038241800541679062,-0.074458370606104538,-0.10437498427927494,-0.15260529145598412,-0.1628983368476232,-0.16685369114081064,-0.17418347299098969,-0.18359850719571114,-0.16983917355537415,-0.16542494297027588,-0.13203354428211847,-0.10715941712260246,-0.080017440021038055,-0.0621939767152071,-0.04174237884581089,-0.019293455872684717,0.0083048145170323551,0.025155415758490562,0.029180041514337063,0.022004450671374798,0.015112527646124363
0.39965059827355776,0.36830358645495248,0.36833756986786337,0.35182670503854752,0.30083027832648335,0.21874723902770452,0.17742734621552861,0.13697412163019179,0.09251606441102922,0.088009330676868558,0.0801970899105072,0.050879563870174546,0.048624182740847267,0.055176563560962677,0.055235928190605979,0.04416602042814096,0.028811933100223543,0.011976531396309534,0.01299740249911944,-0.0052374562559028464,-0.034118669107556343,-0.064051814377307892,-0.10505968518555164,-0.14599853008985519,-0.16861472278833389,-0.17036430537700653,-0.1737576350569725,-0.18452104926109314,-0.19935953617095947,-0.18788441270589829,-0.17086014896631241,-0.15181438624858856,-0.13366573303937912,-0.110202856361866,-0.099602531641721725,-0.074755270034074783,-0.045682454481720924,-0.00996380764991045,0.030036200769245625,0.033073898404836655,0.016529103741049767,0.0021444977028295398
0.35963653992204103,0.36332487358766441,0.37804587371647358,0.34461086111910205,0.28544832340308596,0.20837667058495915,0.15096531169755117,0.12706252772893226,0.11514865756034851,0.10225319059995505,0.068843112460204539,0.042015868154439057,0.053886097855865955,0.072848459439618249,0.075651199867328,0.039319376647472384,0.0082012874384721126,-0.013069552136585116,-0.031431846941510834,-0.059481231495738029,-0.06168479286134243,-0.081361519793669387,-0.12267100562651952,-0.15504474937915802,-0.17703823745250702,-0.18146274983882904,-0.18770741671323776,-0.20052036643028259,-0.20603694021701813,-0.19515842199325562,-0.17791467159986496,-0.15682153403759003,-0.1458009829123815,-0.14784273505210877,-0.13465498760342598,-0.10309481248259544,-0.034662969410419464,0.013392548775300384,0.039658466354012489,0.032817906700074673,0.0089161163195967674,-0.011182095855474472
