SouthSea_Web/demo/jsonfile/2017-12-15-00.json
{"header": {"parameterUnit":"m.s-1","parameterNumber":2,"dx":0.1,"dy":0.1,"parameterNumberName":"Eastward current","la1":29.0,"la2":12.0,"parameterCategory":2,"lo2":131.0,"nx":250,"ny":171,"refTime":"2017-12-15T00:00:00","lo1":106.0}, "data":
[rows 38 to 56 of 171, columns 168 to 209 of 250]
-0.073882857104763389,-0.038138603259410174,0.057174506643787024,0.12985573907693226,0.18947190940380096,0.24386046933276312,0.30577689595520496,0.32168441484956178,0.29649456404149532,0.27624163627624509,0.25500463247299193,0.19312960002571344,0.20810745550053461,0.25197131230550651,0.27485865673848558,0.26178790908306837,0.24103842116892338,0.22485902266842978,0.168614338426029,0.073012374341487885,0.052332404124386167,0.0056137942489893995,-0.038384651214900339,-0.093947797689748841,-0.12272100740422805,-0.13824091780753361,-0.253940080171046,-0.35258144736289976,-0.39219592167780948,-0.32541186014811196,-0.13065140880644321,0.061183995055034759,0.12696874819018625,0.12723561823368074,0.12541296912564171,0.097666257061064243,0.0637996201403439,0.0327369613306863,0.039315849276525636,0.043936504051089287,0.026191411207297018,-0.024441266471209627
-0.015527632785961032,-0.051726881524219233,0.0091652776523005741,0.10856532471047507,0.16673152148723602,0.19846885081599741,0.22819868102669716,0.2372613196310244,0.23645186950178707,0.25769471190869808,0.2699138363202413,0.23149467539042234,0.2374937246952738,0.22017503742660796,0.2041700491681695,0.17848304609457652,0.16879988142422267,0.15321041271090508,0.12509133219718932,0.088021970586851239,0.067921299797793225,-0.019777375138609818,-0.062969315080688551,-0.10986494410921026,-0.12616401138129058,-0.087182551622390747,-0.19673874640935346,-0.28093787852455587,-0.21453542510668436,-0.088306152037918,0.0625379100227012,0.13224912360310553,0.13532937792214481,0.130510383031585,0.084124521911144251,0.060363680589944124,0.027638324303552508,0.012066127067165715,0.01404748750584466,0.010984163847751916,-0.0053359562298282981,-0.03390746501584848
0.055542889620280929,-0.016102362545145871,0.028254990698769689,0.098037190147136383,0.13243362214416266,0.13715033101684906,0.13886769978623642,0.15077520950752146,0.15920966072008014,0.22172012662186341,0.23958497401326895,0.22315632551908493,0.19861796154425696,0.12773006688803434,0.093382557321872034,0.074681000345770049,0.083740257591541328,0.050554269837448373,0.067496331098179027,0.11604430411870663,0.057840867200866342,-0.015374984610719945,-0.0317688623132805,-0.10750651585036203,-0.2214633848356164,-0.11623102491721511,-0.051840531586024627,-0.092949601657250344,-0.038927361136302352,-0.035965779547890028,0.027255594885597628,0.11683015432208777,0.06671500410884619,0.075218600407242778,0.029693940861357584,0.018910440566417362,0.0091464232148913052,0.0070621395882751259,0.0024615311219046512,-0.013117807102389634,-0.017271045284966629,-0.04183054668828845
0.049373800121247771,0.050382711872872382,0.10026910803035687,0.12624937821837032,0.11061317138373852,0.089527166987720286,0.10327071389731239,0.12925168345956242,0.18231284370025,0.23133228280965021,0.20018083850542703,0.14677952080965043,0.11822540115784197,0.030543140915688126,-0.018127664574421942,-0.049386105982453694,-0.044360943407250136,0.027883450966328382,0.058308076400023237,0.093539098492608622,0.039313851569134459,-0.088586998342846834,-0.12054588831961155,-0.15873191359898317,-0.11930555826125379,-0.024302006129427393,0.012500966183568647,0.016821192281151361,0.0726259398765655,0.023825791597898518,0.054320076272623349,0.055931208732848368,0.041795727589892015,-0.0113413206738187,-0.042113256330291428,-0.0306977741420269,-0.0097768238338176161,0.0018666231577905517,-0.0015551764519538363,-0.016699615865945816,-0.047445736204584442,-0.050063872709870338
0.031206434349650921,0.0723701131276109,0.0975787602365017,0.09510605875402689,0.0895375878446632,0.11013299003243446,0.15285505967981675,0.16671687199009788,0.19073110620180767,0.19745964225795534,0.14227935277363835,0.073834965370285013,0.0072081782317791991,-0.066523215298851329,-0.1462858311831951,-0.15658168036204118,-0.10253502354025841,-0.02561421141338845,-0.034126362190223657,0.080105631198320121,0.053319109875398375,-0.079647772014141083,-0.20899271455250287,-0.15738733168001529,-0.11944314232770947,-0.027712568728020415,0.062104319242815322,0.036701375568235245,0.17393449880182743,0.10413297687967618,0.019670592615371928,-0.0448351020200385,-0.070345700159668928,-0.095264947248829737,-0.076508393718136683,-0.049731675535440445,-0.030137452607353527,-0.0042492793678926928,0.009669465338811278,-0.012700415837268034,-0.054907059917847313,-0.0586940199136734
0.013144666830339703,0.029296206920185967,0.027133001521261493,0.02899763189392009,0.075985232537442993,0.14598081931471824,0.16808812154663932,0.149644672870636,0.15070173972182804,0.1436980334110558,0.045598867547232656,-0.088761670350590169,-0.13705563225916453,-0.15705699659883976,-0.20012335593883807,-0.19224108834015696,-0.12239897091473852,-0.081064150801726756,-0.15940588029722372,0.065981447572509441,-0.0017442155762442521,-0.0742657004067531,-0.13366532159086905,-0.13992579687725415,-0.085943762360042641,-0.094470064400005729,-0.026453561205099421,0.13693691689986737,0.22029032625935294,0.11080273799598217,-0.02622814298125117,-0.094522568583488467,-0.12817303505208758,-0.11974715317289035,-0.10114294822726931,-0.079267268202134547,-0.060825413092970848,-0.029811501764925197,-0.0017460795119404794,-0.0085776058064463232,-0.029813318327069283,0.0029824849528570971
0.011421467997133733,-0.050065447110682726,-0.080353039600279022,-0.02752363701350987,0.12392662128522283,0.25658954028040171,0.25304423024257022,0.18028173201224385,0.14040616862475872,0.11126739771238395,-0.029159856000478612,-0.15976174806173032,-0.21921014892203466,-0.23147234746388026,-0.22318559885025024,-0.150846367262836,-0.046944487063835062,-0.0972003589073817,-0.15914009577993835,-0.0923183009093649,-0.077736920987566308,-0.07382695361350973,-0.0992470716054623,-0.12268996750935912,-0.1166794600899068,-0.0060547194443643093,0.12376530699077107,0.16951868879167656,0.13925318295756975,0.044192233662071978,-0.05234557118577262,-0.11800140543625905,-0.13562488887045118,-0.12867310111011779,-0.12253085098096303,-0.12286644553144772,-0.10189471244812012,-0.073078044379750892,-0.029707340523600578,-0.014670824476828178,0.011331657646223903,0.0574503056704998
0.032017721430115074,-0.013938872771563403,-0.1184043510875199,0.018866711047788462,0.19014878372351329,0.29395002126693726,0.28528406843543053,0.2232132660491126,0.1620963467285037,0.0088091525164297,-0.0046185965766198933,-0.090961144304233854,-0.13968497074463152,-0.14662406272033141,-0.2470938594121,-0.08078513501248763,-0.057512553578073326,-0.070151528851552444,-0.01071367742648969,0.027572230629933376,0.023133741505444051,-0.030812540807976171,-0.053702373889141848,-0.047402959030408129,-0.024014138500206172,0.0072215532418340445,0.039982207228119175,0.040057974417383471,0.0083414895567469876,-0.037939787860243365,-0.096105960508187607,-0.12895623780786991,-0.13237963616847992,-0.12326755055359431,-0.11975598086913426,-0.12653641899426779,-0.11846809834241867,-0.086232401430606842,-0.039586707949638367,0.0038283076137304306,0.054249965896209083,0.09576183805863063
0.0099160142179409213,0.026434728345419798,0.089160292500666538,0.19486638956836291,0.23135558910229626,0.24674074444919825,0.26231315545737743,0.24308528848316358,0.10901298108992391,-0.12818647119852286,0.037177945527344429,-0.057636621353380824,-0.085156639581736249,-0.04922560117655557,0.0,-0.028321117656070365,-0.0846344671315617,-0.06623674970534113,-0.051635522240151964,-0.0056864972381542129,0.029587836179416627,0.020205685775727032,-0.015730517543852331,-0.055604322254657744,-0.05682170706299635,-0.047306774028887354,-0.027590338519075885,-0.032190665020607412,-0.066660292107950561,-0.10620547011494637,-0.12766673229634762,-0.139038460329175,-0.12792554994424185,-0.10759572560588519,-0.095714693889021873,-0.10100483521819115,-0.095641493797302246,-0.072234367951750755,-0.022580065386136994,0.020479514554608613,0.082215655595064163,0.14777401586373648
0.0086259986564982682,0.033041917412033814,0.11406157436695966,0.18252797282877423,0.22791352955734029,0.22320429367177627,0.20422149668721593,0.20751228693284488,0.0964632370536599,-0.060557630671084758,-0.10050332974642515,-0.12995622017911659,-0.0974428204082263,-0.06093431663660643,-0.044793561118206489,-0.15690748149958941,-0.11232651702382347,-0.10147632732987404,-0.07221282679926265,-0.044906321726739404,-0.035901161334054035,-0.061443821781060913,-0.055143130198121074,-0.069116213255458414,-0.090857827527956528,-0.093861993402242661,-0.080411858856678009,-0.093709098382128611,-0.12367668582333459,-0.12897139539321265,-0.13579944438404507,-0.12661086147030196,-0.10762416422367097,-0.08583992272615433,-0.061272152699530125,-0.056972579658031465,-0.0581079451367259,-0.052023457363247871,-0.010178174125030637,0.053394840098917484,0.12516602873802185,0.15706563740968704
0.10632000907900788,0.047590135463646481,0.10577399656176567,0.22026715208502376,0.27932325234779942,0.29753825594397154,0.26663699746131897,0.15213229392583555,0.14750035896020777,0.068814200863830347,-0.003857558777478213,-0.086388673027193788,-0.13559218177631979,-0.15515509280650056,-0.0075561830773949621,0.018891811370849609,-0.037785620532102056,-0.075811346247792247,-0.074832569062709811,-0.081692250238524541,-0.091373876668512821,-0.085202885170777634,-0.064873452697481432,-0.083086137659847736,-0.1118045440978474,-0.12180980791648229,-0.12600927468803194,-0.14655490685254335,-0.16195030510425568,-0.15038044564425945,-0.12693749368190765,-0.096449695527553558,-0.077474027872085571,-0.059092809446156025,-0.046522443741559984,-0.037889793515205383,-0.018799023295287043,-0.018120644808125991,0.023970830719918013,0.050620071589946747,0.0772368460893631,0.11459076777100563
0.35745240830712849,0.23075887560844421,0.1257737696170807,0.1865168267062732,0.23956110500372374,0.26633623242378235,0.28508433302243552,0.2359971679173983,0.14822605922818183,0.11626355394132827,0.17278027296066284,0.10795167957743009,0.085024972605011,0.12736419153710207,0.081849499605596066,0.0093728680883280249,-0.019128423463553191,-0.040850065089762209,-0.057599266059696674,-0.0857673592865467,-0.090509854257106781,-0.078653933746474128,-0.083661941190560654,-0.1092854452629884,-0.13292568922042847,-0.13543136045336723,-0.1486420507232348,-0.15984617918729782,-0.17544873307148615,-0.17564431577920914,-0.14028347283601761,-0.10188119485974312,-0.088715918362140656,-0.056989440073569618,-0.0250006343703717,-0.012618361230124719,-5.5736396461725235E-05,0.047845695167779922,0.041499871760606766,0.049865011125802994,0.050275905678669609,0.056979484856128693
0.56481822331746423,0.47433817014098167,0.329256010055542,0.26899861863681246,0.236282554268837,0.20519486268361409,0.23711055381731552,0.24481902768214545,0.22006688391168913,0.17742001364628474,0.03911302112042904,0.047204142937866539,0.054166208124823041,0.085390265285968783,0.085943567256132766,0.041104174777865411,-0.019661860819905997,-0.047354017850011587,-0.071529077365994453,-0.096785385693822584,-0.10734937020710536,-0.09778551384806633,-0.10222209138529641,-0.12598462589085102,-0.14505254626274108,-0.14298109213511148,-0.14883684260504587,-0.15741584946711859,-0.1595740258693695,-0.15574608370661736,-0.14612673968076706,-0.13415327668190002,-0.10693704336881638,-0.064764654884735748,-0.022830500073420506,0.021030779404100031,0.044632486999034882,0.047845382243394852,0.042806841433048248,0.0337612871080637,0.021039864203582209,0.025083954446017742
0.57404465476671851,0.51085317310164957,0.43095007964542936,0.36378265704427448,0.28821712617690748,0.21648116211096447,0.19902487443043634,0.19970315580184644,0.21228057270248732,0.20442642830312252,0.1933800388466228,0.13607690545419851,0.088415508158504963,0.093237786740064624,0.075264491140842438,0.036761517403647304,-0.0095519475347828117,-0.044842261355370283,-0.071340937167406082,-0.10578011845548947,-0.11462145764380693,-0.10567254573106766,-0.11492689166750227,-0.13437861502170562,-0.12770773619413375,-0.10939656496047974,-0.11108635179698467,-0.10949897468090057,-0.08945619811614354,-0.10297944148381551,-0.10156658291816711,-0.0721865720115602,-0.08181604867180188,-0.022989605087786913,0.01457654188076655,0.025395611921946209,0.029647070914506912,0.027074922574684024,0.029466602951288223,0.022278930060565472,0.011667863698676229,0.0018572728149592876
0.55679957403077018,0.51016107574105263,0.40891291499137877,0.33724262083277984,0.26640384793281557,0.19861378967761995,0.15193507992304289,0.14611986093223095,0.161495012541612,0.15176706130688006,0.17158902149934036,0.18176235935904764,0.15006183291023428,0.10819431394338608,0.054655165665528992,0.020196570141706616,-0.021523337423180539,-0.049653664696961641,-0.076507918536663055,-0.10017839074134827,-0.11401039149080004,-0.11657860428094864,-0.13006635755300522,-0.14186140894889832,-0.13825718313455582,-0.12792369909584522,-0.1285853624343872,-0.12431198358535767,-0.0883637797087431,-0.062000764533877373,-0.054843664169311523,-0.011677810301383337,0.012618371285498142,0.020561948418617249,0.0051271070939643932,0.0075512935873121023,-0.0069432302843779325,-0.024165414273738861,-0.01843093684874475,-0.015889944043010473,-0.0053193341009318829,-0.013591996549318234
0.52368262079026962,0.47523527219891548,0.36144885245491476,0.27628691328896415,0.22890977561473846,0.17357398684208208,0.12878022342920303,0.1208266998330752,0.11792151257395744,0.081481724356611565,0.09843091294169426,0.097961486130952832,0.070094163219134017,0.016755111473189158,-0.037288076430559161,-0.035491339862346649,-0.031527219961086907,-0.055760815739631653,-0.073157470673322678,-0.0947225883603096,-0.11157943457365036,-0.11852438449859619,-0.119084807112813,-0.12081599483887355,-0.11322344839572907,-0.10040086060762406,-0.10396956155697505,-0.09878096729516983,-0.067298796027898788,-0.045236832151810326,-0.04223661869764328,-0.030073896050453186,-0.010144275147467852,0.0015495410189032555,0.0069051928197344141,-0.0063261770410463214,-0.015657351352274418,-0.036422287113964558,-0.0491973323126634,-0.043730288743972778,-0.032646743580698967,-0.035901278257369995
0.46435741374367162,0.40866664424538612,0.31386903085206685,0.25468044845681442,0.20081367293993632,0.15867239675101111,0.11502421600744128,0.075090280867048678,0.064987645699427679,0.063989914208650592,0.07444136279324691,0.049486502446234225,-0.0016968386674610276,-0.0538813771886958,-0.080780600508054093,-0.069266135139124732,-0.050911995023489,-0.053337269276380536,-0.061745729297399521,-0.0764699603120486,-0.096287390589714056,-0.10971976816654205,-0.1178761621316274,-0.10843412764370441,-0.085968440398573875,-0.07585906734069188,-0.068406984210014343,-0.064223479479551315,-0.06298463512212038,-0.0599836241453886,-0.071156919002532959,-0.065835052480300263,-0.046224851161241531,-0.010769066167995334,-0.0019746112211578293,-0.007935914327390492,-0.023253705352544785,-0.045010392864545189,-0.058766181270281471,-0.058317318558692932,-0.056964831426739693,-0.048069735368092857
0.39762143527760224,0.35354937525356517,0.27086308861480041,0.23833500314503908,0.2060039560584461,0.15189320221543312,0.12153022692484014,0.12571842819452286,0.089188721496611834,0.090622734278440475,0.076538814107577,0.039545274738754542,0.012428212186528577,-0.043574926210567355,-0.078030415943690715,-0.069148943449060127,-0.06397379413247109,-0.071763748923937484,-0.084297778705755874,-0.098266949256261185,-0.11227515712380409,-0.1167457178235054,-0.11287596449255943,-0.093422096222639084,-0.0913674384355545,-0.074480216950178146,-0.075526423752307892,-0.092511554559071854,-0.10604800656437874,-0.1003551296889782,-0.10358849912881851,-0.097456049174070358,-0.083345659077167511,-0.040915772318840027,-0.01728878915309906,-0.014031068189069629,-0.027910704724490643,-0.038515456020832062,-0.062199901789426804,-0.066276811063289642,-0.079091370105743408,-0.0754324458539486
0.33855728016180153,0.32151815996450539,0.28338619694113731,0.2103876655592638,0.1409004612692765,0.12874463989454157,0.09534877698336329,0.083311716360705237,0.068125207970539725,0.039193554602276817,0.020735349847070341,0.031524144917387857,0.047634961782023311,0.0042600421251596087,-0.025129779707640409,-0.04355250187218189,-0.059443154682715736,-0.07247355580329895,-0.099461001654465989,-0.10483443364501,-0.10711502656340599,-0.11487129827340444,-0.11173303673664729,-0.0977967344224453,-0.090653367340564728,-0.0960739329457283,-0.10807914659380913,-0.12430959567427635,-0.14098230749368668,-0.14391844968001047,-0.13199777156114578,-0.12290488928556442,-0.098840467631816864,-0.070870697498321533,-0.047511821612715721,-0.038256158120930195,-0.044777184724807739,-0.057924099266529083,-0.077930949628353119,-0.086319621652364731,-0.10459960624575615,-0.0969536229968071
