SouthSea_Web/demo/jsonfile/2017-12-15-22.json
{"header": {"parameterUnit":"m.s-1","parameterNumber":2,"dx":0.1,"dy":0.1,"parameterNumberName":"Eastward current","la1":29.0,"la2":12.0,"parameterCategory":2,"lo2":131.0,"nx":250,"ny":171,"refTime":"2017-12-15T22:01:52.5","lo1":106.0}, "data":
[rows 114 to 132 of 171, columns 126 to 167 of 250]
0.10684443265199661,0.054563086479902267,-0.0066476236097514629,-0.002014900092035532,-0.064499743282794952,-0.11493055894970894,-0.096309814602136612,-0.15168058765786036,-0.17491897727761949,-0.13331789802759886,-0.083965825763615692,-0.034395825547667652,0.0019186604102807386,0.017835622390165277,0.0080663160042604432,0.00578608598961081,0.015087287353318451,0.018730786349781713,-0.027662688087730203,0.0,0.0,0.0,0.0,0.0,0.0,0.0,0.0,0.0,0.0,0.0,0.0,0.0,0.0,0.0,0.0,0.0,-0.047979279368290467,-0.0030551845883275124,0.05151314302278099,-0.061505762761673674,-0.15878734382845106,-0.22660712328027277
0.0,0.11104168370366097,0.037933812476694584,0.0014506673905998468,-0.010039641987532377,-0.02445929916575551,0.0016604265663772821,-0.074453714614113167,-0.13354607298970223,-0.11761572531291417,-0.082611179910600185,-0.040295172979434329,-0.035491229079308961,-0.013525354046443547,-0.015016117078873018,-0.0022000457433932752,0.046804522846027145,-0.10050321630449223,-0.18567064588021884,0.0,0.0,0.0,0.0,0.0,0.0,0.0,0.0,0.0,0.0,0.0,0.0,0.0,0.0,0.0,0.0,0.0,-0.056934157376801055,-0.050304521320246251,-0.021038068290645428,-0.075762812774910621,-0.0954106518245758,-0.18849331268242428
0.14528202265501022,0.11426714062690735,0.0750191081315279,0.025612091645598412,0.051311517755190529,0.05056453744570414,0.047418870031833649,-0.013814668791989485,-0.069744077644177851,-0.068569635972380638,-0.058599244803190231,-0.026942225111027559,-0.03738852793520147,-0.078989467867042709,-0.044319742843508723,-0.013706472326791095,0.059055408540255643,0.022005889057795314,0.040884070318497834,0.026551008699564536,0.0,0.0,0.0,0.0,0.0,0.0,0.0,0.0,0.0,0.0,0.0,0.0,0.0,0.0,0.0,0.0,-0.02729861736013715,-0.040276835095910561,-0.1063340779608198,-0.14425855457455247,-0.066163783014382957,-0.12119512303787119
0.16357599198818207,0.0,0.095947537571191788,0.078308114161094025,0.095663506537675858,0.073063349972168609,0.054893854260444644,0.028385344427078962,0.00064087100327014923,-0.010940210297121666,-0.0060954762157052755,0.009506467617029557,-0.018979336973279713,-0.080602443015033554,-0.064539147540926933,0.02189328301196488,0.0093226105038558826,0.072758959377543966,0.016954601395409555,0.0,0.0,0.0,0.0,0.0,0.0,0.0,0.0,0.0,0.0,0.0,0.0,0.0,0.0,0.0,0.0,0.0,0.0,-0.036563537646240242,-0.044668201822090886,-0.11068315083948557,-0.0196203426954138,-0.059947670023474425
0.15891605615615845,0.12003032490611076,0.11238621920347214,0.11850544065237045,0.12413120766480763,0.085613160704572991,0.045632681995630267,0.040995517373085023,0.044044552636998038,0.036595765966922045,0.039191705640405416,0.048053131128350891,0.00579852895316435,-0.033557107237478095,-0.048656068845755525,0.0012966867070645094,0.055236055335450555,0.09559996045298047,0.062925217378263676,0.0,0.0,0.0,0.0,0.0,0.0,0.0,0.0,0.0,0.0,0.0,0.0,0.0,0.0,0.0,0.0,0.0,0.0,0.0,-0.12638807640772085,-0.029176448190434554,0.044155339013929637,0.025588735473266913
0.0,0.15148212015628815,0.16251356899738312,0.14525371417403221,0.14987375338872275,0.14396452344954014,0.099396206438541412,0.052524913102388382,0.038469473520914711,0.03505096398293972,0.04792431928217411,0.067394278477877378,0.021620914689265192,0.000674697143646578,0.0091547923123774435,0.0294529834005516,0.0875006497583606,0.08198724392180641,0.021239248308120295,0.0,0.0,0.0,0.0,0.0,0.0,0.0,0.0,0.0,0.0,0.0,0.0,0.0,0.0,0.0,0.0,0.0,0.0,0.0,-0.070691600162535909,0.031102325083338656,0.12468131452512282,0.063058271624699791
0.16647390027840933,0.19557036459445953,0.1746312603354454,0.1553542266289393,0.16598875323931375,0.18531061708927155,0.16805969178676605,0.097190973659356431,0.043108805481876643,0.039013920351862907,0.055573144129344394,0.070004273738179884,0.024089650199231174,0.0041771523188799623,0.014212021900510246,0.045296729487531329,0.082977773113684219,0.067176044156605552,0.032062978882874758,0.0,0.0,0.0,0.0,0.0,0.0,0.0,0.0,0.0,0.0,0.0,0.0,0.0,0.0,0.0,0.0,0.0,0.0,0.0,0.0,0.15149637311697006,0.1538652190938592,0.0779663014691323
0.16428785026073456,0.18720036745071411,0.1960170716047287,0.19286993891000748,0.18156282107035318,0.1925731897354126,0.21018719673156738,0.17734043672680855,0.10865780338644981,0.057203770428895948,0.069410671080861769,0.083644099533557892,0.044982277788221836,-0.016970741655677558,-0.022879898473749764,0.0037152896901326521,0.037350654823967488,0.053922415827400982,0.24494912351171175,0.0,0.0,0.0,0.0,0.0,0.0,0.0,0.0,0.0,0.0,0.0,0.0,0.0,0.0,0.0,0.0,0.0,0.0,0.0,0.0,0.14743673056364059,0.15356696871193973,0.084272370487451551
0.15486840903759003,0.18223601579666138,0.23113633692264557,0.22319928556680679,0.20320180058479309,0.19489072759946188,0.20215071737766266,0.21135339438915252,0.18493851125240327,0.12322983784335,0.094479403458535671,0.0883244127035141,0.048460869517709525,-0.040219970936463637,-0.048512643410099879,-0.057267164501051106,-0.07145996717736125,-0.0092709909658879042,0.0,0.0,0.0,0.0,0.0,0.0,0.0,0.0,0.0,0.0,0.0,0.0,0.0,0.0,0.0,0.0,0.0,0.0,0.0,0.0,0.25489896039168042,0.27183569636609817,0.1776409877034334,0.0444553108420223
0.1791292279958725,0.19589588046073914,0.23296576738357544,0.24055518954992294,0.2323095053434372,0.21318126221497855,0.1993179887533188,0.17018128718648637,0.17985537946224212,0.16917871790272848,0.13002854834000269,0.084045708179473877,0.021194089100592665,-0.07613768904573387,-0.079406868666410446,-0.0902742553840984,-0.092895183712244034,-0.044028714964432378,0.0,0.0,0.0,0.0,0.0,0.0,0.0,0.0,0.0,0.0,0.0,0.0,0.0,0.0,0.0,0.0,0.0,0.0,0.0,0.0,0.34864782435553415,0.2863656461238861,0.14108113365040886,0.024936381867155431
0.0,0.19153383374214172,0.21951936185359955,0.23018890619277954,0.22883694370587668,0.21491203208764395,0.197137074811118,0.15234026312828064,0.15363660082221031,0.16627229750156403,0.15169212553236219,0.089581247419118881,-0.015798662789165974,-0.066991653162403964,-0.036917186737991867,-0.064538174667037457,-0.0579215653706342,-0.0457525019764607,0.0,0.0,0.0,0.0,0.0,0.0,0.0,0.0,0.0,0.0,0.0,0.0,0.0,0.0,0.0,0.0,0.0,0.0,0.0,0.25115543107191723,0.28178234895070392,0.19922441182037196,0.087612022459506986,-0.010050550206667848
0.20910517871379852,0.21851123124361038,0.22779963165521622,0.22862483561038971,0.21563342809677125,0.20859786570072175,0.20272576622664928,0.1841993797570467,0.15249314717948437,0.15028035640716553,0.13223402798175812,0.069996430937732973,-0.0067814379872288555,0.0095133280265145,-0.055175236529774137,-0.095953781571653157,-0.077689227337638542,-0.0095579936169087887,0.0,0.0,0.0,0.0,0.0,0.0,0.0,0.0,0.0,0.0,0.0,0.0,0.0,0.0,0.0,0.0,0.0,0.0,-0.01109875583400329,0.13523891488356249,0.20462193678725849,0.10018177268405755,0.044231365253734917,-0.042039449055058263
0.20726113021373749,0.211311141649882,0.21814362704753876,0.22481950124104819,0.22706235200166702,0.2249454196010317,0.21867752633988857,0.22157319821417332,0.1905617978837755,0.15949905557291849,0.12924267103274664,0.11547128607829411,0.10455046299224098,0.049681806936860085,-0.063593503398199872,-0.069205497495002211,-0.014594389242120087,0.030831950561453898,0.0,0.0,0.0,0.0,0.0,0.0,0.0,0.0,0.0,0.0,0.0,0.0,0.0,0.0,0.0,0.0,0.0,0.0,0.090119943022727966,0.10675279034132307,0.10184590208033721,0.04206732250750065,-0.022868579332928428,-0.073481209237467163
0.20988869667053223,0.20518273115158081,0.20844625433286032,0.20857866605122885,0.21604564040899277,0.2214705248673757,0.21320097810692257,0.21886856428214482,0.21620582375261518,0.18779479818684713,0.13808637112379074,0.097294117510318759,0.1205451712012291,0.0,-0.01944658162149911,-0.036813955620995591,0.0083636572687990143,0.020864785634330474,0.0,0.0,0.0,0.0,0.0,0.0,0.0,0.0,0.0,0.0,0.0,0.0,0.0,0.0,0.0,0.0,0.0,0.0,0.058233377709984782,0.13594513013958931,0.053980418201535943,-0.022160934095154516,-0.076897129416465759,-0.11669092997908592
0.20221735537052155,0.2057991549372673,0.19953251630067825,0.19448897987604141,0.19753282368183137,0.19084686599671841,0.19301367737352848,0.217804192006588,0.2182804811745882,0.18483087751600477,0.12294358440807887,0.050380910048261285,0.0,0.0,0.0,-0.0513464204967022,-0.016897911787964404,-0.0037939442748514316,0.0037686082068830729,0.0,0.0,0.0,0.0,0.0,0.0,0.0,0.0,0.0,0.0,0.0,0.0,0.0,0.0,0.0,0.029890527948737144,0.16317607648670673,0.37714618444442749,0.20021925568580629,0.016244487578256264,-0.08198441490530968,-0.13002406992018223,-0.18778749741613865
0.1935274749994278,0.1929935117562612,0.18609709541002908,0.1871616430580616,0.187613844871521,0.1773953860004743,0.165533646941185,0.19331226944923402,0.2067955881357193,0.16032020341266284,0.10421870928257704,0.027350785443559289,0.0,0.0,0.0,-0.006658201028282444,-0.047915492672473192,-0.085757288460930184,-0.074180826544761658,0.0,0.0,0.0,0.0,0.0,0.0,0.0,0.0,0.0,0.0,0.0,0.0,0.0,0.022538886405527592,0.0511420116138955,0.077192860256348333,0.25175944529473782,0.26799340711699593,0.15186383864945835,-0.031073209169941645,-0.14424611106514931,-0.20512305572628975,-0.26444808952510357
0.1835932657122612,0.1837939073642095,0.1749237428108851,0.16451714932918549,0.1673821359872818,0.18674116049494063,0.18326031565666198,0.18081061244010926,0.17323991283774376,0.12345328046516939,0.0756145496852696,0.013770528137683868,0.0,0.0,0.0,0.0,0.0,0.0,0.0,0.0,0.0,0.0,0.0,0.0,0.0,0.0,0.0,0.0,0.0,0.0,0.0,-0.055080002439873557,0.00014668924268335104,0.10477096756750887,0.21385656856000423,0.22477337447079746,0.14215343166142702,0.023132446128875016,-0.10805241763591766,-0.21342894163998691,-0.26662532053887844,-0.31538515537977219
0.1743815541267395,0.17986471951007843,0.18061492840449014,0.16898908838629723,0.16017675027251244,0.18102808935301645,0.19210532158613206,0.17420001626014708,0.15023374930024147,0.0983670602242152,0.058461812539742544,-0.018064281437546015,-0.017366175226925407,0.053457868285477161,0.0,0.0,0.0,0.0,0.0,0.0,0.0,0.0,0.0,0.0,0.0,0.0,0.0,0.0,0.0,0.0,-0.064965629329284028,-0.03977081421762705,0.076332102064043283,0.11931024409002727,0.15479443594813347,0.0909208176784556,0.0041566373780369762,-0.093848731782701283,-0.17811282277107238,-0.25524481572210789,-0.29175252467393875,-0.33555125072598457
0.17132654041051865,0.16316962738831839,0.16756836697459221,0.17800747230648994,0.17004852493604025,0.16846694903714315,0.15950403064489366,0.13956093937158584,0.12899666000157595,0.10242177993059158,0.064709971038003758,0.012762493720012052,-0.0053984922417709769,0.046958644768561826,0.0,0.0,0.0,0.0,0.0,0.0,0.0,0.0,0.0,0.0,0.0,0.0,0.0,0.0,0.0,0.0,0.022535742984877691,0.035107973370362415,0.047120322729460894,0.0422050301451236,0.011630589015443216,-0.064306508919054817,-0.12617841213941575,-0.1833545689781507,-0.22461043463812935,-0.26344916886753506,-0.29317106306552887,-0.34632136755519444
