SouthSea_Web/demo/jsonfile/2017-12-14-20.json
{"header": {"parameterUnit":"m.s-1","parameterNumber":3,"dx":0.1,"dy":0.1,"parameterNumberName":"Northward current","la1":29.0,"la2":12.0,"parameterCategory":2,"lo2":131.0,"nx":250,"ny":171,"refTime":"2017-12-14T19:58:07.5","lo1":106.0}, "data":
[rows 133 to 151 of 171, columns 129 to 171 of 250]
0.088177729398012161,0.11298384889960289,0.13523169979453087,0.14828652329742909,0.15694847702980042,0.17333495285775927,0.14318017330434588,0.0905308686196804,0.022089167068210933,-0.00432014698166809,0.036081877586088683,0.0,0.0,0.0,0.0,0.0,0.0,0.0,0.0,0.0,0.0,0.0,0.0,0.0,0.0,0.0,0.0,0.11441963414351146,0.19511267407373947,0.28214023709297181,0.32519507706165313,0.309910860326555,0.26537057757377625,0.20577726364135743,0.14900262902180353,0.11907505989074707,0.11733573840724097,0.19731531105935574,0.30892565349737805,0.33608883246779442,0.29454974085092545,0.23551479194845473,0.20458159781992436
0.074914801865816116,0.0755329430103302,0.097940482199192047,0.12188419037395054,0.132913401350379,0.13812881775877692,0.093195596201853317,0.037104766138575294,-0.024935306515544653,-0.0687380161668573,0.017272961209528148,0.0,0.0,0.0,0.0,0.0,0.0,0.0,0.0,0.0,0.0,0.0,0.0,0.0,0.0,0.0,0.0,0.10765424370765686,0.22997837581417777,0.27266010310914779,0.31446172432465985,0.287654771046205,0.22670100132624307,0.15502289682626724,0.099203254282474521,0.070549703203141689,0.1009849077090621,0.21862952262163163,0.30046318471431732,0.30354432974542889,0.28628731518983841,0.24643164500594139,0.21343961689207289
0.058101603140433632,0.071832674245039627,0.0856775598866599,0.084551432894335851,0.10819132874409358,0.10565211127201717,0.067963062061203852,0.017462659135667816,-0.049285084754228589,-0.10324827581644058,-0.011694973101839423,0.0,0.0,0.0,0.0,0.0,0.0,0.0,0.0,0.0,0.0,0.0,0.0,0.0,0.0,0.0,0.060011526569724083,0.1692569007476171,0.26707652424063,0.30522849884900177,0.31175227297676933,0.26759020442312414,0.16424179144880988,0.088918178031841918,0.054575917311012745,0.03562491536140442,0.077672476569811508,0.17796049080789089,0.24466146901249886,0.25713799335062504,0.25429405122995374,0.2573101818561554,0.24027163121435377
0.052559647709131241,0.069433131720870733,0.075318827293813229,0.06943189911544323,0.081614640023973256,0.069888697090474045,0.028615707117650244,-0.0099675670887033139,-0.066835452429950232,-0.11624260743459065,-0.048293026125368975,0.0,0.0,0.0,0.0,0.0,0.0,0.0,0.0,0.0,0.0,0.0,0.0,0.0,0.0,-0.020487630739808083,0.037206788873299958,0.22060784325003624,0.29851223528385162,0.29562625059714687,0.28260554745793343,0.23622266948223114,0.16078070054451624,0.094742630693045532,0.042067096145315605,0.036859234794974327,0.063175162672996527,0.12011599126789305,0.18719418942928315,0.22341300919651985,0.23340256181028155,0.23823327985074785,0.22058047519789803
0.07497593536972999,0.084859387949109077,0.078626370855740133,0.07104110634989208,0.052326919045299292,0.0354392280181249,-0.0027578704015468248,-0.020722280256450176,-0.071559780700640244,-0.13624664502484457,-0.10542244464159012,0.0077683373043934507,0.0,0.0,0.0,0.0,0.0,0.0,0.0,0.0,0.0,0.0,0.0,0.0,0.0,-0.033507444546557963,0.0096687743440270427,0.11985374762055774,0.21961821864048639,0.22064605686399672,0.21639589096109071,0.17284882068634033,0.11950781941413879,0.072195263952016836,0.030841541269587144,0.00886234687641263,0.017122519051190464,0.049887995561584832,0.11164574325084686,0.16673259586095809,0.18665942549705505,0.19140186228535391,0.16920881159603596
0.090166355669498446,0.10028605312108993,0.0866811213394006,0.0573889440856874,0.03114648424088955,0.0072471594612579793,-0.021492508705705404,-0.034156525093648166,-0.075585653539747,-0.13262761053111818,-0.13672725204378367,-0.032980382815003394,0.0,0.0,0.0,0.0,0.0,0.0,0.0,0.0,0.0,0.0,0.0,0.0,0.0,-0.038292258977890015,-0.037635652880583494,0.0066739205503836274,0.083877895027399063,0.1298869952559471,0.14920397624373435,0.14502929709851742,0.1002141147851944,0.068017162755131727,0.012586323036388918,-0.034941217489540578,-0.044432919980450111,-0.028303234605118632,0.019461685377690528,0.072783006355166435,0.093819325789809227,0.097933452576398849,0.1241450160741806
0.0988877322524786,0.083744060993194577,0.073399818369320455,0.042338057421147823,0.015388775430619717,-0.0033813804271630942,-0.019936294411309063,-0.041758523407307541,-0.0760062655640973,-0.11267774339233126,-0.1614882562841688,-0.040239954832941294,0.0,0.0,0.0,0.0,0.0,0.0,0.0,0.0,0.0,0.0,0.0,0.0,0.0,0.0,-0.042383294707785048,-0.027098387117601104,-0.029539953218773007,0.010719570641716322,0.070107636507600546,0.12197607159614562,0.064310907978903167,0.016460954321701138,0.0079555933662049938,-0.000748026417568326,0.0083234543562866747,0.028524353013684351,0.05128641910851002,0.058804807439446452,0.062365586310625075,0.075382337905466557,0.093008127808570859
0.050108088180422783,0.059985149651765823,0.04926881779517446,0.017681312148592303,0.006835802472778596,0.015215440886095166,0.0061811931427655509,-0.029912549769505858,-0.067453477159142489,-0.10023937970399857,-0.13818385132721492,-0.030127787563417639,0.0,0.0,0.0,0.0,0.0,0.0,0.0,0.0,0.0,0.0,0.0,0.0,0.0,0.0,0.0,0.048573265410959722,-0.041992558505047455,-0.13350639243920645,0.0,0.13878628611564636,0.0066188882504190716,-0.051925089210271835,-0.0318026764143724,0.006250946803695776,0.043051527192195259,0.079983916472304947,0.08549886271357536,0.070331589132547376,0.06237576032678286,0.06080295518040657,0.054285976104438305
0.006157181691378355,0.0299050185829401,0.022426723968237638,-0.0028175996558275074,0.014819843599980231,0.037943353669510946,0.021787663229042666,-0.023279546863502927,-0.051292246828476586,-0.077382233925163746,-0.12054884975606744,-0.083350211381912231,-0.11972788721323013,-0.0022322253013650575,0.0,0.0,0.0,0.0,0.0,0.0,0.0,0.0,0.0,0.0,0.0,0.0,0.0,0.013944287629177174,-0.033132288471928666,-0.10798551961779594,0.0,0.0,0.0,-0.10664113014936447,-0.13676998484879732,-0.042199755785986781,0.016308971667765744,0.073048723014918243,0.088833533972501752,0.085149731487035751,0.0779434268673261,0.057947056988875069,0.024591690550247829
-0.024395552347414196,-0.0021807453158544376,-0.0041156722698360683,-0.006768377780515168,0.011257897279897912,0.036956216674298048,0.021043734822887926,-0.017150011984631418,-0.03977951354214123,-0.073511018417775631,-0.144095029681921,-0.137032065126631,-0.030196740292012691,0.033153027722922467,0.023208775724924635,0.0,0.0,-0.059550800671180092,0.0,0.0,0.0,0.0,0.0,0.0,0.0,0.0,0.0,-0.05949690192937851,-0.052047791994280286,-0.05526784297544509,-0.18675794700781503,-0.10279330611228943,-0.049353700729885271,0.020973680540919304,-0.10551301240921021,-0.059960470845301948,0.028107134159654379,0.035350894710669913,0.038277231410823086,0.074609460817141968,0.081194494333532125,0.073432254181666809,0.043000506237149239
-0.065106410533189774,-0.021701769903302193,-0.0068659681516389055,0.0030072736117290333,0.014322468684986234,0.026725619565695524,0.01306945679243654,-0.014101181109435857,-0.036351811140775681,-0.076648611109703779,-0.15220714236299196,-0.17036524415016174,-0.054670003708451986,-0.011864889180287719,0.0,0.0,0.0,0.0068701569922268394,0.021201709002655531,0.018439395911991598,-0.046632706187665462,0.0,0.0,0.0,0.0,0.0,0.0,0.003871208056807518,0.10624874928700072,0.013027011989974059,-0.23609059154987336,-0.27961322665214539,-0.11143620642410083,-0.0034752021731239641,-0.047540156170725822,-0.045043486170470715,0.018803040524396825,0.025786296650767326,0.0511649495197667,0.056947144493460652,0.032444598567154675,0.045676645124331117,0.045023117383772675
-0.0694214828312397,-0.033084434270858762,-0.010010966255019108,-0.00341180688285801,-0.00057345478562638159,0.017938222852535546,0.0065821394324302677,-0.012929741722473409,-0.040590101154521108,-0.084739798679947853,-0.14561153203248978,-0.18065875954926014,-0.11900357156991959,-0.01459443878213113,0.007733007165370509,-0.016714144498109818,0.0,0.010129400606577596,0.031276261346647516,0.0060826559995555063,-0.028300863062031566,-0.0087391221895813942,0.0,0.0,0.0,0.0,0.0,0.079092136273781463,0.079836991926034287,-0.014374286308884621,-0.19747468829154968,-0.16466557011008262,-0.097260197831524745,-0.060449968684803353,-0.063921711511082113,-0.042180040681904014,0.016794951124624771,0.021488774102181196,0.029700166752768889,0.039311809092760087,0.010974813459648026,-0.037072685640305282,-0.068465717602521181
-0.077007083222270012,-0.05954265408217907,-0.039288758965475221,-0.028405270406178067,-0.024797186789025243,0.00936849795980379,0.0037029241357231513,-0.0096016849468772616,-0.036120137369090859,-0.0673007174498505,-0.11972250491380691,-0.16455476392399182,-0.13632448431518343,-0.03916593175381422,0.0074628963549104,0.00264136865735054,0.0,-0.045446647331118584,-0.028721385286189616,-0.020157457484553259,-0.014419761473416455,-0.020851494744420052,0.0,0.0,0.0,0.0,0.0,0.0487925224006176,0.018968004360795022,-0.036726827955466106,-0.14931331078211466,-0.13109865107319571,-0.11165036735209552,-0.0811488398661216,-0.065223301574587819,-0.016726617177482694,0.02456117868423462,0.0074113640439463779,-0.011657465217550371,0.0027381249470636248,0.013163051930152707,-0.028341353767448,-0.10998947421709697
-0.091036236286163336,-0.083317859098315239,-0.062204147689044476,-0.06189060459534327,-0.071547229308635,-0.027955054447779223,-0.010920989280566572,-0.0035879388684406876,-0.016651585232466459,-0.051506095989183945,-0.1030830896713517,-0.16749505021355368,-0.16499375800291696,-0.064508233736786574,0.018341824962084904,-0.010742065205704421,-0.029465002170763911,-0.038887056832512222,-0.028259051777422429,-0.062416972219944,0.0,0.0,0.0,0.0,0.0,0.0,0.0,0.0,-0.02021597166146551,-0.04955737963318825,-0.12878642044961453,-0.0962336805056442,-0.11210775646296414,-0.10171405076980591,-0.085341897606849668,-0.045980823040008542,0.02106241767548702,-0.01096992208622396,-0.040699375896818109,0.0017603833059018309,0.013782079642017683,-0.0087057412209105671,-0.086632500961422915
-0.1129290871322155,-0.10113866329193115,-0.096997493079730449,-0.11048068199306727,-0.11754853278398514,-0.079458131268620488,-0.039758285041898489,-0.021820431901142003,-0.034906698390841484,-0.055218588560819626,-0.084359578788280487,-0.14804056783517203,-0.17995819449424744,-0.12437846097681257,-0.04674320004414767,-0.042608591145835817,-0.096352018415927887,-0.048225545138120648,-0.023954519381125767,0.0,0.0,0.0,0.0,0.0,0.0,0.0,0.0,0.0,-0.060423031449317932,-0.072682230422894165,-0.063725194069915087,-0.026977780084549027,-0.10633201400438945,-0.11327831633388996,-0.0970590031809277,-0.10293973702937365,-0.0251445472240448,0.044548911042511463,-0.051052742870524526,0.028320884052664041,0.017295510296455839,0.0020108078824705444,-0.053282011020928624
-0.11361629888415337,-0.12018025666475296,-0.1268974170088768,-0.13654834280411402,-0.14568744599819183,-0.10476928502321244,-0.068528685304853648,-0.064677032828331,-0.069155757211976587,-0.076443657899896308,-0.10923296275238197,-0.14538479170628957,-0.20937787131829697,-0.19257927889173682,-0.10107971769240168,-0.072467565122577876,-0.11451028949684566,-0.11697952076792717,0.0,0.0,0.0,0.0,0.0,0.0,0.0,0.0,0.0,0.0,0.0,-0.080459719693118881,-0.088174382394010375,0.00859235641029146,-0.092693481180402965,-0.1365434592589736,-0.036610063217166394,0.0,0.0,0.0,0.0,0.0,0.011562333442270756,-0.0058068603859283028,-0.024178417283110321
-0.12711767666041851,-0.13705254594484964,-0.1393116464217504,-0.14690212607383729,-0.14956964924931526,-0.12357439017958111,-0.11261005947987239,-0.11346516236662865,-0.10455652177333832,-0.10978865126768748,-0.1663784860418393,-0.21615600905248097,-0.24875962095601217,-0.20674311717351276,-0.059966904326127127,-0.036401394444207348,-0.058193461271002889,-0.029666651971638203,0.0,0.0,0.0,0.0,0.0,0.0,0.0,0.0,0.0,0.0,0.0,-0.052850601263344288,-0.048143993301147762,-0.054280184209346771,-0.057632147148251531,-0.0487404391169548,-0.0334261953830719,0.0,0.0,0.0,0.0,0.0,0.0,-0.010766572464490309,-0.022866984363645315
-0.13161500791708627,-0.12719578295946121,-0.12572739832103252,-0.14745540022850037,-0.13824547614370072,-0.13949431904724666,-0.144730868935585,-0.13324415683746338,-0.14258600473403932,-0.17609888315200806,-0.24502538259212786,-0.25682446584105489,-0.1910985271845545,-0.070243972793428436,0.031809792339213584,0.0760348856759568,0.0584762342274189,0.10333792306482792,0.0,0.0,0.0,0.0,0.0,0.0,0.0,0.0,0.0,0.0,0.0,0.0,0.0037846802733838558,-0.0155166353409489,-0.047649980833133064,-0.021870594064239413,0.070284910500049591,0.0,0.0,0.0,0.0,0.0,0.0,0.0,-0.036007425189018248
-0.13583168387413025,-0.13833708316087723,-0.15583620220422745,-0.16030320276816687,-0.15358280539512634,-0.14839526638388634,-0.12746188541253409,-0.12585486637221444,-0.17325912788510323,-0.26913231955124783,-0.31963748265715208,-0.16285036675149708,-0.080247549689374864,-0.056867346167564392,0.00940609092504019,0.0904716110151065,0.14181818999350071,0.14300761496027312,0.0,0.0,0.0,0.0,0.0,0.0,0.0,0.0,0.0,0.0,0.0,0.0,0.0,0.0,0.013428343459963799,-0.026035520830191672,0.0,0.0,0.0,0.0,0.0,0.0,0.0,0.0,-0.0216164572048001
