SouthSea_Web/demo/jsonfile/2017-12-16-09.json
{"header": {"parameterUnit":"m.s-1","parameterNumber":3,"dx":0.1,"dy":0.1,"parameterNumberName":"Northward current","la1":29.0,"la2":12.0,"parameterCategory":2,"lo2":131.0,"nx":250,"ny":171,"refTime":"2017-12-16T09:00:00","lo1":106.0}, "data":
[rows 133 to 151 of 171, columns 172 to 214 of 250]
0.057777266417230876,0.12986832298338413,0.19882041960954666,0.29150750570827061,0.37343631471906391,0.47036698460578918,0.55275967717170715,0.62252460207257954,0.676889169216156,0.73160204887390134,0.76407637198766076,0.780865490436554,0.785402312874794,0.79285297393798826,0.8007780909538269,0.80205736557642615,0.7896284659703573,0.76838711897532141,0.72553136944770813,0.6443760097026825,0.6143532395362854,0.58295756578445435,0.48251232504844666,0.41307735443115234,0.30983981490135193,0.19879260659217835,0.05186128243803978,-0.043556276708841324,-0.090268239378929138,-0.18707532435655594,-0.27198106050491333,-0.3040350079536438,0.0,-0.279209703207016,-0.24900831282138825,-0.21599650382995606,-0.17903590202331543,-0.13148733973503113,-0.045264631509780884,0.0,0.080065205693244934,0.088762983679771423,0.0
0.023576378356665373,0.093810757156461477,0.17177370770110023,0.28901966474950314,0.39639603760507369,0.4974861703813076,0.56711333138602116,0.62053028742472327,0.67478111386299133,0.70925343888146541,0.74142816662788391,0.75558075904846189,0.77615144848823547,0.79430443048477173,0.81069034337997437,0.8293432474136353,0.84140157699584961,0.80980340639750159,0.70381903648376465,0.67121511697769165,0.62181812524795532,0.57544678449630737,0.510770857334137,0.43305152654647827,0.33710113167762756,0.20154887437820435,0.05253949761390686,-0.035682957619428635,-0.080006442964077,-0.189717635512352,-0.28493019938468933,0.0,-0.32838618755340576,-0.32344447076320648,-0.30277636647224426,-0.27609619498252869,-0.18913809955120087,-0.10160843282938004,0.0,0.00858586560934782,0.0830124095082283,0.059166247025132179,0.011312734335660934
-0.026022525116180379,0.029432835523039103,0.12075373902916908,0.25289862155914306,0.41443049094893714,0.51369557446903658,0.56825573955263409,0.6060687833362155,0.64897892624139786,0.67605202396710717,0.699235737323761,0.72803746660550439,0.76303082704544067,0.78851232926050818,0.80728602409362793,0.82364228367805481,0.8353211681048075,0.80450121561686194,0.756247341632843,0.67363429069519043,0.62856635451316833,0.57464991013209021,0.52065274119377136,0.440832257270813,0.32162619630495709,0.0,0.13545991480350494,0.021837468259036541,-0.09065709263086319,-0.18839175999164581,-0.30640754103660583,-0.32136821746826172,-0.34874233603477478,-0.35603603720664978,-0.30053669214248657,0.0,-0.17895707488059998,-0.1354408860206604,-0.080120868980884552,-0.016633488237857819,-0.012486141175031662,0.017276335507631302,-0.0209503173828125
-0.0795972254127264,-0.028144367999630049,0.062498355284333229,0.20580502433909309,0.40430236756801607,0.485810574144125,0.54936271905899048,0.57968202978372574,0.61690499952861244,0.669626255830129,0.70062699488231117,0.74727448395320351,0.7843715101480484,0.79924696683883667,0.80758478244145715,0.80644198258717859,0.805582731962204,0.76130189001560211,0.71595481038093567,0.6500639021396637,0.62946546077728271,0.60755857825279236,0.54640656709671021,0.4650728851556778,0.0,0.24915789067745209,0.11139791086316109,0.0,-0.044800765812397,-0.21092968434095383,-0.29481214284896851,-0.32616260647773743,0.0,-0.35477875173091888,-0.30640828609466553,-0.27520716190338135,-0.21947544068098068,0.0,-0.10900095105171204,-0.069232694804668427,0.0,-0.068449318408966064,-0.04786074161529541
-0.12172219653924306,-0.063093993812799454,0.018133991840295495,0.14025750862700598,0.28864357281814923,0.43977243825793266,0.51465068923102486,0.58094469706217444,0.64396586269140244,0.70056116580963135,0.75230573862791061,0.78694256146748864,0.81639728943506873,0.83527065813541412,0.826358805100123,0.811271071434021,0.774760290980339,0.726621170838674,0.69992927710215247,0.66595163941383362,0.63790996869405114,0.61773458123207092,0.57056021690368652,0.52705919742584229,0.38407572110493976,0.27189281582832336,0.18059827387332916,0.044000992551445961,-0.086462218314409256,-0.16998265683650971,-0.25659111142158508,0.0,-0.3410535454750061,-0.37797656655311584,-0.32789158821105957,-0.2902168333530426,-0.25281170010566711,-0.17805673182010651,0.0,-0.1173449233174324,-0.09016149491071701,0.0,-0.093245826661586761
-0.083151839259597987,-0.041693141683936119,0.011146556864592381,0.10780768510368136,0.23272378146648406,0.37927168276574874,0.50289281904697414,0.598740965127945,0.6870219376352098,0.76845638619528878,0.813677277829912,0.8249550461769104,0.84934467077255249,0.87078343828519189,0.84577089548110962,0.81144425272941589,0.75650932788848879,0.71074539422988892,0.69782084226608276,0.67625729242960608,0.65793603658676147,0.6202552318572998,0.5731237530708313,0.48952171206474304,0.37110674381256104,0.26120690256357193,0.14230719208717346,0.0,-0.025402572937309742,-0.13936738669872284,-0.18830335140228272,-0.26063490658998489,0.0,-0.35967704653739929,0.0,-0.31432360410690308,-0.253816694021225,-0.21603024005889893,-0.14731627702713013,0.0,-0.12448664754629135,-0.11608070880174637,-0.16305382549762726
-0.075681899487972257,-0.058441007044166327,-0.024965035045170225,0.048305580654414371,0.15814749648173651,0.273504086666637,0.43085584470203947,0.61124964356422429,0.72749030590057373,0.81512199507819283,0.88539690441555452,0.88582278788089752,0.879396949495588,0.89609553984233314,0.86743423342704773,0.7922438383102417,0.73766924440860748,0.69269530475139618,0.67742790281772614,0.6727731625239054,0.6695655186971029,0.62698647379875183,0.568787008523941,0.51805636286735535,0.39015650749206543,0.26533588767051697,0.16510702297091484,0.056877565570175648,0.0024089172948151827,-0.10489931702613831,-0.22046267986297607,-0.29302647709846497,-0.30163401365280151,-0.32623255252838135,-0.3519708514213562,0.0,-0.27820396423339844,-0.23145367205142975,-0.20608296990394592,-0.17597377300262451,-0.18630437552928925,-0.20172525942325592,0.0
-0.086400882237487375,-0.067862930811113775,-0.042216455005109309,-0.012031944002956152,0.084614034742116928,0.1925448402762413,0.34686455792850918,0.53299671784043312,0.7289744973182678,0.85737012492285836,0.93811692794164026,0.96695680088467073,0.93068883154127335,0.91707457814897808,0.906255433956782,0.82791778445243835,0.7434280663728714,0.6817563652992249,0.65133436520894372,0.64795804023742676,0.66431701183319092,0.63720163702964783,0.60477665066719055,0.56754490733146667,0.428792268037796,0.30138473212718964,0.17200061678886414,0.074291069060564041,0.0,-0.083184663206338882,-0.1906413659453392,-0.27603444457054138,-0.286159873008728,-0.34088152647018433,-0.33253440260887146,-0.31914108991622925,0.0,-0.28396472334861755,-0.22774854302406311,-0.24003420770168304,-0.21833966672420502,-0.21671497821807861,-0.17339730262756348
-0.12111472752359179,-0.092188744805753231,-0.084772604983299971,-0.056575559079647064,0.0055343153886497024,0.11128727243178421,0.297013059258461,0.49367766578992206,0.67018777983529232,0.8493320420384407,0.96620588004589081,1.014288142323494,0.99318200349807739,0.9291931688785553,0.92114372054735816,0.88365189234415686,0.78979647159576416,0.71101655066013336,0.66490490734577179,0.63677571217219031,0.63536027073860168,0.61594662070274353,0.60248428583145142,0.5807572603225708,0.44222159186999005,0.34015059471130371,0.20549557358026505,0.071472475305199623,-0.050020810216665268,-0.15246525406837463,-0.16276434063911438,-0.23997113108634949,-0.31425380706787109,-0.34218397736549377,-0.350847989320755,-0.34568652510643005,-0.3202546238899231,-0.25556313991546631,0.0,-0.25388827919960022,0.0,-0.22102837264537811,-0.16749057173728943
-0.18792677919069925,-0.17922819323009914,-0.16632406413555145,-0.12567362189292908,-0.070292624541454851,0.026574971852824092,0.17250974369900568,0.35577620938420296,0.534646037966013,0.75755351036787033,0.93695059844425743,1.023297768831253,1.0300211906433106,0.962957481543223,0.92757609817716813,0.89986469064440044,0.83739404678344731,0.761158549785614,0.69239707291126251,0.67342700064182281,0.63733130693435669,0.6170596182346344,0.583207925160726,0.52628853917121887,0.0,0.34760667383670807,0.20450128614902496,0.098747327923774719,-0.014361211098730564,-0.11630921810865402,-0.21480433642864227,0.0,-0.29802873730659485,-0.35630986094474792,0.0,-0.35502362251281738,-0.34722253680229187,-0.31111472845077515,-0.2622796893119812,0.0,-0.24163509905338287,0.0,-0.1903601735830307
-0.22612947821617127,-0.23125621825456619,-0.16821659770276812,-0.10955172218382359,-0.0661014827589194,-0.021344645813639675,0.087518620097802743,0.2504519869883855,0.45193778617041452,0.64113856213433407,0.85462311655282974,0.97734532185963219,1.0283489972352982,1.0140948832035064,0.94519892334938049,0.89789571613073349,0.83576785666601994,0.7782973051071167,0.74531090259552,0.71324306726455688,0.66979126135508216,0.63056689500808716,0.58623439073562622,0.54739755392074585,0.45232240855693817,0.3634655624628067,0.2246842160820961,0.094897575676441193,-0.0047422535717487335,-0.1081123873591423,-0.19324035197496414,-0.28018328547477722,0.0,-0.33930662274360657,-0.35130748152732849,-0.35870620608329773,-0.34394720196723938,-0.32802343368530273,-0.2931799590587616,-0.25456172227859497,-0.25209397077560425,-0.23174014687538147,-0.21288031339645386
-0.20466793775558473,-0.16363982856273651,-0.11991116628050805,-0.0954955377512508,-0.066238903573581157,-0.039532830317815147,0.015050931251607835,0.15286335597435632,0.31050137430429459,0.57852752879261971,0.76830613613128662,0.94216932853062951,1.0038645352636064,1.0199535091718037,0.94143825024366379,0.86360760529836023,0.81862682955605648,0.76709569493929541,0.74161616961161292,0.70910349488258362,0.66577128569285071,0.60375022888183594,0.5505578716595968,0.47854936122894287,0.0,0.35627098381519318,0.28717613220214844,0.16839393228292465,0.020013689529150724,-0.086905457079410553,-0.14370684325695038,-0.23686420917510986,-0.26163485646247864,-0.31310969591140747,0.0,-0.32921034097671509,-0.34480422735214233,0.0,-0.28681030869483948,-0.23382085561752319,-0.23538334667682648,-0.24630527198314667,-0.19756069779396057
-0.27200632625155979,-0.17048385325405333,-0.14094040729105473,-0.11639716310633554,-0.10704275872558355,-0.11687606998852321,-0.070702794706448913,0.014524697015682856,0.17160348115222796,0.43663514157136279,0.62744916478792823,0.85856017044612343,0.95562271277109778,0.96378850085394718,0.96081863130841938,0.83739431947469711,0.77917932801776457,0.74359617062977379,0.71902510523796082,0.68036079406738281,0.636342465877533,0.58487549424171448,0.54264432191848755,0.48882637917995453,0.41093093156814575,0.32005086541175842,0.0,0.23639585077762604,0.098476290702819824,-0.015023985877633095,-0.13635809719562531,-0.19028305262327194,-0.24384492635726929,-0.28518398106098175,-0.31634154915809631,-0.34251788258552551,-0.33575063943862915,-0.31073987483978271,0.0,-0.24944020062685013,-0.23395508527755737,0.0,-0.18178009986877441
-0.27176728167317132,-0.23870811909437179,-0.22226338585217795,-0.18322667810651991,-0.18471843749284744,-0.23177674040198326,-0.18691713859637579,-0.11198781217847552,0.049586022272706032,0.27286139726638792,0.45263798534870148,0.70965425173441565,0.887544584274292,0.91160658995310462,0.92178691625595088,0.82385405302047732,0.76367544382810593,0.73835721015930178,0.72835706472396855,0.69013440608978271,0.639328807592392,0.59822475910186768,0.52534031867980957,0.47412635385990143,0.0,0.35817894339561462,0.27212080359458923,0.17983157932758331,0.0,0.076211333274841309,-0.07267482578754425,-0.19392074644565582,0.0,-0.29566650092601776,-0.32456296682357788,-0.33665895462036133,-0.33026570081710815,-0.327260285615921,-0.28991615772247314,0.0,-0.24213963747024536,-0.20331677794456482,0.0
-0.25435293051931596,-0.25747821182012559,-0.26523318762580556,-0.20739856734871864,-0.205540731549263,-0.28715834766626358,-0.27930860593914986,-0.15169310569763184,-0.066804164741188291,0.14366364159754344,0.30486688017845154,0.59028118848800659,0.832092821598053,0.87542996406555174,0.85838348865509029,0.84200401604175568,0.76246995925903316,0.75355619192123413,0.74662427604198456,0.73155256112416589,0.68346867958704627,0.63408362865448,0.580451488494873,0.53225699067115784,0.47428637742996216,0.37878778576850891,0.0,0.28786079585552216,0.16952206939458847,0.01393737830221653,0.0,-0.13736013323068619,-0.227026104927063,-0.30471202731132507,0.0,-0.32952141761779785,0.0,-0.30831572413444519,-0.29322931170463562,-0.25070196390151978,-0.23445342481136322,-0.1819014698266983,-0.13902387022972107
-0.26986669152975085,-0.26056237977284652,-0.3168599876490506,-0.25609105419028888,-0.25361387059092522,-0.30596086755394936,-0.33421837432043894,-0.1804904118180275,-0.044132133635381855,0.041969144251197577,0.11063983167211215,0.45999095837275189,0.82155919075012207,0.83866235613822937,0.790471225976944,0.80892928441365564,0.75498670339584351,0.74899208545684814,0.75752174854278564,0.72264954447746277,0.6995159387588501,0.64010870456695557,0.5721401572227478,0.53259658813476562,0.0,0.465658038854599,0.37847444415092468,0.25631013512611389,0.0,0.0782988965511322,-0.075465127825737,-0.15682768821716309,0.0,-0.25175496935844421,-0.30978900194168091,0.0,-0.32417091727256775,-0.25060167908668518,0.0,-0.18379883468151093,0.0,-0.14147359132766724,-0.10597579181194305
-0.237308284001691,-0.21277498938143252,-0.38334914545218152,-0.26554167568683623,-0.25508918680927972,-0.2886929263671239,-0.29250334880568762,-0.213735893368721,-0.039514653912192443,0.042162882164120674,-0.10898331428567569,0.47284502784411114,0.83810830116271973,0.7914067804813385,0.67703536152839661,0.70289498567581177,0.695504903793335,0.6874861319859823,0.68345783154169715,0.67564317584037781,0.68423360586166382,0.65266063809394836,0.61299413442611694,0.58663520216941833,0.54738390445709229,0.48898838460445404,0.4255862832069397,0.314386248588562,0.16887344419956207,0.034639205783605576,-0.070854820311069489,-0.15680258721113205,-0.19599878787994385,-0.22021500766277313,-0.27124868333339691,-0.31895416975021362,-0.32430994510650635,-0.28169584274291992,-0.18442860245704651,0.0,-0.12714838981628418,0.0,-0.0711858943104744
-0.14799458615911695,-0.043910503387451172,-0.33818275587899344,-0.22727736160159112,-0.24307163059711456,-0.2962951386968295,-0.34852948122554356,-0.27534562775066923,-0.12785653863102198,0.026191914826631545,0.0,0.751623198390007,0.85298937559127808,0.70080649852752686,0.42931967973709106,0.56463813781738281,0.54108220338821411,0.59671218693256378,0.46738556027412415,0.73016160726547241,0.60696433484554291,0.56776684522628784,0.41303086280822754,0.625913143157959,0.46180100739002228,0.39860129356384277,0.2524353563785553,0.30935850739479065,0.14042586088180542,-0.0082609811797738075,-0.0022438380401581526,-0.11453014984726906,-0.16039857268333435,-0.17343392968177795,-0.18192069232463837,-0.19964822381734848,-0.15784414112567902,-0.13621853291988373,-0.0749817006289959,0.0,-0.022584460210055113,0.074961774051189423,-0.017816295847296715
-0.12821668521924454,-0.0822640173137188,0.0,-0.090029382146894932,-0.11237266063690185,-0.12762313087781271,-0.32467078864574433,-0.35514992806646561,-0.16823473293334246,-0.025520488673161406,0.0,0.0,0.95449143648147583,0.77406072616577148,0.51877290010452271,0.33771815896034241,0.28157517313957214,0.20609725266695023,0.0,0.089672617614269257,0.086077839136123657,0.065176971256732941,0.0,0.057366319000720978,0.036281146109104156,-0.010823177173733711,0.0,-0.11118638515472412,-0.20198944211006165,0.0,-0.24618987739086151,-0.25187030434608459,-0.25398734211921692,0.0,-0.27313464879989624,-0.34450346231460571,0.0,-0.334960401058197,-0.21180711686611176,0.0,-0.02663576602935791,0.0,0.0
