SouthSea_Web/demo/jsonfile/2017-12-14-04.json
{"header": {"parameterUnit":"m.s-1","parameterNumber":3,"dx":0.1,"dy":0.1,"parameterNumberName":"Northward current","la1":29.0,"la2":12.0,"parameterCategory":2,"lo2":131.0,"nx":250,"ny":171,"refTime":"2017-12-14T04:01:52.5","lo1":106.0}, "data":
[rows 57 to 75 of 171, columns 172 to 214 of 250]
0.15854326635599136,0.13713255198672414,0.080048991367220879,0.040644006005355289,0.02450164959121209,0.014728631109132298,0.0013894580867296706,-0.0010381435276940465,-0.0013985891904061039,-0.016504718389894282,-0.049319022335112095,-0.065373962745070457,-0.053570771589875221,-0.043475963175296783,-0.03782946988940239,-0.021378485485911369,-0.0049208903995652991,0.037307306192815304,0.059177637100219727,0.10312232002615929,0.12495467811822891,0.150739885866642,0.16579733788967133,0.17415681481361389,0.18598680198192596,0.20033171027898789,0.21599100530147553,0.24458015461762747,0.27037955820560455,0.26927192509174347,0.25721866885821026,0.22929574549198151,0.22585854679346085,0.22441003223260245,0.21964796632528305,0.20047878473997116,0.1842445433139801,0.16731416434049606,0.14343132823705673,0.1377197876572609,0.13430672138929367,0.1172354519367218,0.095063798129558563
0.11105538638574737,0.10240877477022317,0.062591039176498137,0.029579388753821451,0.0054188489101271936,-0.010979628190398216,-0.028284292265942149,-0.038721135817468166,-0.042335993299881615,-0.061905992882592339,-0.094033587723970413,-0.088102025911211967,-0.071999326348304749,-0.07668526967366536,-0.08997451265652974,-0.064579136669635773,-0.06667102687060833,-0.023164738833050553,0.02656126138754189,0.08095216192305088,0.12104522685209911,0.15003398060798645,0.16562886039415994,0.1769525483250618,0.19130350649356842,0.20142287512620291,0.21678484231233597,0.24764285484949747,0.27237215638160706,0.28646278381347656,0.2577754482626915,0.2298280249039332,0.22101583331823349,0.2274441123008728,0.22647971659898758,0.21691508591175079,0.20224860310554504,0.192031130194664,0.1667794237534205,0.16349032521247864,0.15314242243766785,0.13637281954288483,0.11240386217832565
0.061482477933168411,0.056116898677178791,0.047281322069466114,0.031304876506328586,0.0093601386443796491,-0.019170643296092749,-0.044199000630113811,-0.06474104204348155,-0.0767943779937923,-0.10343498736619949,-0.11319245894749959,-0.1033383347094059,-0.10148116449515025,-0.12747574225068092,-0.14847136288881302,-0.11725130428870519,-0.10291727632284164,-0.071964918325344726,0.016395959886722267,0.078101061284542084,0.12053057551383972,0.15458878129720688,0.17826069891452789,0.19019676744937897,0.19144157320261002,0.19195888191461563,0.2151867225766182,0.25330404937267303,0.29005916913350421,0.286792054772377,0.27484132349491119,0.23622725407282511,0.2247467041015625,0.23310980945825577,0.2389402911067009,0.23945780098438263,0.22633469849824905,0.20891990512609482,0.19426406174898148,0.17752563208341599,0.16593227535486221,0.1411469578742981,0.11120085045695305
0.036859531110773482,0.030348108283111026,0.032769594962398209,0.029106222403546173,0.013625536827021278,-0.0087550810858374462,-0.031660991617374949,-0.067434179463556829,-0.10196028898159663,-0.12363826632499694,-0.12453345954418182,-0.12128360569477081,-0.13251926749944687,-0.15926378220319748,-0.16224054992198944,-0.15383622050285339,-0.13328936696052551,-0.077006573478380844,-0.0022187335416674614,0.054012872278690338,0.11354514956474304,0.17212931315104166,0.19487720231215158,0.19942037264506021,0.19173577427864075,0.18328817188739777,0.20144236087799072,0.24509477615356445,0.300682137409846,0.30456867814064026,0.27694046497344971,0.24451270699501038,0.23412658274173737,0.23659726977348328,0.25253328680992126,0.25083448737859726,0.23770642280578613,0.22447711229324341,0.21119821816682816,0.19365989416837692,0.16813448071479797,0.14652638137340546,0.12415960431098938
0.033595191744657665,0.024701656308025122,0.027698847465217113,0.032982868057760323,0.020279724895954133,0.0027017845422960818,-0.024523406821702207,-0.073252464644610882,-0.12524956762790679,-0.13350038727124533,-0.13200857117772102,-0.14566643039385477,-0.1628585085272789,-0.18260177224874497,-0.17152330776055655,-0.15428821742534638,-0.12267301604151726,-0.067369433119893074,-0.0040070656687021255,0.095843965808550521,0.17289319634437561,0.21063883602619171,0.20652420073747635,0.19981716573238373,0.19110243767499924,0.19058851897716522,0.22176119685173035,0.28553265333175659,0.29405954480171204,0.29701923330624896,0.27739875018596649,0.25401347875595093,0.23493212461471558,0.24509263783693314,0.25651827454566956,0.25448960065841675,0.232690691947937,0.22838377952575684,0.21758046001195908,0.19366347789764404,0.17443283647298813,0.13206518441438675,0.11441788822412491
0.022201923032601673,0.015778487584052179,0.017493717475897737,0.024623436154797673,0.0015424125277521935,-0.021805648837471381,-0.053768517449498177,-0.10000780075788499,-0.12945321351289749,-0.13185762763023376,-0.14083933830261231,-0.16406127065420151,-0.1884709969162941,-0.19463594257831574,-0.16392602026462555,-0.13821916654706,-0.11272381991147995,0.0,0.036097691666024424,0.1392446979880333,0.1894867941737175,0.21324527263641357,0.20898867398500443,0.19709794223308563,0.19499828666448593,0.2042323499917984,0.22377988696098328,0.25077925622463226,0.26574996113777161,0.26099884510040283,0.25426705181598663,0.23869626969099045,0.23683719336986542,0.24533192813396454,0.25390754640102386,0.24260635673999786,0.23148880153894424,0.22589700669050217,0.22126992791891098,0.20366841554641724,0.15379342436790466,0.0,0.10506637021899223
0.010677405597212223,-0.00869679698953405,-0.0095602262590546161,-0.010446442454849603,-0.034035417872170605,-0.050960292773587365,-0.066158461251429143,-0.094770765304565435,-0.11840525455772877,-0.12300410121679306,-0.15805871412158012,-0.18680701156457266,-0.20347285270690918,-0.19384930531183878,-0.15529646724462509,-0.12817516550421715,-0.087456867098808289,-0.020273302371303242,0.089614920318126678,0.11988941952586174,0.20559151967366537,0.22144174575805664,0.21984783560037613,0.206384114921093,0.20195915549993515,0.20637847483158112,0.20855199545621872,0.22292603552341461,0.23103685677051544,0.24039822071790695,0.24136257916688919,0.23662539571523666,0.24382875859737396,0.24869010597467423,0.24652885645627976,0.23277539759874344,0.22100849449634552,0.21720819920301437,0.20743753761053085,0.18774503469467163,0.14366609354813895,0.11542464047670364,0.08316599577665329
-0.0067511537151100738,-0.036060041139045589,-0.038825410231947896,-0.044688614830374715,-0.061085605372985206,-0.0620399745447295,-0.058837625508507095,-0.073363657419880227,-0.10248998925089836,-0.14475623890757561,-0.17588580399751663,-0.2061309814453125,-0.21885592738787332,-0.20352534204721451,-0.14794112741947174,-0.1061781570315361,-0.074090547859668732,0.010250457562506199,0.10552673041820526,0.18413585921128592,0.2314305454492569,0.23850134015083313,0.22536858171224594,0.2116331160068512,0.20663590729236603,0.19828599691390991,0.19919667392969132,0.20096668104330698,0.21499647200107575,0.22878596931695938,0.23919382691383362,0.2412114217877388,0.25081698596477509,0.24598831683397293,0.22316309064626694,0.21800826489925385,0.19938185811042786,0.19124655425548554,0.0,0.14715525507926941,0.0,0.092751037329435349,0.0
-0.04912900272756815,-0.069506012919274246,-0.078252962604165074,-0.074700929597020155,-0.072287196759134531,-0.0610633875642504,-0.047706936175624527,-0.058433736984928451,-0.11015285799900691,-0.16294468194246292,-0.2108880840241909,-0.23960830271244049,-0.22627101838588715,-0.17952955514192581,-0.13317294418811798,-0.10008358210325241,-0.047880122438073158,0.026074580964632332,0.11290906369686127,0.17751042544841766,0.23159965872764587,0.24130241572856903,0.24034476280212402,0.22026355564594269,0.21029162406921387,0.1945063223441442,0.192124143242836,0.20123665034770966,0.2073766440153122,0.21263279020786285,0.22735577821731567,0.247052863240242,0.23579487949609757,0.21654056757688522,0.19398246705532074,0.16573216766119003,0.17941351979970932,0.14740768074989319,0.1578424870967865,0.12009792029857636,0.10645227879285812,0.082376301288604736,0.0708170123398304
-0.089380417551313124,-0.086763102561235428,-0.10005265176296234,-0.11804399732500315,-0.10222965478897095,-0.063617893184224769,-0.046912583708763125,-0.0762481614947319,-0.13121070464452109,-0.18623119592666626,-0.24370792011419931,-0.25407573580741882,-0.237100417415301,-0.18556202948093414,-0.12474340200424194,-0.074581395834684372,-0.020434022881090641,0.045168370008468628,0.1283789798617363,0.19850598275661469,0.25033858418464661,0.27163705229759216,0.26353529095649719,0.23001908759276071,0.20148092011610666,0.0,0.19366829842329025,0.19804574052492777,0.19662601500749588,0.20881267637014389,0.20420769602060318,0.22043322026729584,0.215689018368721,0.17944037169218063,0.16688248515129089,0.12903043255209923,0.13428144901990891,0.11483683809638023,0.12317565828561783,0.0,0.093585629016160965,0.082189425826072693,0.070687785744667053
-0.097645176450411472,-0.077186360616575592,-0.11087707023728978,-0.15099905990064144,-0.13055365066975355,-0.080027033175740919,-0.06457433570176363,-0.1001546710729599,-0.16272447258234024,-0.22530347853899002,-0.26926569640636444,-0.27800334990024567,-0.23891253272692362,-0.17176412791013718,-0.10398392751812935,-0.04747617244720459,0.0043664462864398956,0.0661126325527827,0.14065932482481003,0.20270819962024689,0.26790547370910645,0.27795922756195068,0.28340555727481842,0.25198381394147873,0.22635078430175781,0.2061675563454628,0.19700307150681815,0.19932833313941956,0.19164104014635086,0.18521813303232193,0.16922153532505035,0.18419399857521057,0.17570946117242178,0.13876646757125855,0.13794361799955368,0.11188391596078873,0.11191101372241974,0.0,0.10427436605095863,0.10051823159058888,0.093408931046724319,0.08345099538564682,0.0772005170583725
-0.081029946250574927,-0.068265095014463775,-0.106635732203722,-0.1556148933512824,-0.15192366888125738,-0.10896147787570953,-0.1068468594125339,-0.14883516232172647,-0.19830506742000581,-0.25230604410171509,-0.28133657574653625,-0.28617668151855469,-0.2233151743809382,-0.14784562587738037,-0.0775844156742096,-0.030463302507996559,0.010481478064320982,0.066224570075670883,0.12124387919902802,0.21890101581811905,0.0,0.29441363612810773,0.28631258010864258,0.25668525695800781,0.23065108060836792,0.20608784258365631,0.19506925344467163,0.18165361881256104,0.16458214819431305,0.1673816591501236,0.15648343414068222,0.14432695508003235,0.13078828901052475,0.125261127948761,0.11908777430653572,0.1158142164349556,0.10571019351482391,0.10292301326990128,0.09767402708530426,0.10207276791334152,0.096119560301303864,0.088745772838592529,0.07923102006316185
-0.061909187851207595,-0.087810901078310882,-0.12480819076299668,-0.15857895091176033,-0.15537340380251408,-0.13599442797047751,-0.13459768891334534,-0.17119021713733673,-0.23579125851392746,-0.25969748198986053,-0.27314085761706036,-0.27009886503219604,-0.19666102528572083,-0.12101311609148979,-0.063822096213698387,-0.023128324188292027,0.014704771805554628,0.067285465076565742,0.15023009479045868,0.23723827302455902,0.27910459041595459,0.29674236476421356,0.2861897349357605,0.25600069761276245,0.0,0.2237379178404808,0.18432512879371643,0.18061219155788422,0.15229078382253647,0.14091269671916962,0.13163694739341736,0.11431416496634483,0.10714654624462128,0.11867149174213409,0.11653938889503479,0.11306559294462204,0.1169375404715538,0.10057235509157181,0.097948650519053146,0.097415760159492493,0.097830899059772491,0.089479692280292511,0.077610142529010773
-0.065212312021425786,-0.1219136891039935,-0.16655236035585402,-0.17819757759571075,-0.15825797617435455,-0.14179057131210962,-0.15468963235616684,-0.19016949335734049,-0.2151317298412323,-0.23470984896024069,-0.24500444903969765,-0.23924639821052551,-0.18719872087240219,-0.12234944601853688,-0.058290727436542511,-0.00615812698379159,0.046952687203884125,0.10834405943751335,0.18420087794462839,0.23698332905769348,0.27255398035049438,0.28358465433120728,0.280515193939209,0.27947854995727539,0.23343084752559662,0.19820749759674072,0.17022787034511566,0.0,0.13198859989643097,0.11686724796891213,0.10104751586914063,0.086042642593383789,0.088326457887887955,0.087363287806510925,0.11133782938122749,0.13011759519577026,0.11158976952234904,0.10188189521431923,0.0,0.091968212276697159,0.093265876173973084,0.089926313608884811,0.084494300186634064
-0.096269282946983975,-0.1631025644865903,-0.20849327594041825,-0.21047421544790268,-0.17262707650661469,-0.15431031158992223,-0.16729070246219635,-0.18181376159191132,-0.19432792812585831,-0.20084073394536972,-0.21541515737771988,-0.21368042627970377,-0.1680939719080925,-0.11726340899864833,-0.049937507137656212,0.032124082092195749,0.095181290060281754,0.14273549988865852,0.19270910819371542,0.23044615238904953,0.25791190564632416,0.26248405873775482,0.26946644484996796,0.26136481761932373,0.22240047156810761,0.19161846488714218,0.0,0.13003172725439072,0.089224603027105331,0.081142410635948181,0.073560779914259911,0.057039838284254074,0.056911583989858627,0.07418886199593544,0.08777410164475441,0.096208088099956512,0.10036324709653854,0.091122031211853027,0.0949527956545353,0.084227494895458221,0.085200529545545578,0.09262605756521225,0.096519559621810913
-0.11928702828784783,-0.18222790383375609,-0.22635070793330669,-0.22691076662805346,-0.19571743408838907,-0.1776080642427717,-0.1731720007956028,-0.16693035066127776,-0.1699412502348423,-0.18702252209186554,-0.20563683658838272,-0.20495845377445221,-0.16452194005250931,-0.11282976965109508,-0.0237058459315449,0.0697785634547472,0.11857844516634941,0.1450299546122551,0.17422095686197281,0.21083483099937439,0.24471414834260941,0.2437911257147789,0.25747722387313843,0.24492990970611572,0.2138047069311142,0.18014945089817047,0.14263206968704859,0.0940500944852829,0.0,0.055958457291126251,0.051958750933408737,0.044283609837293625,0.036770448088645935,0.021087260916829109,0.068247593939304352,0.0743887685239315,0.077810663729906082,0.076281856745481491,0.086588673293590546,0.0,0.082449741661548614,0.0,0.12028912454843521
-0.13275165731708208,-0.175160982392051,-0.21642114056481254,-0.23296257294714451,-0.22120344638824463,-0.19673833002646765,-0.1754289150238037,-0.15587804093956947,-0.15640818700194359,-0.18409103751182557,-0.20882934828599295,-0.19967441260814667,-0.16809213161468506,-0.095249921083450317,0.009362420067191124,0.085997380316257477,0.11564908921718597,0.1275286003947258,0.15477576851844788,0.18723885715007782,0.22280504554510117,0.2291245236992836,0.24565037339925766,0.23319695889949799,0.20283103734254837,0.19005250930786133,0.14298016577959061,0.092692427337169647,0.056108608841896057,0.054603014141321182,0.033139798790216446,0.036279305815696716,0.035260271281003952,0.016695581376552582,0.021852635778486729,0.041855959221720695,0.056162353605031967,0.045657284557819366,0.063723145052790642,0.085172504186630249,0.084084454923868179,0.1007956899702549,0.14062494039535523
-0.1471270631466593,-0.17695604806596582,-0.21814024990255182,-0.24405764229595661,-0.23551115819386073,-0.2203681617975235,-0.1933254636824131,-0.16715925633907319,-0.15933185219764709,-0.17858363191286722,-0.19833996891975403,-0.19587826232115427,-0.15117073804140091,-0.05278236915667852,0.040159239433705807,0.087514616549015045,0.10454702749848366,0.11128369718790054,0.13445555418729782,0.15729738275210062,0.19766437262296677,0.22012890130281448,0.23849575221538544,0.22587992250919342,0.18783730268478394,0.16997896879911423,0.12087328359484673,0.067009687423706055,0.051336083561182022,0.037020806223154068,0.038177324458956718,0.012327684089541435,0.013611042872071266,0.022359909489750862,-0.00097224337514489889,0.021911345422267914,0.03492271900177002,0.035888763144612312,0.039899032562971115,0.062861032783985138,0.0,0.11492582410573959,0.14036008715629578
-0.16661082343621689,-0.18889113813638686,-0.21716349891253881,-0.23795418627560139,-0.23751977980136871,-0.23637581368287405,-0.19560717791318893,-0.15221032500267029,-0.14280730485916138,-0.16336735586325327,-0.17507237941026688,-0.16951307157675424,-0.10126979649066925,0.0028756149113178253,0.066754996776580811,0.094246253371238708,0.096587955951690674,0.10722628235816956,0.12541580200195313,0.133944571018219,0.17897871136665344,0.0,0.23316744714975357,0.21020520478487015,0.16099907457828522,0.14191392809152603,0.10067702829837799,0.07978753000497818,0.049712035804986954,0.049391612410545349,0.047114759683609009,0.035204152576625347,0.021211652085185051,-0.013685037381947041,-0.0023132392670959234,0.012186814099550247,0.02018283773213625,0.026885410770773888,0.044625919312238693,0.057750316336750984,0.10149740055203438,0.12392420321702957,0.15843228995800018
