SouthSea_Web/demo/jsonfile/2017-12-15-06.json
{"header": {"parameterUnit":"m.s-1","parameterNumber":2,"dx":0.1,"dy":0.1,"parameterNumberName":"Eastward current","la1":29.0,"la2":12.0,"parameterCategory":2,"lo2":131.0,"nx":250,"ny":171,"refTime":"2017-12-15T06:00:00","lo1":106.0}, "data":
[rows 114 to 132 of 171, columns 42 to 83 of 250]
-0.35171227433063368,-0.27834061008912547,-0.29144565154004981,-0.25338791586734632,-0.19370046009620032,-0.1697257199773082,-0.15384514629840851,-0.15216805934906005,-0.18694072510256912,-0.16504338468824115,-0.15547794345262889,-0.16317072926565659,-0.12206094278845676,-0.11641326287518376,-0.17721025386582251,-0.25244687565348367,-0.33525754057842755,-0.39424049922011117,-0.40513590532679888,-0.357196127757048,-0.32652715700013296,-0.28474166575405335,-0.277314835361072,-0.27145937317982316,-0.23492476791143419,-0.19595039635896683,-0.14659602463245391,-0.14977025302747885,-0.14938173896592596,-0.11769032552838325,-0.10423604538664222,-0.095238193296469181,-0.064909316599369049,-0.031720027948419251,-0.034659405859808125,-0.03092751217385133,-0.0097878742672037333,0.023564511777034829,0.046938267226020493,0.043171221762895583,0.046859895437955858,0.0355418972671032
-0.34576318616216833,-0.30283814311027529,-0.30339571833610535,-0.25866520634064305,-0.20347053474850124,-0.17102425385798728,-0.15288247456473689,-0.16415908435980478,-0.16452029264635509,-0.14841996452638082,-0.17842126223776075,-0.15412912248296939,-0.14794918480846617,-0.17167544737458229,-0.24800900678182469,-0.34281182391890164,-0.43266204851014273,-0.48176611376845319,-0.473409071260569,-0.43711047930022079,-0.41139231920242308,-0.41055319630182707,-0.37782066219892257,-0.33909648254111008,-0.27642409669028389,-0.25394760072231293,-0.18080961438161985,-0.19441064447164536,-0.1941079937276386,-0.1395363250845357,-0.1037676347529187,-0.083755563944578171,-0.052060355587551989,-0.025009713678931195,-0.014817791821604425,-0.016265931694457929,-0.0075994298240402713,0.026880817604251206,0.065855504678828378,0.076542666554451,0.081956108411153153,0.066054999828338623
-0.32717869463174237,-0.27938837475246853,-0.2542718020470246,-0.22462976883564675,-0.20072898544647075,-0.17954408129056296,-0.18743262271727285,-0.20123473831585476,-0.16938617937266826,-0.23032318651676179,-0.23729284161871131,-0.19992423504590989,-0.19306477373593475,-0.20770579027502159,-0.28836797306567064,-0.32611051599184671,-0.39707182681382591,-0.43903100348654245,-0.4527510044903591,-0.49569590235578603,-0.47778280276172563,-0.4348610833025815,-0.38987565441773486,-0.33583231405778363,-0.28203652544719415,-0.26044703577015849,-0.22400504251321157,-0.24787641454626014,-0.22037748495737711,-0.15850682059923807,-0.12081571947783232,-0.10636625971112933,-0.067635845925126753,-0.033645255677402022,-0.019613575086825423,-0.017544267163611949,0.00857548821659293,0.042491882884254061,0.089122186104456588,0.10066800564527512,0.10241586118936538,0.0910287156701088
-0.31710798978805543,-0.26015842974185943,-0.2042316965482853,-0.19482545057932535,-0.20252874344587327,-0.21351884690023237,-0.20884871610573361,-0.21932275556027889,-0.21743560495764711,-0.24292315374005516,-0.258871614056475,-0.26823780667923747,-0.26710257021819844,-0.29011839765961428,-0.360676387945811,-0.37609799541868605,-0.41050492034238928,-0.46072858204580336,-0.48331842707916045,-0.49220575500225677,-0.48372183533178437,-0.44808638451704336,-0.4110611854121089,-0.3581075956081522,-0.31010226769880816,-0.2465228861154512,-0.19875924424691635,-0.19658672090234428,-0.19330456920645453,-0.16231656858795568,-0.13371608493959203,-0.1034979835152626,-0.053802085264275469,-0.015942496558030445,0.001778832171112299,0.015229947903814415,0.0470094337527241,0.087188932579010725,0.11770526000431605,0.13518989644944668,0.13744871504604816,0.13258836232125759
-0.28274746487538022,-0.25223678350448608,-0.19904745583023345,-0.19021257438829967,-0.21919806349662044,-0.24647649490472043,-0.2394410701174485,-0.24403883274211441,-0.24617656679065139,-0.27177832594939638,-0.28230527183588816,-0.33255127726531608,-0.39300383365416264,-0.43796310366855729,-0.44403983053998053,-0.47402528542370054,-0.43901644260795031,-0.4763857005687242,-0.45571027888971216,-0.42130123921062634,-0.47885772556650874,-0.42943605977409288,-0.41296715924614352,-0.42547800296392196,-0.3684432251799491,-0.28095410310703778,-0.21886276909046704,-0.18424310237169267,-0.16388934621444115,-0.15733499354437777,-0.12778777892098708,-0.0713673337761845,-0.015198097617196088,0.011747128539718687,0.0193874372376336,0.031232343365748722,0.066315033606120524,0.11919110827147961,0.15027582432542527,0.15775463879108428,0.15026018023490906,0.15756038427352906
-0.22861921558013329,-0.20784303173422813,-0.19218954002415692,-0.20339103841355868,-0.22886945211118268,-0.25358127388689256,-0.247444996383132,-0.22340139684577784,-0.26457004371236581,-0.26706285149226955,-0.25167769433132242,-0.31268418270188408,-0.38287949072314309,-0.48456693032807985,-0.46324149631780753,-0.43833123717989242,-0.40248863822823272,-0.42310073599219322,-0.47619210726746891,-0.45763264961590039,-0.54550139068328229,-0.51082208709853683,-0.44471575599163771,-0.44017491645591206,-0.37310147010966349,-0.28669235989695691,-0.24253949846910394,-0.18605130026116967,-0.14570116996765137,-0.13254329100960777,-0.097983390484985555,-0.048675914653218709,0.0045626387931406494,0.0348228822565741,0.024824699619784951,0.030180923108543669,0.08211844228208065,0.13956217999969209,0.15722198784351349,0.15282366673151651,0.13448366522789002,0.13867442309856415
-0.22430969717410895,-0.19044031078616777,-0.19801678419113158,-0.19364933350256511,-0.19309692491184582,-0.23961667546204157,-0.280517982535584,-0.22313235447091875,-0.2013603327366022,-0.19051099857863257,-0.20319218955178192,-0.41278655957976146,-0.47974954100687112,-0.43143225269335689,-0.34972449550122925,-0.32082543928514828,-0.3034574590899326,-0.29713760372602716,-0.30828126197588357,-0.38642764041192423,-0.48176510184670668,-0.52039928023556348,-0.46390259516760957,-0.44426777604782935,-0.39600734293460849,-0.33387653418441315,-0.29189708361438677,-0.21752516723967888,-0.1373055120309194,-0.088205242934434311,-0.051714429764875343,-0.026842732412310746,0.0048397988753600251,0.037712018704041839,0.046763969585299492,0.051210053265094757,0.10739222665627797,0.15740374103188515,0.17020505879606521,0.14954736828804016,0.11888345330953598,0.10726507877310117
-0.20745856563250223,-0.18614188849925994,-0.1952212138308419,-0.18296267478554337,-0.17709135921562419,-0.20385574186459565,-0.20797837169274039,-0.16863472890435605,-0.15173768528870174,-0.13617404874252237,-0.24726992960159594,-0.42514778413045567,-0.39637081104296223,-0.32497579585760833,-0.28917899245107676,-0.27160432110957011,-0.31430051750964949,-0.30960974334615521,-0.29084914065653983,-0.3313832905035296,-0.32235350542712016,-0.56331055790782247,-0.47808057532669207,-0.46811992556692283,-0.41706925576871579,-0.34330901604020192,-0.25757737392011809,-0.18353716724989366,-0.11923258655494259,-0.059169610682874921,-0.012711190118673532,0.011198339179496874,0.01708310386831207,0.051988155891497932,0.068560570478439331,0.079934740811586386,0.13389799371361733,0.17318046589692435,0.1608125219742457,0.1271624006330967,0.096813479065895075,0.096453297138214114
-0.17202466868218921,-0.17602860344492871,-0.16565695724317006,-0.1744668787079198,-0.18275314522907138,-0.13987855329400017,-0.11870641306954988,-0.14740121911745518,-0.18652548989917658,-0.17936255790219449,-0.26771077025337381,-0.3047550838844032,-0.259431357724326,-0.33003825463097669,-0.317334297630522,-0.25716530148472105,-0.31437844084942435,-0.35364751145243645,-0.388040419010555,-0.43353262728168851,-0.578778663941,-0.47105686772847549,-0.43713607339115884,-0.31894452862328077,-0.27583142885025713,-0.35130980222121527,-0.30139560791952857,-0.20846832860006045,-0.12219751719385386,-0.04855540103238562,-0.025406998426963884,0.0026841262239031493,0.013235316663566563,0.044232366872685294,0.076370042349611,0.10104495137929917,0.13722174295357295,0.15401062667369841,0.1073906235396862,0.086052498966455462,0.0630895346403122,0.055967121251991818
-0.14608654693553322,-0.14570498855217642,-0.15097411136542047,-0.16324602016087236,-0.19121236213155696,-0.16476788725703956,-0.14445552554997532,-0.17282311680416265,-0.172445496065276,-0.18413998820180969,-0.26727981724008154,-0.29386453643823279,-0.27404328382440973,-0.33943908544523377,-0.30479977291021776,-0.26112320126387578,-0.29299906183054103,-0.37183525609732859,-0.38458489952860653,-0.4165252417075534,-0.50036775239726949,-0.47353728335411821,-0.36330307178920312,-0.27734128377315675,-0.25128528691436114,-0.28975348195332123,-0.397068095368308,-0.28847220747685826,-0.1884790271181952,-0.1073976325753488,-0.0601594586457525,-0.03396565644070506,-0.02931261295452714,-0.0086509715765714645,0.012018266910066208,0.047488878015428782,0.068666301135505953,0.062510763960225244,0.017662780204166968,-0.00068006233777850866,-0.058842583908699453,-0.05667163271989141
-0.14760830029845237,-0.14555286690592767,-0.13170417256298519,-0.15528040130933127,-0.16655941269336602,-0.14067578471677247,-0.20514855167844839,-0.17366984928095783,-0.12954223461640188,-0.16778961063495704,-0.18919902021798613,-0.19325164737529121,-0.15165311484518698,-0.13648410854886656,-0.042203926952177083,-0.20966162962915608,-0.32263655814470027,-0.28397755101068844,-0.31597055910754118,-0.31410637655308549,-0.33305076323449612,-0.3114087961561291,-0.27197354495525361,-0.225198843602567,-0.25241982165504906,-0.3682940632995973,-0.3841736756914384,-0.36543363591899042,-0.3057372840611558,-0.22562834407602037,-0.14938844261424883,-0.081386853940784931,-0.082406420881549522,-0.074154221452772617,-0.0686129353940487,-0.036532706581056118,-0.04423277173191309,-0.046966577979869077,-0.051746398365745939,-0.11341338125722748,-0.21762150951794215,-0.25962519148985547
-0.14007419447104136,-0.1460073970258236,-0.12607154898021533,-0.13796926600237688,-0.10974735834381798,-0.07636463337323883,-0.13498187090816169,-0.15852211095109769,-0.12476668111754186,-0.19515431091627655,-0.30507933878797594,-0.28447415344279631,-0.18865921215902243,-0.097802161273315785,-0.10789139665922705,-0.12878586049422944,-0.26431467771345646,-0.35693381537966973,-0.4466421427288112,-0.40520256334616817,-0.2283970518434634,-0.1095576319025784,-0.17535300807807835,-0.25511989139646063,-0.31933220531931494,-0.34201171362400057,-0.39118481027307334,-0.42381308368734411,-0.37205113636122811,-0.27727466635406017,-0.21692735363136639,-0.14346421137452126,-0.14549314975738525,-0.1463743501475879,-0.14047643393278123,-0.13070611655712128,-0.14407086248199144,-0.15526465202371279,-0.15312286987900733,-0.22531444047178542,-0.33151629141398836,-0.40594752132892609
-0.11436414368012372,-0.13635539170354605,-0.13231119445779108,-0.12291185170412064,-0.1050462139879956,-0.091633701324462885,-0.12793471105396748,-0.1578636537705149,-0.16848555066083606,-0.24029112120312968,-0.34666627172439818,-0.42442819531937215,-0.46752184646767242,-0.42375871020331446,-0.38942446795029,-0.36913761181692389,-0.355925256027386,-0.33771938102705706,-0.42731998776716573,-0.39896533965337566,-0.31909771130298276,-0.19337709053184213,-0.13336193984690703,-0.27089345586826524,-0.34045719181596057,-0.30438595534372731,-0.301543060577277,-0.34916227062543231,-0.3546421501947486,-0.28845145872661043,-0.23787027384553636,-0.19309225678443909,-0.19426126529773077,-0.20469066873192787,-0.20862227082252502,-0.21869976818561554,-0.24995251638548716,-0.25343653559684753,-0.25797146186232567,-0.30073603838682172,-0.34685408610564011,-0.3960752512017886
-0.053865144650141396,-0.093277835054323077,-0.11866941196577889,-0.13091274847586951,-0.15158774112832957,-0.145680192048135,-0.14257525185407219,-0.16108256802983481,-0.16523996142693509,-0.22695213010800736,-0.35365609854609525,-0.4191966807866192,-0.2993934538426774,-0.25514967824104434,-0.26258908005125831,-0.47468851096104853,-0.46182927335944213,-0.37382550050644092,-0.31401853703231697,-0.24316407066440868,-0.3128800894721408,-0.40098907569503039,-0.37556998829851268,-0.31744912087422683,-0.27576831098339982,-0.25387816045965467,-0.27449814833345865,-0.31836398045221964,-0.32014609376589459,-0.27680887417359784,-0.23155050724744797,-0.21255667756001154,-0.20975521632603236,-0.23564302921295166,-0.2499464713037014,-0.271298919405256,-0.30808325111866,-0.31790963709354403,-0.31611470878124237,-0.33077694361026472,-0.30062179480280193,-0.2664695399649003
-0.01128456846345216,-0.056332992522844245,-0.10650217657287915,-0.13293547866245112,-0.16894414927810431,-0.17196477741003036,-0.1373957933291145,-0.20095190814425867,-0.23992854512873149,-0.21365339832730812,-0.293979201859575,-0.24981254616449045,-0.24767848931728526,-0.26750154317340746,-0.084373833209171828,-0.31223884301130161,-0.28654031204939473,-0.33934100719416782,-0.44710965928026664,-0.38619889202830077,-0.21932058822777537,-0.15656097958193774,-0.19166005548590195,-0.28483149419162446,-0.30247631508570449,-0.260472516788811,-0.23761338023644574,-0.25650825312263087,-0.27443684885899228,-0.27339399854342145,-0.26131748408079147,-0.23601681739091873,-0.21501215298970541,-0.22866599559783934,-0.25151739588805605,-0.28353122870127362,-0.34129802054829067,-0.37555086399827686,-0.35436816628162676,-0.34196548049266523,-0.34383284846941631,-0.34259660243988038
0.0019717191515321083,-0.057583723527689777,-0.11577862075396947,-0.13787401633130181,-0.16353147689785277,-0.17606762686261424,-0.18726262110802863,-0.28720359269608842,-0.33964568937178885,-0.30862227046489715,-0.29517309853564139,-0.23130366590715223,-0.22834734352984171,-0.3056206175436576,-0.253387502231051,-0.26973700220629532,-0.34299729711706645,-0.34693909611618312,-0.43726074455473662,-0.39769296967066253,-0.30072482461386391,-0.18878915773068622,-0.10952475762953494,-0.03286887444446461,-0.20573967732524121,-0.3069112058566964,-0.22907476973804561,-0.23463260531425476,-0.2840336412191391,-0.28611885507901508,-0.27010285258293154,-0.25210342928767204,-0.22605668008327484,-0.2233645043202809,-0.24400916695594788,-0.28334654867649078,-0.3676231847359584,-0.48166626004072338,-0.45899989604949953,-0.39221073314547539,-0.33062344988187153,-0.3648589551448822
-0.011652856547799375,-0.10071565583348274,-0.14579616028528947,-0.16143618524074554,-0.12868458676067265,-0.10668655502241711,-0.21112148131984865,-0.36612942520813024,-0.45230903540705814,-0.42156026032235888,-0.37798751393953961,-0.27348749686119167,-0.2021517547560327,-0.18307742288057832,-0.23399367914834154,-0.28276809515942514,-0.32215985045950607,-0.31396099262767369,-0.38156159958620178,-0.33606616556644442,-0.29273586682975294,-0.33792195968406719,-0.35774351250916392,-0.30701469431570427,-0.24386990900656477,-0.23747293860651553,-0.21173058713183685,-0.263400562107563,-0.31532325223088264,-0.30161019663016003,-0.27468051016330719,-0.25280307730038959,-0.23690911879142126,-0.23076642623969487,-0.23503959510061476,-0.26842701062560081,-0.34678232669830322,-0.47122255762418114,-0.45892447233200073,-0.36043478335653034,-0.29584397948705232,-0.3704619575291872
-0.051460588350892067,-0.12561108358204365,-0.18845108151435852,-0.18741127984090286,-0.13762619015243319,-0.10877827018499374,-0.22312823128192982,-0.343861444031491,-0.4304739236831665,-0.44761389869601786,-0.3938086519922529,-0.33632314615370185,-0.23783158218558831,-0.20707125911268137,-0.24616026232639948,-0.25424518436193466,-0.26627697050571442,-0.31663015736660488,-0.35300448954105379,-0.32729795507409354,-0.29031046582203285,-0.28495619242841547,-0.27876495227620407,-0.23005424052476883,-0.21381670428860572,-0.23991028493956515,-0.2167720589786768,-0.24167450331151485,-0.27283623317877453,-0.28620282560586929,-0.28439949452877045,-0.27830169200897215,-0.26060919676508221,-0.26636221673753524,-0.2653237852183255,-0.26538498380354475,-0.36633699337641396,-0.48567043542861937,-0.51025684603622978,-0.5060352172170367,-0.4400612513224284,-0.42852089234760832
-0.083598182137523375,-0.14849506850753511,-0.20192106068134308,-0.21384228765964508,-0.19211249053478241,-0.16855284518429212,-0.28516901152975421,-0.32815855189605997,-0.41353860062857467,-0.45370697223137474,-0.428014114739755,-0.37039243948610523,-0.27910092410941917,-0.2448482803809337,-0.22174072095326014,-0.23478659061161247,-0.28051586374640464,-0.32854998024070964,-0.33651588424559564,-0.32397119402885438,-0.33021182130123006,-0.29179544912444222,-0.28042544346106679,-0.26192915538946787,-0.25223650144679205,-0.27705898880958557,-0.25485148813043323,-0.25904462380068644,-0.26745157688856125,-0.26646633744239806,-0.26880034307638806,-0.28387497152600971,-0.30210474984986441,-0.31309540321429569,-0.32251295218100917,-0.28676344553629557,-0.30516703426837921,-0.34429647922515871,-0.45082157850265503,-0.45099469820658367,-0.5256350040435791,-0.4933773696422577
