SouthSea_Web/demo/jsonfile/2017-12-15-08.json
{"header": {"parameterUnit":"m.s-1","parameterNumber":2,"dx":0.1,"dy":0.1,"parameterNumberName":"Eastward current","la1":29.0,"la2":12.0,"parameterCategory":2,"lo2":131.0,"nx":250,"ny":171,"refTime":"2017-12-15T07:58:07.5","lo1":106.0}, "data":
[rows 19 to 37 of 171, columns 126 to 167 of 250]
0.0,0.0,0.0,0.0,0.0,0.0,0.0,0.0,0.0,0.0,0.0,0.0,0.0,0.0,0.0,0.0,0.0,-0.077376788349679176,-0.065855206725164053,-0.092140682873236249,-0.21138450381313934,-0.31974919519181977,-0.30390627831220629,-0.291744291024693,-0.26804776585871176,-0.24601045902818441,-0.18676894044472,-0.15031283675578602,-0.14500648255755261,-0.15862897447040003,-0.17645830072854696,-0.19213968621832983,-0.157783363874142,-0.12212409016986688,-0.10500771349126642,-0.12753276354991472,-0.12922950399418673,-0.13901816109816234,-0.19592445989449819,-0.18860199932868665,-0.17432054199955679,-0.14530285447835922
0.0,0.0,0.0,0.0,0.0,0.0,0.0,0.0,0.0,0.0,0.0,0.0,0.0,0.0,0.0,0.0,-0.099128925959424422,-0.039950285044382847,-0.1370218565230662,-0.21771784528234117,-0.3130753992208794,-0.260732897530709,-0.2847996088010924,-0.25381340086460114,-0.22921140956096961,-0.18825233702858288,-0.15266203287023086,-0.12137133147981431,-0.14878973627791686,-0.16549778865142303,-0.17893221043050289,-0.19970026383033165,-0.14941545862417954,-0.12979518893090161,-0.12312742260595162,-0.0979038905352354,-0.089024464289347335,-0.15733204235633214,-0.24871006906032561,-0.23049702743689218,-0.21970785968005657,-0.18795848531382425
0.0,0.0,0.0,0.0,0.0,0.0,0.0,0.0,0.0,0.0,0.0,0.0,0.0020714511338155717,0.0,-0.043956961182023711,-0.16009964479285876,-0.097919159685261548,-0.086610555065501679,-0.10465257096576033,-0.25904044434428214,-0.28092701193587533,-0.29867035756676885,-0.2662447544566372,-0.26231525242328646,-0.24951297484460425,-0.21941743818196383,-0.17906218902631241,-0.1229966836316245,-0.11292532086372376,-0.10512489009471167,-0.11894281368170466,-0.164600113263497,-0.19094237064321837,-0.15364951301704755,-0.10331624187529087,-0.0965217649936676,-0.091795381903648374,-0.13272920176386832,-0.19416795458112443,-0.21233392258485159,-0.2259123002489408,-0.21091768571308681
0.0,0.0,0.0,0.0,0.0,0.0,0.0,0.0,0.0,0.0,-0.0071655039255386589,0.011540361436884807,0.02791087953145548,0.00080590941115588066,0.029790791929961733,-0.086525104037104839,-0.09697717598726531,-0.14844106364762411,-0.23831079698897698,-0.31062521489839706,-0.28412863828482166,-0.28018373925730866,-0.27964966630531568,-0.2438585647127845,-0.1896490173946534,-0.12640192359685898,-0.06542821580896506,-0.057302681330059259,-0.036382745754014213,-0.064249971195271136,-0.10230613193091225,-0.12822930285563836,-0.19297073036432266,-0.16244768351316452,-0.12819144812723002,-0.13173704594373703,-0.0463725000154227,-0.071635534055531025,-0.09096931666135788,-0.16051926783152989,-0.21608658432960509,-0.21079548448324204
0.0,0.0,0.0,0.0,0.0,0.0,0.0,0.0,0.0,0.0,-0.025113604629327772,-0.058773712847984667,-0.033488606217344591,0.076136761779973139,0.018766508619410916,-0.038508127521033331,-0.054300042306876239,-0.20064029608734121,-0.26885552491460529,-0.27018369827419519,-0.26346745640039443,-0.29014682453690155,-0.24250245640675228,-0.14640707227176633,-0.0684383516372354,-0.080514832118222884,-0.068989329717376022,-0.053146861135386504,-0.0314400387322253,-0.10711124846163918,-0.13967079855501652,-0.14223457177480062,-0.152054771160086,-0.1410774840758397,-0.19130314073779367,-0.14625709410756826,-0.076548857614398,-0.05958147905766964,-0.019364262116141617,-0.068821591138839719,-0.13128349632024766,-0.2044673835237821
0.0,0.0,0.0,0.0,0.0,0.0,0.0,0.0,0.0,0.0,-0.046481425600897554,-0.053476834636447687,0.036476135205086919,0.017062788820938066,-0.010363566828072744,-0.032122936455410339,-0.10634669783925503,-0.17035441584501071,-0.25716366241239519,-0.24279564754529434,-0.27332041148216496,-0.25895042593280476,-0.18455912385668075,-0.10890040122743311,-0.083347382266884262,-0.21204435463462557,-0.20151533505746297,-0.24257234573364259,-0.1769909845157103,-0.10777656427201103,-0.17692174762487412,-0.18159765856606619,-0.23524081458648047,-0.15906781554222108,-0.13497856259346008,-0.085362410638481379,-0.090423983832200364,-0.054775080457329747,-0.027933583315461873,-0.0059227157616987824,0.0051230556952456636,-0.058747468143701555
0.0,0.0,0.0,0.0,0.0,0.0,0.0,0.0,0.0,0.0,-0.03063809287200189,-0.062609122215729687,-0.12591168652402951,-0.15014480135899086,-0.011672549576255544,-0.041429819275237,-0.096220804796595671,-0.26778529644817917,-0.20730508096954403,-0.26583384546010119,-0.23173516708007758,-0.22174946338899673,-0.16736968465406318,-0.13464986198410697,-0.11745376464648125,-0.21271294797105447,-0.27781659192763841,-0.25363043802125113,-0.32301009446382523,-0.18516988839421952,-0.13744516777140753,-0.16381948813796043,-0.15160979082187018,-0.063748012809082863,-0.024315972521435469,0.0079472263654073085,-0.010099305616070827,-0.0059894733130931854,-0.027760966836164396,-0.010169054714164563,0.044961054623126981,0.059551938836063655
0.0,0.0,0.0,0.0,0.0,0.0,0.0,0.0,0.0,0.0,-0.058446557460618873,-0.1057236257253896,-0.13046701183989889,-0.13755838607918086,-0.175444285509143,-0.093164852852299057,-0.25103000929904362,-0.26188158024759856,-0.24027934125674669,-0.22145752911303751,-0.20871100665041895,-0.12972298118152789,-0.10801863789558411,-0.0818672931298267,-0.070541904049201146,-0.026011578486456226,-0.10276921444650118,-0.13851673759165264,-0.22166059034712174,-0.24319592468878803,-0.15922357141971588,-0.083644273205815509,0.02042849767409886,0.095376646611839533,0.11199772996561867,0.18134057149291039,0.11203634956230719,0.033868017791974125,0.012828037957660854,0.02005407337564975,0.037879331702632565,0.060414208720127739
0.0,0.0,0.0,0.0,0.0,0.0,0.0,0.0,0.0,0.0,-0.020583259616008338,-0.12407471200539952,-0.075751018563800676,-0.046357075678730257,-0.16314389368358659,-0.19565772574762225,-0.28683541189783657,-0.2448918640613556,-0.15365862558994975,-0.17679899357832396,-0.11883372608937469,-0.099459328213516551,-0.057092942890118466,-0.083040568460192948,-0.086661750507174118,-0.0912441068553719,-0.11918689124286175,-0.13899576624757365,-0.17006111145019531,-0.18347792923450471,-0.11624423637986184,0.00955832814797759,0.14672992844134569,0.1786286880572637,0.21984972059726715,0.2392491728067398,0.14870501930514971,0.12821220308542253,0.10464078720126833,0.092803122010082,0.1186428889632225,0.11552480939361784
0.0,0.0,0.0,0.0,0.0,0.0,0.0,0.0,0.0,0.0,-0.026198150205411518,-0.10179088903979269,-0.10667223711237774,-0.13680807085065366,-0.12748240452953247,-0.2016486951038925,-0.22159483920836795,-0.18493337816361224,-0.16216974771980727,-0.13012960496938453,-0.095912755382331932,-0.040609512943774462,-0.059896121193703855,-0.099794357059857786,-0.12145129729200292,-0.105064331768797,-0.13816854086789218,-0.16631615771488709,-0.13199683848549337,-0.055628751371321936,-0.012170390597580431,0.086694563832134,0.17266989499330521,0.17956688787255967,0.19574093446135521,0.19125787168741226,0.19421187291542688,0.1809327956289053,0.1494095204398036,0.1443574633449316,0.17176768369972706,0.18007062003016472
0.0,0.0,0.0,0.0,0.0,0.0,0.0,0.0,0.0,0.1568514017666551,0.04417975627635199,-0.084578347662751546,-0.12546523482623426,-0.13950721387672854,-0.13965940950860772,-0.1812415179572528,-0.203006085842403,-0.17458485933867368,-0.16760212793946266,-0.14690920304168353,-0.0733776211945547,-0.029270020686089991,-0.051108819522684618,-0.093786120414733887,-0.070633004323161885,-0.06438020391700168,-0.1318313337185166,-0.099340901244431734,0.0099554174909523372,0.07599852097752903,0.10416083610974826,0.19663328849352324,0.16118377021380834,0.2147670661409696,0.19655559957027435,0.16672436041491373,0.1894111612013408,0.17957465946674348,0.20427827537059784,0.21732010096311569,0.24780497361313214,0.278458629663174
0.0,0.0,0.0,0.0,0.0,0.0,0.0,0.0,0.0,-0.05761480750516057,-0.068313586881712962,-0.070976927470201193,-0.015753903606163352,-0.12988582286604886,-0.16950428957426095,-0.16308515365509427,-0.18881549397783895,-0.17717763618989424,-0.17205876537731715,-0.13534027883192387,-0.11018342003226281,-0.18689082628116011,-0.17719006297342918,-0.1066008706887563,-0.10551616975239345,-0.12322094260404508,-0.10960222192500767,0.0025317643419839444,0.091500543496188,0.1233833549278123,0.1091992624104023,0.15503988135606051,0.12465675026178361,0.12825847696512938,0.052250211825594306,0.03717876378019961,0.067872815097992617,0.13301228731870651,0.19515809823166241,0.23831546902656556,0.29520457983016968,0.33448957584121009
0.0,0.0,0.0,0.0,0.0,0.0,0.0,0.0,0.0,0.0,-0.01285321268688876,-0.03820382314856062,-0.10583889547015439,-0.13132664154876361,-0.16108004771746121,-0.16244658630560427,-0.17248404626884767,-0.14272717544092581,-0.11167520781358083,-0.10858639499003236,-0.11987083836605675,-0.10284143662260424,-0.22973826225718547,-0.22484978213906287,-0.13277906380020654,-0.1282687004034718,-0.063969452644845368,0.053899164951872081,0.026756271223227181,0.085550963257749871,0.0029709608303771042,0.065596692796264372,0.016250823178173352,-0.019754392653703691,-0.06536029026444469,-0.0081867786298971627,0.054048899043765336,0.099572072071688514,0.084670523435554715,0.025810770923271775,0.081848285005738333,0.1187934187025978
0.0,0.0,0.0,0.0,0.0,0.0,0.0,0.0,0.0,0.0,-0.0052766392663298493,-0.024857869117663578,-0.075398767514624779,-0.1625269117994585,-0.193456864127746,-0.18466043323278428,-0.16274564978429826,-0.1069176590277089,-0.0815139390686725,-0.13343440632267697,-0.1754886596589475,-0.080455405797277182,-0.079134539283555128,-0.091100512359004751,-0.092623334378004074,-0.14300252821134485,-0.054429694252220266,-0.069340543901106638,-0.091458199412695,-0.049245074352559946,-0.099092354221890375,-0.0070190957436958952,-0.028288750715243321,0.035457267631393147,-0.030414643650874495,-0.0519263112534342,-0.12822181795490906,-0.18294837593566626,-0.20366878497103849,-0.21419666650203559,-0.17104948510726292,-0.06413495719719392
0.0,0.0,0.0,0.0,0.0,0.0,0.0,0.0,0.0,-0.047423329989898719,-0.052854118482998577,0.0059815486263352412,-0.043809850997690171,-0.15731419134471153,-0.1883118092149928,-0.16277472626778386,-0.13411952977379163,-0.10144123754331044,-0.087923521134588456,-0.090114482678473,-0.097936544035162248,-0.048950338626609129,-0.098072299467665811,-0.16410572136993762,-0.098519348651170735,-0.12703294728113257,-0.13324049775573341,-0.2362740382552147,-0.14793378015359243,-0.10758688946564993,-0.15467752115084574,-0.14811927576859793,-0.15976822823286058,-0.088694333719710514,-0.25069630590195841,-0.36166848401938168,-0.45215441907445592,-0.54796134786946438,-0.36076022544875741,-0.086266149673610931,0.15619741051341407,0.25280213298705906
0.0,0.0,0.0,0.0,0.0,0.0,0.0,0.0,-0.00090746517525985837,-0.050375278273779918,-0.041410481295406781,-0.016548153368795528,-0.06948443524002948,-0.0894955281780384,-0.1638532817363739,-0.1149673681992751,-0.082090256114800766,-0.059531421453323005,-0.05243307261205301,-0.053999747123037067,-0.061749404761940241,-0.061905454968412717,-0.10840585981977396,-0.14216984489134379,-0.16767370462417602,-0.11780089676380158,-0.23010304450988769,-0.33022767677903175,-0.21942003319660822,-0.16243758797645569,-0.25253671507040659,-0.26476171341809357,-0.25723515221705806,-0.29583512317566646,-0.5074492597579956,-0.67354329254316248,-0.49144681460327572,-0.24516988231334835,0.046240712229449019,0.23275909945368767,0.32248753309249878,0.415801839902997
0.0,0.0,0.0,0.0,0.0,0.0,0.078433011074296455,0.0073735706470278465,0.0020848494297716373,-0.0056534633331466466,-0.017609821543350956,-0.02256442876272385,-0.034238141762123593,-0.091685699032276372,-0.13346422049734327,-0.065459954456008718,-0.046322566441307632,-0.040364682674407959,-0.042839297752191384,-0.0905549720240136,-0.1024834725892905,-0.1211871285257595,-0.163648249315364,-0.13503784944231695,-0.16670214853904866,-0.1354450523853302,-0.21489322844606179,-0.34107613936066628,-0.23719140600699645,-0.28963978801454815,-0.45660577075822012,-0.44809693799299355,-0.36794912442564964,-0.37461320161819456,-0.55885454586574013,-0.47441563648836954,-0.16791003414740166,0.097155292239040139,0.33764300867915154,0.44016933838526406,0.39845261854283948,0.44301748871803281
0.0,0.0,0.0,0.0,0.0,0.054118436050454251,0.15340060334675376,0.15080595123727109,0.035118872105037252,-0.0055763789196880383,-0.00962305315393598,0.0103236632566165,0.040747584431016733,-0.087767548223094238,-0.082341356256178444,-0.0324277438048739,-0.034474036423489451,-0.050105467438697815,-0.076489004453546117,-0.11444366855486747,-0.13737681772439711,-0.093092186519732847,-0.098926256482417763,-0.1054544013378949,-0.066655628792941568,-0.058613950976770732,-0.072110085831289847,-0.10978198707487215,-0.067275009638825919,-0.0637379415918055,-0.43600486932523752,-0.58323508365587751,-0.35469683259725571,-0.26283685020778491,-0.39611451263013092,-0.27115939586208415,0.025917060067877175,0.2792273868214,0.46586619082250091,0.47136043275103851,0.36211188926416282,0.39136691205203533
0.0,0.0,0.0,0.060084298885028274,-0.086510885419007741,0.0,0.024114424537401646,0.056603676576667247,0.089186982875944912,0.19079992839708218,0.16587162427784027,0.11566307406607061,-0.00024921527633873315,-0.098041193102890584,-0.059747317980509251,-0.046047004571152947,-0.065251032105432108,-0.084061085500500413,-0.084737487137317657,-0.10494978149091044,-0.12375453213850657,-0.13307943746999459,-0.12893594663452218,-0.074764669314026838,-0.026234538746562234,0.016206297301002506,0.070872893011788049,0.074316227484656411,-0.00072053865078487429,-0.14030338692579911,-0.52100778015893556,-0.57728102175812968,-0.40904558167375366,-0.15364467472799362,-0.28658462514479954,-0.32794895122448603,0.0055106665977897743,0.19910910642809337,0.37985100490706308,0.43414451628923417,0.26590016045991111,0.28660410477055442
