SouthSea_Web/demo/jsonfile/2017-12-15-19.json
{"header": {"parameterUnit":"m.s-1","parameterNumber":2,"dx":0.1,"dy":0.1,"parameterNumberName":"Eastward current","la1":29.0,"la2":12.0,"parameterCategory":2,"lo2":131.0,"nx":250,"ny":171,"refTime":"2017-12-15T19:01:52.5","lo1":106.0}, "data":
[rows 95 to 113 of 171, columns 0 to 41 of 250]
0.044855485290840817,0.018357076597849614,0.025564704814718828,0.027859716479165051,-0.025518676774068313,-0.0552262979058119,-0.068173306269778147,-0.094293050467967987,-0.098448567092418671,-0.086317931612332657,-0.081077501177787781,-0.055894609540700912,-0.029900094494223595,-0.019124384038150311,-0.029871430248022079,-0.010724509134888649,-0.033255026675760746,-0.059547042474150658,-0.075675942003726959,-0.049290688708424568,0.0,-0.038027940783649683,-0.043670006717244782,-0.015298124402761459,0.020593418972566724,0.094509800275166825,0.18800815691550574,0.22909989156599703,0.20265578901550421,0.074245030269557463,-0.019754125933664348,0.0,0.0,0.0,0.0,0.0,0.0,0.0,0.0,0.0,0.0,0.0
-0.05245185392050189,-0.0849394293437744,-0.034615772281540558,-0.026136825967114419,-0.055706654251976448,-0.091603102428572516,-0.10720343515276909,-0.1179884672164917,-0.11361514776945114,-0.099799159914255142,-0.10332555323839188,-0.07798312107721965,-0.05161849781870842,0.0,-0.036277011968195438,-0.0457623265683651,-0.0713181160390377,-0.065082043409347534,-0.090396426618099213,-0.12316599736611049,-0.050351221114397049,-0.014911136822775006,0.0052920944988727571,0.056111088333030544,0.10033123940229416,0.20706397201865912,0.26464453168579788,0.17563048975614332,0.065282140189914836,0.0,0.0,0.0,0.0,0.0,0.0,0.0,0.0,0.0,0.0,0.0,0.0,0.0
-0.0083407361949370661,-0.013611149382389462,-0.027753751763763528,-0.063285327516496181,-0.10923405239979427,-0.12379959784448147,-0.13126393939767564,-0.13564393669366837,-0.13662118464708328,-0.11935758590698242,-0.10896545648574829,-0.10292321071028709,-0.079793591052293777,-0.064272649586200714,-0.068353261798620224,-0.095607113093137741,-0.09715116024017334,-0.13869146630167961,-0.14027947559952736,-0.17612451314926148,-0.091157687207063035,-0.00021057575941085815,0.0844121774037679,0.10998245594756943,0.13196523146082959,0.24517903920817882,0.074301745448287368,-0.0075213853787216879,0.0,0.0,0.0,0.0,0.0,0.0,0.0,0.0,0.0,0.0,0.0,0.0,0.0,0.0
0.080174162983894348,0.058487155992123813,-0.018828599850946506,-0.087715753282491982,-0.13433716988021677,-0.12490363419055939,-0.13792152454455695,-0.14757128655910493,-0.14743348956108093,-0.13679053634405136,-0.12765216082334518,-0.11745484173297882,-0.0906725823879242,-0.0833258330821991,-0.0868554562330246,-0.12801999598741531,-0.16412737220525742,-0.18939469009637833,-0.19105401635169983,-0.17574150363604227,-0.13803872962792715,-0.00827069852190713,0.1095996261574328,0.13573668626221744,0.10831884452790926,-0.0037000335727793141,-0.028740510959876092,-0.0091322810544321939,0.0,0.0,0.0,0.0,0.0,0.0,0.0,0.0,0.0,0.0,0.0,0.0,0.0,0.0
0.067051546405191009,0.041491030307952315,-0.031308498512953517,-0.096586066298186779,-0.11460511386394501,-0.12096403166651726,-0.13874205201864243,-0.14481176063418388,-0.15553000072638193,-0.14855566620826721,-0.14922121167182922,0.0,-0.1277230978012085,-0.096645347774028778,-0.093048166483640671,-0.10764352232217789,-0.18516447395086289,-0.18563923239707947,-0.19456929961840311,-0.13932834565639496,-0.1514659970998764,-0.055440302731262311,0.0650244151168552,0.13779642089055136,0.11256605701055378,-0.011589438509318137,-0.036230893633517162,-0.06508328765630722,0.0,0.0,0.0,0.0,0.0,0.0,0.0,0.0,0.0,0.0,0.0,0.0,0.0,0.0
0.043060124774153032,0.00414063862574819,-0.034431610760899879,-0.09409863005081813,-0.10859894876678784,-0.12193239054509572,-0.14469067454338075,-0.15452509000897408,-0.16673508286476135,-0.16882767528295517,-0.17320737242698669,-0.15544716268777847,-0.16054817289113998,-0.12703654170036316,-0.11632375977933407,-0.15359942615032196,-0.14418728649616242,-0.18570274114608765,-0.19132595509290695,-0.1700939784447352,-0.14075042804082236,-0.10579983077265999,-0.00070834849876436317,0.084448104793274845,0.10366657959378284,0.089140862413763025,0.019862864268279837,0.0,0.0,0.0,0.0,0.0,0.0,0.0,0.0,0.0,0.0,0.0,0.0,0.0,0.0,0.0
0.0060241868619493252,0.00907249952953342,-0.024636805881387912,-0.073968131840229032,-0.10267051309347153,-0.12389735794729656,-0.14630331471562386,-0.15475544705986977,-0.169743612408638,-0.18034087866544724,-0.17956657707691193,-0.16562778502702713,-0.16798265278339386,-0.15474052727222443,-0.16496455669403076,-0.12817523628473282,-0.14294234663248062,-0.15521517395973206,-0.16322121520837149,-0.18052370101213455,-0.15258750319480896,-0.10921124794653483,-0.055321001544749983,0.020468569947811571,0.050797222056784309,0.056893694549085792,-0.022631938536467618,-0.013466870412230492,0.0,0.0,0.0,0.0,0.0,0.0,0.0,0.0,0.0,0.0,0.0,0.0,0.0,0.0
0.081645706593990328,0.072671820354812289,0.048857781304312606,-0.021726768269218155,-0.082480370377500847,-0.11633757170703676,-0.14715385995805264,-0.171307572722435,-0.1860332190990448,-0.19727084040641785,-0.19261546432971954,-0.19694508612155914,-0.19092036038637161,-0.18863664567470551,-0.16362665593624115,-0.15795432776212692,-0.14463694393634796,-0.166294127702713,-0.16291038691997528,-0.15075873583555222,-0.14476461708545685,-0.11597699778420585,-0.063340241710344955,-0.01926335965283215,0.015896508128692706,-0.015917363084736281,0.08434271192689885,0.070214587630550954,0.0,0.0,0.0,0.0,0.0,0.0,0.0,0.0,0.0,0.0,0.0,0.0,0.0,0.0
0.14252789765596391,0.15732938051223755,0.16116194214139665,0.063327370056261614,-0.056942510046064855,-0.11289200849003261,-0.15278562690530503,-0.18052687346935273,-0.20183451101183891,-0.19994272291660309,-0.20787116388479868,-0.20549452304840088,-0.20789124071598053,-0.19801328331232071,-0.18269038200378418,-0.18567637354135513,-0.19106137752532959,-0.20153827965259552,-0.20477266609668732,-0.16335759063561758,-0.13333822228014469,-0.10873374901711941,-0.08178918229209052,-0.02277265077212914,0.056065529987618733,0.014358051157756159,0.047906198613678237,0.035490630862316012,0.0,0.0,0.0,0.0,0.0,0.0,0.0,0.0,0.0,0.0,0.0,0.0,0.0,0.0
0.1934061206199906,0.23266918025910854,0.20739588803715175,0.14871436885247627,-0.027606057601847818,-0.087999009611931717,-0.14189164174927604,-0.19641143828630447,-0.20878026386102042,-0.23078294595082602,-0.20832089334726334,-0.19052436947822571,-0.20470035076141357,-0.20264832675457,-0.18643569946289063,-0.20236192643642426,-0.20598558336496353,-0.2138291597366333,-0.19648883491754532,-0.17428945501645407,-0.14358404278755188,-0.10106277279555798,-0.078952882438898087,-0.068716726608966522,0.014697989351589058,0.067330853094657264,0.013339080370240699,-0.080909599822916789,0.0,0.0,0.0,0.0,0.0,0.0,0.0,0.0,0.0,0.0,0.0,0.0,0.0,-0.0300603967958263
0.17031651763158423,0.2181727715900966,0.25443636417388915,0.22508489390214284,0.083656190522015089,-0.044832325664659341,-0.11373677551746368,-0.19955487714873421,-0.20776745428641638,-0.25302007297674817,-0.23295401036739349,-0.188093364238739,-0.19469022750854492,-0.1991565078496933,-0.17822270840406418,-0.15897107621033987,-0.14823661744594574,-0.15549818674723306,-0.14268694818019867,-0.14227283497651419,-0.13933061063289642,-0.10626044869422913,-0.075147324055433271,-0.048046825740199819,-0.03340122753500261,0.0020429344634370259,0.13292722687201233,0.33629731846500249,0.32816252761310144,0.0,0.0,0.0,0.0,0.0,0.0,0.0,0.0,0.0,0.0,0.0,0.0,-0.017837740113341872
0.15665443339026891,0.19313330948352814,0.27509977700917615,0.32407262069838388,0.23581635716714358,0.013945776788750664,-0.062126886332407594,-0.15744854435324668,-0.19772306270897389,-0.2206922248005867,-0.21180334687232971,-0.1957075446844101,-0.18233208358287811,-0.18441653251647949,-0.18605752289295197,-0.13733164966106415,-0.11908701434731484,-0.10046287626028061,-0.11228368431329727,-0.11285621672868729,-0.11661995699008305,-0.087736114859581,-0.0655234046280384,-0.041495853768927712,-0.0054278204372773566,0.019925291057337414,0.067865968681871891,0.23066107709156838,0.37079102136363273,0.36024850953297449,0.29641490788111147,0.17371169025621688,0.0,0.0,0.0,0.0,0.0,0.002236312123256669,0.038417159431591325,0.079330029457653925,0.036317351204302149,-0.12681849522680358
0.15514735711945427,0.18337331676841612,0.30806006896495819,0.3481686880876278,0.39990980095333523,0.21821249579079449,0.020876461619754202,-0.12908533588051796,-0.18693340693910918,-0.21517872512340547,-0.20531381964683532,-0.18049826472997665,-0.15480376780033112,-0.14667843778928122,-0.14960673948129019,-0.10679872334003449,-0.081266645342111588,-0.075002118945121765,-0.079538159072399139,-0.088994372636079788,-0.066023290157318115,-0.052763130515813828,-0.047935644785563149,-0.015664764679968357,0.012643768296887478,0.033578754713137947,0.032167005951383283,0.10876471037045121,0.26252808189782939,0.41152153412501019,0.43608508927699846,0.26628129184307048,0.36573412130738414,0.2747423749545525,0.29325076858894883,0.073191809129308574,0.0,0.00010483034349398132,0.0094367498668431436,-0.053199883369382479,-0.1821703290137629,-0.30367320895004579
0.0,0.0080876098945736885,0.28548917996472328,0.29124708852318465,0.36649852504535596,0.44082571516434349,0.26843820454087108,-0.06604143973284711,-0.17765026596876291,-0.18723012010256449,-0.19205933809280396,-0.18334043025970459,-0.13750162720680237,-0.1189269945025444,-0.12021073326468468,-0.11204125980536143,-0.068547111004590988,-0.045736845582723618,-0.043901057448238134,-0.035211834125220776,-0.0240945047698915,-0.0183563269674778,-0.010273712609584132,0.0077812897895152373,0.033467957439521946,0.038143189251422883,0.047677938028105667,0.092914718336292682,0.16970465499907733,0.24869155174209959,0.30613193581146853,0.3388598852760189,0.32987178210169077,0.29411068487249009,0.28178649960026214,0.15322956070847615,0.13528260386102051,0.075385764669677571,-0.0877252795999235,-0.17684241193415495,-0.29389247446219863,-0.36530809678102322
0.0,0.0,0.0,0.067617809326570161,0.20452428826884112,0.28950541543171687,0.36655606976095234,0.0752103997515552,-0.155377555419417,-0.18212334563334784,-0.18614871799945831,-0.17190783843398094,-0.13516951352357864,-0.096297714859247208,-0.0782889798283577,-0.0618148073554039,-0.028651728760451078,-0.017226653639227152,-0.0077044120989739895,0.0029648675699718297,0.030211785808205605,0.017935474092761677,0.024795417673885822,0.040779102593660355,0.06518980860710144,0.073187105357646942,0.086280627383126154,0.11294315276401383,0.1286132364046006,0.18298348128795625,0.2229366557938712,0.27206830343892496,0.32449128831687729,0.31489453723236005,0.2778163113377311,0.34539509334681945,0.23258643959879236,-0.018277517004645669,-0.18009664465501471,-0.22671350415519606,-0.27492703694489695,-0.3409617373188461
0.0,0.0,0.0,0.0,0.1081142748395602,0.15584334205531064,0.20559149765239287,0.14756701103387734,-0.12410587212070823,-0.16686416467030843,-0.16711082415921347,-0.14961150884628297,-0.13220719248056412,-0.076848867038885757,-0.045125473290681839,-0.025166804902255535,-0.0015632512513548136,0.0090350080281496048,0.036805965627233185,0.039481893802682556,0.056323496003945671,0.040203766897320747,0.031313983257859945,0.030333331786096096,0.046272695064544678,0.077773986384272575,0.087096532185872391,0.069386586174368853,0.090175320083896324,0.12322187317269188,0.16920653358101845,0.23194364026973122,0.19037405239499133,0.11878859048539942,0.074450126283669052,0.068071279976389967,0.022925695462618023,-0.067488014644298419,-0.19515132742083591,-0.26121925797691958,-0.29913548352541747,-0.3279484948621908
0.0,0.0,0.0,0.0,-0.00084602609276771543,-0.042413766532635018,-0.022738073448029656,0.15702991167965688,-0.011165278498083353,-0.14530271788438162,-0.15532711012796921,-0.13362488150596619,-0.086743459105491638,-0.03237872694929441,-0.014417147807156047,-0.013003596803173423,0.012849916049162857,0.047332081322868667,0.086337973674138382,0.083486037949721023,0.07751522958278656,0.064354204883178071,0.034027529321610926,-0.0013041441173603137,0.025809444661717862,0.056953578256070614,0.07040533361335595,0.030569279100745916,0.037719018582720309,0.089363135863095522,0.10456537189228195,0.052010376844555138,0.034507876029238105,-0.043025088753104984,-0.07996031202908073,-0.065591334248892963,-0.02273039488742749,-0.085776846569318041,-0.13401171856600305,-0.22389851262172064,-0.3645861415635972,-0.34968019416255336
0.0,0.0,0.0,0.0,0.011035450734198093,-0.043090554947546614,-0.088933421171032909,0.066992289641348179,0.11902212627232074,-0.090819942986681348,-0.11080185820659001,-0.10468764416873455,-0.076130972554286316,-0.033309832215309143,-0.001646083896048367,0.010564539891978106,0.041294115285078682,0.066677814349532127,0.097833549603819847,0.0925627996524175,0.080612974241375923,0.06020512804389,0.04095015861093998,-0.020845107384957373,-0.046536135176817574,-0.0095402882434427738,0.0071292301639914509,0.010388387444739541,-0.0020132823046878912,0.027493760721491917,0.039816608070395887,-0.056539360620081427,-0.040350689637390053,-0.10840130307608181,-0.1730949025262486,-0.1688756849616766,-0.12778857101996741,-0.11126120425760747,-0.078042848346134022,-0.18352878031631312,-0.32906823544888886,-0.42548609631402151
0.0,0.0,0.0,0.0,0.0519197927564545,0.046909013328580135,-0.088633135952260522,-0.027049020972723763,0.13524590029070774,0.0730176814942665,-0.012486646016542282,-0.066720238671852991,-0.031631093879695982,0.0020686076944305873,0.01192209729924798,0.03162793442606926,0.067194530119498566,0.082605093717575073,0.095715222259362534,0.087897971272468567,0.07413628200689952,0.060267702490091321,0.03089597076177597,-0.022192879114300013,-0.06415858790278435,-0.08541522324085235,-0.082628565281629568,-0.042227626405656339,0.0068503556373928276,0.025642896935875927,-0.0040375412907451393,-0.095722589641809464,-0.097185486927628517,-0.12094882449933461,-0.16021237522363663,-0.16486186001982009,-0.14576647430658341,-0.085745772967735931,-0.031946036117998039,-0.079855226352810865,-0.31834539382354071,-0.47118647242414541
