SouthSea_Web/demo/jsonfile/2017-12-15-21.json
{"header": {"parameterUnit":"m.s-1","parameterNumber":2,"dx":0.1,"dy":0.1,"parameterNumberName":"Eastward current","la1":29.0,"la2":12.0,"parameterCategory":2,"lo2":131.0,"nx":250,"ny":171,"refTime":"2017-12-15T21:00:00","lo1":106.0}, "data":
[rows 133 to 151 of 171, columns 168 to 209 of 250]
-0.4161243848502636,-0.41274163126945496,-0.38562354445457458,-0.36691619455814362,-0.37883798139435904,-0.40299183502793312,-0.44076551496982574,-0.48685623208681744,-0.55205237013953068,-0.5828709857804435,-0.60562645395596826,-0.65510798352105282,-0.712866199016571,-0.756221354007721,-0.79237387577692664,-0.76996813714504242,-0.71981623768806458,-0.67879773378372188,-0.62545850872993469,-0.55870640277862549,-0.49835216005643207,-0.44267668326695758,-0.38030761480331421,-0.29323017597198486,-0.26234585046768188,-0.20783984661102295,-0.1003063569466273,-0.054451219737529755,-0.020569476298987865,0.02955525740981102,0.12062286213040352,0.2135545015335083,0.22785517573356628,0.27471429109573364,0.314107745885849,0.31734603643417358,0.0,0.32967111468315125,0.29809063673019409,0.26659861207008362,0.26849916577339172,0.24510188400745392
-0.44683976684297833,-0.4303826130926609,-0.42264654859900475,-0.43483615914980572,-0.44031540676951408,-0.4500480480492115,-0.46600840820206535,-0.478978980332613,-0.5280971725781759,-0.5600799098610878,-0.59365185669490272,-0.63255193829536438,-0.686373104651769,-0.71571771587644306,-0.7334236353635788,-0.72698212862014766,-0.716968759894371,-0.69373252987861633,-0.6544250100851059,-0.58742451667785645,-0.51909145712852478,-0.47408662239710492,-0.39809493720531464,-0.33336496353149414,-0.27676305174827576,-0.21604486554861069,-0.13287356495857239,-0.082417745143175125,-0.039729144424200058,0.014529129723086953,0.093330085277557373,0.18207693099975586,0.18082885444164276,0.25457616150379181,0.30451464653015137,0.0,0.31688466668128967,0.31795115768909454,0.2916007936000824,0.29293447732925415,0.2617461085319519,0.26144140958786011
-0.49421478062868118,-0.4938994884490967,-0.49913636843363446,-0.51658734348085189,-0.5207474331061045,-0.5126762211322784,-0.49661206536822849,-0.49759744107723236,-0.511884022842754,-0.553486963113149,-0.593929580279759,-0.64868558777703178,-0.68467369675636292,-0.70064832766850793,-0.70089813073476159,-0.68962280948956811,-0.69066302975018823,-0.68263330062230432,-0.65679365396499634,-0.61053678393363953,-0.56280207633972168,-0.49395277102788288,-0.44040928781032562,-0.37526368101437885,-0.3177933543920517,-0.26494150857130688,-0.1811542734503746,-0.1367623507976532,-0.084142251561085388,0.0,0.019625846180133522,0.096832163631916046,0.12616188824176788,0.18762733042240143,0.285675972700119,0.29248732328414917,0.2952253520488739,0.30599920451641083,0.28044208884239197,0.0,0.26535448431968689,0.23011510074138641
-0.49685033907492954,-0.50594303674168062,-0.52931572331322563,-0.5622798071967231,-0.58121011853218074,-0.58358806371688843,-0.56530927287207711,-0.54643365409639144,-0.53583571910858152,-0.56928527355194092,-0.61936712265014648,-0.66123699396848679,-0.67993742227554321,-0.68292099237442017,-0.68014227492468693,-0.67157282148088726,-0.6658473014831543,-0.65325976411501563,-0.644697904586792,-0.62495548526446021,-0.59370306134223938,-0.53878576308488846,-0.44163490831851959,-0.37172426283359528,-0.33643230050802231,-0.28778569400310516,-0.25440534949302673,-0.20497410744428635,0.0,-0.08427964771787326,-0.037183834239840508,0.0,0.077793098986148834,0.14594686031341553,0.21446652710437775,0.22653207182884216,0.0,0.27627836167812347,0.27298733592033386,0.28119072318077087,0.25677908211946487,0.0
-0.51732398271560665,-0.5324613120820787,-0.54058250513943762,-0.56396963447332382,-0.59671835766898262,-0.60864773061540389,-0.588900089263916,-0.55856107813971378,-0.53708767890930176,-0.57785800099372864,-0.6323223378923204,-0.69475900464587736,-0.72549073398113251,-0.71634522825479507,-0.676615908741951,-0.66218888759613037,-0.64126884937286377,-0.61612102389335632,-0.6113134125868479,-0.59925540288289392,-0.57885362207889557,-0.52844613790512085,-0.46207815408706665,-0.38593702018260956,-0.32861045996348065,-0.31388914585113525,-0.27072702348232269,-0.26168709993362427,-0.1844711403052012,-0.13512186706066132,-0.09804052859544754,-0.041543662548065186,0.0446033775806427,0.096836496144533157,0.15964958071708679,0.0,0.24115701764822006,0.25493693351745605,0.23959420621395111,0.24636098742485046,0.25097674131393433,0.18961804360151291
-0.56134291738271713,-0.55641141533851624,-0.53785941335890031,-0.53018191787931657,-0.53496869405110681,-0.53243847191333771,-0.52618976575987675,-0.51599652568499244,-0.508426958322525,-0.53499536381827462,-0.59788065552711489,-0.68383132666349411,-0.74875685903761124,-0.74306394656499231,-0.697156098153856,-0.674697186265673,-0.62911302702767513,-0.591216911872228,-0.57600991427898407,-0.56203833222389221,-0.53628898859024043,-0.48851393163204193,-0.44652394453684491,-0.39498323202133179,-0.32763281464576721,-0.32374972105026245,-0.30194397270679474,-0.25665988773107529,-0.24213576316833496,-0.17155137658119202,-0.10590476915240288,0.0,-0.026191862300038338,0.071592487394809723,0.12650279700756073,0.18188708275556564,0.0,0.24968619644641876,0.0,0.21633491665124893,0.22567078471183777,0.20561069250106812
-0.51231451630592351,-0.49533587694168091,-0.47952075302600861,-0.47878691256046296,-0.47123474776744845,-0.45550164207816124,-0.46257119625806808,-0.46768281608819962,-0.46497259537378949,-0.45045969883600873,-0.50873381325176781,-0.59312376379966736,-0.640691839158535,-0.673173209031423,-0.66819436020321321,-0.66471876949071884,-0.62700704165867394,-0.58613092558724544,-0.55252118905385339,-0.53535871207714081,-0.51567678153514862,-0.47317666560411453,-0.43466953188180923,-0.38519106308619183,-0.32637207706769306,-0.29627318680286407,-0.29774701595306396,-0.30911310017108917,-0.286949947476387,-0.22800451517105103,-0.1506464034318924,-0.06128312461078167,-0.0301846694201231,0.038027070462703705,0.11846119165420532,0.14944399893283844,0.20152875781059265,0.20799311995506287,0.22165705263614655,0.0,0.18341581523418427,0.16661517322063446
-0.46559223234653474,-0.44980695181422764,-0.43403251767158507,-0.43798565119504929,-0.43998578853077358,-0.40872766243086922,-0.3835876166820526,-0.39551693201065063,-0.42657300404139925,-0.42717012017965317,-0.47549279861980015,-0.53585788607597351,-0.58805872201919551,-0.60061601797739661,-0.62457191944122314,-0.65441679954528809,-0.628917309972975,-0.59453992332730976,-0.56887217362721765,-0.52464062968889869,-0.50210424512624741,-0.46456419825553896,-0.408140907684962,-0.40027008454004925,-0.35002259910106659,-0.31442417204380035,-0.27918821573257446,-0.30134856700897217,-0.29758027195930481,-0.24917692691087723,-0.20149827003479004,-0.12206921726465225,0.0,-0.0019214629428461194,0.0742572732269764,0.1327345222234726,0.14277486503124237,0.17388708889484406,0.18441975116729736,0.21149583160877228,0.0,0.15050302445888519
-0.42016071453690529,-0.42773604061868453,-0.4237966802385118,-0.43744006090694004,-0.45549886756473118,-0.40630258619785309,-0.33342262730002403,-0.31545010954141617,-0.34421290755271911,-0.39718978603680927,-0.489730851990836,-0.53971961471769547,-0.5753583056586129,-0.62037989497184753,-0.63460399210453033,-0.68637695908546448,-0.697888175646464,-0.6207733228802681,-0.58581797281901038,-0.54888583223025,-0.48284559696912766,-0.43960076570510864,-0.38450486212968826,-0.37379497289657593,-0.374686524271965,-0.35654769837856293,-0.32386557757854462,-0.33633521199226379,-0.31994247436523438,-0.27497401833534241,-0.22267792373895645,-0.1477343775331974,-0.08043256402015686,0.016664506867527962,-0.0051547903567552567,0.065980356186628342,0.1258213073015213,0.12931385636329651,0.1712876483798027,0.18808624148368835,0.18062122166156769,0.14040711522102356
-0.22362407229163431,-0.30987252791722614,-0.36699049716646021,-0.40286457538604736,-0.43511789374881321,-0.42470975716908771,-0.34962460771203041,-0.28054021298885345,-0.30067613389756942,-0.40387718752026558,-0.50219625234603882,-0.56029367446899414,-0.58395931869745255,-0.66776991635560989,-0.75136836937495644,-0.73623142838478084,-0.74278382744107929,-0.69190138578414917,-0.61969067653020227,-0.567430283342089,-0.49751529693603513,-0.38415190577507019,-0.34140461683273315,-0.32574188709259033,-0.35038295388221741,-0.37271781265735626,-0.362083504597346,-0.37472483515739441,0.0,-0.33330065011978149,-0.25743528455495834,-0.1880229264497757,-0.14147723466157913,-0.076156750321388245,-0.0054538301192224026,0.0,0.056363616138696671,0.10107780247926712,0.0,0.14453551173210144,0.15565268695354462,0.13887400925159454
-0.00963134344201535,-0.0073549697796503706,-0.089849796378985047,-0.20680454102429477,-0.31763345748186111,-0.3400180608034134,-0.31337576442294651,-0.28918897360563278,-0.29062896966934204,-0.36040902989251272,-0.44511290391286212,-0.53471858302752173,-0.57378548383712769,-0.65070950984954834,-0.77177092432975769,-0.85234636919839046,-0.795972615480423,-0.69854840636253357,-0.62373815476894379,-0.57650887221097946,-0.50173714756965637,-0.38924574851989746,-0.31918571144342422,-0.33452540636062622,-0.34635087847709656,-0.36659212410449982,-0.37391659617424011,-0.37112219631671906,-0.38864599168300629,-0.36447301506996155,-0.29156498610973358,-0.24118323624134064,-0.17513289302587509,-0.095065519213676453,-0.051344272680580616,-0.012083673849701881,0.0,0.044208262115716934,0.084449745714664459,0.12068324536085129,0.12177658826112747,0.11255703121423721
-0.0039201280102133754,0.047349400818347931,0.030593783594667912,-0.026803634886164218,-0.12370824962854385,-0.19872097671031952,-0.22536597549915313,-0.25541601578394574,-0.27393116695540293,-0.29089164071612889,-0.37582425773143768,-0.48196960488955182,-0.53693420688311255,-0.62797576189041138,-0.72197761535644533,-0.84888103604316711,-0.86863737446921208,-0.79298610488573706,-0.66008672118186951,-0.55998310777876115,-0.50710444790976383,-0.44174203773339588,-0.37089486916859943,-0.349847711622715,-0.35216480493545532,-0.34995278716087341,-0.35316171248753864,-0.38353900611400604,0.0,-0.36897142231464386,-0.33094796538352966,-0.28285969793796539,-0.19750546663999558,-0.14723147451877594,-0.0884878858923912,-0.051149125210940838,-0.015007905662059784,0.033463088795542717,0.0,0.091579057276248932,0.11382637917995453,0.0
-0.017496392747852953,0.035644612557310516,0.037987546167439885,0.01493384021644791,-0.013018193137314584,-0.0514521435317066,-0.075765656307339668,-0.138844924668471,-0.15828182082623243,-0.20833949318953923,-0.34155882894992828,-0.42819767196973163,-0.4507268411772592,-0.56812966863314307,-0.62989404797554016,-0.71121645825249813,-0.82222791512807214,-0.828169047832489,-0.74962430340903141,-0.60759706050157547,-0.47956614030732048,-0.42883633290018353,-0.41151192784309387,-0.37302972376346588,-0.35537387430667877,-0.33663097023963928,-0.31472022831439972,-0.33295589685440063,-0.3527432382106781,-0.32752150297164917,0.0,-0.31814724206924438,-0.23799648880958557,-0.1759905144572258,-0.1171809658408165,-0.044656870886683464,0.010101867839694023,0.036103419959545136,0.054135926067829132,0.076555930078029633,0.082862682640552521,0.10585568100214005
-0.054520372946915981,0.026169309437844075,0.0538863692432642,0.062418499216437343,0.05139876597306945,0.023579293792136014,-0.015563257543059686,-0.053720224648714066,-0.059007326373830438,-0.075922134798020124,-0.23378739878535271,-0.351534651858466,-0.32612314820289612,-0.40422226786613463,-0.49711139500141144,-0.58818584680557251,-0.65223634243011475,-0.71786636114120483,-0.73810510635375981,-0.62091529369354248,-0.47483277320861816,-0.39129019379615781,-0.38126184940338137,-0.37104425827662152,-0.3357255607843399,-0.29518699645996094,-0.26530206948518753,-0.27218063920736313,0.0,-0.25852549821138382,-0.25956627726554871,-0.268160805106163,0.0,-0.17309513688087463,-0.0864134281873703,-0.026774941012263298,0.0,0.037286872044205666,0.05703633651137352,0.0518951490521431,0.064840197563171387,0.092712365090847015
-0.00110849030315876,0.078841509805484253,0.10472080390900374,0.10452194511890411,0.11024214658472273,0.081734170764684672,0.031374369922559708,-0.00036509116762317717,0.00087334877545280117,0.043024302343837917,-0.059860730543732643,-0.21374092676809856,-0.19200018346309661,-0.20254266049180711,-0.33809895813465118,-0.47634738683700562,-0.58251150449117028,-0.65120991468429568,-0.64809075593948362,-0.58548729121685028,-0.47773603796958924,-0.3654763251543045,-0.34661198407411575,-0.35537106792132062,-0.33194512128829956,-0.29090332984924316,-0.23310776799917221,-0.21156450361013413,-0.19780831784009934,-0.14685413241386414,0.0,-0.16386578977108002,-0.18408159911632538,-0.11450095847249031,0.0,-0.034112244378775358,-0.020184664987027645,0.041725199669599533,0.0,0.063774392008781433,0.0,0.036248783580958843
0.0,0.13918401673436165,0.13271668255329133,0.10844640340656042,0.11278961598873138,0.13579013026677644,0.09657811034809459,0.061615918508984825,0.061037891777232289,0.11330501269549131,0.11020972579717636,0.026934206818363497,0.06623559693495433,0.088159632869064808,-0.11726143956184387,-0.39695774515469867,-0.57099676132202148,-0.57303065061569214,-0.5492095947265625,-0.518143872419993,-0.4654005691409111,-0.38164753466844559,-0.34574515372514725,-0.3302350640296936,-0.3133634626865387,-0.26694695651531219,-0.20439006388187408,-0.20116141438484192,0.0,-0.16334366798400879,-0.10900479555130005,-0.13519300520420075,0.0,-0.11280039697885513,-0.044005759060382843,-0.017332321032881737,0.0,-0.0054055326618254185,0.045910593122243881,0.0,0.057971987873315811,0.050863683223724365
0.0,0.0,0.16259688138961792,0.10749136385592548,0.10754200283970151,0.15542449951171874,0.12288265954703093,0.10711408704519272,0.13978427648544312,0.1733710840344429,0.19334054399620404,0.15804881708962576,0.17554060183465481,0.19722000882029533,0.258623868227005,-0.2494582956035932,-0.61542421579360962,-0.506484791636467,-0.41107991337776184,-0.46026512980461121,-0.45010557770729065,-0.41399497787157696,-0.39581934611002606,-0.36381010711193085,-0.31708544492721558,-0.27944721281528473,-0.22758561372756958,-0.2170959860086441,-0.22482557594776154,-0.17969225347042084,-0.11040621995925903,-0.13371892273426056,-0.116718590259552,-0.073397519066929817,-0.038552161306142807,-0.015879886486800388,-0.014189116656780243,0.020475404337048531,0.054805127903819084,0.062529638409614563,0.073885902762413025,0.035187665373086929
0.0,0.0,0.0,0.048195415455847976,0.029184104946370307,-0.0672813430428505,0.13884283176490239,0.12164558544754982,0.15042699128389359,0.20372078195214272,0.20912215775913662,0.11501216036932808,0.06366076972335577,0.041887289099395278,0.0,-0.19108242448419333,-0.45892719924449921,-0.429447665810585,-0.44015508890151978,-0.41059592366218567,-0.42490501701831818,-0.39839200675487518,-0.34810125827789307,-0.33023169636726379,-0.27180834114551544,-0.21554819494485855,-0.19515617191791534,-0.23422731459140778,-0.24193198978900909,-0.23793158680200577,-0.20667102932929993,-0.20366846024990082,-0.17852099984884262,-0.13940942287445068,-0.17998301982879639,-0.17101939022541046,-0.16349298506975174,-0.17572538554668427,-0.081067793071269989,-0.073929039761424065,-0.11285099387168884,-0.0071517103351652622
0.0,0.0,0.0,-0.0071748140180716291,0.006779483246976848,0.028404122916981578,0.0,0.18494808673858643,0.16571464836597444,0.2179480567574501,0.2087956726551056,0.078352622817166984,-0.072786834789440036,-0.1135247889906168,0.0,0.0,-0.45180472731590271,-0.36534002423286438,-0.52690809965133667,-0.44725555181503296,-0.46131438016891479,-0.53622925281524658,0.0,-0.51890754699707031,-0.4750383198261261,-0.506666362285614,0.0,-0.56069105863571167,-0.6200937032699585,-0.67908155918121338,0.0,-0.73623162508010864,-0.74506509304046631,0.0,-0.70041096210479736,-0.66494244337081909,-0.66527849435806274,0.0,-0.653278112411499,-0.6022600531578064,0.0,-0.50533044338226318
