SouthSea_Web/demo/jsonfile/2017-12-16-22.json
{"header": {"parameterUnit":"m.s-1","parameterNumber":3,"dx":0.1,"dy":0.1,"parameterNumberName":"Northward current","la1":29.0,"la2":12.0,"parameterCategory":2,"lo2":131.0,"nx":250,"ny":171,"refTime":"2017-12-16T22:01:52.5","lo1":106.0}, "data":
[rows 57 to 75 of 171, columns 129 to 171 of 250]
-0.21041178788457599,-0.30084816990671931,-0.34862118096728073,-0.41135867304272122,-0.425766083377379,-0.52510769926011558,0.14851758915566557,-0.26747569378751973,-0.27829626003901164,-0.31718579448502637,-0.18565425525108972,0.12683344720287271,0.084394246416070087,0.0,0.0,0.0,0.0,0.0,0.0,0.0,0.0,0.0,0.0,0.0,0.0,-0.27276859173758161,0.79504951045505312,0.91302211771548636,0.827234660706869,0.79864307180527716,0.81435819963614142,0.861532605829693,0.88710662879441915,0.82929686042997575,0.69224858709744042,0.56729650146820965,0.49836679654461996,0.46980940923094749,0.4009432057539622,0.30902295708656313,0.20553609728813171,0.15445351749658584,0.098189101368188855
-0.12846517891568296,-0.2279188600746361,-0.37340955962153044,-0.45755382486291835,-0.45676393452144803,-0.12776358128150009,-0.29924516272554291,-0.14742002028838863,-0.30769652522662105,-0.17326388508081436,-0.038676165013074332,0.18455676643296759,0.11983673272100892,0.0,0.0,0.0,0.0,0.0,0.0,0.0,0.0,0.0,0.0,0.0,0.0,0.20941897724013853,0.98156255975775764,0.88998843156374419,0.78645254714148383,0.79262340510333029,0.82181549849717517,0.88099384903907774,0.90294801337378361,0.81558726727962494,0.68048009802313414,0.55679407715797424,0.48540521065394082,0.47359830828813404,0.40888605573598075,0.30757053693135578,0.22987797397833604,0.17802646855513254,0.14442113460972905
-0.082915655971536856,-0.29283262143532435,-0.46885229493009634,-0.57522280257323688,-0.66996435986624825,-0.28711696215517196,-0.46751245404734754,-0.24266596138477325,-0.23080917476461485,-0.10826481530343049,0.018076159331242306,0.23482745001483865,0.072328579922517136,0.0,0.0,0.0,0.0,0.0,0.0,0.0,0.0,0.0,0.0,0.0,-0.31226205825805664,0.44896467050865696,0.824738389567325,0.75490115218692355,0.74826072419390954,0.78348342959697426,0.82036766951734374,0.88432299792766567,0.8910832126935323,0.79539922475814817,0.66136367045916045,0.54162687063217163,0.48498224839568138,0.46452099314102757,0.4024434174810137,0.30211060866713524,0.20819883261408126,0.14022781513631344,0.091524105022350949
-0.14627393970832878,-0.32983252689951942,-0.50112234115600585,-0.61354994326829915,-0.65107971743533488,-0.49175718799233437,-0.44889978617429732,-0.2010004423522892,0.016560797174663647,0.081377938355284715,0.16093786304386762,0.255582727234939,0.16585550765781629,0.10464453573028247,0.0,0.0,0.0,0.0,0.0,0.0,0.0,0.0,0.0,0.0,0.23061272364363752,0.668181722143055,0.69751653630854715,0.67778551727533343,0.67447279393672943,0.76041507720947266,0.82350780652916955,0.87559200385037594,0.86254801352818811,0.75735532778960013,0.62606507998246408,0.50107363554147577,0.45235905264105114,0.44086710860331851,0.38238170055242687,0.28602373699347178,0.18456969467493203,0.096442883710066471,0.032157373581347723
-0.34687053660551709,-0.43542137391426983,-0.61109507083892822,-0.68690311908721924,-0.81254146248102188,-0.61112817946602316,-0.35753975730193288,-0.068849394807503336,0.0715194395521567,0.15087114536651858,0.21951908189238925,0.23029294796288014,0.1614955695173175,0.21418116614222527,0.0,0.0,0.0,0.0,0.0,0.0,0.0,0.0,0.0,0.0802770162311693,0.39482399443818245,0.61883556516203164,0.57708992582300433,0.61716090505187571,0.65451353346859964,0.75605235879237831,0.8175317376852036,0.86470089639936176,0.82003762722015383,0.69466323057810464,0.58539068698883057,0.47571320136388145,0.41167650903974262,0.40529276058077812,0.35240011130060467,0.2772082473550524,0.19789040317902198,0.097962423413991931,0.0093621565195332688
-0.44628528186253141,-0.560457740838711,-0.61402149498462677,-0.67008880206516808,-0.88961334313665119,-0.56648911722004414,-0.29747293392817181,-0.0649058585986495,0.20240675006061792,0.40433015771534131,0.47590912772076471,0.4260464898637823,0.26181982909188128,0.2832965224595933,0.0,0.0,0.0,0.0,0.0,0.0,0.0,0.0,0.0,0.35248128851700544,0.63918293361932454,0.439367041253207,0.37919824839906491,0.56868505041773731,0.6707378472051313,0.75138633201519645,0.81126459078355273,0.86498779058456421,0.78638879458109534,0.64978519678115843,0.549110689333507,0.44138191427503315,0.36885024011135104,0.33343032815239648,0.2998005747795105,0.23935122887293497,0.19042444229125977,0.12012249181667964,0.039887907542288305
-0.45689430501725936,-0.64190123975276947,-0.585473591631109,-0.81442006609656592,-0.77993413380214149,-0.49695788236225352,-0.2654173627961427,-0.008426091334383403,0.11855298632078549,0.26812245631995407,0.41458614838534386,0.45720752021845651,0.37753225594758988,0.20343702042102813,0.0705884789618162,0.0,0.0,0.0,0.0,0.0,0.0,-0.0962964708968583,0.19360386689595127,0.51876950364152929,0.60576273961500693,0.40876417318659442,0.22480582453888551,0.54559839449145575,0.64677667245268822,0.718324696024259,0.805032145409357,0.86907694737116492,0.77243486046791077,0.61727079947789509,0.51785444525571966,0.41592015669896054,0.32013964454332988,0.26375844081242877,0.22934179540191377,0.19091829976865224,0.14442497757928713,0.086953974687136143,0.030925062360862891
-0.5119340154859755,-0.60432781775792443,-0.64775993674993515,-0.69409470666538586,-0.64062520173879767,-0.44590170337603641,-0.22250080605347952,-0.053881517308764157,0.14574288795976079,0.26157767015198868,0.36013434220243384,0.37066036154483928,0.35555969427029294,0.21660584734002156,0.09275136336584873,0.0,0.0,0.0,0.0,0.0,0.0,0.030007630271152996,0.36496161474524258,0.47559129652522858,0.492645195552281,0.42595129980231233,0.28083630296168849,0.44514209167523816,0.56948518033685358,0.67529521476138721,0.81212032924998889,0.8545873649418354,0.73805363388622514,0.57641728107745827,0.49456601270607542,0.41664522657027614,0.2937183678150177,0.21528756192752294,0.17298004989113128,0.14495751559734343,0.085261899758787715,0.027742933089029975,-0.016551496212681135
-0.47928780743053984,-0.52766530381308663,-0.50155245363712309,-0.53931800885633985,-0.49230077862739563,-0.37837790139019489,-0.25552773972352344,-0.10662988595226232,0.0921248156680829,0.26800646632909775,0.31512007117271423,0.30839748404644152,0.38460702780220246,0.29208867706484715,0.03998889882275234,-0.12633896383072138,0.0,0.0,0.0,0.0,-0.19304700195789337,0.082923340414772215,0.49996240990502494,0.53959261198512842,0.49767507612705231,0.39137237709622053,0.26805956552668314,0.32021226286888121,0.50110784283390752,0.63757040848334634,0.79761766535895207,0.79591547188005951,0.67158763517032971,0.5352991606507983,0.46930588285128277,0.4075266420841217,0.2783598278959592,0.19943379668089059,0.15239124425819942,0.11185137601569295,0.040504081027500111,-0.017723931481928697,-0.047384415968106344
-0.34386390261352062,-0.25416396889421677,-0.29116357697380912,-0.36055602729320524,-0.4253590429822604,-0.3893373952462123,-0.25232116132974625,-0.039383542767124406,0.18696599163942868,0.32546966566758995,0.42248181026914844,0.44214195907115938,0.43759258534457235,0.3229500693269074,0.0786487821766487,-0.14112211851582782,-0.11838905308013197,-0.078858948340921692,0.0,0.0,-0.13628509079783477,0.32019681901191221,0.63347897299549039,0.68393425146738684,0.60288151502609255,0.34697084043707166,0.22158418924492948,0.24260139266649883,0.44773417197424792,0.60733454273297238,0.74599761068820958,0.70113479039248294,0.58071614901224777,0.48120511372884117,0.45480117472735321,0.38257199774185818,0.25251861260487485,0.16694780811667442,0.12680022303874677,0.08644919363515717,0.0033596209084082928,-0.055777340630690259,-0.073463866952806711
-0.16531834006309509,-0.18164217472076416,-0.23364231803200461,-0.27920929342508316,-0.36533883213996887,-0.30185829897721611,-0.10229847763132836,0.10404985141940415,0.28290893832842506,0.43227498311745494,0.53258026213873,0.55727417469024654,0.49310528735319775,0.33068795897522751,0.21641323196829534,0.01155548739179778,-0.0737938938309636,-0.13165608668549461,-0.086979590356349945,0.0,-0.13745731351162316,0.44820015682351022,0.64096671810337147,0.65113585270368135,0.55203646947355833,0.27042672286430997,0.011049854158619909,0.23819693736732006,0.47540881407671959,0.61695475816726686,0.70547684729099269,0.61805218808791218,0.47058384617169696,0.41945599592649019,0.42246044079462686,0.33963315486907958,0.22514495147126062,0.14070278406143189,0.0874207025537124,0.033179685163001217,-0.036636852137128112,-0.0732137660185496,-0.097157729523522515
-0.066921552701387554,-0.10405537462793291,-0.15462781654463875,-0.177914712916721,-0.16847979734567078,-0.079103919762102043,0.07854621733228366,0.30669680784145992,0.45356706210545134,0.52312845462246949,0.572722926735878,0.51024388748666516,0.4238252156767352,0.34428686234686112,0.26299822077436269,0.038333751610480249,-0.080700477692245073,-0.11363826750849303,-0.16705129854381084,0.0,-0.19342942250604253,0.4144009263851704,0.60981517382290051,0.59323532016653768,0.46956095099449158,0.31973075476430712,0.067807516825961922,0.28811835552134163,0.54330226298301454,0.67464770949803865,0.69551492305029006,0.56470624664250546,0.39140834808349612,0.35724783142407734,0.3763408288359642,0.28671146116473456,0.20931687752405803,0.13353525503323629,0.051504212516275322,-0.00027404925397907692,-0.050184637308120728,-0.06615447327494621,-0.10592051176354289
0.045570268295705318,0.0090501952088541462,-0.010005770354635186,0.017501301504671572,0.11117009557783604,0.17805302101704809,0.35067883282899859,0.48715454610911285,0.5851113455636161,0.587415353457133,0.57970433799844034,0.49258824331419809,0.38616705934206647,0.3444195677127157,0.24422246332351977,0.026227077203137533,-0.17764548913520925,-0.15753158104295531,-0.25777338509310466,0.0,-0.32987494582329135,0.3365998925411538,0.52571656745533613,0.49804685537408039,0.38310778960585595,0.23221327954282364,0.03387445301168928,0.27293859978134816,0.53173583497603738,0.68387512224061153,0.68003326027016886,0.53797628482182824,0.37294666655361652,0.33011820912361145,0.3515618099616124,0.24176663309335708,0.17743263794825628,0.12350004315376281,0.043622290643935017,-0.010440054042070794,-0.046011967460314433,-0.065329125383868814,-0.10757461722408022
0.053323121508583426,0.044151654234156013,0.087924978695809841,0.16095665283501148,0.25095421448349953,0.42593166563245988,0.61096615493297579,0.68343788882096612,0.65986818869908648,0.623696166735429,0.60455449889687929,0.52204542027579415,0.39811491370201113,0.31952030708392459,0.17290083528496325,-0.06356514680801946,-0.26868025213479996,-0.338689533973995,-0.46017170797746915,-0.33834801642418216,-0.172169600427802,0.36628763075324072,0.45260928881665069,0.42375943306330088,0.36517022252082826,0.32860176265239716,0.087078253456363178,0.18705369293667287,0.46960547348348108,0.64577244222164154,0.63178712413424543,0.518734476963679,0.38029888272285461,0.33177310228347778,0.35581489709707409,0.25267448723316194,0.15604374557733536,0.10612783332665761,0.039243765582796186,-0.0106269797990815,-0.056017502107554011,-0.067495864878098166,-0.10462638203586851
0.072453129105269909,0.0927675967104733,0.16466859728097916,0.25947509333491325,0.40764928609132767,0.559657441245185,0.69305766820907588,0.68199683319438587,0.61413622360963083,0.59224220911661785,0.54748163052967613,0.47508644882370443,0.37667807439963025,0.24432245479977649,0.055905144584054746,-0.18260833248496056,-0.37692186307339443,-0.533237310912874,-0.53369311639247186,0.24838812038369632,-0.14660086854042223,0.48976703709171665,0.46659205073402044,0.39267807151820211,0.373502413163314,0.33944383344134771,0.27608234293404077,0.34177356929171321,0.41037480112833852,0.56529074448805594,0.55046551200476557,0.45723212291212645,0.36571491403239115,0.31696383229323793,0.31386354023760016,0.25543098317252266,0.17207299287502581,0.099397503985808447,0.048935927849795134,-0.0050463787047192454,-0.068412087112665179,-0.091528889449203718,-0.11088503311787333
0.13521732283490046,0.15441214442253112,0.23679160409503514,0.39007581770420074,0.55944868259959746,0.65196534246206284,0.60813875330819023,0.5592255651950836,0.52046409000953042,0.51015081772437465,0.45899964968363444,0.40310828015208244,0.34735039042101967,0.20877015383707154,-0.00593370029872114,-0.21905516363956309,-0.35095740966498851,-0.4681549832738679,-0.52004837781511326,0.036655510469089922,0.26740505983587354,0.47210215228908464,0.43684276785605991,0.42120031184620327,0.40101924704180825,0.36623884075217777,0.2498676675889227,0.25776428195103157,0.311060745465128,0.471804965287447,0.45058543483416241,0.38837458456263824,0.32638648578098844,0.29328580449024838,0.28360336522261304,0.24205719147409713,0.20555774370829263,0.11781355566703357,0.049955650116316974,-0.021532627151292914,-0.083113454282283783,-0.10830231616273522,-0.11587147911389668
0.14658916369080544,0.21956285089254379,0.35344839096069336,0.49183228611946106,0.56923115849494932,0.53990634944703841,0.47465569972991944,0.45963584780693056,0.46860546144572174,0.43459811577430141,0.40917347027705264,0.41649439292294638,0.35422839596867561,0.19568598796339595,-0.020464889276561073,-0.1509216149216113,-0.2785053824385007,-0.33092178518955523,-0.27847514228493558,0.12422498835462935,0.29440747683004637,0.34818698937835341,0.40204560177193749,0.3994637785419341,0.46904369443655014,0.39670612663030624,0.31200987764674687,0.21030395132090365,0.30489804072582977,0.39765452265739443,0.373015653827916,0.34093456583864551,0.31422500014305116,0.28795594374338784,0.24293966820606819,0.18825888509551683,0.17439000929395357,0.10499141623194401,0.023363857330488309,-0.056528022167185554,-0.11984107808934318,-0.1273433397213618,-0.11957780324987002
0.16224588453769684,0.2607570756226778,0.42430116732915241,0.50990016971315655,0.52203940919467384,0.4719252387682597,0.43790854348076713,0.43741147716840106,0.42763370871543882,0.40744070573286578,0.41632143159707385,0.4070466481722318,0.28824714890548159,0.1282597795361653,-0.026671937026549131,-0.090641188656999952,-0.20193384445848919,-0.25669541259606682,-0.19356451793150467,-0.0098454721227939409,0.037720222789577623,0.17469156557677446,0.27167960861697793,0.3815954258044561,0.48346984216145106,0.37149556387554516,0.25524028701086837,0.21301169937307185,0.33997837081551552,0.40175324777762095,0.3585745096206665,0.31302730468186463,0.28718980445581321,0.26669112940629325,0.204710086950889,0.11783635218938192,0.11992031335830689,0.0701960751458126,-0.021554869682671885,-0.082506332546472549,-0.1332450769841671,-0.14363954775035381,-0.13124889454671315
0.24432738125324249,0.3342870218413217,0.52546033263206482,0.57987817696162636,0.55246387209211079,0.49311954528093338,0.46166589004652842,0.42955354228615761,0.40900045964452958,0.4113720118999481,0.39056161046028137,0.30910331281748687,0.1836919571672167,0.07494184498985608,-0.026192109845578671,-0.078072684964067052,-0.16321979801763187,-0.21114140634353346,-0.11295740200356315,-0.013191082747653127,0.00060870604603692436,0.048870181576509415,0.20227719997537547,0.3920756907298647,0.43710594023427657,0.295534071182051,0.11068637475657922,0.12872134126761617,0.32259153182569306,0.37265849312146504,0.32881255333240217,0.28623096893231076,0.23097402821568883,0.22011816326309652,0.18413317501544951,0.10162791560093562,0.0826707158018561,0.0649501374539207,-0.0302879888947834,-0.099550750572234392,-0.1425831550732255,-0.16133285952465876,-0.14013174520089075
