SouthSea_Web/demo/jsonfile/2017-12-16-09.json
{"header": {"parameterUnit":"m.s-1","parameterNumber":2,"dx":0.1,"dy":0.1,"parameterNumberName":"Eastward current","la1":29.0,"la2":12.0,"parameterCategory":2,"lo2":131.0,"nx":250,"ny":171,"refTime":"2017-12-16T09:00:00","lo1":106.0}, "data":
[rows 95 to 113 of 171, columns 126 to 167 of 250]
-0.095815509557724,-0.057517384737730028,-0.061001823842525484,-0.13287320733070374,-0.24452449594225204,-0.33876458803812665,-0.32158682743708294,-0.22022265568375588,-0.16026769578456879,-0.18666108548641205,-0.22127904991308847,-0.26901954784989357,-0.43303118646144867,-0.62829254070917762,-0.68573215007781985,-0.66332714259624481,-0.67929295301437376,-0.64309100061655045,-0.56985041168000961,-0.53917663296063745,-0.51741667730467655,-0.48268823867494409,-0.48592990526446589,-0.40776743797155529,-0.31763018502129448,-0.29532752218453778,-0.30060379035197771,-0.19066310110124382,-0.042655383123275943,-0.41849363579725224,-0.72378183088519354,-0.76567581804787244,-0.62275438368320468,-0.44888302876993463,-0.40087237405400217,-0.47993226197301125,-0.49545328510113251,-0.42024998454486623,-0.34945168802815096,-0.33593953609466554,-0.2710020722200473,-0.17257071168799149
-0.10249124653637409,-0.059251752495765683,-0.063454774208366871,-0.10188689678907395,-0.19636635109782219,-0.28131174445152285,-0.29432164877653122,-0.2359124980866909,-0.21124837547540665,-0.22455493112405142,-0.23204908892512322,-0.30162353316942853,-0.50764076411724091,-0.69333374500274658,-0.67164618968963619,-0.58892737627029423,-0.61521830558776858,-0.56574926322156738,-0.52315556257963181,-0.516830692688624,-0.49079649647076923,-0.4258372433807539,-0.411883528936993,-0.41995516534035021,-0.47161212174788764,-0.5186355886134234,-0.412402612157166,-0.21170080813268821,-0.046326797593695422,-0.24186709293733455,-0.71716045301694131,-0.77347150986844848,-0.72519188983873883,-0.81601781867168566,-0.75562541159716523,-0.567765465249186,-0.52509969702133763,-0.46466263197362423,-0.39020273834466934,-0.36877156687634333,-0.28611959703266621,-0.20160418808460234
-0.092691217859586075,-0.0738192293792963,-0.084817148745059967,-0.10979238897562027,-0.17913415282964706,-0.23142556349436441,-0.24618737399578095,-0.23503165692090988,-0.26481737693150836,-0.25372079387307167,-0.23062777519226074,-0.33836259245872496,-0.58013631105422969,-0.71639255682627356,-0.60747185349464417,-0.55057032903035485,-0.53817976062948059,-0.48001737296581271,-0.48561501304308574,-0.51595430903964568,-0.467642700442901,-0.39062591517965,-0.36690594752629596,-0.37305400317365472,-0.37626349642163232,-0.68744087219238281,-0.83164124326272448,-0.47776098473480455,-0.097822086803395963,-0.42097588123883617,-0.84629785913532063,-0.987566580826586,-0.95008956169595526,-0.91798825089524427,-0.83395906470038672,-0.65633004738224876,-0.49737863391637804,-0.43791291027358081,-0.43391218951770238,-0.418877549469471,-0.32721558875507778,-0.2661691524765708
-0.13666093101104102,-0.10928537944952647,-0.11735862741867702,-0.14734106883406639,-0.19613284369309744,-0.20623518899083138,-0.16217605769634247,-0.20055465400218964,-0.27511776487032574,-0.25173214077949524,-0.22395663211743036,-0.35817861557006836,-0.591869572798411,-0.67035147547721863,-0.56103100776672366,-0.50359829266866052,-0.43181991328795749,-0.40896554864369905,-0.47547920876079136,-0.49974125165205735,-0.40106946110725405,-0.30949923266535218,-0.29821026183310007,-0.33169095624576916,-0.29608768045902251,-0.30109485448935092,-0.69696941696816972,-0.86033325605705135,-0.84286794754175043,-0.91608336289723713,-0.93962923586368563,-1.107462070709051,-1.1549216197884602,-1.0785437027613323,-0.91196060722524475,-0.72468458077846432,-0.58191359341144566,-0.51544066912987652,-0.4502866817638278,-0.40099825390747618,-0.34669468723810637,-0.2993944063782692
-0.17311365902423859,-0.14971143007278442,-0.1580684557557106,-0.1535583883523941,-0.18766782432794571,-0.16566625237464905,-0.1105484738945961,-0.13640599884092808,-0.1969001442193985,-0.18796305656433104,-0.1987019975980123,-0.38007615506649017,-0.59789268672466278,-0.59370932976404822,-0.49261922389268875,-0.41885231186946231,-0.33202195167541504,-0.39570578056223255,-0.48829578643753413,-0.44269804202991986,-0.2648675839106242,-0.21601022387805738,-0.19107937233315575,-0.21486848050897772,-0.28666717917830858,-0.16906988317536753,-0.09307468949470582,-0.48737131293643926,-0.61437830899624113,-0.43952781600611551,-0.34137671689192456,-0.48121626741356321,-0.914043878414193,-1.2642717235966732,-1.01168289605309,-0.7993968073711839,-0.74166139425375521,-0.65840615567408112,-0.5036391788913358,-0.36500687945273613,-0.28948439811838084,-0.25421487353742123
-0.19566774368286133,-0.19660906493663788,-0.18895536661148071,-0.16763445734977722,-0.17596185207366943,-0.13433661684393883,-0.07056894339621067,-0.073585828145345047,-0.093927478045225138,-0.10257388278841972,-0.16414340709646544,-0.33330020308494568,-0.506216287612915,-0.50501784309744835,-0.47328300774097443,-0.39873993955552578,-0.32993272443612415,-0.40066849237138574,-0.44066498041152952,-0.34697399102151394,-0.14994071796536446,-0.16916911527514458,-0.1262653006447686,-0.16546210008008139,-0.35543260989444597,-0.39447713244793026,-0.36141042682100777,-0.55181327631178589,-0.537135783296365,-0.29377693414688111,-0.217017941328944,-0.24291364385022057,-0.16946131988336927,-0.6427985046083402,-0.99084850754588838,-0.95583832493195164,-0.82192982946123394,-0.72159734448871093,-0.60349354853755555,-0.42471303977072239,-0.29690738568703334,-0.21119967103004456
-0.23333829641342163,-0.20500124990940094,-0.17825834453105927,-0.16871814429759979,-0.1811717301607132,-0.12934957444667816,-0.066827964037656784,-0.0453104916960001,-0.03327014297246933,-0.046693877130746839,-0.10676050186157227,-0.30453671813011168,-0.41248889402909711,-0.46722589929898578,-0.46346959968407947,-0.40042417049407958,-0.38855928453532135,-0.38845899820327756,-0.40679155165950459,-0.27748576516196843,-0.078447566612770678,-0.14587940614331851,-0.12306094914674759,-0.15463823452591896,-0.37437933875668433,-0.74865688383579254,-0.62970797013905311,-0.40795849104529447,-0.40733895896815919,-0.21658150226120715,-0.34553432338318585,-0.27782401777043636,0.017792931158120546,-0.55994154722630529,-0.76765540545130828,-1.0549471747875214,-0.95612473921342334,-0.80607721954584122,-0.67799921615703684,-0.51433365685599186,-0.31792517468847076,-0.19960520223334985
-0.24872224777936935,-0.22790634632110596,-0.19207848608493805,-0.20029772073030472,-0.200473353266716,-0.13503775373101234,-0.074661735445261,-0.054379813373088837,-0.033971862494945528,-0.041343143582344054,-0.13518137205392122,-0.27504553858722958,-0.31442036995520961,-0.42581145465373993,-0.44399525225162506,-0.36716642851630849,-0.36821524177988368,-0.33089275906483334,-0.3737584302822749,-0.27999204803596844,-0.11903153111537297,-0.18846759071637845,-0.16785786504095251,-0.16322548425680883,-0.32083988815546038,-0.729051933838771,-1.1825916786347666,-0.92169784792919751,-0.37968426430112839,-0.48397246663069438,-0.85893199682235721,-0.73248477041721349,-0.69261212574354813,-0.91395129815462128,-0.83030636805408409,-0.961416834930204,-1.0023878735524636,-0.871916300180007,-0.70908129757100891,-0.52021433413028717,-0.34116535261273384,-0.21059647588818162
0.0,-0.24219116568565369,-0.22350095212459564,0.0,-0.24205097556114197,-0.20001105964183807,-0.14854848136504492,-0.10975135490298271,-0.061867392932375274,-0.085572384830032072,-0.14522115673337663,-0.21127008398373923,-0.21785015265146893,-0.31667788657877183,-0.3775775121016936,-0.30740840792655943,-0.292842498421669,-0.28141755938529966,-0.3192149613584791,-0.31622908843888176,-0.251628434810883,-0.31479375665647941,-0.13716253471300677,-0.083108246730393673,-0.30751947111760575,-0.53936187356941456,-1.0661676092581316,-1.2131368527809778,-1.1300666844844818,-1.1987202213360713,-1.1636592357055,-1.0815605700016022,-1.0796204495429993,-0.83129125074906784,-0.53784566359086472,-0.551876856589023,-0.81066897511482239,-0.872900821945884,-0.71182973339007449,-0.49328865392788035,-0.31859579770004048,-0.20716093728939691
-0.30691260099411011,-0.28782036900520325,-0.2900380641222,-0.28011961281299591,-0.30603152513504028,-0.2943846583366394,-0.24200428277254105,-0.16299406439065933,-0.10769004821777344,-0.12362087730850492,-0.15350548699498176,-0.16939239416803634,-0.16221654911835989,-0.29564850370992313,-0.34317637855807942,-0.25269844651222229,-0.2113322981379249,-0.23099842241832189,-0.268761079886864,-0.26837981453067378,-0.3435868011499808,-0.20421699462188542,-0.012650549653005432,-0.030123488061546692,-0.165363966577031,-0.33203103325583716,-0.43156857052068603,-1.0263337995857,-1.4977542579174041,-1.3335038151657372,-1.11952383013872,-0.94647769451141361,-0.70675779148644091,-0.44850226968526841,-0.43458729312903638,-0.49190621032274862,-0.74146874434688981,-0.80696549504361259,-0.626400533815225,-0.42490161582827568,-0.26768014790155947,-0.20163260304158734
-0.34764176607131958,-0.33768260478973389,0.0,-0.35262002547581989,-0.34077614545822144,-0.34645761549472809,-0.31608235836029053,-0.24537988503774008,-0.15482579469680785,-0.15131706212248122,-0.15112777799367905,-0.13620803345526969,-0.14715882743659772,-0.23217888889105423,-0.25475212505885531,-0.21484101089564237,-0.15734235942363739,-0.16730456560850143,-0.25429463425749227,-0.19431181379726956,-0.15284945204557215,-0.04252651783427587,0.0018332782667130232,0.0,0.0,0.0,0.0,-0.76135230206307913,-0.90551551490576232,-0.87175822166013128,-0.740958898231901,-0.44424073512737566,-0.18941868647869506,-0.028587259914515155,-0.23520354843088265,-0.094296276344995725,-0.25156932605508092,-0.67153754354925987,-0.55893486738204956,-0.39161725927676472,-0.27245147162821237,-0.1591462077839034
-0.39907673001289368,-0.37388718128204346,-0.37692613899707794,-0.38865318894386292,-0.3931431770324707,-0.38582488894462585,-0.3800538182258606,-0.28999674320220947,-0.18821995173181808,-0.15119528604878318,-0.15337582571165903,-0.15444729157856532,-0.14546108951694087,-0.14078197239533716,-0.14338309407234193,-0.16726389762602353,-0.18201665580272675,-0.1603994139216163,-0.16493807271832511,-0.16027972915646982,-0.027732841799313082,0.0,0.0,0.0,0.0,0.0,0.0,0.0,0.12613728349762304,-0.1873843009547832,-0.022249845470319489,-0.022956866370332608,0.056603463149738013,0.045385911557320004,-0.040025364116759811,-0.066905897947873091,0.0,-0.40155107465674639,-0.41362455290211136,-0.38603010231798346,-0.27527197320824082,-0.1669084911959039
-0.44202679395675659,-0.397145539522171,-0.38015130162239075,-0.40507030487060547,-0.40197600424289703,-0.40238353610038757,-0.37965928763151169,-0.3182222992181778,-0.20033780485391617,-0.14608078863885668,-0.18513837800576136,-0.19428970615069072,-0.15418534412195808,-0.0897242805880049,-0.083463971689343455,-0.13657083004713058,-0.20335837867524889,-0.25557832371804023,-0.17866407382109809,-0.12617316504665574,-0.099436054683544425,0.0,0.0,0.0,0.0,0.0,0.0,0.0,0.0,0.0,-0.012076380831006515,-0.016068459114034636,0.014169023129807602,-0.01000618153406928,-0.053019824374775239,-0.10602772533893586,0.0,-0.056859203798953317,-0.21323928600498315,-0.32854728635988739,-0.28450385294854641,-0.20161796753343783
-0.43566444516181946,-0.41846226155757904,-0.37807130813598633,-0.38756540417671204,-0.39853085577487946,-0.38490183651447296,-0.34919920563697815,-0.29091606040795642,-0.2114653984705607,-0.16919322541126838,-0.16415879875421524,-0.19157428391601727,-0.16347200920184454,-0.10026096020426069,-0.087244048276368308,-0.16008491527575713,-0.258782594844147,-0.24220480206536083,-0.17436929289684738,-0.22623595566825663,-0.10631733387708664,0.0,0.0,0.0,0.0,0.0,0.0,0.0,0.0,0.0,0.0,0.0,0.0,0.0,0.0,0.0,-0.29015160600344342,-0.17852247413903685,-0.22610456093537565,-0.29714684830262111,-0.29759636918703714,-0.2345139003897968
-0.4163551926612854,-0.396561399102211,-0.39465755224227905,-0.38040557503700256,-0.37478411197662354,-0.35925207535425824,-0.32544158895810443,-0.27906673550605776,-0.24154196679592133,-0.20817297811691576,-0.15651732782522837,-0.17010950403554098,-0.16352514354955583,-0.13152412921190262,-0.13585423367718855,-0.2201159235376578,-0.2510541919618845,-0.19578640890675922,-0.091446551218352934,-0.16203078559289377,0.0,0.0,0.0,0.0,0.0,0.0,0.0,0.0,0.0,0.0,0.0,0.0,0.0,0.0,0.0,0.0,-0.24593129536320627,-0.27895858025912085,-0.35504108494606573,-0.35893037127998639,-0.31592785973440518,-0.28016108233067727
-0.37880587577819824,-0.37254804372787476,-0.38200472295284271,-0.40054133534431458,-0.36226783692836761,-0.32951410611470539,-0.30485490560531614,-0.2727424383163452,-0.23700824876626334,-0.20930202419941241,-0.16693710748638427,-0.15462196650712387,-0.16738514029062712,-0.15219156361288494,-0.1302093118429184,-0.19338577107659408,-0.23088903341974532,-0.15160570620444783,-0.076293868931547909,-0.061349255867365206,0.0,0.0,0.0,0.0,0.0,0.0,0.0,0.0,0.0,0.0,0.0,0.0,0.0,0.0,0.0,0.0,-0.14318284194909153,-0.1435195594220548,-0.26692607136149155,-0.3441557226081689,-0.32119934335350991,-0.29849946227940644
-0.34947130084037781,-0.3373827338218689,-0.336527481675148,-0.38489411771297455,-0.37281368672847748,-0.32900320490201312,-0.30885664373636246,-0.296101580063502,-0.25180699862539768,-0.21251150621817663,-0.17165896525749794,-0.16815318430171294,-0.16583488415926695,-0.14206390615020478,-0.096928544032077,-0.070396456743280086,-0.094019254979987935,-0.08896777303754419,-0.049904251197704023,-0.069564360380172732,0.0,0.0,0.0,0.0,0.0,0.0,0.0,0.0,0.0,0.0,0.0,0.0,0.0,0.0,0.0,0.0,-0.11797272887633881,-0.045923633674064122,-0.0834318694396643,-0.22680623581012091,-0.2754521562080634,-0.28229960167046747
-0.28816984593868256,0.0,-0.28889176249504089,-0.332936629652977,-0.36821044981479645,-0.34122701734304428,-0.30922031402587891,-0.30722027023633319,-0.2856914798418681,-0.23511960357427597,-0.20289131378134093,-0.18146253327528636,-0.1627005934715271,-0.12409113449129192,-0.08064001053571701,-0.057389365809579047,-0.059716766927300428,-0.10025588519150211,-0.036695636590161257,-0.0075170248746871948,0.0,0.0,0.0,0.0,0.0,0.0,0.0,0.0,0.0,0.0,0.0,0.0,0.0,0.0,0.0,-0.068260151737680033,-0.19941467251735687,0.013651125344331376,0.033104183814989835,-0.1160624530683789,-0.19644136646309415,-0.23372802324593067
-0.23975691199302673,-0.25850974023342133,-0.26388838887214661,-0.29266858100891113,-0.3407922089099884,-0.35717190802097321,-0.29859423140684765,-0.29234163463115692,-0.33053870126605034,-0.29574222266674044,-0.255817415813605,-0.21006572544574736,-0.16056018508970738,-0.12164302387585242,-0.11166539068023364,-0.091271835229089188,-0.098590591922402382,-0.0711126781442738,-0.040145358418172239,0.0,0.0,0.0,0.0,0.0,0.0,0.0,0.0,0.0,0.0,0.0,0.0,0.0,0.0,0.0,0.0,0.020533185452222824,-0.081523601477827126,0.086524868909576447,0.11966714118870925,-0.045911823765949364,-0.14141546264290811,-0.19372518608967462
