SouthSea_Web/demo/jsonfile/2017-12-14-03.json
{"header": {"parameterUnit":"m.s-1","parameterNumber":3,"dx":0.1,"dy":0.1,"parameterNumberName":"Northward current","la1":29.0,"la2":12.0,"parameterCategory":2,"lo2":131.0,"nx":250,"ny":171,"refTime":"2017-12-14T03:00:00","lo1":106.0}, "data":
[rows 114 to 132 of 171, columns 43 to 85 of 250]
-0.09055941545025066,-0.029449887315018311,-0.029912587764017558,-0.027031452724865328,0.033140710141095847,0.0587525696590029,0.032325195521116255,0.0384716165223808,0.07635370471647808,0.089981339167098745,0.12087410636419474,0.10773759612510371,0.077637832368845527,0.032544919239349525,-0.022829698626248337,-0.082594509438975991,-0.12118284472010353,-0.14719782908295476,-0.1253832976023356,-0.071515877332006178,-0.037322163995769292,-0.022633935271629265,-0.0078837598073278059,0.021977623109705746,0.053032771218568087,0.07844728156924248,0.095200289972126484,0.10326644097981245,0.066045035235583777,0.03678152256179601,0.02072392962872982,0.028862692881375551,0.013456213637255132,-0.01502541463075128,-0.04452834464609623,-0.034353357274085283,-0.013699734849589211,-0.0070362114735568566,0.0097998016222845766,0.020121522806584836,0.0032348954802728256,-0.0081251591133574639,-0.021852625533938408
-0.01676134467124939,-0.032729028365932979,-0.065933811263396189,-0.018102384123873588,0.044160109878118546,0.047826907327098232,0.029090986107334946,0.035827686880818672,0.0834507942199707,0.13035877545674643,0.167564572489008,0.1403266283924933,0.068508189749614951,0.0045922305399816931,-0.046360676787022888,-0.073755376905735054,-0.10444403860879981,-0.10645772927269644,-0.10703321034088731,-0.090192446360985432,-0.044958992407490045,-0.0050788608421452148,0.04213527908841324,0.0988203731055061,0.13057611402003996,0.13670649326273374,0.13556739905228218,0.12007869957458406,0.080164343706871338,0.052407779676072741,0.020869288593530655,0.008254285145085305,0.0013150106509177324,-0.003535675636323338,-0.010110583156347275,-0.014231149689294398,-0.016608808771707118,-0.0088662462242479843,0.012719046138226987,0.007769696181640029,-0.0058014005577812595,-0.01540782127995044,-0.028878098353743553
-0.0520687943186473,-0.054433254606049995,-0.045010475308767388,-0.028729169974448503,-0.010828914276013771,-0.0084227457466054586,-0.030065512683774744,0.0004808506229892373,0.0771559439599514,0.081300821155309677,0.0924250361820062,0.0674070035656021,0.046506723340012525,0.030996297859805233,-0.048142875847406688,-0.089573656778727,-0.11228449926489875,-0.061108246975546253,-0.02644459083130014,-0.00835816490679171,0.017674587319274189,0.050701512767073624,0.11663601987741211,0.17156895231909869,0.15971134844663981,0.15860911309719086,0.16062304819071735,0.17510960126916567,0.12588591459724638,0.082258272683247924,0.042713108605572155,0.015970357710362544,0.0051228650379925968,0.0056840928575386191,0.0034129617997677997,-0.0070235151797533035,-0.019640325879057247,-0.024951500197251637,-0.021050316902498405,-0.018638697639107703,-0.020459664054214954,-0.025639625887076061,-0.032910190522670746
-0.10443065762519836,-0.08697836445989432,-0.078466752888979738,-0.061194782331585887,-0.032567655607577295,-0.052510205390197892,-0.0656030198559165,-0.0061357327152130213,0.037566977192772411,0.034375605851357037,0.032629154156893492,0.036147941415216406,0.014351630239356641,0.014484995624803649,0.00056729864848642357,-0.022004024864530521,-0.010688845731624186,0.0028216092114363022,0.017477054261953395,0.018647265853360295,0.052532712470239669,0.11648907687049359,0.17662184094560557,0.18634371967478233,0.1914782430543456,0.21343218648072446,0.21589985130162076,0.20654198730533774,0.17291470656269475,0.15085649490356445,0.096424933771292368,0.053389568192263447,0.034275584336784154,0.036271482706069946,0.037923899168769516,0.015626914133983,-0.012590869155246764,-0.033264504745602608,-0.033732527866959572,-0.029935996048152447,-0.034341932274401188,-0.031620632112026217,-0.02334731025621295
-0.13414559602737428,-0.15659417451492377,-0.16447409162563936,-0.11677794446868281,-0.09667090484590242,-0.13822371042088458,-0.11049489902202474,-0.035737359216134926,-0.064165182589065464,-0.053852548047571495,-0.01982200406614797,-0.020133047163483922,0.011784823347254671,0.0093300038346118778,-0.028196695614848919,0.032966248187221936,0.081834542031368515,0.094605632235898685,0.11122099587531842,0.039515048539375555,0.076378364186241943,0.15631980048982722,0.16181011956471664,0.18106000077339909,0.21043610022119855,0.22045310007201302,0.2067041759689649,0.199102711219054,0.19761527133615395,0.18766624962582307,0.13969781249761581,0.0805852934718132,0.063927949592471126,0.0791068822145462,0.070009038473169014,0.045946984950985224,-0.00077127577969804406,-0.036049689831478257,-0.035763090103864671,-0.040373444557189941,-0.040070465952157977,-0.025436562951654196,-0.0099743671715259545
-0.18237460094193617,-0.19432273727876168,-0.20332428972635949,-0.19604438062637083,-0.1875852673417992,-0.20935743647377667,-0.17546896248434982,-0.11784641768355839,-0.136390420757694,-0.17122402580987131,-0.055384131406773687,-0.16512671055702063,-0.0675163005422083,-0.035220121973211539,0.016367553380051893,0.052332156235266714,0.077252211902911469,0.012284879619473261,0.092757218243779832,0.049656066618686948,0.10764639623213614,0.12811921921093017,0.12182098592436591,0.18920289676048255,0.24491772641901111,0.21965645545202753,0.20043138647451997,0.23998150423817014,0.25172551685855504,0.22301544954902247,0.15988866812907732,0.10042616724967957,0.082888011303212911,0.096596394665539265,0.082524003727095466,0.04358662199229002,0.010040662617289595,-0.018245405750349164,-0.033289271717270218,-0.046453949064016342,-0.029845201720794041,0.000523843860719353,0.026170085766352713
-0.23324209513763586,-0.2085751450061798,-0.21436665898987226,-0.22039760468584119,-0.22030100226402283,-0.23663987912410914,-0.2384025735675164,-0.19565899234551651,-0.15503899244701161,-0.14414872331679732,-0.078606820373043854,-0.074034434590321871,-0.070000277803928562,-0.031123098367566451,0.0050656955427257344,0.044498078770832054,0.11232862087353221,0.058146128523847131,-0.0019213723577264272,-0.022322849170536972,0.12630474106251649,0.158738796683875,0.12811057745377616,0.18502674713730813,0.24677284907049207,0.25882142285505932,0.26198731322546265,0.28599974910418191,0.29799064086831134,0.26389827153512407,0.19586869501150572,0.12498925129572551,0.093828828074038029,0.068373477707306549,0.050620928406715393,0.021649586269631982,0.0026245038025081158,-0.024817720853856633,-0.052208092994987965,-0.051624434689680733,-0.011510623323071437,0.047729459458163807,0.076863709216316536
-0.24171047329902648,-0.22685009075535667,-0.20811479787031809,-0.19453253421713324,-0.20071535805861154,-0.19890094418888507,-0.22047244299922073,-0.18784857498747962,-0.1494830537425435,-0.10667028180681742,-0.052213427441423307,-0.04796940282890487,-0.067604105811915366,0.035243136251614182,0.1304016185364103,0.11319922850475656,0.10222742666976642,0.072060192649076191,0.041560215307408083,0.026687059414873326,0.044790418787259235,0.056822194645364581,0.1299685316908861,0.22994391740979375,0.28404548010799324,0.30711506526259813,0.2988770573723073,0.2980036889353106,0.27830986976623534,0.2537919011186151,0.21835773505947806,0.15005294872181757,0.088163999219735459,0.026449315994977952,0.0020256976247765126,-0.0054276658775052056,-0.017418784943098824,-0.047191183703641094,-0.063073216006159782,-0.042191568017005923,0.015541452169418334,0.073924684524536127,0.10847831623894828
-0.22844371717909109,-0.21936218121222087,-0.20710266221846854,-0.20601002313196659,-0.21299226936839877,-0.14316818969590323,-0.0808409651654074,-0.10828016151355792,-0.13557680519205509,-0.10294983855315618,-0.058724826173619578,0.039357727475892584,0.081795170847005369,0.18512435320508544,0.23533716010195868,0.18174472222412666,0.0785459020989947,0.013541750494636396,0.0069564012188320272,-0.03305822794169954,-0.0727237205843928,-0.037526188473579032,0.053672592661480611,0.15066966139430169,0.24857274012535996,0.29255326657459652,0.26127519305438213,0.2413051538169384,0.215801614134208,0.2057443877061208,0.20860175043344498,0.16081687228547203,0.072202241314308982,-0.0013999776648623602,-0.034656587243080142,-0.035575710503118377,-0.036814212799072266,-0.051592441275715828,-0.048983284085988996,-0.0196967083029449,0.014221312378400139,0.049219785879055657,0.082918637742598847
-0.23365792761678281,-0.21524067329508917,-0.22791012248088574,-0.26532873833501663,-0.258384395763278,-0.14082494147799232,-0.04634382319960019,-0.03759311055068143,-0.11215252757776441,-0.061021773022239226,0.0069336957811640624,0.11925217963104683,0.12049716406368784,0.17408960012357627,0.23101475841269412,0.1598433090005329,0.069897664196566858,0.027669688334926095,0.048157459720939849,-0.0035277288482655168,-0.05733749809574934,-0.005609106437033563,0.0544459992577851,0.070653310899057,0.20214602134342596,0.23778320164293856,0.22165199576831254,0.20043219084089453,0.18833754643013603,0.16260846597807749,0.15149052068591118,0.11728547979146242,0.0583295589312911,0.011754412048806747,-0.025271190663001368,-0.041183662201677053,-0.0431514781500612,-0.047386933738986649,-0.044015017648537956,-0.042320729233324528,-0.019980053018246378,0.0047909824133967049,0.035400524735450745
-0.26259673610329626,-0.24603009436811721,-0.23681992678730576,-0.24321576188772154,-0.18352257027182467,-0.086493656496729771,-0.050111666201027458,-0.016420905834074333,-0.056774580518582037,-0.04775805306953812,0.022966219169262558,0.056316021928796547,0.095119651802974964,0.23475614721512653,0.11193097004009663,0.14495263048330276,0.062343596239215072,0.019932895018511657,0.018412070728489608,-0.0022901517971862435,-0.021832145810949184,0.0643429992417805,0.13885330773135113,0.15309263882683774,0.20869692665001879,0.14549655884627979,0.12905123198161955,0.13720624776262985,0.13738899677991867,0.13608434157712118,0.12336469162255526,0.0939764641225338,0.071124386973679066,0.045579581707715991,0.003636629437096417,-0.020583669096231459,-0.04287778266838619,-0.050243006398280464,-0.07018809925232615,-0.0835786685347557,-0.051234503587087,-0.014778366545215249,0.025586512987501919
-0.27450416684150697,-0.28168476210988086,-0.24567307780186334,-0.22370554687398853,-0.13653386739844625,-0.070408405607630467,-0.042151587013202381,-0.0033155867585623073,-0.061927815351416081,-0.10106586974303601,-0.051956321310631694,0.098227533104885092,0.16937594321931127,0.26528581227161768,0.08016067876099664,0.12538286169070009,0.06480117386468684,0.0037818466143612474,-0.0011393524331101673,-0.020544670542824221,-0.0052691968551346908,0.099399903204409418,0.2996242896632384,0.27165419899655463,0.16047274819016458,0.13368384857420568,0.081471694583022919,0.083445495753376578,0.075943673960864544,0.082197899845513428,0.11305339075624943,0.098918083523001,0.0760724347616945,0.034866005554795264,0.0039936690125614406,-0.033428915155430637,-0.072121113538742065,-0.095690867304801946,-0.10742601858718055,-0.0999608263373375,-0.058704163413494825,0.0087871949460046981,0.079490377567708492
-0.26919166557490826,-0.28691532124172558,-0.2666497552394867,-0.24202274355818243,-0.14867623481485578,-0.093410712728897727,-0.037755448946596257,-0.039025633407015307,-0.12508164457683488,-0.18067118115526029,-0.074426050770934934,0.16767821532706623,0.12360277331071885,0.15552660621621686,0.15215141066131208,0.13941145450079523,0.0040314213790313431,-0.074825214538460361,0.164550575762129,0.2109636323282513,0.15622206599686919,0.1719079352634133,0.37297257038962889,0.26156245702104608,0.20694591104984283,0.18260680409994992,0.11574846523858252,0.063374009307311935,0.042390764823981693,0.0556598672909396,0.099761943731989183,0.096255261451005936,0.071022463962435722,0.031137409061193465,0.0057870478568864724,-0.034727001030530245,-0.087251523882150656,-0.136917763389647,-0.13962115645408629,-0.09629782919700329,-0.06071347246567408,0.033045121553974849,0.15438490017102316
-0.26497064158320427,-0.26925746457917349,-0.2681572784980138,-0.26380870208658019,-0.17762586668781613,-0.13231310488308889,-0.09994893250604199,-0.11132358469896847,-0.15440653490700892,-0.16183770661378027,0.0087383982409740876,0.11614655052333968,0.047426935449806883,-0.014154911569379026,-0.0020416074230402348,0.12273953423970797,0.024783573209059811,-0.032719304674415126,0.075193721289372822,0.150876696822938,0.17462317520890255,0.19844429909820982,0.22125676713296485,0.24848877721362644,0.23727824836969375,0.19817407476523566,0.11808720429738363,0.048445183535416922,0.031832969662818039,0.073660731315612793,0.092127577712138489,0.093572164220469337,0.060408349335193637,0.030152942519634962,0.010340220943492438,-0.03051101416349411,-0.0870920516550541,-0.12266590756674607,-0.11833685751144703,-0.0906529293528625,-0.021687835057759109,0.23646942440133828,0.37587014053549084
-0.26375297989164082,-0.27496601310041213,-0.28857757151126862,-0.29161535482853651,-0.23382379978895188,-0.15317238818692125,-0.1539244010083137,-0.15352982864493414,-0.16077736079102695,-0.10616547844516552,-0.01381259969292482,0.13074492001311577,0.23292760055303433,0.080017410186538379,-0.027583772382430927,0.10750488544840738,0.091180549534019564,-0.010734040174918658,0.046101275394462529,0.076930928337215279,0.084957207581482647,0.065677700748840412,0.10710362544505309,0.19201154439495161,0.21519037275040737,0.20706054708867702,0.14137145367107892,0.06188865782072147,0.021546222515300743,0.024031015709624626,0.037380008647839226,0.047152613600095115,0.041314309835433959,0.023081931318821653,-0.00862598996092048,-0.035630872473120689,-0.076289735734462738,-0.099798153799313769,-0.092716579253856957,-0.0730590156900386,0.17911796650538842,0.26197667140513659,0.17420933129531996
-0.27877145012219745,-0.297422924212047,-0.31933994260099197,-0.30311929221664158,-0.22172833841156076,-0.11519882993565665,-0.16140243674212315,-0.1871582976367214,-0.12712373408675193,-0.087403687931921173,-0.06962143635797885,0.15508122195204532,0.17976679598602155,0.030205370703560639,-0.0396826619183437,0.0445054949653648,0.030192616613592755,0.0051809812927885108,0.12351645295006725,0.19882405490273297,0.16265693663835254,-0.047368762740538979,-0.051826967290285152,0.088988445355767859,0.14777773307717365,0.17510123754089529,0.12128823325037956,0.03253924916498363,-0.014424600754864514,-0.032043773680925369,-0.03517698374344036,-0.022591143380850554,-0.028029882349073887,-0.025321777909994125,-0.043162926286458972,-0.05242505784218128,-0.047433259538733043,-0.077947525680065161,-0.10479674264206551,0.091449338197708133,0.21414231910155371,0.15928522249062857,0.13548335752316884
-0.3190012753009796,-0.33539615686123186,-0.33237019005943746,-0.26310252872380341,-0.11628833465104879,-0.034114548528182874,-0.13954606511934992,-0.23004256914658794,-0.17373672442303764,-0.13317422012145491,-0.068683281833262638,0.040931728321510617,0.09074703382927625,-0.0079043691456793172,-0.10663426923823123,-0.05883810796784867,-0.021160905831493437,-0.017683697420830743,-0.0050619608844499455,0.083186384243890646,0.14232555807558531,0.016090626228790612,0.0085831467271665456,0.099709405481853849,0.16505842714104801,0.154122853103806,0.10423331055790186,0.053987209452316165,-0.0019599715596996248,-0.04938823295136293,-0.07735883817076683,-0.089629588027795151,-0.0871077414069857,-0.10153419689999686,-0.11737274068097274,-0.12174013536423445,-0.08933082620302836,-0.11413712681581577,0.042985433047371249,0.16559419093223718,0.21569713111966848,0.22863646170922689,0.23238149285316467
-0.35062572732567787,-0.37958412766456606,-0.35084316947243432,-0.22576291031307644,-0.11604201436042785,-0.15514275098734714,-0.149335210047224,-0.23662550491030499,-0.25094504303791942,-0.15678829359156746,-0.086525098319960692,-0.015877650855064887,-0.018476621418011423,-0.080171661886076134,-0.087587910663822419,-0.028597095905727631,0.0068859197483209459,0.0194413818148314,0.02777875470068962,0.091045946722813686,0.16433862382263847,0.18058208607741305,0.18995190754532815,0.21754769836702653,0.20587065815925598,0.17115291953086853,0.12534116674214602,0.078858973458409309,0.03061806526966393,-0.0079412716828907524,-0.055317950621247294,-0.095338171081883569,-0.13041137076086468,-0.1695810082283887,-0.21024256306035177,-0.25865311225255333,-0.27462334136168159,-0.036401274988228191,0.20723791952644075,0.16050866494576135,0.20281647465058736,0.28240792346852167,0.27253609150648117
-0.36538920232227873,-0.37903729506901335,-0.34357360667652553,-0.21757286380637775,-0.18711655054773604,-0.23060937050510855,-0.22577390516245807,-0.24009347086151442,-0.20996601172836027,-0.13054557993654903,-0.0350593129298915,-0.00548201537579492,-0.042885552255962141,-0.037647697156561272,-0.03166972772797217,-0.013062914786860346,0.0004955946347121533,0.034730311032504804,0.10995921902358533,0.16417452179152389,0.22708104274891042,0.28458380228594732,0.28929049372673032,0.26894148758479525,0.24440757268004948,0.22200684675148555,0.17688994322504317,0.11906659975647926,0.074565706402063364,0.017803365248255432,-0.027540301771036217,-0.076118032314947667,-0.13940295142432055,-0.22133368941453788,-0.28096431891123452,-0.35536187248570578,-0.28939914914468923,0.14309473601835115,0.1920989602804184,0.14616186171770096,0.19668382207552593,0.29757103209312147,0.2393492258646909
