SouthSea_Web/demo/jsonfile/2017-12-14-21.json
{"header": {"parameterUnit":"m.s-1","parameterNumber":3,"dx":0.1,"dy":0.1,"parameterNumberName":"Northward current","la1":29.0,"la2":12.0,"parameterCategory":2,"lo2":131.0,"nx":250,"ny":171,"refTime":"2017-12-14T21:00:00","lo1":106.0}, "data":
[rows 76 to 94 of 171, columns 43 to 85 of 250]
0.0,0.041723066080135832,0.0,-0.031270686733095271,-0.050335985580459236,0.00675871832262929,0.0057260542570750049,0.017265793326077982,0.05755016796603174,0.10020385929197247,0.00766960520191675,0.027710792285547604,0.051794710109631222,0.04773982413686239,0.0345472345759749,0.040868496251307791,0.10941167399287224,0.024481358466532509,-0.028407411824195729,-0.0231983626804625,-0.017700705303448357,0.11039396620282296,0.058536053199887923,-0.015940980705020664,-0.12931608903541494,-0.031167084018807804,0.10166301612670604,0.14575659760063695,0.19149878419051736,0.16162270509590537,0.13346165658558828,0.11975354033297506,0.15036779136980993,0.15364934983900039,0.1647898718714714,0.15760809993534758,0.14719002264536032,0.096897606104612344,0.089792900933669165,0.048166088236030191,0.0058590713325106809,0.034150338538789321,0.079624441805584673
0.0,0.11542097318228589,-0.019158104364760221,0.10090324779742708,-0.054255601056345207,0.035094595170310383,0.044505327373095184,0.045810898007066163,0.033582824461777273,0.022142220813423461,0.078010043608290808,0.079502205763544359,0.054255795727173491,0.037528457593356,-0.023788985389840315,-0.051696435189576909,0.1331433255099139,0.090627183170469042,-0.045319056071093655,-0.048096042916500555,-0.0414762676144684,0.064465730164418783,0.11789851113041835,0.11458916071865519,0.094237721080963427,0.11425403133034706,0.13363914313863534,0.14787426737488293,0.18471727073192595,0.22623446249756321,0.12637495137751104,0.1178108746451991,0.12333305071700704,0.13245784689982731,0.14587441616906569,0.13105460775217839,0.10885232010925258,0.12377227600663901,0.10192647866076893,0.071631379906208284,0.045595385840740695,0.026597049958245071,0.0718058872466477
0.0,0.14962365922125778,-0.019494233888252117,0.018911533688963141,-0.0024929390959619177,0.0948932861739939,0.063402701050360152,0.060744861932471396,0.029640104449712313,0.051801521517336371,0.10219355512942586,0.075788827861348787,0.017444138557666206,-0.028815193857476745,0.00793926511335397,-0.057360505275749443,0.083502341542513139,0.15465721028546492,0.12370399073044995,0.13686397183136861,0.11950334316740434,0.13370516459690407,0.15705697412292163,0.15079505663169057,0.13336336626498788,0.16163028617862796,0.18367067929999581,0.17735208257248528,0.17876435210139063,0.15582884075465026,0.18125351701142653,0.14146774176221627,0.15014634942108729,0.12936265634165869,0.11770024999629619,0.11231215335428715,0.11713192833436502,0.11905999506513278,0.13987517981759964,0.15974834854049341,0.13305669681479534,0.14070200860500337,0.14813490360975265
-0.078112336756385042,0.053301998034646539,0.12365748526221872,-0.017053804610137984,0.099577680874902472,0.097820520814922124,0.07085907114951899,0.070410545157679055,0.049791643553871216,0.062204280331478283,0.067802173931462068,0.032841873124352328,-0.038379127265475939,-0.029592717083037963,0.10357223746390885,0.1223503764718771,0.14776808458069959,0.15367878753630843,0.17153966169932794,0.18658860149930734,0.19040071681655688,0.16177547217930777,0.10738069985835057,0.16812594018199228,0.19460535691729908,0.15639841500318275,0.2020778309267301,0.18378960122080409,0.17777018517255783,0.16401683701121289,0.17587590614954632,0.15787017421844679,0.15034303441643715,0.14327730238437653,0.11916102819582995,0.11997301199219444,0.11934836353025129,0.12234456374727447,0.17059581726789475,0.18589854074849022,0.16290888135079984,0.1472434800863266,0.14801785190190589
-0.12477301259859815,0.10794775273796975,0.066177615559980515,0.11006077933520858,0.1474750090171309,0.096582929180427032,0.061993070203682471,0.099802068058858842,0.08667036780487683,-0.0087975706836524691,-0.011400874198998436,0.026470295209946926,0.071848935326906269,0.13980098435136137,0.14479735387223108,0.14414751456409206,0.15984843570297047,0.17546270464857419,0.20610456699031896,0.2098093526116733,0.20894063051257814,0.1992248100977318,0.17363484378190749,0.15352349533982898,0.16693443510421488,0.16506017612086402,0.1434362649240277,0.1838366509903045,0.19588275216519832,0.17368342374500476,0.1691538335548507,0.14983291003633947,0.12722177178628982,0.12017106505170945,0.12072891799303201,0.10152923102889742,0.11188705466114558,0.18003961333522089,0.19433648253862673,0.19788469981264184,0.20648516714572907,0.21644823312759398,0.2392572957277298
0.0277705369886997,0.14643712098912856,0.14188040380482847,-0.0058564092428197417,0.14979899537406469,0.088691353731389561,0.06220406019373944,0.10555535714541163,0.10051642266749325,-0.04286696587420874,0.0020588578067100519,0.13069110975733825,0.16681446110615966,0.15086381021758605,0.15983804464340209,0.17067395046091916,0.16388891466328356,0.18991391648326003,0.20540480593503532,0.20995406701899411,0.21478850830276058,0.23715251591056585,0.20003141001576469,0.15486263865843797,0.1550549903982564,0.14574036747217178,0.16024937638730713,0.18206323079160741,0.19620785929939963,0.18408734118565917,0.16031862050294876,0.13517762026910124,0.1223921999335289,0.11106710375419684,0.094893003503481552,0.10694483760744333,0.13392063660117295,0.16513508171946914,0.20965782205263775,0.24919050129560325,0.27473051899245809,0.26021471122900647,0.21497370703862265
0.13900645222100946,0.20159456985474555,0.2362895032492551,0.12326002664948729,0.14097978025674821,0.070030065315465129,0.043643087248450944,0.082772877195785785,0.068145605877546936,-0.033199658434725658,0.033754889147045712,0.11913514377202018,0.14857014153024245,0.1737763891617457,0.1852230371700393,0.1718209509191842,0.18406530699946663,0.18028256214327282,0.20835638046264648,0.22255279640762174,0.22866154105766959,0.22788443359044883,0.21073932264532361,0.14509885758161545,0.14414586578354691,0.14724295202529791,0.15287403039860004,0.16802746405204136,0.18427750137117174,0.17830177976025474,0.13617528469434806,0.11504659314568226,0.086799736652109355,0.11170199772585994,0.1069868943757481,0.12049196373957855,0.17382557272911073,0.22864758356341294,0.28479685366153717,0.28493669380744296,0.24708501111578057,0.17119812965393066,0.15734953949084649
-0.01566197044261106,-0.028796765790307939,0.20474365902498076,0.35299217373859593,0.21995628078778584,0.081297752905195045,0.013596652035370685,0.02941958274561585,0.022892057233799154,0.027617113738739072,0.10149775214236358,0.13313355748770667,0.16600388732918522,0.16210898144968919,0.16897756233811379,0.1921214613149751,0.17214604046033777,0.18278061477250832,0.20851032435894013,0.19578348384017036,0.22441128553713069,0.21867701727332492,0.17954442458493369,0.17225034783283869,0.16636711706717808,0.17739362038415055,0.17966079249464231,0.17008303657726007,0.15781838676104179,0.14285690967853254,0.12304376158863306,0.11441754044166633,0.1057629376076735,0.10306467173191217,0.13112802743911745,0.18672952686364835,0.25892265141010284,0.27573963946529795,0.2542394471389276,0.17660796470366991,0.19816816129066325,0.24466994404792786,0.28142075187393595
0.0,0.17209728675923158,0.26944241938598718,0.57155009371538956,0.59622590044352008,0.24453965655049761,-0.0053290534119138071,0.0009224726469255984,0.041853353696604888,0.064056192143041576,0.11049304288207439,0.12952330239393092,0.1595985503108413,0.16794251263141632,0.17916772895389133,0.18578793959958212,0.18135298903171832,0.15902392193675041,0.19850827091270024,0.201788889187755,0.20639282801458914,0.20032440896691947,0.17912072315812111,0.16976481835756982,0.17390061418215433,0.16701001822948455,0.16639081675272721,0.18192656911336458,0.17010519023124987,0.14291244344069407,0.14001739712861869,0.13911310024559498,0.13255154007467732,0.12066150542635185,0.14813693813406503,0.20435505417677072,0.22584654092788697,0.19876758257548013,0.21112879596907516,0.2155859103160245,0.24932984103049552,0.33077268136872184,0.3448197866479556
0.0,0.0,0.58255409002304082,0.68896221854249828,0.59402669243076267,0.46535285328975834,0.068258443829262452,-0.055445227551371642,0.017198631970395874,0.065569831490782757,0.08567206899601,0.12092710179941994,0.14267475521841713,0.16126776408208043,0.16457652466164696,0.1608125631873672,0.15088192215471558,0.16164623252276716,0.16476436319022342,0.18252459444381572,0.18493858476479849,0.18773345248057291,0.17352604694091356,0.18110779464244842,0.19242959240308175,0.16960993695717591,0.16294134318828582,0.14263709290669516,0.15015797913074494,0.15225579073795906,0.15069477260112763,0.173908626803985,0.18633133614504779,0.18882443411992148,0.18609448908655732,0.1636486839916971,0.13666510182831967,0.18244178427590263,0.26551603697813475,0.32430624855416162,0.39208556392363142,0.38988913063492092,0.30240671496306148
0.0,0.0,0.5833765531515146,0.475737354247009,0.46229639298775616,0.30327033258236208,0.1133028432037485,-0.068258908945426813,-0.0277281372503738,0.0268968395022158,0.064903089983595744,0.075644958256320519,0.12952535655349493,0.13190911671048716,0.14789494736628098,0.14104847957690556,0.15642334406192487,0.12173172884753772,0.14841201432325221,0.17801142359773317,0.163639697432518,0.1653818307178361,0.18256613669487146,0.16116263413870777,0.14402097165584565,0.15940541440042957,0.14238007882466683,0.14875930948899344,0.14815979423346343,0.19585971648876482,0.23880141744246849,0.20399187063729321,0.14966262587242657,0.10815238367233958,0.066811876446008681,0.11055555939674377,0.18750108119386894,0.29888390004634857,0.39486290771385718,0.45970199257135391,0.44757360007081715,0.36256742264543262,0.23745404077427729
0.0637926450320359,0.23287833719090981,0.35981661220391592,0.28463971153735279,0.23495083784355836,0.22753197628145033,0.16319899164726226,-0.035178128304699109,-0.02821172865391788,-0.021600348762595992,0.005433379106369673,0.038126816989720931,0.08466751926711627,0.088186196982860565,0.1104750418319152,0.11959764050940673,0.11183999837548644,0.1061563271169479,0.11788872084938563,0.15339585100965841,0.162131725022426,0.17281500516193254,0.16663158059120178,0.16015535593032837,0.12703756511211395,0.1078968177790995,0.13768946048286226,0.18255896866321564,0.24355999463134342,0.22487351574279643,0.14390416283692634,0.10443720012903214,0.045494253174043618,0.034254768755860053,0.117505121710045,0.28610810522849744,0.36740714753115616,0.41003757238388061,0.40886333173718947,0.38516899943351746,0.29135182859568759,0.19093037664890289,0.12372860647737979
0.19453305864611464,0.27933395941273059,0.24745621750811617,0.17087249862961471,0.1385688916644095,0.13003408505572278,0.10361867453399543,0.013637029397450234,-0.02216445596613845,-0.016907561154328978,-0.011343736261444385,0.02598266612172169,0.041172488382266413,0.1005102437403467,0.090627682876997975,0.083370603621006012,0.080043317543135747,0.0955978869288056,0.11582219159161603,0.14147466917832693,0.16518009613667214,0.19442657328077725,0.2391155904531479,0.22213667355201863,0.17612196877598763,0.12742016243713875,0.15340574257648909,0.25562055298575648,0.20461646334401198,0.10076532629318535,0.0020983493671304096,-0.019529322274374188,0.039438349867446557,0.15859425481822756,0.28180387437343596,0.34452729697885187,0.36329254150390627,0.33166684927763762,0.26092070241769155,0.2518987741607886,0.261179455770896,0.25454855685432753,0.3225708098283836
0.20472023685199572,-0.048923747829538733,0.014252584150311384,0.15268939828092698,-0.1087414026260376,-0.015385368315516021,0.069071234587234534,0.029451055998787664,-0.046043253143227866,-0.0582150367221662,-0.068614546830455467,-0.036658334113927861,-0.0021282761504321738,0.030593838008051669,0.088900774144209355,0.0568456940214943,0.066716399416327482,0.11308965694021296,0.15070558179702079,0.16217038407921791,0.20150966114468044,0.22588139665978296,0.19866594086800302,0.16037454318117211,0.11342392460658,0.13564155443950934,0.25118628585780106,0.21699185841358626,0.10184863634640351,-0.049963262680518837,-0.067482524948125636,-0.021224527702333244,0.068966259786473777,0.16731594875454903,0.22084058133455423,0.2440127193927765,0.27287455141544342,0.27381877486522382,0.3258862115185836,0.37697677772778732,0.34931551292538643,0.28526802746386365,0.19298221598620768
0.017783469273764927,-0.14159782230854034,-0.020961887070641633,-0.13213226526648009,0.0,-0.033294188981495894,-0.005160605058666657,-0.0092340095101722652,-0.10347441643476486,-0.11950402198867365,-0.1441502204963139,-0.072109736701739688,-0.034587690340621133,-0.020862420837927078,0.027941992798928526,0.038403819828968622,0.033557682306152477,0.085800790195835044,0.14410527846936522,0.18870969613393149,0.19811825826764107,0.19253244071171202,0.17104300340780845,0.12211368181582155,0.14218424568916188,0.23680654857997541,0.21392350174762584,0.0891507033415235,-0.047594041808154616,-0.07626854035037535,-0.082742893248796467,-0.056261891999316437,0.0657954596177054,0.25660796291553056,0.28280467457241482,0.27271126268001705,0.24031241131680353,0.2452075950525425,0.27221746135641028,0.1884616158902645,0.11918322145938873,0.10836906272631425,0.12920220103114843
0.0,0.0,0.0,-0.027701334070351784,0.0,0.0,0.0,-0.033199830807051529,-0.18488542261448773,-0.18229765934603556,-0.13642520138195582,-0.10555727992738996,-0.078943148897639634,-0.032207885727046,0.0014680888464984794,0.0055092952040597864,0.012510487565680618,0.098708149311797957,0.13981695473194122,0.1302607835366808,0.12921742243426188,0.14375140038984163,0.14604792791989543,0.22250174868989875,0.2588128957610864,0.18673926991011416,0.067770512380565584,-0.082602395052691138,-0.10210232560833295,-0.14908553411563238,-0.12956530200662436,0.032184554281196105,0.16683900555861847,0.26382210564154845,0.22670956594603403,0.17865671576173217,0.15165814464645727,0.1465429961681366,0.12398293852806092,0.1152457413263619,0.12886703663295315,0.13389670263443673,0.13505726227802889
0.0,0.0,0.0,0.0,0.0,0.0,0.0,-0.11056522462133538,-0.23657704107463359,-0.16838852795107023,-0.11629312882820765,-0.10159478359855712,-0.069117671499649688,-0.019259686698205769,-0.00095621429030753435,0.0018763452344501275,0.016226880152003263,0.057985429748378954,0.080805545480086879,0.080291604157537222,0.087775082937602333,0.14365321569717848,0.27221567976859307,0.29719083121529333,0.21188654060716983,0.011663195979179301,-0.093883836142984886,-0.0550545609938646,-0.152998729967154,-0.1574175993778876,-0.038210258079094013,0.13741773249650444,0.23049269506224879,0.15537587856804883,0.064971657246351247,0.081271862803862019,0.092997359047675948,0.11032020942918186,0.14694323462824668,0.1761226457144533,0.1883779090863687,0.17331117072275706,0.1489287625860285
0.0,0.0,0.0,0.0,0.0,0.0,0.0,-0.20247541602862917,-0.22845153659582138,-0.12942682229208224,-0.11333244688370649,-0.10842343762114241,-0.075408192570595181,-0.028219904268755473,0.011211040556458208,0.040439504897221923,0.056125831906683743,0.0762610824449974,0.1124207719132818,0.12964272042435984,0.20509124418784833,0.32172483000262031,0.31035992297632942,0.16583007180856335,-0.0647292801423949,-0.14593824265258654,-0.11033852377699481,-0.10926906621226898,-0.1123655051118336,0.0007969306919861723,0.12452831405348011,0.17358807584753744,0.16117822808715013,0.12038962763768656,0.088154203775856227,0.07898289799690246,0.10276305399559162,0.13891152734005893,0.17726172727567177,0.17336277442949791,0.17285758682659694,0.1715685468295525,0.1514689513930568
0.0,0.0,0.0,0.0,0.0,0.086705427344759917,0.0057567165405695659,-0.063808978784810247,-0.19328450595123181,-0.13864042914035368,-0.13499559073344522,-0.1266848746596313,-0.076685646804980939,0.012078455422306433,0.012801690616853241,0.047714811188223606,0.0892664878496102,0.084829025227448035,0.10736539339025815,0.18754926905967295,0.30257476468880973,0.288998102893432,0.073913729301205391,-0.1016696498429935,-0.10940719197193781,-0.13343444972165994,-0.13571114920907551,-0.092727546779704947,0.064145611512854139,0.18900920909184676,0.211586989959081,0.23866248068710169,0.22282953961537436,0.17783938765525817,0.16085162584980328,0.16445241272449493,0.2018320819845906,0.17724910157698173,0.1583898283284286,0.14129733179624265,0.15570788858113466,0.17409259080886841,0.15946528888665712
