SouthSea_Web/demo/jsonfile/2017-12-15-18.json
{"header": {"parameterUnit":"m.s-1","parameterNumber":3,"dx":0.1,"dy":0.1,"parameterNumberName":"Northward current","la1":29.0,"la2":12.0,"parameterCategory":2,"lo2":131.0,"nx":250,"ny":171,"refTime":"2017-12-15T18:00:00","lo1":106.0}, "data":
[rows 57 to 75 of 171, columns 172 to 214 of 250]
0.027828242505035763,-0.060779505525715649,-0.12659026542678475,-0.15408885053225926,-0.16556024551391602,-0.18453651134456908,-0.21465863039096197,-0.22699898295104504,-0.21571193387111029,-0.17644132673740387,-0.13917733232180277,-0.12617634981870651,-0.12999804690480232,-0.12976610660552979,-0.12770974139372507,-0.11471559107303619,-0.098137957354386643,-0.044588976539671421,-0.022576133720576763,0.018676073756068945,0.036031806841492653,0.037431777454912663,0.0359343346208334,0.040812492370605469,0.069855439166227981,0.12293769419193268,0.19232466320196787,0.25303683181603748,0.27739869058132172,0.28362001478672028,0.26426969965298969,0.22504553198814392,0.23797723650932312,0.22351619601249695,0.2058296799659729,0.16496364027261734,0.1356651782989502,0.10005374252796173,0.055823653936386108,0.041227784007787704,0.033080091699957848,0.012378668412566185,-0.020189449656754732
0.0070606767154198936,-0.063314188844882519,-0.10916156853948321,-0.12915004044771195,-0.14956322312355042,-0.18154162913560867,-0.1993652121587233,-0.20774670504033566,-0.18900518864393234,-0.16231546444552286,-0.14823437482118607,-0.15147872641682625,-0.15364626049995422,-0.14995115995407105,-0.1683088093996048,-0.14379116147756577,-0.14299674332141876,-0.10128486156463623,-0.057046240195631981,-0.022820497397333384,-0.0079853970867892112,0.013427758123725653,0.025860192875067394,0.047903735190629959,0.091417528688907623,0.155391126871109,0.20213532447814941,0.25302167236804962,0.27970507740974426,0.29086437821388245,0.2794806957244873,0.26204543312390643,0.26036432385444641,0.24677170068025589,0.22422803193330765,0.18829585115114847,0.15459709366162619,0.12956283986568451,0.086742043495178223,0.073392711579799652,0.055277910083532333,0.031342780217528343,0.0013567758724093437
-0.0027194903299319916,-0.060804196500352452,-0.09342108418544133,-0.11048484891653061,-0.14443177255717191,-0.17924391850829124,-0.19654837747414908,-0.1977405228785106,-0.18693575635552406,-0.17649172991514206,-0.17291872700055441,-0.18782050535082817,-0.20254377524058023,-0.22738882899284363,-0.24874754250049591,-0.19790855546792349,-0.17815671861171722,-0.16238994399706522,-0.092900946736335754,-0.051980193704366684,-0.032114401459693909,0.0039248398970812559,0.029305984266102314,0.064144115895032883,0.11878437176346779,0.17087447643280029,0.21946276724338532,0.25646068155765533,0.28829409678777057,0.29692929983139038,0.30695347487926483,0.28935876488685608,0.28093649446964264,0.26559863984584808,0.24239250272512436,0.21352174878120422,0.18354255706071854,0.15105707943439484,0.12170535326004028,0.090916015207767487,0.077218320220708847,0.041042689234018326,0.0056182686239480972
6.466549530159682E-05,-0.047828756804977147,-0.070477598657210663,-0.10343166006108125,-0.14079622458666563,-0.1697933804243803,-0.1852869838476181,-0.19666956577982223,-0.20257450640201569,-0.2018399178981781,-0.2136988252401352,-0.23322458565235138,-0.25566112995147705,-0.28462657332420349,-0.28565824031829834,-0.25445165112614632,-0.2309362068772316,-0.1863472064336141,-0.1231272891163826,-0.0875333659350872,-0.04884813167154789,0.0055735413140306873,0.042033476134141289,0.082266951600710556,0.13212883720795313,0.16983923316001892,0.21176998317241669,0.25517766922712326,0.29643648862838745,0.314639151096344,0.31541290879249573,0.29812848567962646,0.28716807067394257,0.28307768702507019,0.25297442078590393,0.24039521813392639,0.21190368384122849,0.18000419437885284,0.15134146809577942,0.12380377575755119,0.09191121906042099,0.073882503435015678,0.030077939853072166
0.020802182646898124,-0.028911220608279109,-0.055006553605198863,-0.078852555629881943,-0.12175186872482299,-0.15607860870659351,-0.18516521794455393,-0.21144388988614082,-0.23545282483100891,-0.23186793426672617,-0.25731190666556358,-0.28983283042907715,-0.31523725390434265,-0.31833285093307495,-0.29855159918467206,-0.27330800890922546,-0.23588602989912033,-0.19362456351518631,-0.13973302394151688,-0.0688242216904958,-0.0059650379698723555,0.034746766090393066,0.053157644346356392,0.0959620475769043,0.143354170024395,0.19031843543052673,0.238575279712677,0.2834533154964447,0.28956720232963562,0.30767370263735455,0.30783423781394958,0.30088931322097778,0.27840107679367065,0.28333981335163116,0.27534101903438568,0.265633225440979,0.22973354160785675,0.21643388271331787,0.1864239051938057,0.14533181488513947,0.12416313961148262,0.081388801336288452,0.037158431485295296
0.0090925187978427857,-0.027541697813341252,-0.049757183012035161,-0.0690604206174612,-0.11716239222071388,-0.17114207521080971,-0.21524322529633841,-0.25973294675350189,-0.271381551027298,-0.28649883270263671,-0.31042657295862836,-0.33926844596862793,-0.34333391487598419,-0.33437459170818329,-0.29834743340810138,-0.26774460077285767,-0.23371750116348267,0.0,-0.11871869365374248,-0.049705976620316505,-0.000738450326025486,0.039155798032879829,0.080573644489049912,0.12034406512975693,0.16383205354213715,0.20506355166435242,0.22912853956222534,0.25629594922065735,0.26805345714092255,0.270196869969368,0.28520512580871582,0.28206770122051239,0.28766874969005585,0.29534146189689636,0.29788082838058472,0.28221589326858521,0.26545457541942596,0.24364031851291657,0.22086869925260544,0.18127647538979849,0.12858809903264046,0.0,0.044445991516113281
-0.024548662244342268,-0.056367577239871028,-0.068938581583400563,-0.087745963595807552,-0.14129239486323464,-0.19841639697551727,-0.25045427680015564,-0.3008465111255646,-0.3165760338306427,-0.33011794835329056,-0.35309340804815292,-0.3689999481042226,-0.354831263422966,-0.32343133290608722,-0.29337893426418304,-0.26647655665874481,-0.21744858225186667,-0.16432947913805643,-0.092863894999027252,-0.071371845901012421,0.006654327386058867,0.044500768184661865,0.082983553409576416,0.12161598354578018,0.15986988693475723,0.19448758661746979,0.20697929710149765,0.22903547435998917,0.250896155834198,0.26830960810184479,0.27993753552436829,0.28566537797451019,0.30142146348953247,0.31054504215717316,0.3135920912027359,0.30129346251487732,0.28473468124866486,0.26029478013515472,0.22991006076335907,0.19372586905956268,0.13561775038639704,0.081307649612426758,0.035327390767633915
-0.052153752030183874,-0.082317525091079563,-0.0973005585372448,-0.12850038409233094,-0.18919362872838974,-0.23571610237870896,-0.28424574434757233,-0.34048086901505786,-0.35771907866001129,-0.3681342676281929,-0.38429026305675507,-0.38770803809165955,-0.35161946217219037,-0.3253343254327774,-0.28721867005030316,-0.23570530861616135,-0.19017171859741211,-0.13048137351870537,-0.082413498312234879,-0.031012141999478143,0.026913104578852654,0.064316552132368088,0.10481530055403709,0.14371145516633987,0.17354276031255722,0.18470513820648193,0.19313419610261917,0.21205509205659232,0.25851447880268097,0.29292891919612885,0.29709526896476746,0.30729767680168152,0.31548866629600525,0.31158937513828278,0.29825679957866669,0.29620692133903503,0.27445003390312195,0.2367606908082962,0.0,0.16183605790138245,0.0,0.070652123540639877,0.0
-0.085050374003393311,-0.11827363683418794,-0.1462986022233963,-0.17210641503334045,-0.20742962509393692,-0.260038503578731,-0.31463484962781268,-0.36520726482073468,-0.38467828432718915,-0.39522580802440643,-0.41110125184059143,-0.38872165977954864,-0.35779324173927307,-0.31636521220207214,-0.27955853939056396,-0.23042921721935272,-0.17267654836177826,-0.12045275047421455,-0.082609254866838455,-0.039044642820954323,0.029288471210747957,0.073994873091578484,0.11609826236963272,0.14778456091880798,0.16686283051967621,0.17401461799939474,0.19744277745485306,0.23296001553535461,0.2593194991350174,0.29229000210762024,0.31360912322998047,0.322498619556427,0.30723997950553894,0.28776006400585175,0.27710667252540588,0.25348575413227081,0.25157630443573,0.21713812649250031,0.195069320499897,0.14902156591415405,0.11060646921396256,0.068823132663965225,0.034308843314647675
-0.12560804880091123,-0.16964482640226683,-0.19821244627237319,-0.22571740671992302,-0.23967737456162772,-0.27582963307698566,-0.33608255386352537,-0.37688825279474258,-0.401896466811498,-0.42024127642313641,-0.43843366702397663,-0.40832361578941345,-0.37534493207931519,-0.32498660683631897,-0.2734566330909729,-0.22768421471118927,-0.16962871700525284,-0.11851107701659203,-0.061295391991734505,-0.0024307277053594589,0.047877376899123192,0.085619077086448669,0.122659120708704,0.14124164481957754,0.16182048122088114,0.0,0.18753986060619354,0.22482156753540039,0.26590478420257568,0.3070080429315567,0.31047120690345764,0.30522087216377258,0.28133022785186768,0.2498304471373558,0.24849352240562439,0.22096738219261169,0.22379928082227707,0.20227588713169098,0.18354137241840363,0.0,0.11156617105007172,0.065112240612506866,0.042206224054098129
-0.13458946247895559,-0.219404322179881,-0.2637415257367221,-0.28835665434598923,-0.26845329627394676,-0.27653719271932331,-0.32781239598989487,-0.37498465776443479,-0.41794735193252563,-0.448154479265213,-0.45534681280454,-0.42285765707492828,-0.37881796558698017,-0.3213360607624054,-0.26319977641105652,-0.21565186232328415,-0.16296017915010452,-0.097202579180399581,-0.033372789621353149,0.012667935166973621,0.045208685100078583,0.075195867568254471,0.0944981649518013,0.119487214833498,0.14627199620008469,0.17220411449670792,0.20255030691623688,0.24426370859146118,0.25623622536659241,0.28364868462085724,0.27766168117523193,0.28319573402404785,0.25258951882521313,0.21914096176624298,0.21839191764593124,0.20806460082530975,0.20865944027900696,0.0,0.18549168854951859,0.15123303234577179,0.1231301985681057,0.091282881796360016,0.065121874213218689
-0.1214970164000988,-0.22690173441713507,-0.2966842085123062,-0.31068869147981915,-0.28074650466442108,-0.29092399563108173,-0.34615645664078848,-0.39901456236839294,-0.44184314608573916,-0.46985758344332379,-0.45109753807385761,-0.42224852740764618,-0.36709898710250854,-0.30226327478885651,-0.23360272496938705,-0.18308114260435104,-0.13107766956090927,-0.064933562030394867,-0.026175683364272118,0.015887999441474676,0.0,0.067885316908359528,0.10025689005851746,0.13322374969720841,0.153147391974926,0.17736376076936722,0.20350418984889984,0.2165040522813797,0.22882872819900513,0.25734516978263855,0.26677694916725159,0.25012252479791641,0.22837425768375397,0.20913399755954742,0.20677245408296585,0.21178086847066879,0.20987538248300552,0.20805111527442932,0.18098931014537811,0.18229661881923676,0.15176036953926086,0.12022076547145844,0.08982863649725914
-0.11898471415042877,-0.21959636699069629,-0.29284407198429108,-0.29727304354310036,-0.27669433504343033,-0.30145020144326345,-0.35509081929922104,-0.40815438826878864,-0.46097647398710251,-0.46089224517345428,-0.43654970328013104,-0.40961161255836487,-0.33940996726353961,-0.26695805788040161,-0.18329959362745285,-0.12521589174866676,-0.074227377772331238,-0.037971558980643749,-0.0060836330909902854,0.0057982522412203252,0.031603521667420864,0.052956733852624893,0.0957563469807307,0.14128708094358444,0.0,0.16073782742023468,0.16478949785232544,0.1924804300069809,0.19694735854864121,0.22224564105272293,0.2160017266869545,0.22556602954864502,0.22894152998924255,0.21038965135812759,0.20452109724283218,0.20571675896644592,0.22434741258621216,0.21809525787830353,0.21569410959879556,0.18819308280944824,0.1839122474193573,0.14626710116863251,0.11942674219608307
-0.12882355387721742,-0.23195465992797504,-0.29732235074043273,-0.293482705950737,-0.27804051126752583,-0.31419834494590759,-0.37313610812028247,-0.42306105295817059,-0.44639441967010496,-0.43465950091679889,-0.41406452655792236,-0.38483422994613647,-0.32235254347324371,-0.23117837806542715,-0.11571459472179413,-0.062010094523429871,-0.024469316937029362,-0.012296279659494758,-0.0059777107089757919,-0.00355425663292408,0.01816500024870038,0.051558734849095345,0.11369553953409195,0.1160973459482193,0.14480337997277579,0.14399681985378265,0.13545294851064682,0.0,0.16240771859884262,0.195545993745327,0.19868838787078857,0.19962809979915619,0.21004030108451843,0.20415165275335312,0.2055819034576416,0.22095531225204468,0.22317307194073996,0.235311821103096,0.0,0.2216150090098381,0.19012065231800079,0.17397831380367279,0.14344552159309387
-0.15999430020650227,-0.25942356478084216,-0.31439568102359772,-0.30927743762731552,-0.29118388518691063,-0.33072924613952637,-0.3811854600906372,-0.41279818614323932,-0.4171566516160965,-0.39773823320865631,-0.38091406226158142,-0.35315973560015362,-0.27352286875247955,-0.16915981471538544,-0.0838775783777237,-0.011390320956707,0.003397248248802498,0.00066919822711497545,-0.0057087101352711516,0.0065741807920858264,0.01954234903678298,0.058503506705164909,0.1015588566660881,0.13363425061106682,0.12898102651039758,0.11708415672183037,0.0,0.1014518104493618,0.1287086233496666,0.16297673185666403,0.18529527634382248,0.18731939792633057,0.19413353502750397,0.1988343670964241,0.20635145157575607,0.20888988673686981,0.25066795945167542,0.24301552772521973,0.24830221384763718,0.24020226299762726,0.2083585187792778,0.20019334554672241,0.17511866986751556
-0.18787672743201256,-0.28037603772603548,-0.33498500660061836,-0.32447811630037093,-0.30550671617190045,-0.32916922654424396,-0.37389436364173889,-0.38297803997993468,-0.37083085626363754,-0.36647920310497284,-0.35514155030250549,-0.3233666867017746,-0.22149107605218887,-0.10822807004054387,-0.026274066418409348,0.017896144185215235,0.018679765053093433,0.010532776359468699,0.0049117846647277474,0.018787357645730179,0.03631630539894104,0.075422648340463638,0.089188680052757263,0.13371989130973816,0.1182405948638916,0.087034948170185089,0.074056761960188552,0.085708193480968475,0.0,0.12903786450624466,0.15974446386098862,0.17295235395431519,0.18488626927137375,0.18881608545780182,0.21657238900661469,0.21881091594696045,0.23131357878446579,0.24360978603363037,0.25499019026756287,0.0,0.219533309340477,0.0,0.19880238175392151
-0.19272631034255028,-0.26494573734023352,-0.31834317247072857,-0.31635384634137154,-0.295115077495575,-0.30271824697653454,-0.33109286427497864,-0.3358856663107872,-0.34036314487457275,-0.35199074745178222,-0.33936230341593426,-0.28527840475241345,-0.18222513794898987,-0.066599084685246154,0.0036450916668400168,0.0285569466650486,0.024859806522727013,0.014259033836424351,0.011454319581389427,0.02819724939763546,0.054537955671548843,0.086326789110898972,0.11393426731228828,0.11873656138777733,0.092548731714487076,0.081968680024147034,0.065248001366853714,0.072550468146801,0.10054935142397881,0.15560190379619598,0.14861884713172913,0.16859047114849091,0.18480466306209564,0.19489889591932297,0.21341652423143387,0.21904849261045456,0.2119164913892746,0.23273913562297821,0.242159403860569,0.24953360855579376,0.23173025250434876,0.21522719413042069,0.23231445252895355
-0.16459114423819951,-0.23343852975151755,-0.28918413140557031,-0.299062367528677,-0.28028482624462675,-0.27739699681599933,-0.3003976047039032,-0.31546211242675781,-0.344857394695282,-0.35811521609624225,-0.33407013118267059,-0.26200050115585327,-0.15138606727123261,-0.053186939408381782,0.009146812604740262,0.02800741046667099,0.025169320404529572,0.010990464128553867,0.00801212980877608,0.025556922579805057,0.058554241433739662,0.076631259173154831,0.099122758954763412,0.091693118214607239,0.074953474104404449,0.069207422435283661,0.069928348064422607,0.096546277403831482,0.10759688168764114,0.14520911872386932,0.16207361966371536,0.17109790444374085,0.17884235829114914,0.21143664419651032,0.19955886900424957,0.21904198825359345,0.21473800390958786,0.22525788843631744,0.23878163844347,0.25606030225753784,0.0,0.24652577936649323,0.22316588461399078
-0.16112185337326743,-0.22755884975194932,-0.26978041444505962,-0.2854287214577198,-0.26920010447502135,-0.27182637155056,-0.29174502690633136,-0.31242785602808,-0.33421788613001507,-0.34682509303092957,-0.30480507016181946,-0.22732632855574289,-0.13379041478037834,-0.056798627600073814,0.0045301675563678145,0.026950383558869362,0.017791364341974258,0.0058798389509320259,0.00066766905365511775,0.0092589538544416428,0.047095624729990959,0.0,0.079226031899452209,0.073294594883918762,0.078604593873023987,0.07267385721206665,0.088223785161972046,0.089156165719032288,0.12704223394393921,0.15446162223815918,0.15604573488235474,0.16569517552852631,0.18556201457977295,0.18047541379928589,0.20653894543647766,0.20670931786298752,0.21138026565313339,0.22198882699012756,0.24735754728317261,0.2601991668343544,0.27295218408107758,0.275957852602005,0.26605613529682159
