SouthSea_Web/demo/jsonfile/2017-12-15-02.json
{"header": {"parameterUnit":"m.s-1","parameterNumber":3,"dx":0.1,"dy":0.1,"parameterNumberName":"Northward current","la1":29.0,"la2":12.0,"parameterCategory":2,"lo2":131.0,"nx":250,"ny":171,"refTime":"2017-12-15T01:58:07.5","lo1":106.0}, "data":
[rows 95 to 113 of 171, columns 129 to 171 of 250]
0.33798856288194656,0.31082111171313692,0.30247563123703003,0.2836315433184306,0.23424315825104713,0.19803725679715475,0.16899023354053497,0.14219063272078833,0.13117969036102295,0.12162253633141518,0.072392926240960762,0.011964252404868602,-0.0023755576112307608,0.056112231686711311,0.096145658753812313,0.0847958160771264,0.028845932722712558,-0.023865651937999895,0.033457222225313839,0.15970817373858559,0.1312271227630285,0.11383354850113392,0.17135204763516135,0.12731073567500481,0.044115561966759129,0.089189730524921268,0.58875582759113365,0.63761982863599609,0.51598577891908037,0.45543626844882967,0.40526907789854355,0.18852436158340424,0.20408947340079717,0.12216506172449161,0.083384958041064883,0.036572327056238731,0.001616054605692625,0.029183492442825809,0.041001095669344068,-0.0059624734751291967,-0.040368714783754617,-0.014900381410760539,0.043036454500487216
0.26811464428901671,0.24834796413779259,0.25458027422428131,0.2395893856883049,0.21921788901090622,0.1828354224562645,0.12629535545905432,0.10652590543031693,0.13474118461211523,0.12604838982224464,0.061127126216888428,-2.3860484361648559E-07,0.036678253486752507,0.11303551867604256,0.15793200175870548,0.16208015009760857,0.15740536029140154,0.1298519947699138,0.12240332186869952,0.16373802586035294,0.10636475882851161,0.10306488754956619,0.16849472543055361,0.16195326205343008,0.10550713776610791,0.0411599184332105,0.36590750966376312,0.60263503915988481,0.48161443051966751,0.4459480331702666,0.32425544493728214,0.22225354611873627,0.17735890137112659,0.12393705890728878,0.11516342638060451,0.0697976618539542,0.019561869187912504,-0.030463346629403532,-0.04332545328885317,-0.064904312456124713,-0.064299277084715223,-0.0031649642187403515,0.079925886122509837
0.2483003536860148,0.20210791751742363,0.2057923823595047,0.21044362584749857,0.20084204152226448,0.165959432721138,0.1215346846729517,0.11907029151916504,0.15007147789001465,0.1134123295545578,0.069264839713772133,0.067584619857370853,0.12508046751221022,0.2004067532040856,0.21804563701152802,0.22026175955931346,0.23419155511591169,0.22999770767413652,0.21169822228451571,0.20143239586441605,0.21352084522897546,0.14470519209724098,0.031290610161634577,0.3997869782827117,0.4329735490458983,0.11554903911960804,0.078232769009678862,0.29618596475595071,0.46761010654947976,0.47666881157427415,0.36363348001387064,0.23029528727585619,0.22934206450978914,0.16997663676738739,0.095716622065414078,0.082730763192687712,0.018440736165627771,-0.050084203964582193,-0.045704917516559362,-0.028661598179799814,-0.0059042538826664286,0.0283610640472034,0.0761549470325311
0.21292832866311073,0.1852969229221344,0.17776019871234894,0.17967440187931061,0.18790590018033981,0.16070067385832468,0.14604699114958444,0.16904596239328384,0.157921701669693,0.10695264860987663,0.093689745292067528,0.14281511604785918,0.23808657129605612,0.2675872842470805,0.26300910688363588,0.257971766922209,0.283971552665417,0.26539541721343995,0.22164149064084757,0.18324930043447585,0.27073126150803134,0.32189773499965668,0.078864472163005322,0.32861151932974325,0.39651922319756178,0.16780597204342485,-0.14782044845477987,0.09147357376447568,0.30684549378794296,0.38373641442993411,0.46716873205843423,0.44892284545031463,0.38745045814758694,0.30512023717164993,0.18298058387111216,0.098035403178073466,0.051796354419950931,0.0088191566151530985,-0.0050127989731360385,0.046949533260582633,0.10643434053973148,0.15784593588776058,0.16492629190906882
0.20620778203010559,0.17467083781957626,0.15684457868337631,0.17083790153265,0.18961835280060768,0.19023766741156578,0.20188572406768798,0.21928567190965018,0.17272626360257468,0.12392343021929264,0.14830886820952097,0.27101621776819229,0.33335812389850616,0.35137883387506008,0.35655032536562753,0.3644555267833528,0.343259554842244,0.27549068319300812,0.22417450500162026,0.18553784489631653,0.27639449184591119,0.55512131033120327,0.47060663859511531,0.25290844121644662,0.22660310036119294,0.13767272170553815,0.099978913065223468,0.066744837919961553,-0.081241591617516762,0.025321897442395588,0.60881177218336813,0.60172149480557913,0.41398659695026485,0.33837588322468293,0.27168145030736923,0.19065409081597481,0.14022605409545283,0.12378571876164141,0.11878756666556001,0.12305510270854701,0.17135970152559735,0.22393816787945597,0.23052872016149409
0.19905088841915131,0.18444050848484039,0.17829801887273789,0.19475105404853821,0.21085518598556519,0.22968656122684478,0.25069184601306915,0.25175830721855164,0.22303216755390168,0.20625576525926589,0.267997233197093,0.38687976449728012,0.46451487578451633,0.48654429614543915,0.48734485425732355,0.45335546851158143,0.3746000813941161,0.333511608839035,0.29013021439313891,0.21691684342092937,0.23749688338665737,0.54584765221391407,0.64225812290990081,0.028027025207713316,-0.067627433403161089,0.040997883367638752,0.098844538852572439,0.2671225478454512,-0.14334480996347135,-0.33628165770749574,0.12256347490045683,0.73232671320438381,0.5558622376276896,0.43187778407619115,0.321093574569032,0.27790760288113042,0.21903051761910319,0.21398277084032694,0.20462580082508233,0.17361877858638763,0.18927704010690963,0.207450007921771,0.2195679798722267
0.22639620304107666,0.20189693570137024,0.2117273360490799,0.21418418486913046,0.22436455637216568,0.24470057090123495,0.27318015694618225,0.27338764071464539,0.26514506042003633,0.31105162880637427,0.39630744854609173,0.49124060571193695,0.563108253479004,0.594585042108189,0.59419684886932378,0.52392054100831353,0.46593210243043448,0.42827864697105006,0.3254367079247128,0.21256336569786072,0.16552933821311364,0.37368547147320164,0.45492040589451788,0.19496290884897904,-0.028733564671993627,-0.036853033670512826,0.36783563050077012,0.36129967072757624,-0.12019304342434875,-0.31927423393686433,-0.17691962823175408,0.22372135913874544,0.46357433497905731,0.43339284441687842,0.37445253059267997,0.30604574164828741,0.25827142809118542,0.24140350315077552,0.22180675908371253,0.21342778316250555,0.21388104371726513,0.20955351807854392,0.18954058780389674
0.21665728837251663,0.20282454788684845,0.19779118150472641,0.19912123680114746,0.19390007108449936,0.21675435602664947,0.24711914956569672,0.24853300489485264,0.27947441594941275,0.36824199328055751,0.459228103980422,0.5439029186964035,0.64557409286499023,0.66749119758605957,0.65464666485786438,0.60000245024760568,0.5992446948181499,0.5332785124580065,0.2732121167254859,0.078774913722141224,0.093078516927119853,0.2201804880797863,0.27549403882943668,0.24407326080586,0.14935712003000273,0.30933331430666539,0.46213297968480127,0.24339888997375966,-0.26669500850141048,-0.2259151485540267,-0.32846148944381309,0.20030112385328086,0.44875984540525471,0.52608741875048037,0.51954913321806462,0.47620971907268872,0.42480777047182383,0.32215301506221294,0.24280207797333045,0.22888018935918808,0.24810201497305007,0.2444571363074439,0.20918956115132287
0.0,0.18247563143571219,0.16260215640068054,0.14778070648511252,0.12630920112133026,0.15817013879617056,0.18219762401921408,0.21210598519870214,0.2625420292218526,0.35467645923296609,0.47523961464564007,0.60722304203293542,0.70910935163497923,0.71201999902725222,0.70026700496673588,0.70414443810780847,0.72672043685559873,0.52289911416860724,0.056516559028080483,-0.10446232391903093,0.1322619755230269,0.14677067597707114,0.12516343473752803,0.26793751723387027,0.4028562809030215,0.47335012912750246,0.3186263500784452,0.029704807720997411,-0.34168472021818164,-0.63034807324409481,-0.28430255386682057,0.10626455453986472,0.18749092721069852,0.51353280428383086,0.695472928610715,0.659273868569961,0.55491598151825572,0.42560895663850445,0.30688113760617042,0.24426128923892976,0.23932301081143892,0.24002047255635262,0.22782885283231735
0.23335189372301102,0.21428601443767548,0.150203637778759,0.11077450215816498,0.091960394755005836,0.11700601279735565,0.15084232602800643,0.19470876604318618,0.26542339154652189,0.38669330080350239,0.55805213749408722,0.67482083290815353,0.71944757461547848,0.72817768021063367,0.724735575062888,0.77879439962321317,0.87591164153918888,0.39533793599992173,-0.13913643952000185,-0.15345467375637903,0.12594085129026475,0.010563838155940175,0.046571595001323934,0.2101120004214978,0.23915159006719478,0.22254954995587467,0.057425876536096133,-0.210820347079649,-0.46585118830204009,-0.4686287171116062,-0.10229079228825867,0.17606225825738217,-0.074555298652067323,-0.040264508477523567,0.76592762831677785,0.83017649153868356,0.69566532596945763,0.5150681520119692,0.3606780392508353,0.23934393032239035,0.17399535442774111,0.18357555781091964,0.22122702316233986
0.27969051400820416,0.22243234515190125,0.16973089426755905,0.0973984207957983,0.070172434051831559,0.10597665756940841,0.15408246644905635,0.22277435660362244,0.34001785729612621,0.4846930190136558,0.59921211263407836,0.66228308847972328,0.67637020620432764,0.6939015513972232,0.69373818397521969,0.77272888704350118,0.81711742650894892,0.48275122720911934,-0.016126787494413736,-0.007512582466006279,0.0,0.0,0.0,0.0,0.076934361769374279,0.041018140873918536,0.037088830098560094,-0.029087059898301959,-0.091027564014523069,-0.096711847300387246,0.11496597129570425,0.26157881696333829,0.025075668054126539,-0.12042352043625462,0.5813525746925734,0.97039353312590182,0.81628351765019558,0.61887416170864573,0.4155442884990147,0.25092520471662283,0.13363210971538836,0.13016822832551869,0.18176343256518954
0.27040836215019226,0.23789003491401672,0.18211067467927933,0.11567031592130661,0.071193343959748745,0.12438960799149104,0.21133418712351057,0.28636079388005392,0.40099711929048809,0.5186120867729187,0.58113423378571216,0.5967144060134888,0.61087698685495473,0.58066038204276038,0.60822602474328247,0.67636151115099585,0.55991049871152765,0.21165709562495627,0.0,0.0,0.0,0.0,0.0,0.0,0.0,0.070433710568717542,-0.066462785032434538,-0.14832829098332132,-0.1098781164341331,-0.034378545872327367,0.079594981663667408,0.10081092999273635,-0.014861139918660929,0.0,0.76322562259829729,1.0952156328957927,0.97160770586042688,0.74460800445598108,0.51290151311291587,0.32079107770996707,0.16248314827680588,0.112621304133664,0.12549426832369395
0.28755821287631989,0.24046880006790161,0.18050698190927506,0.13300745934247971,0.10755247250199318,0.15044929087162018,0.24390703439712524,0.32969957590103149,0.4144398291905721,0.51368910074234009,0.54026890060176025,0.5396590799093246,0.50887433409690852,0.50719772555209974,0.59328329370867816,0.64321954572011553,0.45015023807521726,0.060599909086401262,0.0,0.0,0.0,0.0,0.0,0.0,0.0,0.0,0.0,-0.059103802910872867,-0.10442501909376399,-0.05928701218626984,-0.0094427093094236626,-0.00927833814657241,-0.042745116725564004,0.0,1.0377167216662704,1.0525685491233037,0.97032399240293,0.783535129080216,0.57884137489293752,0.38843342764624234,0.21911928458855703,0.14109456606886603,0.1117965259278814
0.2738167444864909,0.21551177650690079,0.18044325709342957,0.1677435040473938,0.1849940667549769,0.21535592029492059,0.26544007085836852,0.29751153716019224,0.41697650370390521,0.49268375585476559,0.49911891988345553,0.48822659955305214,0.45198602401293242,0.48398732476764256,0.57240139420439562,0.5870699480522511,0.16996972539779195,0.036276303231716156,0.0,0.0,0.0,0.0,0.0,0.0,0.0,0.0,0.0,0.0,0.0,0.0,0.0,0.0,0.0,-0.020310270121424563,0.39998559590140487,0.76130647257882722,0.83920091482309189,0.75604059298833215,0.60211437313180216,0.43780107982456684,0.29372566401958466,0.19063489198684691,0.13422665846618739
0.22071070969104767,0.20490399996439615,0.18450098236401877,0.1949758380651474,0.25620875060558318,0.28613315735544476,0.32392727182461667,0.34954563577969872,0.44343592439379009,0.46361290982791353,0.4407800078392029,0.41612841933965683,0.42598139551969677,0.46383904665708542,0.45087325642275256,0.35485465983273806,0.088093214813205936,0.0,0.0,0.0,0.0,0.0,0.0,0.0,0.0,0.0,0.0,0.0,0.0,0.0,0.0,0.0,0.0,-0.10089153879031894,0.22767445708465095,0.575943992189739,0.73958799074280934,0.744580096819184,0.65147640473312807,0.49167868196964265,0.33895034260219997,0.22262853942811489,0.18115435337478464
0.20072420686483383,0.19889333099126816,0.20023814340432486,0.23062416315078735,0.29133005142211915,0.32854907049073112,0.33935139729426456,0.373563147016934,0.43781322111254151,0.43447520641180187,0.41493322286340928,0.3879511892795563,0.40270492434501648,0.46857201031276158,0.48131224774477777,0.25532644323773385,-0.091045826016872958,0.0,0.0,0.0,0.0,0.0,0.0,0.0,0.0,0.0,0.0,0.0,0.0,0.0,0.0,0.0,0.0,-0.25375830968768576,0.026485292554040113,0.45784380587569456,0.74384946872790658,0.780865603685379,0.68870388377796521,0.514798229932785,0.33500652732672515,0.23228415782036987,0.20160931416533209
0.18443146347999573,0.19405537843704224,0.21556302408377329,0.2624632827937603,0.31370331843694049,0.33248775452375412,0.3428063690662384,0.40190217815912688,0.44963050414534178,0.45864928141236305,0.47028328691210064,0.44189723581075668,0.43534156481424968,0.47392944412098992,0.46069368374520453,0.16896826981420293,-0.084421323239803309,0.0,0.0,0.0,0.0,0.0,0.0,0.0,0.0,0.0,0.0,0.0,0.0,0.0,0.0,0.0,0.0,-0.47589883336331695,-0.20492165805533147,0.30017066168199691,0.73561945094002623,0.85007215957892568,0.7442074508378,0.56395721038182578,0.37059032802398389,0.22810193027059236,0.17655804211443121
0.19198954105377197,0.20187231153249741,0.23470305278897286,0.27742229402065277,0.32964426279067993,0.3485272427399953,0.39622228220105171,0.50671310474475229,0.52269196510314941,0.52643337100744247,0.54737410491163085,0.52470655624683082,0.49157531319126008,0.50414159021726468,0.44690985961626933,0.0818216100301695,-0.00043165718670934439,0.0,0.0,0.0,0.0,0.0,0.0,0.0,0.0,0.0,0.0,0.0,0.0,0.0,0.0,0.0,-0.28869310890634853,-0.52232777622753179,-0.37478189895550412,0.16212280970648862,0.69673027065065174,0.93274260533822551,0.81446272134780884,0.65729322919139155,0.472330493422655,0.31045385043729434,0.22362424500963904
0.19418206810951233,0.220611110329628,0.23104295134544373,0.26944887886444729,0.34222149848937988,0.40007929131388664,0.47483820319175718,0.57505540798107779,0.56499755779902139,0.5560954213142395,0.56310023864110315,0.54697460333506265,0.515087773722987,0.53734150280555093,0.45091161084926035,0.045071509172201388,0.0,0.0,0.0,0.0,0.0,0.0,0.0,0.0,0.0,0.0,0.0,0.0,0.0,0.0,0.0,0.0,-0.35317735373973846,-0.5438087814975352,-0.41116994223262693,0.043602265004630922,0.564009132537436,0.95835725516080861,0.9163862433698442,0.73458314147488823,0.56853705644607544,0.38702450444300968,0.2666056404511134
