SouthSea_Web/demo/jsonfile/2017-12-14-04.json
{"header": {"parameterUnit":"m.s-1","parameterNumber":3,"dx":0.1,"dy":0.1,"parameterNumberName":"Northward current","la1":29.0,"la2":12.0,"parameterCategory":2,"lo2":131.0,"nx":250,"ny":171,"refTime":"2017-12-14T04:01:52.5","lo1":106.0}, "data":
[rows 95 to 113 of 171, columns 0 to 42 of 250]
-0.44844755806304792,-0.32084489793613041,-0.32172393136554295,-0.29473181642018831,-0.27918888763947919,-0.24722331533065209,-0.24421569208304086,-0.21433066725730895,-0.16975709795951843,-0.12227988491455714,-0.070028448477387428,-0.011173804911474386,0.035494584590196609,0.029418732039630413,-0.013388372957706451,-0.016140896826982498,-0.065325511619448662,-0.084576644003391266,-0.099096477031707764,-0.090454168617725372,0.0,-0.096669401973485947,-0.097293635209401444,-0.090285573154687881,-0.064151079393923283,-0.022992706754141383,0.005329034632692734,0.024676543186771972,0.025267222579309925,0.021224795868532494,0.058476542624143452,0.0,0.0,0.0,0.0,0.0,0.0,0.0,0.0,0.0,0.0,0.0,0.0
-0.35697658346699818,-0.26690086465457391,-0.30865811556577682,-0.29219921429951984,-0.28414550965482538,-0.27421117254665922,-0.25120223065217334,-0.20846167703469595,-0.14438799917697906,-0.091128580272197723,-0.043800495564937592,-0.010139016124109427,0.031702923588454723,0.0,0.021733217872679234,-0.023059365339577198,-0.056987505406141281,-0.079878814518451691,-0.098006356507539749,-0.10662776480118434,-0.09383527934551239,-0.099719502031803131,-0.10227041095495223,-0.09339713056882222,-0.027914310060441493,0.04997033899417147,0.075139421297878511,0.032432982628807609,0.0645738490092169,0.0,0.0,0.0,0.0,0.0,0.0,0.0,0.0,0.0,0.0,0.0,0.0,0.0,0.0
-0.36885483246861084,-0.415237491329511,-0.35613904396692914,-0.30816791951656342,-0.30139760838614571,-0.28219267539680004,-0.21365135482379369,-0.16477943956851959,-0.11525467410683632,-0.09406006708741188,-0.044625425711274147,0.0056859967608033912,0.038453163579106331,0.042695220559835434,0.013648127904161811,-0.039235381409525871,-0.07519194483757019,-0.065577948465943336,-0.095722701400518417,-0.1193377673625946,-0.068850831439097718,-0.074756033718585968,-0.073283312221368149,-0.091013586946896138,0.0031128778549221656,0.094771004896214664,0.14820771985169914,0.13842110698007876,0.0,0.0,0.0,0.0,0.0,0.0,0.0,0.0,0.0,0.0,0.0,0.0,0.0,0.0,0.0
-0.48765739202499392,-0.55041696462366319,-0.39519133738109041,-0.33286062570718616,-0.30463480136611243,-0.22902244116578782,-0.18697525064150491,-0.14618036150932312,-0.10171835124492645,-0.056749952957034111,-0.013511641067452729,0.0416480116546154,0.052252069115638733,0.062995817512273788,0.046342015266418457,-0.0029554845532402396,-0.038963031023740768,-0.051121735945343971,-0.070524090901017189,-0.091414866348107651,-0.065659766395886734,-0.049645322685440384,-0.05376528250053525,-0.0781551885672591,0.011454726223636306,0.14126832662087335,0.23810331547310995,0.040342831518501043,0.0,0.0,0.0,0.0,0.0,0.0,0.0,0.0,0.0,0.0,0.0,0.0,0.0,0.0,0.0
-0.57853207899176551,-0.53820142149925232,-0.36677799522876742,-0.33959469695885974,-0.25829669535160066,-0.20861364156007767,-0.1913477381070455,-0.13348568975925446,-0.077399981518586472,-0.019539673055987805,0.022650592029094696,0.0,0.082102395594120026,0.07912086695432663,0.06608736515045166,0.038897033780813217,0.002791818231344223,-0.0084791615372523665,-0.040081282456715904,-0.0602840855717659,-0.062145376577973366,-0.040121613070368767,-0.036430453783587405,-0.046339815052656025,-0.013755685336946044,-0.013735967958715132,0.084188636656963842,0.033981271088123322,0.0,0.0,0.0,0.0,0.0,0.0,0.0,0.0,0.0,0.0,0.0,0.0,0.0,0.0,0.0
-0.61210619551794865,-0.4084345591919763,-0.35527457396189371,-0.3217380808459388,-0.2495949057241281,-0.22052730407033647,-0.19688989818096161,-0.13882590457797051,-0.053550561890006065,0.0049150208942592144,0.045518524944782257,0.061444463208317757,0.10587387531995773,0.10307260230183601,0.10409829020500183,0.039723239839076996,0.05813945084810257,0.011470119614386931,0.0041371695697307587,-0.030910656477014225,-0.055002681910991669,-0.062697628004984421,-0.037829283286224709,-0.045277616664491316,-0.0069385564724064389,-0.030193731010117714,0.055660636600478437,0.0,0.0,0.0,0.0,0.0,0.0,0.0,0.0,0.0,0.0,0.0,0.0,0.0,0.0,0.0,0.0
-0.4563909289629563,-0.31403880034174236,-0.33555023486797625,-0.31128302812576292,-0.25881516933441162,-0.22493269211716122,-0.20088818296790123,-0.14271591044962406,-0.042861624310413994,0.016761219128966331,0.063232650980353355,0.11033738404512405,0.14473682641983032,0.15161816775798798,0.16282293200492859,0.11931192502379417,0.1125752255320549,0.058486862108111382,0.028946025840317208,-0.022138964384794235,-0.051016983576118946,-0.06438579889280456,-0.0621649665137132,-0.051189485613418663,-0.028015982610388443,0.021508384925320635,0.092265092769000481,0.08412968590855599,0.0,0.0,0.0,0.0,0.0,0.0,0.0,0.0,0.0,0.0,0.0,0.0,0.0,0.0,0.0
-0.33275536775588987,-0.33035888040767,-0.31005842557975222,-0.3176709885398547,-0.28011564910411835,-0.24892058140701717,-0.20344408228993416,-0.1355253502726555,-0.067065193007389709,0.0082816609647125,0.083295449614524841,0.1274312399327755,0.16783776134252548,0.17998377978801727,0.17374558746814728,0.16280151903629303,0.16660149395465851,0.11003536482652028,0.0610967588921388,0.0028666771249845624,-0.027048015035688877,-0.0505129625754697,-0.067959212760130561,-0.060211800634860993,-0.050997142038411561,0.045872377458197826,0.14714347561206764,0.0490237080144428,0.0,0.0,0.0,0.0,0.0,0.0,0.0,0.0,0.0,0.0,0.0,0.0,0.0,0.0,0.0
-0.38493947088718417,-0.37776144084177521,-0.35343860728400095,-0.34584120909372967,-0.31038663387298582,-0.26346142258909011,-0.20837429591587611,-0.14915282279253006,-0.064997467678040266,0.0032199049601331353,0.073184342434008912,0.13075418770313263,0.17726238071918488,0.19035375118255615,0.19721716642379761,0.19355309009552002,0.19594913721084595,0.15988951921463013,0.12702219560742378,0.060747321074207626,0.015114837908186019,-0.045143519528210163,-0.084288010166751012,-0.066773726826622373,-0.042807194731525472,-0.020176107151847748,0.071557503228208849,0.057721287852877542,0.0,0.0,0.0,0.0,0.0,0.0,0.0,0.0,0.0,0.0,0.0,0.0,0.0,0.0,-0.026671929284930229
-0.31732825663956726,-0.365040622651577,-0.44768763581911725,-0.37015411506096524,-0.32221201062202454,-0.27050410346551373,-0.23452124993006387,-0.16010772902518511,-0.074020271499951676,0.0052549936808645725,0.067649815231561661,0.10293340682983398,0.15174923340479532,0.19258105754852295,0.2093731239438057,0.20642503350973129,0.21603454649448395,0.17405866086483002,0.15056619793176651,0.095864680906136826,0.064962961400548622,-0.019999784883111715,-0.079120032075378627,-0.075515096713053551,-0.014856922581884646,-0.019658169945857177,0.023216687520649634,0.053187991483934056,0.0,0.0,0.0,0.0,0.0,0.0,0.0,0.0,0.0,0.0,0.0,0.0,0.0,-0.023599695148212568,-0.0095500689603364945
-0.32281030171385433,-0.36063669692902339,-0.48564842224121096,-0.33845935662587484,-0.32716941436131797,-0.30805327494939166,-0.27384326606988907,-0.16306358906957838,-0.0775624035547177,-0.015415621921420097,0.054364606738090515,0.09955262765288353,0.15496652573347092,0.18660784512758255,0.21741973608732224,0.22134014467398325,0.23781757801771164,0.21192875007788339,0.1960156261920929,0.16357013086477915,0.10867232829332352,0.021665136516094207,-0.052226544544100764,-0.0886834693642763,-0.04489927199161188,-0.011122102281660773,0.0051937997644073428,0.0040930794075682078,-0.010399760389308569,0.0,0.0,0.0,0.0,0.0,0.0,0.0,0.0,0.0,0.0,0.0,0.0,-0.023534898182821881,-0.043434999283413732
-0.25805424142342348,-0.29752834058470196,-0.39948253722294519,-0.28055253057252794,-0.35352057845968948,-0.36747813522815703,-0.28989328543345133,-0.20342862606048584,-0.13250184152275324,-0.053298072889447212,0.0170213314704597,0.06127491220831871,0.11822864413261414,0.16789605468511581,0.20482021570205689,0.23267711699008942,0.25602744519710541,0.25065591931343079,0.24771084636449814,0.21743977069854736,0.16978173951307932,0.09088517539203167,-0.015585064888000488,-0.058386091142892838,-0.078793077419201538,-0.042736771262504837,-0.0095483614303313,0.0018551382093727098,-0.02093515251609086,-0.032344294349237843,-0.03920726023421113,-0.0083630823845107279,0.0,0.0,0.0,0.0,0.0,-0.030150887423327992,-0.016228681399339126,0.015380100020238669,-0.046781389243346572,-0.067488132774393653,-0.11721712542261273
-0.16072328719827864,-0.15307052160130627,-0.25541813644766809,-0.30632302165031433,-0.36627079877588486,-0.45262128300964832,-0.332025954256887,-0.23165621194574568,-0.16305760977168879,-0.074223721027374262,-0.025931896339170635,0.050831839442253113,0.10762058943510056,0.14024323721726736,0.18614647289117178,0.24045483022928238,0.25710429251194,0.2762540876865387,0.25985795259475708,0.22320111840963364,0.18002044409513474,0.14209851250052452,0.05386318638920784,0.0063907069464524584,-0.054154914907283254,-0.066002938151359561,-0.029341897478194108,-0.0026750839462692964,0.008785760627494605,-0.005738859127329003,0.00597629155657696,-0.036751626219357854,0.016630948206243761,-0.0061750533971493939,-0.015270511684835824,-0.034575120461258019,0.0,-0.01665776810531807,-0.057513336176541169,-0.038986997911870075,-0.1470404235868534,-0.11509662200384342,-0.1889150406585178
0.0,-0.017079368233680725,-0.18967113309893116,-0.28543654694908954,-0.319129115920894,-0.42177003771066668,-0.474024991504848,-0.31266349616150063,-0.19381973491265223,-0.13339576787418789,-0.069076216779649258,0.0046037981907526655,0.068901862949132919,0.088180601596832275,0.13729780167341232,0.19831594328085581,0.24445916712284088,0.26226674020290375,0.27726549655199051,0.25408100336790085,0.22102804481983185,0.17317163944244385,0.1053135022521019,0.064274564385414124,-0.012666148249991238,-0.041666461713612081,-0.039226432730044634,-0.011298416203187247,-0.0014116108606685885,-0.0087787671218393371,-0.0038620680279564112,-0.0016969917690673087,0.014308427279502212,-0.019574291673002522,-0.054547388043858488,-0.066126733993939354,-0.021693793040204554,-0.051885945191505647,-0.07809193129973728,-0.10141580931732221,-0.23628658214562484,-0.0771547175921033,-0.06135908257657044
0.0,0.0,0.0,-0.056018130105930257,-0.13283967170176791,-0.38292497144464183,-0.523308831003477,-0.53391138488246548,-0.2950984660316916,-0.14961250685155392,-0.090178375691175455,-0.029901025118306279,0.021112222690135241,0.06973697617650032,0.12432984635233879,0.18681509792804718,0.2361718068520228,0.25868587692578632,0.2716241677602132,0.2693207710981369,0.245244100689888,0.202464630206426,0.13379038125276566,0.05235927551984787,0.00977260444778949,-0.019213782157748938,-0.032413271773192615,-0.0085433215967246467,-0.0051834272508997289,-0.024684734530746936,-0.02502947679853865,-0.031375253392804052,-0.022095638923163182,0.088577923575197628,-0.0316693927034397,-0.16593907230798108,-0.10735745611850933,-0.14238373608684835,-0.11961819519044704,-0.12848767390731367,-0.23697332350477096,-0.18651374449316985,-0.069517221873624455
0.0,0.0,0.0,0.0,-0.14146868884563446,-0.26140552739563744,-0.47555419450165121,-0.63289621243110072,-0.42877060671647388,-0.20158177812894185,-0.1342271396092006,-0.079638601839542383,-0.036145842634141445,0.010130839815246873,0.081069491803646088,0.14935801923274994,0.21292495727539063,0.2304035946726799,0.26507859428723651,0.27211458484331769,0.25583973526954651,0.22090147435665131,0.16990862414240837,0.10416889190673828,0.04878961481153965,-0.0068191709578968585,-0.025981930394967396,0.0046419991180300709,0.013567471934948117,-0.036847906852407117,-0.0465930515072412,-0.05727825044213157,0.13982599787414074,0.1332953663712198,-0.037100068271337522,-0.20219300517981703,-0.25183611065149308,-0.19793859210151893,-0.0709335114536942,-0.13987646837604237,-0.21934676418701807,-0.077355899102118958,-0.14424135367670116
0.0,0.0,0.0,0.0,-0.013545370940119029,-0.053383420333196152,-0.3020546229541764,-0.51559311308358846,-0.56443298220634464,-0.32777191599210104,-0.18911606615239923,-0.10550359077751637,-0.072273328900337219,-0.045128664001822472,0.029395745446284611,0.10819022357463837,0.18284319341182709,0.22255300978819528,0.2551427036523819,0.26645635565121967,0.2392844557762146,0.21941938499609628,0.18518964350223541,0.13978154957294464,0.0693420534953475,0.025213595014065504,-0.0063880071102175862,-0.0040873219259083271,0.016084064263850451,-0.046141456346958876,-0.086033840796777186,0.010776935145258904,0.15969684968392053,0.01374518039325873,-0.15608270559459925,-0.25467471033334732,-0.18075307110945385,-0.12384987049377881,-0.066566648366658585,-0.10898356105166453,-0.23398864879494621,-0.17081493755141575,-0.14363289852461297
0.0,0.0,0.0,0.0,-0.040425903163850307,-0.043366883665806162,-0.17133149102914566,-0.36306670913472772,-0.58112575650215148,-0.4085806750115894,-0.23131710886955262,-0.12836175505071878,-0.10665466139713924,-0.088239904493093491,-0.028033124088930588,0.070894135783116027,0.13914155960083008,0.1835034117102623,0.23519699275493622,0.24705946445465088,0.23049495741724968,0.19753631204366684,0.17244037240743637,0.15934112370014192,0.095379432042439774,0.04620360657572746,0.00885834703221917,-0.0010042327436773728,0.01379404281033203,-0.055288687348365784,-0.045698371017351747,0.022352276090532541,0.065157903443005954,-0.076558078296430826,-0.20405569672584534,-0.1652696393430233,-0.10218833821515243,-0.088935065641999239,-0.050709358261277281,-0.12139322080959876,-0.15495772841008934,-0.21233035437762737,-0.13087020446934428
0.0,0.0,0.0,0.0,-0.01939752287303553,-0.054772952690471187,-0.11397525729662782,-0.22405408670504887,-0.41961766382058463,-0.43986757028670537,-0.26841700656546486,-0.16366117504926828,-0.13380066864192486,-0.11437644064426422,-0.062410254031419754,0.0095229873356098924,0.072327690819899246,0.15055843691031137,0.21624875068664551,0.23067558308442435,0.21678149700164795,0.19937850534915924,0.16639770939946175,0.15944679826498032,0.12534872293472291,0.087158237397670743,0.047441443242132661,0.022317786701023579,0.032131848590714593,-0.00045811636040785482,-0.02787836715579033,0.023459087125957012,0.026317366398870945,-0.089729818382433477,-0.13968727272003889,-0.12047928039516721,-0.092357677718003586,-0.1090153306722641,-0.10400133986364711,-0.11418615207076073,-0.13224470356236334,-0.18341414733179684,-0.20173965441063047
