SouthSea_Web/demo/jsonfile/2017-12-15-08.json
{"header": {"parameterUnit":"m.s-1","parameterNumber":2,"dx":0.1,"dy":0.1,"parameterNumberName":"Eastward current","la1":29.0,"la2":12.0,"parameterCategory":2,"lo2":131.0,"nx":250,"ny":171,"refTime":"2017-12-15T07:58:07.5","lo1":106.0}, "data":
[rows 133 to 151 of 171, columns 126 to 167 of 250]
0.090599142014980316,0.094772934913635254,0.10442934557795525,0.11898296698927879,0.10786190256476402,0.10368546719352405,0.11462309211492539,0.12395201758904891,0.13899740080038706,0.14957994719346365,0.12251419414366994,0.090638028314480409,0.045292225846258756,0.023900484078024562,0.0,0.0,0.0,0.0,0.0,0.0,0.0,0.0,0.0,0.0,0.0,0.0,0.0,0.0,0.0,0.0,0.036299589555710554,-0.037513183853165669,-0.0066929880063980821,-0.016828678781166673,-0.12783546911345589,-0.20062321424484253,-0.20083393156528473,-0.2381446643008126,-0.25752304121851921,-0.24774381518363953,-0.25404545292258263,-0.3287869393825531
0.0659303143620491,0.087385937571525574,0.11497462540864945,0.13632189482450485,0.12407840664188068,0.10554890148341656,0.13319241089953315,0.14822836592793465,0.14732917872342197,0.15355956554412842,0.13339617983861404,0.10719059097270171,0.0662771790687527,0.0088989922466377411,0.0,0.0,0.0,0.0,0.0,0.0,0.0,0.0,0.0,0.0,0.0,0.0,0.0,0.0,0.0,0.0,-0.0034874893608503044,-0.054951742968776009,-0.045025484015544258,-0.11753879860043526,-0.26424771682782605,-0.31514356533686322,-0.28999535333026538,-0.28409834802150724,-0.29835487653811771,-0.27677270025014877,-0.30482380092144012,-0.37399813532829285
0.11281831810871761,0.13985956832766533,0.14957156777381897,0.15138327578703562,0.15656275053819022,0.15178350252764566,0.16363027526272667,0.16658233602841696,0.17179259823428261,0.16366884277926552,0.14626211921374002,0.12513898387551309,0.097860920429229739,0.024830671492964029,0.0,0.0,0.0,0.0,0.0,0.0,0.0,0.0,0.0,0.0,0.0,0.0,0.0,0.0,0.0,-0.048870843835175037,-0.086183016809324428,-0.093103249158178053,-0.12508819116787476,-0.17848250104321373,-0.28815543109720404,-0.361890199509534,-0.35240417387750411,-0.33379685506224632,-0.32224057614803314,-0.31853097180525464,-0.34472694620490074,-0.39120351150631905
0.19103849679231644,0.19739738603432974,0.19259257614612579,0.18533720076084137,0.17033554054796696,0.17403971217572689,0.19423957914113998,0.19737824300924936,0.18804644725539468,0.16802776687675053,0.14521614379352993,0.132701026648283,0.12860380858182907,0.0625247082983454,0.0,0.0,0.0,0.0,0.0,0.0,0.0,0.0,0.0,0.0,0.0,0.0,0.0,0.0,-0.19480721652507782,-0.13813598081469536,-0.1672279667109251,-0.214430370926857,-0.25838806881354404,-0.27623060531914234,-0.319678846332762,-0.35403581460316974,-0.36778553236614575,-0.33975439721887762,-0.29540893766615128,-0.31839240789413453,-0.35674493180380928,-0.40065996050834657
0.22200185557206473,0.22707958519458771,0.2116294652223587,0.21081951260566711,0.21874858066439629,0.20411827521664755,0.22354215549098122,0.23182235285639763,0.21976100405057272,0.19722089767456055,0.16591450359140122,0.16622421416369351,0.17511247524193355,0.1260236625870069,0.0075691621750593185,0.0,0.0,0.0,0.0,0.0,0.0,0.0,0.0,0.0,0.0,0.0,0.0,0.0,-0.079154583159834146,-0.12152640894055367,-0.19734397530555725,-0.32474507391452789,-0.3827003604835934,-0.38881268103917438,-0.40897968411445618,-0.40676036477088928,-0.3813874453306198,-0.365364885992474,-0.33595586419105528,-0.350260591506958,-0.40496109426021576,-0.45662787887785172
0.24924268325169882,0.24176742136478424,0.22490338981151581,0.22493055164813997,0.24392157196998596,0.23114267239967981,0.225709805265069,0.22677824944257735,0.22770335339009762,0.23084690980613232,0.21572460896439022,0.21326428093016148,0.20439165499475268,0.15316081698983908,0.035462739132344726,0.0,0.0,0.0,0.0,0.0,0.0,0.0,0.0,0.0,0.0,0.0,0.0,0.0,0.11192786693572998,-0.0081648481344538081,-0.10698083546012641,-0.25355509775025503,-0.34760918021202086,-0.37792531549930575,-0.3868878533442815,-0.4026541829109192,-0.42623687684535982,-0.443212246352976,-0.43419847190380095,-0.42887390743602405,-0.46744762361049652,-0.52277023924721611
0.28633685906728107,0.274479736884435,0.257937278598547,0.25441541522741318,0.2605247676372528,0.24716504131044662,0.23120096139609814,0.21493040025234222,0.21252525001764297,0.23059290647506714,0.24780621853741733,0.25206602447562748,0.22916369778769358,0.19876577811581747,0.063524126540869474,0.0,0.0,0.0,0.0,0.0,0.0,0.0,0.0,0.0,0.0,0.0,0.0,0.0,0.0,0.029028842924162745,0.010757361322046362,-0.056222067369769015,-0.12758534608615768,-0.22233005426824093,-0.23516424745321274,-0.28131053664467554,-0.34158715307712556,-0.4148281142115593,-0.43248997330665589,-0.42406241297721864,-0.42414500315984088,-0.46264240443706511
0.31447574496269226,0.31474753220876056,0.30181891719500226,0.29263221025466918,0.28965365886688232,0.275260261126927,0.24886945528643473,0.21476170606911182,0.22083442509174348,0.24551333487033844,0.26207859441637993,0.25825556069612504,0.22832452356815339,0.18784241804054805,0.079083804203297151,0.0,0.0,0.0,0.0,0.0,0.0,0.0,0.0,0.0,0.0,0.0,0.0,0.0,0.0,0.0,-0.009422930818982423,0.025468858424574137,-0.031384887794653572,0.0,-0.058545736595988274,-0.093346614922795973,-0.17862424403429031,-0.29127471148967743,-0.35156810825521295,-0.40515808761119843,-0.43498403646729211,-0.44402520954608915
0.32327429950237274,0.34017780423164368,0.33581133484840392,0.31943405667940777,0.30953893661499021,0.29664283990859985,0.27194269374012947,0.2397793997079134,0.24835252265135446,0.25581965297460557,0.24864101575480568,0.23364117410447863,0.20428373850882053,0.17708624492992053,0.085950605726490423,0.023126831278204918,-0.006993442152937253,0.0,0.0,0.0,0.0,0.0,0.0,0.0,0.0,0.0,0.0,0.0,0.0,0.0,-0.072900166424612209,-0.066540282751832686,0.0046025376359466463,0.0,0.0,0.0,0.018122384883463384,-0.10810749803204089,-0.2001277282834053,-0.28298310769928825,-0.35087756677107379,-0.38087378144264222
0.324922780195872,0.34331398208936054,0.34933427969614667,0.32884284853935242,0.30982234080632526,0.29516521692276,0.27402259622301373,0.26045910186237758,0.26585282757878304,0.26428638994693754,0.23988655805587769,0.22030359080859593,0.19713918305933476,0.17512201269467673,0.11843982421689564,0.078272992745041847,0.0194362069159979,0.0075898578215856105,0.0,0.0,-0.047462230412444718,0.0,0.0,0.0,0.0,0.0,0.0,0.0,0.0,0.0,-0.095021812245249748,-0.11702483437127537,-0.04361007631814573,0.011648744655152163,0.009940524585545063,-0.041642734315246344,-0.083611249923706055,0.13880157805979251,0.0024139981251209974,-0.1240946501493454,-0.16375425706307092,-0.15803450075062839
0.31086985021829605,0.33711854368448257,0.34836031993230182,0.3374524861574173,0.31130824983119965,0.29347229997317,0.26694407314062119,0.25586359798908231,0.25193887762725353,0.24752447754144669,0.22928356379270554,0.2294791743159294,0.21683362126350403,0.20494387298822403,0.2021567937400606,0.18936641107905994,0.087364410183259425,0.0,0.0,0.0,-0.021335251256823541,-0.053322763381791968,-0.022071857652554171,-0.019546430790796876,0.0,0.0,0.0,0.0,0.0,0.0,-0.090649284422397614,-0.092478013198290548,-0.022525288498190302,-0.0034297719597816468,-0.12107490003108978,-0.0745826918123798,-0.074992846283647746,-0.071068625897169113,0.00073816720396280289,-0.054071021101930565,-0.0900085486471653,-0.07022201021512349
0.30071626106897992,0.32012875874837238,0.32926031947135925,0.32463699579238892,0.30016569495201112,0.27488566438357037,0.24131582038743155,0.21654341816902162,0.20152717642486095,0.20811057239770889,0.21181680262088776,0.2317676842212677,0.23957782089710236,0.23785112798213959,0.24904870800673962,0.246794430911541,0.15352443199266086,0.0501810236601159,0.02245543897151947,0.0,-0.043179648773123823,-0.077673105522990227,-0.05777124146168882,-0.039732839539647104,-0.069396376609802246,0.0,0.0,0.0,0.0,0.0,-0.068029602834333971,-0.11234950357013279,-0.044175276323221623,-0.047582658939063549,-0.18182957470417022,-0.17002561522854698,-0.19418606568466534,-0.16493737780385548,-0.12528156353668732,-0.10412934219295328,-0.10279151704162359,-0.082804335488213435
0.28194095691045123,0.29303422570228577,0.30887715021769208,0.31239809095859528,0.29207814484834671,0.25792283032621655,0.22308046690055303,0.19467473361227247,0.18263250142335891,0.19308948351277244,0.20546244747108883,0.22531787373802878,0.23466402954525417,0.24117165505886079,0.25517282838171179,0.2548479437828064,0.20052900537848473,0.052010538418673806,0.0016217727679759264,0.0,-0.060928839569290481,-0.10311466082930565,-0.055720484505097069,-0.0099796143929577544,-0.039669361896812916,0.0,0.0,0.0,0.0,0.0,0.007475169375538826,-0.11183596588671207,-0.14448275078426709,-0.15906358427471584,-0.15734182162718338,-0.18793933499943127,-0.21251959726214409,-0.22326579391956331,-0.20756676942110061,-0.18165134638547897,-0.16710790314457633,-0.13309486955404282
0.24861190468072891,0.26802760362625122,0.272795448700587,0.27128285765647886,0.25827666372060776,0.2366461306810379,0.21017642319202423,0.19736226089298725,0.18900708191924626,0.20681890249252319,0.22065179497003556,0.22465173527598381,0.21647504107518631,0.20913906530900436,0.20675492422147232,0.21590929395622677,0.19709995554553139,0.082729378896248013,-0.060497361148009077,-0.077672934532165533,-0.11798626184463501,-0.14426703751087189,-0.10778251141309739,0.0,0.0,0.0,0.0,0.0,0.0,0.0,0.0,-0.054159287961998155,-0.14287260621786119,-0.19398153759539127,-0.15245287391272458,-0.18635837869210678,-0.18108545541763305,-0.20273754447698594,-0.22678029835224151,-0.23469181900674646,-0.22366817742586137,-0.17547333571645948
0.20176149904727936,0.21712970361113548,0.24305439492066702,0.23073524981737137,0.22320276200771333,0.20798135016645705,0.1909586526453495,0.18219311907887459,0.19030091911554337,0.20796241424977779,0.21322810500860215,0.20785198157483881,0.17865054868161678,0.16115746037526565,0.13962608493036693,0.13250811668959531,0.13422329392698076,0.020479962578974664,-0.14709013607352972,-0.12512556297911537,-0.068543634563684466,-0.12632244825363159,0.0,0.0,0.0,0.0,0.0,0.0,0.0,0.0,0.0,-0.027599450200796127,-0.1217803383866946,-0.19378313078330114,-0.14635476673191245,-0.18009400988618532,-0.17028224344054857,-0.14188392294777763,-0.13164119375869632,-0.1890837550163269,-0.17173766593138376,-0.17121486365795136
0.14146668463945389,0.16955834627151489,0.19174345210194588,0.19772645831108093,0.18890054523944855,0.17984335497021675,0.16668960700432459,0.16484512175832475,0.17865833044052124,0.19117035302850935,0.17431665360927581,0.15660607483651903,0.11972879928847154,0.069805871850500509,0.044407088475834043,0.00327460884264755,0.011764553777704185,-0.098100489315887288,-0.2127604368660185,-0.15341033620966804,-0.051958108320832253,0.0,0.0,0.0,0.0,0.0,0.0,0.0,0.0,0.0,0.0,0.0,-0.08473122407766906,-0.13089226457205685,-0.0863553785925938,-0.11763773320449723,-0.13790659140795469,-0.054095056684066854,0.0,0.0,0.0,0.0
0.11825976893305779,0.14567792415618897,0.16482400894165039,0.16842499375343323,0.15702958405017853,0.15002133200565973,0.14025936424732208,0.137416603974998,0.15125690235031974,0.14784290641546249,0.12158797159790993,0.088518128916621211,0.030507638429601986,-0.037650928438569493,-0.08818281774542161,-0.11357562776122775,-0.12722021440664927,-0.2308127352824578,-0.25092711216873592,-0.16659069433808327,-0.047659008763730526,0.0,0.0,0.0,0.0,0.0,0.0,0.0,0.0,0.0,0.0,0.0,0.0090333372354507446,-0.031694474243770608,-0.010238111205399036,-0.01767636896111071,-0.028457925363909453,0.0044410643167793751,0.0,0.0,0.0,0.0
0.11081451177597046,0.12574760615825653,0.13852439820766449,0.1486922949552536,0.13851793110370636,0.13234926201403141,0.12134444117546081,0.098456559436661858,0.092286083315099993,0.072558739036321637,0.0437713453753127,-0.01778073055756977,-0.09326655622571707,-0.17391637254219788,-0.20334741324186326,-0.19744837567919776,-0.20280075818300247,-0.21105161152387919,-0.20203094308574995,-0.11617848761379719,0.003177653270540759,0.0,0.0,0.0,0.0,0.0,0.0,0.0,0.0,0.0,0.0,0.0,0.0,-0.049918305070605129,-0.059170311109887228,-0.041702040393526353,0.0073431162163615227,0.022685270756483078,0.0,0.0,0.0,0.0
0.078803382813930511,0.081241052597761154,0.087305307388305664,0.0925086997449398,0.094636639580130577,0.077442429959774017,0.074368140349785491,0.046262022107839584,0.031890720594674349,-0.0027262822744281343,-0.032244360721152693,-0.082727477885782719,-0.14595553106986559,-0.18791843337171219,-0.22140104855809892,-0.21361693541985005,-0.19540175269631779,-0.19121624482795596,-0.16613543072813436,-0.11737046390771866,-0.036386773067836962,0.0,0.0,0.0,0.0,0.0,0.0,0.0,0.0,0.0,0.0,0.0,0.0,0.0,0.0,-0.040757595561444759,-0.010263876989483833,0.0,0.0,0.0,0.0,0.0
