SouthSea_Web/demo/jsonfile/2017-12-14-09.json
{"header": {"parameterUnit":"m.s-1","parameterNumber":3,"dx":0.1,"dy":0.1,"parameterNumberName":"Northward current","la1":29.0,"la2":12.0,"parameterCategory":2,"lo2":131.0,"nx":250,"ny":171,"refTime":"2017-12-14T09:00:00","lo1":106.0}, "data":
[rows 38 to 56 of 171, columns 172 to 214 of 250]
0.11394150455792745,0.12184383826596397,0.1350729432888329,0.12869137525558472,0.087380676995962858,0.10877012809117635,0.14356956084569295,0.11106370110064745,0.0730583444237709,0.04644344703239553,0.045224423054605722,0.072931713191792369,0.075129792792722583,0.072477504744061408,0.14685794842593811,0.074679641053080559,0.15536543951534174,0.12713215806904962,0.20100292834368619,0.21547614102778229,0.077527919728405933,0.097225337749391433,0.17389641977522685,0.20508273243904113,0.14380936381908563,0.038570886803790928,0.034819811316473145,0.13319064676761627,0.2003025236454877,0.26249950528144839,0.30332769287957084,0.34608352929353714,0.34231770783662796,0.35385488186563763,0.33138878430638996,0.26902584731578827,0.18445951172283717,0.12824809675415358,0.16484837234020233,0.18480934575200081,0.16605320572853088,0.12080491706728935,0.081785059223572418
0.15865651690042937,0.095019536421579467,0.059642935637384653,0.059988394183547872,0.044595050351584661,0.10301363933831453,0.16480338076750437,0.13755376497283578,0.078785054651754241,0.017371708735091879,-0.0035532516485545784,-0.00555084920488298,0.0218717898075868,0.028354729244581125,0.11211460034052531,0.15591279743239284,0.10549009218811989,0.11334737321656001,0.14289493314348734,0.20202363034089407,0.11648411569358022,0.039152402034098352,-0.043770554818605124,0.11241180822253227,0.13996966679890951,0.12536554267773262,0.11759778513358189,0.13994976207613946,0.20654498447071423,0.249139359051531,0.31272404789924624,0.2844898272305727,0.27740668319165707,0.30369329878262113,0.28917251314435688,0.2293102021018664,0.17218480259180069,0.11474620054165523,0.14031124487519264,0.15973875919977823,0.12839398980140687,0.088268565634886428,0.057705425471067426
0.15282738162204623,0.080425885670325339,0.033850810539565589,0.025126340360764193,0.02894027519505471,0.10321138119872879,0.16343961469829083,0.11483527575102118,0.049364444974344224,-0.004722789628431201,-0.03741383885166475,-0.042883952312609726,-0.029341413340132152,0.012582309078425169,0.20840174270172915,0.21858666149469522,0.10149669158272445,0.15198056433688512,0.16363837104290724,0.16579687065984072,-0.0064900326795633073,-0.22051061335951089,-0.10405842570561127,0.12776400872013149,0.17737077176570892,0.11025926421085994,0.10019438962141673,0.14681150857359171,0.20799652040004729,0.2813182011246681,0.287389326426718,0.23518165733133042,0.24396057426929474,0.26271508208342959,0.25803599009911221,0.23025553176800409,0.1911139190196991,0.12244798988103867,0.12124396674335003,0.12773666083812713,0.087765730917453766,0.052270088344812393,0.044027963032325111
0.13052757717669011,0.059505054629162737,0.029740913551958167,0.026981809012153569,0.055469330917629928,0.117368724416284,0.11950968205928803,0.055680945391456287,-0.00064267347196993586,-0.062206483632326129,-0.054729754964892678,-0.08227292740983623,-0.063942381037542448,0.1224941504187882,0.32168492674827576,0.202867166354106,0.085325107694818422,0.19413699706395468,0.2735126115954839,0.19431738069523935,0.0094339301714272648,-0.18003998962167192,-0.026663291086329192,0.21191152185201645,0.17718323402934605,0.18704367216144288,0.29074531367846895,0.29693433766563732,0.307043108675215,0.31129034161567687,0.27903094887733459,0.2267091479152441,0.2140419278293848,0.22268716494242349,0.22082735846439996,0.22169279158115388,0.1857540731628736,0.12347944639623165,0.10763160586357116,0.092571564018726349,0.0507502177109321,0.020345288639267285,0.030836109692851704
0.11462467826075024,0.061147534474730494,0.042919234098757017,0.036555180326104164,0.072395994017521545,0.112920593470335,0.125192547983983,0.041819660024096567,-0.042890306103240267,-0.053841049224138258,-0.073782635976870861,-0.0790991886303975,-0.0251287103863433,0.24128326835731664,0.32314498607928938,0.23562549220191109,0.15702762827277184,0.22280547718207042,0.32803484954332052,0.21267246186767738,0.13399579338864356,-0.051560983271338047,0.10089847259223461,0.20446670538670309,0.24067169576883316,0.39786430795987449,0.3505564515407269,0.30564095576604206,0.30486725270748138,0.29718083805508083,0.28482315937678021,0.24169102559487024,0.2116847907503446,0.1993958055973053,0.19563362002372742,0.17745001365741095,0.16116441786289215,0.12577209870020548,0.094920411705970764,0.058585768099874258,0.031726926565170288,0.029975821264088154,0.018098563887178898
0.084213710982691162,0.084079639054834843,0.088822186821036875,0.0839297641068697,0.12434780928823683,0.15756916301324964,0.12675271965563298,0.0090280880925574288,-0.029251834011769721,-0.04572909593116492,-0.077819596116359413,-0.044461638168860715,0.04761640398230936,0.2433814342532839,0.30927601084113121,0.18060685135424137,0.16955891996622086,0.19601856172084808,0.21628982926669874,0.20110104021362282,0.10118450551996366,-0.073813926203785324,-0.14516194215552372,0.10197162034455687,0.30053149637850846,0.3095386226971944,0.27345425103391918,0.2706498086452484,0.27135618196593392,0.29602634410063428,0.29058060901505606,0.25344977208546232,0.22172936052083969,0.20211683958768845,0.18392922580242158,0.15575404465198517,0.11655891239643097,0.085399001836776733,0.069345656782388687,0.035696326444546379,0.031154414638876915,0.012248205952346325,0.0086391721852123737
0.12183985362450282,0.15912921633571386,0.15348299592733383,0.17350322402575436,0.2020225241780281,0.23764523225171225,0.059178932569921017,0.062472566102559753,-0.015637046491195048,-0.0912336792264666,-0.015589418821036816,0.015819160640239714,-0.021456515432024995,0.14420064414540926,0.20420309262616293,0.07261054478240786,0.15718882530927658,0.17331999788681665,0.14825419795054656,0.15064840740524232,0.0691903534790744,0.092495884657615712,0.14922750457411721,0.19986852925074727,0.23279038982258904,0.2528630134306456,0.25042052939534187,0.24913630921107072,0.24512183666229248,0.25732590683868956,0.24383549605097091,0.22751998404661813,0.22203715145587921,0.21221579362948737,0.19320476055145264,0.15604929377635321,0.10684451833367348,0.056061061099171638,0.035919291898608208,0.036388102918863297,0.014752272749319673,0.0055726366893698769,-0.0038395755691453815
0.16687619288762409,0.17631456454594929,0.19092457555234432,0.2195987282764344,0.27054518212874729,0.26626054321726161,0.09685094480768644,0.054058024120566095,0.039913413167761806,0.058228093559765035,-0.011858785484472046,0.060778479851586256,0.09439550230110233,0.16748345440084284,0.16184253245592117,0.12666651358207068,0.0974736250936985,0.11671361212547009,0.19176249418939864,0.17526064010766837,0.14139479895432791,0.14246712092842376,0.15298834840456646,0.1939873476823171,0.22886354189652663,0.24919872329785273,0.24523457636435828,0.21425697393715382,0.20034006610512734,0.19788198173046112,0.19719395289818445,0.19524614016215006,0.19686939070622125,0.21282769242922464,0.20985180735588074,0.16888353228569031,0.099143164853254959,0.0506025031208992,0.045762254856526852,0.028874020092189312,0.016132062611480553,-4.9775757361203432E-05,-0.0078793999273329973
0.15718312649165883,0.13870555302128196,0.16206071805208921,0.21395053876482922,0.31750646130792026,0.14569528762016459,0.016356319589814695,0.0761292615412351,0.099759052602612239,0.0737811909913841,0.0,0.053004093289088741,0.14505048675669563,0.23671192593044704,0.19412813087304434,0.08678004559543398,0.044502291151068428,0.0706555999815464,0.16255645751953124,0.16964231282472611,0.16840986219736245,0.18437781557440758,0.20324586225407465,0.21981776952743531,0.22909561476924203,0.23926954418420793,0.22819342464208603,0.21013301238417625,0.19862980395555496,0.17853587865829468,0.15286729857325554,0.14687890807787576,0.17905905842781067,0.21941490098834038,0.20189423486590385,0.16136971116065979,0.11414813622832298,0.079099965592225388,0.043383901938796043,0.033121699467301369,0.017213941862185795,6.1758328229188919E-05,-0.027943172492086887
0.12175140135428485,0.098559213473516358,0.0985573090832023,0.15865066765170349,0.24943875587161848,0.069345473302786967,0.019352320558391513,0.033261186739027095,0.1927877315785736,0.17278595880294839,-0.19230045309221303,0.002712727954181341,0.17237351563843814,0.21322924494743348,0.19485659490932117,0.13163994699716569,0.066759082404049958,0.063303392041813247,0.1509725607931614,0.18246005144384173,0.21418944272128018,0.23002362102270127,0.2016103446483612,0.19791090819570753,0.19173472126324972,0.2188027078906695,0.22215690380997127,0.21143347024917603,0.19995601773262023,0.17893148660659791,0.13781414180994034,0.12524272948503495,0.15184013172984123,0.20714319124817848,0.19497074683507285,0.18249039351940155,0.13382210582494736,0.09831855446100235,0.063641310979922608,0.03628617525100708,0.0020159982668701559,-0.013057146221399307,-0.04475790448486805
0.19548436311575082,0.16738514865145965,0.095412217371631414,0.029728805216459129,0.058520589379922432,-0.00097006325009524037,-0.013394435411707187,-0.088094501744191617,-0.13206100762040623,-0.10961971689453896,0.020796398818492889,0.14156923277510536,0.14891957905557421,0.16232630312442781,0.15771317705512047,0.13742863800790575,0.077071122359484434,0.065796965526209936,0.12589386850595474,0.16873008199036121,0.21411665115091536,0.21515091922548082,0.16585682829221091,0.17804649472236633,0.17664870619773865,0.2098300252109766,0.23842951282858849,0.23156329492727915,0.21415126025676728,0.19447321444749832,0.16502973437309265,0.15064042309919992,0.18881189823150635,0.2086836745341619,0.22116104265054068,0.1988893449306488,0.15354742109775543,0.1107693575322628,0.080608353018760681,0.037633758038282394,-0.0037175745237618685,-0.040295302867889404,-0.0712603231271108
0.23666960000991821,0.20831664931029081,0.18566932181517284,0.090889049837222471,0.0261101012933068,-0.093493146527754631,-0.042206823029555383,-0.063809929788112646,-0.027531130070036106,0.029374872470119346,0.052824734710156918,0.047633495435796,0.064289808087050912,0.068595537170767787,0.074203305877745152,0.09493277408182621,0.0593128427863121,0.053112287074327469,0.10784844184915225,0.15512609730164209,0.18547417720158896,0.16330649331212044,0.14374425262212753,0.18797199924786887,0.19982403020064035,0.22966393580039343,0.23116265485684076,0.24040473500887552,0.23231775164604188,0.21634184817473093,0.20074336230754852,0.18328678607940674,0.19687142471472421,0.22823254764080048,0.19932187100251517,0.19026215374469757,0.1668736437956492,0.12745412935813269,0.086282931268215179,0.039423692971467972,-0.0037951651029288769,-0.054640281945466995,-0.08115733414888382
0.19562386373678845,0.146823384364446,0.11429890312931755,0.077053295758863286,-0.0065775260833712918,-0.13503714005152384,-0.17630989104509354,-0.12594770582822654,-0.057874776519585995,0.031527438061311842,0.0376970801088545,0.017280568182468415,0.019989006780087949,0.011769529053708538,0.0029300035443156958,0.02169948723167181,0.024025577253529003,0.02063683548476547,0.08657201060226985,0.12849627714604139,0.12669237256050109,0.10976722588141759,0.13091149926185608,0.18070346613725027,0.2188710242509842,0.23260477185249329,0.21646763756871223,0.20838065743446349,0.20513586699962616,0.21074910958607993,0.20819633205731711,0.22865474224090576,0.23171582072973251,0.21762256324291229,0.19383662939071655,0.17650024592876434,0.15238670508066812,0.1250145398080349,0.084589444100856781,0.041662674397230148,0.0030905869789421558,-0.042723175138235092,-0.084978461265563965
0.15061657016093916,0.085743250325322151,0.028602258964943197,0.0038139419630169868,-0.034338261718706541,-0.0844463026151061,-0.11190592294389551,-0.0753409257158637,-0.024855344672687352,-0.013729965290986001,-0.0097471530704448615,-0.00900565415940946,-0.010343491833191365,-0.0047222228167811409,-0.024066372109310969,-0.033169687880824007,-0.01615791954100132,0.0074548666016198695,0.049018641135522296,0.098181493580341339,0.093518194556236264,0.10963949263095855,0.14850786700844765,0.18179423213005067,0.20670372744401297,0.2062909702459971,0.20091251283884049,0.194970041513443,0.18875618775685629,0.22098027914762497,0.2538325736920039,0.25271138052145642,0.22775617986917496,0.20672915875911713,0.17682487517595291,0.16899634897708893,0.14529971033334732,0.11947550252079964,0.093787707388401031,0.061619646847248077,0.025205228477716446,-0.01804718840867281,-0.057922080159187317
0.10353670244415601,0.03418462822834651,-0.018254616664937481,-0.073195763165131211,-0.094865821922818824,-0.07896125889741458,-0.070729419015921086,-0.0734571868723089,-0.054211537607691505,-0.041461971588432789,-0.059270652857693756,-0.0577553971670568,-0.048303212970495224,-0.044703277060762048,-0.047126604616642,-0.062461767345666885,-0.040897811629942486,-0.022672463953495026,0.010484488640213386,0.038688645542909704,0.0544061278924346,0.071091753430664539,0.11471783220767975,0.12768690660595894,0.15999173745512962,0.17754876613616943,0.19758408144116402,0.23743122319380441,0.2369117389122645,0.24485747516155243,0.25354262193044025,0.25292214751243591,0.22454293072223663,0.19933228194713593,0.17235207060972849,0.1508985310792923,0.13920071721076965,0.11588640759388606,0.097224468986193344,0.068165577948093414,0.03299655020236969,-0.0014287381782196462,-0.040003184229135513
0.092369157572587332,0.033051619198746406,-0.023954368109116331,-0.090692725777626035,-0.11021690024062991,-0.098113680258393288,-0.068484408780932426,-0.056157514452934265,-0.052274181611008115,-0.05617247758941217,-0.087097392231225965,-0.08805864118039608,-0.082953814003202647,-0.086089630921681717,-0.07654336653649807,-0.092212632298469543,-0.071140547096729276,-0.05796143040060997,-0.023181274766102433,0.0073278875400622683,0.03890535281971097,0.0580167219042778,0.084268150230248764,0.12351590022444725,0.16473210851351419,0.1877900113662084,0.22113974392414093,0.24669772883256277,0.22479866445064545,0.22194511195023856,0.23993017772833505,0.23972266415754953,0.22608461479345957,0.19229001551866531,0.16205082833766937,0.13949861377477646,0.12898391112685204,0.11453399062156677,0.099518384784460068,0.077740641931692764,0.049405273050069809,0.027622328139841557,-0.0067177428863942623
0.0946562093993028,0.055370275807731295,0.0072057084225889412,-0.061657847570521493,-0.07597271553598918,-0.067371472716331482,-0.071924690157175064,-0.070617845654487615,-0.04961571997652451,-0.058639796657694712,-0.086754554675685033,-0.10683719388076238,-0.13034338951110841,-0.12474996000528335,-0.10790073424577713,-0.11199339975913365,-0.10053143352270126,-0.078006625175476074,-0.053969606757164,-0.0028097134782001376,0.040681160055100918,0.06602628404895465,0.10482759277025859,0.15527898818254471,0.19496895745396614,0.21825893968343735,0.2163112685084343,0.22873870035012564,0.19926066696643829,0.21703612804412842,0.22850831598043442,0.22700747102499008,0.21781259030103684,0.19211488962173462,0.16802535454432169,0.15195436030626297,0.13312944024801254,0.11204016208648682,0.093560796231031418,0.084948793053627014,0.0689946636557579,0.048075413331389427,0.018509069457650185
0.11036681515329025,0.0701504967042378,0.036718220011714625,0.0063762888040704031,-0.038277040002867579,-0.054647896206006408,-0.075717180967330933,-0.077274088880845485,-0.05212412981523408,-0.062622738536447287,-0.1010364762374333,-0.14822185784578323,-0.17032450735569,-0.15570920209089914,-0.13522442181905112,-0.14615322401126227,-0.13336557149887085,-0.11903800070285797,-0.057687294203788042,0.0036405483260750771,0.043580565601587296,0.0904867984354496,0.13453315198421478,0.17405703167120615,0.19995457679033279,0.21309376507997513,0.2232496365904808,0.21183576434850693,0.20366895198822022,0.2088705450296402,0.22378326207399368,0.2187904492020607,0.21008987724781036,0.20145995914936066,0.1827288419008255,0.1554500162601471,0.13346029818058014,0.11314094439148903,0.09792076051235199,0.082486432045698166,0.069493904709815979,0.04896177351474762,0.02759943064302206
0.0691720691642591,0.051384617081459832,0.032685334794223309,-0.0001337268082092383,-0.03728516586124897,-0.058244126060834296,-0.066121055877634463,-0.064535233446142884,-0.061205313540995121,-0.077890778758696141,-0.12662472203373909,-0.17623584568500519,-0.1972195009390513,-0.18928942084312439,-0.17779664198557535,-0.16388635337352753,-0.14436565339565277,-0.10970597714185715,-0.03939070925116539,0.027337656356394291,0.0781971849501133,0.12397544831037521,0.1592104583978653,0.17406268417835236,0.18741185218095779,0.19090793033440909,0.2028605192899704,0.21677080790201822,0.22878047327200571,0.23722503334283829,0.23691283166408539,0.22417286783456802,0.20530772209167481,0.19439101219177246,0.18269716203212738,0.16028907150030136,0.1338164359331131,0.11199469864368439,0.0926690548658371,0.0800544023513794,0.066910294195016221,0.059439573436975479,0.048316670581698418
