SouthSea_Web/demo/jsonfile/2017-12-15-21.json
{"header": {"parameterUnit":"m.s-1","parameterNumber":3,"dx":0.1,"dy":0.1,"parameterNumberName":"Northward current","la1":29.0,"la2":12.0,"parameterCategory":2,"lo2":131.0,"nx":250,"ny":171,"refTime":"2017-12-15T21:00:00","lo1":106.0}, "data":
[rows 152 to 170 of 171, columns 84 to 125 of 250]
0.21503882855176926,0.24424088001251221,0.24678767720858255,0.23919486254453659,0.24719129502773285,0.22314672917127609,0.21469698846340179,0.21804971992969513,0.22612954676151276,0.22526697069406509,0.24891854822635651,0.27277565002441406,0.28353157639503479,0.28539794683456421,0.29881231486797333,0.30384206771850586,0.28729289770126343,0.33633711934089661,0.2872130274772644,0.2636701762676239,0.18968675285577774,0.1210041418671608,0.069536283612251282,0.0021056840196251869,0.0,-0.097112558782100677,-0.16741521656513214,0.0,-0.22183375060558319,-0.2303386777639389,-0.20938015729188919,-0.17610366642475128,-0.14517800509929657,-0.12342730164527893,-0.096200775355100632,-0.0763600766658783,-0.065918685868382454,-0.047938661649823189,-0.032713171094655991,0.007342042270465754,0.039953881874680519,0.04108559712767601
0.1990475207567215,0.20701882243156433,0.21280180662870407,0.19800177216529846,0.18264426290988922,0.18159720301628113,0.18688616156578064,0.19139641523361206,0.21424056589603424,0.0,0.2415020689368248,0.28367125988006592,0.32992741465568542,0.35880205035209656,0.35581782460212708,0.37269948422908783,0.38145101070404053,0.342807799577713,0.0,0.29513797163963318,0.20371775329113007,0.1519090086221695,0.06077258288860321,-0.022775527089834213,-0.075943939387798309,-0.13878345862030983,0.0,-0.20695260167121887,-0.24416369944810867,0.0,-0.23413968086242676,-0.18362982571125031,-0.12959179282188416,-0.10444552451372147,-0.092510275542736053,-0.084199078381061554,-0.071804981678724289,-0.046043932437896729,-0.021209877915680408,0.018417829414829612,0.036916542798280716,0.03360405471175909
0.1747952401638031,0.18516333401203156,0.17369838804006577,0.17372240871191025,0.14773288369178772,0.13438747078180313,0.13321660459041596,0.15789309144020081,0.18337376415729523,0.217577263712883,0.26395031809806824,0.0,0.31856228411197662,0.383107990026474,0.0,0.42860566079616547,0.41714271903038025,0.39791169762611389,0.36118200421333313,0.0,0.26776981353759766,0.16841192543506622,0.0,-0.0022837482392787933,-0.098698481917381287,-0.16843163222074509,-0.22312046587467194,-0.24228633940219879,-0.249337837100029,-0.24379599094390869,-0.20226503908634186,0.0,-0.14470116049051285,-0.10958544909954071,-0.09989628940820694,0.0,-0.081813488155603409,-0.061453819274902344,-0.020162271801382303,0.0078837806358933449,0.010461154393851757,0.0031785938554094173
0.17093409597873688,0.16464830935001373,0.15853190422058106,0.14000408351421356,0.0,0.10766305774450302,0.1062670573592186,0.11653184518218041,0.15501128137111664,0.19482318311929703,0.24577298760414124,0.28639999032020569,0.3556111752986908,0.0,0.41148781776428223,0.43895578384399414,0.0,0.42204852402210236,0.37321901321411133,0.34720435738563538,0.260187067091465,0.0,0.10250800102949143,-0.052240978926420212,0.0,-0.17295417934656143,-0.24244782328605652,-0.24627402424812317,-0.25865350663661957,-0.25234672427177429,-0.21634171903133392,-0.15725468099117279,-0.12299460545182228,0.0,-0.11011948436498642,-0.10845154896378517,-0.097547084093093872,0.0,-0.051467178389430046,-0.034990005195140839,-0.029674858786165714,-0.041077006608247757
0.19264750927686691,0.15961354970932007,0.13972542062401772,0.0,0.098528794944286346,0.077516183257102966,0.084841124713420868,0.0,0.12411505728960037,0.15848863869905472,0.21184971928596497,0.27809715270996094,0.34511500597000122,0.37121525406837463,0.4282149076461792,0.0,0.4251730889081955,0.39574679732322693,0.0,0.33513583242893219,0.24084305763244629,0.22049662470817566,0.088201526552438736,0.0,-0.070727095007896423,-0.17638117074966431,0.0,-0.22658856213092804,-0.24432483315467835,-0.2019304484128952,-0.1879565641283989,-0.16009640693664551,-0.13498954474925995,-0.12204764783382416,-0.12411946058273315,-0.15258295834064484,-0.12356074154376984,-0.09064854308962822,-0.088339395821094513,-0.077537119388580322,-0.075671348720788956,-0.077024057507514954
0.18398752808570862,0.17481797933578491,0.12934011965990067,0.092150315642356873,0.074914909899234772,0.0,0.051619734615087509,0.087322331964969635,0.098977155983448029,0.0,0.17293025553226471,0.25653755664825439,0.27326980233192444,0.33478042483329773,0.38617432117462158,0.38656678795814514,0.40962159633636475,0.0,0.37810927629470825,0.316776305437088,0.0,0.22251613438129425,0.13518597930669785,0.038228489458560944,-0.067917101085186,-0.077938482165336609,-0.17922976613044739,-0.18740339577198029,0.0,-0.18841144442558289,-0.15432284772396088,-0.13374386727809906,-0.14428766071796417,-0.14262748509645462,-0.15497767925262451,-0.14997728168964386,0.0,-0.1484486386179924,-0.12327474355697632,-0.11539249122142792,-0.11555285751819611,-0.11620703339576721
0.15449553728103638,0.0,0.081233363598585129,0.0627320259809494,0.022775676101446152,0.023865174036473036,0.036906737834215164,0.053851837292313576,0.0,0.11702899634838104,0.19523130357265472,0.0,0.21179166436195374,0.27072763442993164,0.0,0.31588166952133179,0.35642290115356445,0.36510172486305237,0.0,0.36565372347831726,0.30378556251525879,0.21110166609287262,0.0,0.07200266420841217,0.0050721131265163422,-0.043146383017301559,-0.13512277603149414,-0.12018595635890961,-0.15232235193252564,0.0,-0.11958210915327072,-0.13140971958637238,-0.11288685351610184,-0.16048869490623474,-0.17994655668735504,-0.18697664886713028,-0.18794430792331696,0.0,-0.17895751446485519,-0.14504911005496979,-0.13605731725692749,-0.13250470161437988
0.16605089604854584,0.069402404129505157,0.019527062773704529,0.0,-0.028753580525517464,0.0,-0.031633171252906322,0.0031532107386738062,0.021592322736978531,0.075562573969364166,0.13813120126724243,0.14676150679588318,0.21410560607910156,0.0,0.22838960587978363,0.2430768609046936,0.0,0.31332206726074219,0.33394807577133179,0.34547916054725647,0.30159869790077209,0.29079452157020569,0.17328071594238281,0.0,0.10662706196308136,0.012992517091333866,0.012173222377896309,-0.06054198369383812,-0.070093726739287376,-0.060090504586696625,0.0,-0.07069229893386364,-0.12039331346750259,0.0,-0.1766093447804451,-0.21202751994132996,-0.22583670914173126,-0.2083478569984436,-0.19191397726535797,-0.18804527819156647,-0.1191510334610939,-0.13028230890631676
0.094085820019245148,0.044779963791370392,0.0,-0.022663256153464317,-0.11251342296600342,-0.046872947365045547,-0.096446670591831207,0.0,-0.046662140637636185,0.021715123206377029,0.030143925920128822,0.084454085677862167,0.14249302446842194,0.13672119379043579,0.0,0.18693022429943085,0.2637074887752533,0.0,0.29493457078933716,0.34135937690734863,0.35622161626815796,0.30478173494338989,0.21017259359359741,0.17635604739189148,0.0,0.08208020031452179,0.063188381493091583,0.0,0.024524319916963577,-0.018905531615018845,0.0080751953646540642,-0.047611970454454422,0.0,-0.11164413392543793,0.0,-0.22003813087940216,-0.2399689182639122,-0.23252750933170319,-0.22015075385570526,-0.21103267371654511,-0.278732992708683,0.0
0.02410462312400341,-0.034325942397117615,-0.045418854802846909,-0.093045502901077271,0.0,-0.12381209433078766,0.0,-0.0889609158039093,-0.056528086774051189,0.0,-0.032346524298191071,0.015921933576464653,0.0,0.057952232658863068,0.094818921759724617,0.14740265905857086,0.20515699684619904,0.24588483572006226,0.32415831089019775,0.0,0.38117489218711853,0.35622572898864746,0.310870498418808,0.22706711292266846,0.16599130630493164,0.12179579585790634,0.0,0.089604791253805161,0.0,0.065125294029712677,0.029917709529399872,-0.019719889387488365,-0.03709309920668602,-0.082376308739185333,-0.16870161890983582,-0.23873178660869598,-0.26743349432945251,-0.30448442697525024,-0.29801595211029053,-0.33365564048290253,-0.37900128960609436,-0.40006119012832642
-0.020136518403887749,-0.12428339570760727,0.0,-0.16225786507129669,-0.19201120734214783,-0.1881408765912056,-0.15672372281551361,-0.13775500655174255,0.0,-0.074233606457710266,-0.022669576108455658,0.0,-0.015047524590045214,-0.0017486318247392774,0.0,0.097350649535655975,0.12680472433567047,0.21714524179697037,0.30348041653633118,0.30476945638656616,0.357343465089798,0.0,0.31093844771385193,0.0,0.21258799731731415,0.15940281003713608,0.0,0.12254993617534638,0.0760878324508667,0.0,0.0,-0.10605175048112869,-0.14326302707195282,-0.21976520121097565,-0.18484075367450714,-0.26119399070739746,-0.2838757336139679,0.0,0.0,0.0,0.0,0.0
0.0,-0.12857170403003693,-0.16851405799388886,0.0,0.0,-0.23970222473144531,0.0,-0.18647494167089462,-0.12354262173175812,-0.13971398770809174,-0.085009217262268066,-0.084025122225284576,-0.04459221288561821,0.0,0.0088231367990374565,0.0,0.071923598647117615,0.1630302220582962,0.0,0.26542162150144577,0.35538315773010254,0.341481477022171,0.39775308966636658,0.30369627475738525,0.0,0.0,0.13825125992298126,0.061221469193696976,0.0,-0.026925990357995033,-0.11315768957138062,0.0,-0.17369954288005829,0.0,0.0,0.0,0.0,0.0,0.0,0.0,0.0,0.0
-0.19152575731277466,-0.17911992967128754,-0.23950493335723877,-0.22617070376873016,-0.24495874345302582,0.0,-0.2474859356880188,0.0,0.0,-0.16545727849006653,0.0,-0.12412281334400177,-0.10396169126033783,-0.10713347047567368,-0.045538153499364853,0.059276461601257324,0.0,0.18866296112537384,0.0,0.37356612086296082,0.0,0.39689266681671143,0.38369596004486084,0.0,0.31576967239379883,0.18733854591846466,0.0,0.076867200434207916,0.0,0.0,0.0,0.0,0.0,0.0,0.0,0.0,0.0,0.0,0.0,0.0,0.0,0.0
-0.21311745047569275,0.0,-0.33565822243690491,-0.26870089769363403,-0.22455471754074097,-0.2220526933670044,-0.23260828852653503,-0.19007381796836853,-0.19910040497779846,-0.2378619909286499,-0.14209242165088654,0.0,0.0,-0.036446511745452881,0.031186118721961975,0.0,0.18869905173778534,0.26925915479660034,0.28347772359848022,0.33300495147705078,0.35959067940711975,0.0,0.0,0.0,0.0,0.0,0.0,0.0,0.0,0.0,0.0,0.0,0.0,0.0,0.0,0.0,0.0,0.0,0.0,0.0,0.0,0.0
-0.31547525525093079,0.0,-0.2970333993434906,0.0,0.0,-0.41309350728988647,0.0,-0.34357988834381104,0.0,-0.2155701071023941,0.0,-0.092859301716089249,-0.036586601287126541,0.0,-0.0085757998749613762,0.0,0.10500109940767288,0.0,0.0,0.0,0.0,0.0,0.0,0.0,0.0,0.0,0.0,0.0,0.0,0.0,0.0,0.0,0.0,0.0,0.0,0.0,0.0,0.0,0.0,0.0,0.0,0.0
-0.42456710338592529,0.0,-0.50257471203804016,-0.42821818590164185,-0.40375983715057373,0.0,-0.39796367287635803,0.0,-0.31025698781013489,0.0,-0.1976635754108429,0.0,0.0,0.0,0.0,0.0,0.0,0.0,0.0,0.0,0.0,0.0,0.0,0.0,0.0,0.0,0.0,0.0,0.0,0.0,0.0,0.0,0.0,0.0,0.0,0.0,0.0,0.0,0.0,0.0,0.0,0.0
0.0,-0.48096683621406555,0.0,0.0,0.0,0.0,0.0,0.0,0.0,0.0,0.0,0.0,0.0,0.0,0.0,0.0,0.0,0.0,0.0,0.0,0.0,0.0,0.0,0.0,0.0,0.0,0.0,0.0,0.0,0.0,0.0,0.0,0.0,0.0,0.0,0.0,0.0,0.0,0.0,0.0,0.0,0.0
0.0,0.0,0.0,0.0,0.0,0.0,0.0,0.0,0.0,0.0,0.0,0.0,0.0,0.0,0.0,0.0,0.0,0.0,0.0,0.0,0.0,0.0,0.0,0.0,0.0,0.0,0.0,0.0,0.0,0.0,0.0,0.0,0.0,0.0,0.0,0.0,0.0,0.0,0.0,0.0,0.0,0.0
0.0,0.0,0.0,0.0,0.0,0.0,0.0,0.0,0.0,0.0,0.0,0.0,0.0,0.0,0.0,0.0,0.0,0.0,0.0,0.0,0.0,0.0,0.0,0.0,0.0,0.0,0.0,0.0,0.0,0.0,0.0,0.0,0.0,0.0,0.0,0.0,0.0,0.0,0.0,0.0,0.0,0.0
