SouthSea_Web/demo/jsonfile/2017-12-16-20.json
{"header": {"parameterUnit":"m.s-1","parameterNumber":2,"dx":0.1,"dy":0.1,"parameterNumberName":"Eastward current","la1":29.0,"la2":12.0,"parameterCategory":2,"lo2":131.0,"nx":250,"ny":171,"refTime":"2017-12-16T19:58:07.5","lo1":106.0}, "data":
[rows 76 to 94 of 171, columns 86 to 128 of 250]
-0.28657160920125468,-0.26817095003746172,-0.22899181682329911,-0.18467870927773988,-0.15888594549435836,-0.15731123117385087,-0.13627586414416631,-0.11367141721504075,-0.14752360891837341,-0.25834929840318088,-0.34844789002090693,-0.36020878307959614,-0.5188024885514203,-0.57131537454468861,-0.34171546132940994,-0.229486013452212,-0.43258287271727686,-0.72134906175185221,-0.71055538100855686,-0.53867059995730715,-0.38210289036073991,-0.16748199103908104,-0.2836291449001202,-0.5264794377107469,-0.98507981124471444,-0.972504456088228,-0.5491977147758007,-0.23957713126488353,-0.20903559710298267,-0.4515328137204051,-0.67143029551352229,-0.848344332405499,-0.94251568939374841,-0.91965916623239929,-0.84803132907204,-0.726506267602627,-0.60469881170674378,-0.53210657462477684,-0.48953327536582947,-0.4546414153142409,-0.38624908436428418,-0.31808112348829,-0.37067723936504787
-0.21497450051484285,-0.24684343934059144,-0.28466807692139234,-0.28663311512381945,-0.25272026382110735,-0.18985463165003677,-0.13155076163820922,-0.13189315662852355,-0.17924815897018678,-0.31274838591444082,-0.38776170611381533,-0.35238576567534247,-0.55779970271719825,-0.48867193628580141,-0.29526412046768447,-0.32254064331452054,-0.48275181389691535,-0.80345898462554155,-0.72680145584874678,-0.51148860800413443,-0.38634743709718028,-0.31850343760179012,-0.41339443836893353,-0.83210610104410832,-1.0905608927331321,-0.79493757751252914,-0.49438790800207755,-0.33208389975586716,-0.22462279417298056,-0.42280189820698327,-0.75159713337498324,-0.94564268301273213,-0.95675744689427888,-0.96477955121260428,-0.9285301876068115,-0.80035989814334441,-0.64771314178194317,-0.59739704802632332,-0.57754770347050255,-0.531519775207226,-0.4270842836962806,-0.348325406963175,-0.39619539305567741
-0.25003654509782791,-0.28219656302378726,-0.25071654391699821,-0.19045583131136717,-0.14613648170027241,-0.14477203254188811,-0.1869547223051389,-0.21399839917818705,-0.25794796597573066,-0.3980625732378526,-0.39082410142702217,-0.41395625720421475,-0.6073479950428009,-0.50593147045228537,-0.34990847483277321,-0.42443429277493405,-0.62058075316368588,-0.91334600249926245,-0.71687636965064594,-0.4371765541323161,-0.30902608906055662,-0.2824632465660929,-0.3238456815481186,-0.80494200651812708,-0.9133339208183866,-0.62656025008151406,-0.43514979195285153,-0.31635727108486239,-0.1271440213173628,-0.38919726319802112,-0.79530587792396545,-0.96777373154958091,-0.976382457784244,-1.0210101627386534,-0.9636484643687373,-0.85403953790664677,-0.76538007883798509,-0.70517281691233313,-0.6583637843529383,-0.57220481832822168,-0.43965575911782007,-0.34087249264121056,-0.34510024057494271
-0.28620174050331115,-0.25324232324405954,-0.18899752715459237,-0.15311742656760746,-0.1776039403464113,-0.23264458477497102,-0.34620558136496049,-0.38538964966247824,-0.44721515126088085,-0.38337277993559837,-0.36139041847652859,-0.480779583965029,-0.58279466832225968,-0.52352347335916882,-0.38617628695918066,-0.49353886612000003,-0.65263407389322914,-0.81723191509855553,-0.7255166592923078,-0.53943814490292519,-0.50093755434762255,-0.3374560057859996,-0.37657167698288785,-0.83302356405504818,-0.85705402764407068,-0.545297727170514,-0.42221668823198838,-0.31702028403553784,-0.093729473258319651,-0.39867262288610988,-0.7985713544644808,-0.94116913250514445,-1.0103421402829034,-1.0589612466948373,-0.95356308668851852,-0.86689062740491785,-0.83173610075660376,-0.77049195369084678,-0.69589435628482277,-0.59808741297040668,-0.45801414847373961,-0.33609029650688171,-0.3128419853746891
-0.23837169206568173,-0.19526957319333002,-0.18158250771186971,-0.22449956515005656,-0.29235436128718512,-0.44150513311227163,-0.49710843159306434,-0.44123888574540615,-0.36742532346397638,-0.36051024321247549,-0.46938764243512543,-0.53897750159589253,-0.64055584262057053,-0.51670414270186915,-0.46466635357249869,-0.50318875641965155,-0.62001345554987586,-0.88807751072777641,-0.83965830407712772,-0.60807341183054031,-0.55860967837370834,-0.412653235194487,-0.51976223725939419,-0.93889761180208442,-0.849176076208723,-0.4946132479802422,-0.37668023033197534,-0.36441644598351847,-0.16029555951036625,-0.37361183464527131,-0.81963931060418849,-0.90992628931999209,-1.0179340898990632,-1.0714637545438914,-0.939929261803627,-0.862560293674469,-0.845328174139324,-0.79742764309048653,-0.73653653462727864,-0.64374530857259582,-0.50832556188106537,-0.37769965827465057,-0.32871413975954056
-0.19179009894529978,-0.1902770420600628,-0.23131414077111653,-0.34432628165398327,-0.50670946339766187,-0.52864212117024834,-0.48966766800731421,-0.50994090303297968,-0.51694619740758618,-0.50602166908127921,-0.5204944108661852,-0.63406241398591257,-0.6679863139339115,-0.64545765823247481,-0.7034699108641026,-0.72995314237318543,-0.60648872703313828,-0.64841677361521233,-0.66939367714537878,-0.549123229475125,-0.47089705478735749,-0.44835182754644032,-0.53282429889226568,-0.93015485132201037,-0.82592526349154383,-0.43441138113950539,-0.38923750541828295,-0.42351218801923096,-0.32896010832566963,-0.36541723156416855,-0.70321810681645458,-0.83468380735980141,-1.0017043471336364,-1.0165878821302343,-0.89740015451724708,-0.86138893167177832,-0.84555187664533915,-0.82101006905237839,-0.77152154078850377,-0.67088707855769569,-0.53021881526166748,-0.40593315448079792,-0.36902695521712303
-0.2322853985759947,-0.28213427002940861,-0.38011694220559938,-0.49332108420710408,-0.44155065019925438,-0.4478606073944657,-0.52799739595502615,-0.47365565462545917,-0.51829222896519833,-0.57635584388460437,-0.66482659860661153,-0.77041390680131461,-0.82828296158048842,-0.64902649250897493,-0.68997839235124137,-0.72040213787392393,-0.5989335959448534,-0.464471458638989,-0.50702271876356153,-0.520344512877257,-0.47493739896699,-0.46920594520505832,-0.40209430573288529,-0.70948635420778339,-0.74455099317418549,-0.475948681476815,-0.35708243093449316,-0.52675200243790943,-0.4318753271952443,-0.44692835982503565,-0.62658205264952127,-0.76828753777912684,-0.9390285303515773,-0.9427191923404562,-0.8851597011089325,-0.88326171429260913,-0.86673610740237761,-0.84225308895111084,-0.77715250620475185,-0.6680085592799716,-0.52618342936038975,-0.4244067105982039,-0.4201279315683577
-0.36300706090750517,-0.44971241553624469,-0.45499512553215027,-0.3880382591280444,-0.45314083017151929,-0.49563730508089066,-0.5221217826885336,-0.51284224083346708,-0.64737207378659933,-0.72617694977167491,-0.6340379059314728,-0.74836318518804468,-0.82235208283299988,-0.59715424682579787,-0.66351807790417827,-0.69060964062809949,-0.64112267505775378,-0.57258681501997144,-0.55570335238503765,-0.50110070695181264,-0.32009491297815529,-0.30530054372675874,-0.59806926311733566,-0.64022863305087652,-0.485613817969958,-0.48125112264052683,-0.40296233973951423,-0.5585388260615336,-0.48630340345974626,-0.55841644689188163,-0.65248609975326888,-0.73009809676338644,-0.82815890510876977,-0.83488866576442011,-0.839907705783844,-0.85617456652901391,-0.87746954295370316,-0.90259211063385014,-0.83434321788641119,-0.66514273484547937,-0.52641060286098051,-0.47756735607981682,-0.55804553202220375
-0.43057324909246886,-0.43941276463178486,-0.44003390785186519,-0.43861724138259889,-0.54361672047525644,-0.58944474112602974,-0.58393164078394577,-0.61000998453660449,-0.676130839756557,-0.60921122630437219,-0.5706281316907782,-0.7968712768903593,-0.71645839924507948,-0.65622192841989024,-0.63927697567712694,-0.66397506782883087,-0.67742871636092061,-0.65423291230547254,-0.64856329758962,-0.53869074788586846,-0.58825226165985656,-0.42514542159826857,-0.55654010031435452,-0.63104515512957848,-0.43662027482944438,-0.4931970371140374,-0.49432227608904372,-0.47108201886693091,-0.506200917610308,-0.635593091066067,-0.70161992311477661,-0.71629162921625023,-0.79426167134580938,-0.78344458341598511,-0.79101297030082118,-0.81078284978866577,-0.86457533345502968,-0.92507293820381165,-0.8644149195064198,-0.66433792809645331,-0.5354280024766922,-0.58896311372518539,-0.68082226812839508
-0.391814937548978,-0.47232695955496568,-0.40870379440246091,-0.50411483131606,-0.62665430108706155,-0.63265870014826453,-0.63059132590013389,-0.58926913887262344,-0.61056328006088734,-0.65849838915624115,-0.72818883871420836,-0.73653871375460955,-0.70399349927902222,-0.64849217095465028,-0.60871066204432789,-0.662506534180171,-0.68583526488008173,-0.59445419099371311,-0.591178594276919,-0.6220354845302295,-0.683835734354767,-0.68044221738110422,-0.58820394609580962,-0.36887340641124938,-0.40810630948783011,-0.43950525093904308,-0.49830416487444429,-0.42111831903457642,-0.52398188217826513,-0.65091932428126431,-0.69155628116507284,-0.73245731592178343,-0.78621038486217631,-0.76065894109862187,-0.78350274400277575,-0.7978438834349314,-0.84092276096344,-0.89959945082664494,-0.86836709217591723,-0.68788785404629182,-0.59613515138626094,-0.66624562229428974,-0.78643322842461727
-0.382621189278941,-0.4203989238574587,-0.50664706428845718,-0.56934217235137674,-0.62151280442873635,-0.70247383117675777,-0.65064021348953249,-0.63871318282503076,-0.73811475932598114,-0.81032239368983683,-0.77304774361687734,-0.682963209908183,-0.721625822921132,-0.65294750779867172,-0.60928431414721307,-0.68449767791863647,-0.651705849019787,-0.579436761454532,-0.69163179307951961,-0.739151030006804,-0.672198515973593,-0.61384918778223763,-0.42064569615015462,-0.32605184453390379,-0.41055789967291217,-0.47369799759652881,-0.455854645665781,-0.44351150656259186,-0.5632549994072672,-0.67117256351879662,-0.74593904945585465,-0.7961678524171153,-0.77956652862054332,-0.72553018808364866,-0.71345320485887076,-0.76056078952901507,-0.79681578775246942,-0.85657587418189418,-0.82076508348638366,-0.68502376760755268,-0.609330952167511,-0.67485989630222321,-0.78965227944510319
-0.40339691440264386,-0.5120426321029663,-0.51112313369909923,-0.56717668970425927,-0.62364945610364275,-0.689034393339446,-0.67987073169035073,-0.72154822674664587,-0.8275902817646662,-0.79268674443407761,-0.73027712255716326,-0.69211872757934945,-0.752006471157074,-0.71419308623489064,-0.66580778594110523,-0.63086071610450745,-0.60201194882392883,-0.62157026217097333,-0.72222697498774768,-0.70847023976966739,-0.65025449804095337,-0.44494710734047865,-0.342594066864164,-0.37841993288614262,-0.46691778108880327,-0.52680760349186373,-0.47753630315556245,-0.47345897387450847,-0.55475911238919129,-0.627665291994046,-0.72554303407669063,-0.79780981869533141,-0.7860599930087725,-0.69233532114462415,-0.64361899389940147,-0.68101900815963745,-0.75000530939835763,-0.817786865764194,-0.79549615085124969,-0.68632373213768,-0.60815055881227764,-0.6327013117926461,-0.79377193252245581
-0.48333470310483662,-0.49832191268603004,-0.5431688044752393,-0.58389074956217124,-0.66474184021353722,-0.75609910885492959,-0.72600774611196206,-0.795005064457655,-0.78712247357223974,-0.75703225416295672,-0.72695589982546294,-0.68605910241603851,-0.70658502266520551,-0.69286343196164,-0.64990389108657842,-0.5627270879653784,-0.56287392729618513,-0.6698061687605722,-0.71736646816134453,-0.71532797747915922,-0.60430375309217543,-0.3202614363282919,-0.23867394124065433,-0.32810172095762946,-0.40749059172020746,-0.47238117872282515,-0.42270066004533036,-0.46908391142884892,-0.52231640800049428,-0.546605572104454,-0.67083340883255,-0.774891980316328,-0.7420968304980885,-0.62368766466776526,-0.55321474472681686,-0.572065144777298,-0.65847866733868921,-0.75240905284881587,-0.774689756333828,-0.70541318506002426,-0.6261523962020874,-0.63912882407506311,-0.79149550199508667
-0.48726233094930649,-0.52957845131556192,-0.54742776708943508,-0.59915249149004624,-0.67512873808542884,-0.69856286399504719,-0.71660392681757612,-0.76184680312871933,-0.72750989234808716,-0.70176029716219224,-0.69815486158643447,-0.65773799773809072,-0.65440096651635515,-0.67167164882024133,-0.65962365600797868,-0.57834987342357636,-0.62301803518224641,-0.69652429634127122,-0.69365243373378627,-0.68380499702610387,-0.562500641330496,-0.32545976210385563,-0.23318800971477846,-0.32435660892062718,-0.38656934958237871,-0.41900195102942617,-0.40862164033783804,-0.37239947989583017,-0.41675013391410604,-0.47273495367595125,-0.62647637605667117,-0.75105359502460645,-0.69561655030531044,-0.54204017136778149,-0.44524757862091063,-0.47897616691059536,-0.557683215899901,-0.65216248035430913,-0.72789466381073,-0.69233500105994084,-0.6411425811903817,-0.68483314911524451,-0.82845285960606163
-0.47475930589895982,-0.48394346450056347,-0.51014937779733116,-0.56025772094726567,-0.60851860251919976,-0.61810930638477724,-0.6529432968659834,-0.68116868535677588,-0.68059050105512142,-0.6404576038613039,-0.63702073778424939,-0.62574530310100984,-0.60243174997535909,-0.61468825431970453,-0.59857982964742751,-0.58571442337923274,-0.65891550232966745,-0.73283048868179324,-0.70239787860350178,-0.60703329848391674,-0.51254547139008844,-0.35873913810803337,-0.27912416092811093,-0.31517304733114421,-0.344588947422961,-0.33423028547655453,-0.31956983553735835,-0.31493577098145203,-0.36622974276542664,-0.45237533175028288,-0.6092719598249956,-0.71109135711894311,-0.65093795855840042,-0.48849955659646255,-0.38868142498864067,-0.40417227149009705,-0.47812873125076294,-0.57948212822278344,-0.65813000996907556,-0.6585768376077924,-0.6523915767669678,-0.7316327691078186,-0.80748828649520876
-0.41611102996049104,-0.44677438201575442,-0.49489209268774303,-0.54814168708077793,-0.56602856825137959,-0.56783125318329908,-0.59751198760100777,-0.61472548860492127,-0.62305896356701851,-0.623440642510691,-0.5929628838511074,-0.55641625949314666,-0.53271592160065973,-0.52987845987081528,-0.50193797978194987,-0.5291490097378575,-0.62394933551549914,-0.65751760366351109,-0.64453615082634819,-0.54864182624411073,-0.42828920545677346,-0.32151147334471991,-0.27920436276041943,-0.2833519861811683,-0.31409927475743177,-0.30365781579166651,-0.26693600881844759,-0.25649566153685249,-0.30977958192427951,-0.43752133981748059,-0.59379395667244406,-0.66654645601908369,-0.58216085036595666,-0.46717134930870752,-0.39109820127487183,-0.38279014825820923,-0.4234662801027298,-0.52269061122621807,-0.60039478540420532,-0.63970705270767214,-0.65498079061508174,-0.73542130986849463,-0.80990967154502869
-0.37964234713997158,-0.42243851401976179,-0.4780377519541773,-0.50988742488401906,-0.532143050226672,-0.54506852357618274,-0.56590050253374824,-0.58545057376225784,-0.59979928885736777,-0.6047444920386037,-0.57579412966063526,-0.523833783233867,-0.47273561796721292,-0.45450345648301615,-0.43297466022126813,-0.46236458662393931,-0.54534929912341268,-0.58509730711215879,-0.53782943487167356,-0.45654070803097319,-0.36482254490256311,-0.29314659163355827,-0.27169039017624325,-0.25990123365606582,-0.24347622918360162,-0.22724810468428064,-0.20091531691806658,-0.17570732563734054,-0.21635640963264133,-0.38830989128664922,-0.56933090649545193,-0.61894957585768262,-0.56136691570281982,-0.44947052333090043,-0.38879684039524626,-0.37882492939631146,-0.41833348572254181,-0.4904010168143681,-0.57191075086593623,-0.62173402309417725,-0.64696907997131348,-0.7174218396345774,-0.7948681116104126
-0.3591763325806322,-0.37641816160508562,-0.43352201067168139,-0.47663059609907643,-0.50840900273158629,-0.52606156071027121,-0.54327203631401066,-0.57101381619771319,-0.59228032430013022,-0.57593520879745486,-0.55976466648280621,-0.52837899327278137,-0.45470357573393622,-0.4382584365931424,-0.43328379357562347,-0.45373301558634815,-0.53996890534957254,-0.59194304284296539,-0.51115174839893973,-0.41612878747475451,-0.34585825630596706,-0.28799588169370377,-0.25296602059494366,-0.22212065098916783,-0.1940047510208622,-0.17479202257735388,-0.10893493374952903,-0.058856319015224777,-0.13430556850998024,-0.31897914090326857,-0.46652452303813052,-0.52259300947189335,-0.50699753420693539,-0.42084087431430817,-0.37409413286617826,-0.39167067905267078,-0.41699535506112234,-0.47899793088436127,-0.56708828608194983,-0.617262085278829,-0.61759573221206665,-0.66587445139884949,-0.75992421309153235
-0.3255320765354015,-0.3593928913275401,-0.43996018274077053,-0.50220365503004616,-0.50617417891820271,-0.48577632506688434,-0.48442859748999278,-0.51883435348669693,-0.541564429628438,-0.543069972145942,-0.54498669306437175,-0.514927537210526,-0.464194201429685,-0.43180248228942647,-0.41174340789968317,-0.45904087834060192,-0.53274807772215671,-0.551356653956806,-0.5061268978046648,-0.44533279367855616,-0.36907472554594278,-0.30973045900464058,-0.25854096189141273,-0.20240770280361176,-0.17046724756558737,-0.13644784144484079,-0.063684504803108138,-0.023368356438974541,-0.08515864954544948,-0.21434463063875833,-0.33851303532719612,-0.40351507067680359,-0.44045553037098478,-0.40324944257736206,-0.36378443241119385,-0.38734863996505736,-0.42278490662574769,-0.48330386281013488,-0.55493301153182983,-0.61297241449356077,-0.58773466944694519,-0.61129300793011987,-0.7229672372341156
