SouthSea_Web/demo/jsonfile/2017-12-15-18.json
{"header": {"parameterUnit":"m.s-1","parameterNumber":2,"dx":0.1,"dy":0.1,"parameterNumberName":"Eastward current","la1":29.0,"la2":12.0,"parameterCategory":2,"lo2":131.0,"nx":250,"ny":171,"refTime":"2017-12-15T18:00:00","lo1":106.0}, "data":
[rows 57 to 75 of 171, columns 84 to 125 of 250]
0.0,0.0,0.0,0.0,0.0,0.0,0.0,0.0,0.0,0.0,0.0,0.0,0.0,0.0,0.0,0.0,0.0,0.0,0.0,0.0,0.0,0.0,-0.032939722279720682,-0.072128506269879072,0.014291317118891762,-0.032879855027121881,-0.13302708041825981,-0.28574832481272677,-0.2360199522080384,-0.21334238370259603,-0.15934931014369175,-0.22163553173477585,-0.28205968761766281,-0.31148091554641721,-0.34755257282938273,-0.40173250532919363,-0.36098019530375797,-0.33781250417232511,-0.28172347275540233,-0.23752825003531244,-0.23311296318258559,-0.25414763029777643
0.0,0.0,0.0,0.0,0.0,0.0,0.0,0.0,0.0,0.0,0.0,0.0,0.0,0.0,0.0,0.0,0.0,0.0,0.0,0.0,0.0,0.0,-0.028450311927802185,-0.13977561482738349,-0.18451387312386061,-0.12752905353133021,-0.15761659041328249,-0.17369740334424105,-0.22893116983675188,-0.1770887698691625,-0.17458384037017821,-0.23869768607205358,-0.30873315623312286,-0.33076415061950681,-0.39924112076942736,-0.41397210382498228,-0.40569361700461459,-0.31935539179378086,-0.33351316303014755,-0.30131551524003347,-0.25778862535953523,-0.22662974894046783
0.0,0.0,0.0,0.0,0.0,0.0,0.0,0.0,0.0,0.0,0.0,0.0,0.0,0.0,0.0,0.0,0.0,0.0,0.0,0.0,0.0,0.014406068890821189,-0.056884566419215007,-0.12650174906270373,-0.15613462789016858,-0.13995110826058821,-0.15758746710358834,-0.17273908294737339,-0.14952552455420398,-0.17334943247395893,-0.20471724235650265,-0.26297027112976196,-0.32087623860154835,-0.3705322563648224,-0.416195285320282,-0.42459183931350708,-0.33267273079781307,-0.34841544384306128,-0.31479625468668732,-0.31431854367256162,-0.35299546787372005,-0.38082663714885712
0.0,0.0,0.0,0.0,0.0,0.0,0.0,0.0,0.0,0.0,0.0,0.0,0.0,0.0,0.0,0.0,0.0,0.0,0.0,-0.059691188856959343,0.0,-0.14691838891141945,-0.071516073203735778,-0.10847554645604557,-0.10783094855455253,-0.13156583935022354,-0.16438138865410013,-0.1617070628537072,-0.16556835974135051,-0.20855780815084776,-0.2052501316728263,-0.26538984051772524,-0.32027621732817757,-0.346026748418808,-0.36979856259293026,-0.430649049972233,-0.42946545945273507,-0.17918526301056975,-0.28339240286085343,-0.23715664358700023,-0.36424872749730158,-0.42659394145011903
0.0,0.0,0.0,0.0,0.0,0.0,0.0,0.0,0.0,0.0037673730320409338,0.0,0.0,-0.0056183853618373787,0.0013957782693372186,0.0,0.0,0.0,0.0,-0.037290577019608674,-0.048922926073939332,-0.16660619870974466,-0.2195550342563723,-0.11305979735873363,-0.10231577025519477,-0.12650723527280652,-0.16668706342577935,-0.19343096676260926,-0.18539205375241069,-0.21746768388483259,-0.23478085073557767,-0.23936580894169984,-0.25048358559608458,-0.26853244006633759,-0.28560230594414932,-0.32040494451156032,-0.31504402481592619,-0.37879239700057288,-0.23119088518433273,-0.06625471531103054,-0.11392300069953004,-0.12565956725221542,-0.050064693023159634
0.0,0.0,0.0068102978693787009,-0.0085199576516352647,-0.019561538897368624,0.021813654096926271,1.332629878747838E-05,0.01788059079791619,0.017619770446625216,0.0019047935979474306,-0.0328955513805716,-0.0062229698523879051,-0.0053285197420856484,0.0059753561668781782,-0.011410024813812925,-0.05944667890285834,-0.038837987776906766,-0.072905296275621367,-0.033554482614315713,-0.070623480093975857,-0.10234683838028175,-0.10793195623490545,-0.12657986049141204,-0.16457292169332505,-0.19441252470016479,-0.23780094848738775,-0.24433685061724289,-0.18947101115352577,-0.14470027669056043,-0.13072969379924959,-0.12176599601904552,-0.13022739262807936,-0.13132859591175528,-0.17909068200323317,-0.25744136981666088,-0.22006457976319574,-0.21769059246236627,-0.30523208528757095,-0.21428749493012825,-0.0078489323231306935,0.0736770104849711,0.10209007660159841
0.0,0.011908246144162991,0.019962690298898297,0.0017224734514409694,0.0,0.074845519931422161,0.0536018173037916,0.031642051517309693,0.041702856405281478,0.027949373194041026,-0.016888692989860746,-0.019793705330371406,-0.023334143071515823,-0.096113121033542692,-0.13473145558964461,-0.12666580789401882,-0.1063267675967052,-0.05609996148932464,-0.0464211678777805,-0.07845710289844296,-0.09834147203299734,-0.15937928828326139,-0.19213458983337178,-0.22749938509043524,-0.22325402001539865,-0.19141787146641451,-0.14011520782316272,-0.0832482659745784,-0.063014784608693683,-0.093229004153699585,-0.077308310052523241,-0.062611896899484459,-0.054387026932090521,-0.02517395514425718,-0.023488270537927746,-0.086062179412692785,-0.24399739876389504,-0.17679373092121548,-0.096537081105634567,-0.21838035103347567,-0.211438347482019,-0.12871122360229492
0.013680681302976228,0.015480343403268449,0.0022791627295581356,0.010338170351393233,8.9961560512224947E-05,-0.018745443888853387,-0.020754170118840967,-0.035317093939459712,-0.034500559506610712,-0.026948496514255436,-0.035928919075303475,-0.073911100522966289,-0.15973773284489851,-0.20841880839678548,-0.22025605132345294,-0.14079522942764716,-0.076069010437418844,-0.074812672253359441,-0.046269436573135876,-0.074179539277234627,-0.070112401600843963,-0.056226434551246242,-0.047710742832907493,-0.056187473033787683,-0.03304676765110344,-0.057713332681023348,-0.057516792281107468,-0.058695955540646209,-0.0769802339767155,-0.069064449415438711,-0.0721860093375047,-0.068051239941269159,-0.027994084544479846,0.011006673361407593,0.066068509826436639,0.053285465708800724,0.023319265921600163,-0.099611768602497042,-0.10592345231109196,-0.12500760704278946,-0.22737992661339895,-0.3351446347577231
-0.0079848725611932087,-0.0050488810902202712,0.010858617834438209,0.017174956106174755,0.00521190714058809,-0.072407234756004371,-0.098388847093596021,-0.13818931074873095,-0.12950084833749409,-0.1072441927962384,-0.13248765823386965,-0.17765232372809858,-0.22922294553536088,-0.23445686977356672,-0.1582081633604179,-0.15553287592004328,-0.20454091882264172,-0.24631809084503739,-0.19809524660760705,-0.20108995803377844,-0.15513971492648124,-0.12451997989753508,-0.09874453442171216,-0.073692305048681656,-0.084042802935949082,-0.086504002101719379,-0.081929267475418011,-0.11498132968942325,-0.10589502743548818,-0.09248039524324915,-0.0892102028010413,-0.08886134681793359,-0.080070250222216477,-0.019734225151213734,-0.011646412989648525,-0.0035785800095514526,0.038267382171138058,0.0056988617482905584,-0.11091104460259278,-0.19913265357414881,-0.23402568697929382,-0.29891896673611235
-0.014522661681671449,0.021843696243771731,0.028034439819533883,-0.012586674796326629,-0.0979366595706632,-0.127127389281483,-0.17619771932562192,-0.16408120233703544,-0.131420174613595,-0.11454799043990317,-0.0947240529389217,-0.19208708815276623,-0.25365586074129226,-0.16028429728287916,-0.17017591821736303,-0.20586377138441259,-0.23652629703283309,-0.276347778737545,-0.29197103392194818,-0.25397645858201112,-0.22663525759049183,-0.19439515908216609,-0.18202194717584871,-0.14244296989188746,-0.14921755280266416,-0.11283012753238483,-0.14224685745876889,-0.15547919958024412,-0.18325051799034461,-0.1917617189032691,-0.19437659691487039,-0.16351195831190457,-0.15971109726362759,-0.12529322478388036,-0.063437394875412181,-0.0465745497494936,-0.026640465250238776,-0.0654442970241819,-0.11212655422942978,-0.13639206252992153,-0.13440885146458945,-0.19448753694693247
0.017014711155654318,0.045355753752813546,0.0050449586406378357,-0.083182877614436782,-0.14157537686622748,-0.16642658708114472,-0.16485483110961269,-0.17300305565198262,-0.21409335011436093,-0.21211300130750313,-0.18068964009483654,-0.083125830736632142,-0.0445830579324215,-0.043985813118134889,-0.13232377340847795,-0.1618786463169036,-0.1577650299295783,-0.16519568145883326,-0.23698743919913584,-0.21466421964121799,-0.19947994941351366,-0.18247672241358531,-0.17491660118103028,-0.16601034425772154,-0.16928076053537974,-0.17870505665029798,-0.20224086940288544,-0.19393908392105783,-0.21863446120292909,-0.21929882732885225,-0.23846714069014011,-0.22579768300056458,-0.23329440072963112,-0.21891165574391683,-0.16297520639804694,-0.0769264805648062,-0.00685696416379263,-0.0043740300461649895,-0.013293840611974398,-0.032937491623063885,-0.026782826653548648,-0.13354756757616998
0.061899147906186038,0.018887054844175924,-0.046814560461724691,-0.1468508577708042,-0.13079978159216585,-0.09267341198979831,-0.10499075746962003,-0.14640365793543347,-0.15676596147172592,-0.15442413440410127,-0.14744474473926755,-0.11109995493229399,-0.03290071072842693,0.039813920182570323,0.013270898981182713,-0.021789730073780648,-0.040172855765558776,-0.044476811574177669,-0.054844143542435927,-0.090120248469923225,-0.11621097387636409,-0.12411251501180232,-0.10907289820412795,-0.14316860315474597,-0.14714551184858596,-0.16340673535034575,-0.15880649536848068,-0.16463200196071906,-0.18072624504566193,-0.2009621566782395,-0.22103417263581202,-0.20351796627044677,-0.18989253997802735,-0.19321387614074506,-0.14651738852262497,-0.0571969717910344,0.070192717015743256,0.067970851702349525,0.098357835939774915,0.1377293118275702,0.14764279189209142,0.022482477012090385
-0.0066176625538965439,-0.026513934812198083,-0.094921116251498461,-0.1124406625768022,-0.1308708647886912,-0.13285940349624867,-0.12347980493848974,-0.13497453749827718,-0.14932578527613691,-0.15356225892901421,-0.1444882441199187,-0.11685433378443122,-0.096278747916221624,-0.053590035547727143,-0.026827609818428754,-0.0024446280731353909,0.03203544758886484,0.065959071037704473,0.083052406952317276,0.081876099359111068,0.09910705498519487,0.085348754713777453,0.053098989650607109,-0.013479969046753028,-0.050700505501411572,-0.030843017152689684,0.009946329191465068,-0.036638205309155521,-0.13739042591165612,-0.21061665937304497,-0.26915249744286907,-0.29041587250928086,-0.23734678328037262,-0.28096758325894672,-0.20393328894587123,-0.057251399848610163,0.08050311651701729,0.14816683654983839,0.19301101158965717,0.24329436367208307,0.21634440310299397,0.12393688197646822
-0.070827968219916021,-0.0724459092959132,0.0010566617760735925,0.037486601458834326,-0.0065709422707703772,-0.073182396439099032,-0.11067788474114113,-0.12928559333086015,-0.12736637926390093,-0.11793598572590522,-0.095990383923053743,-0.063594697311950416,-0.041297453248666391,-0.0062084456798262317,0.053389950031414626,0.094724669765967592,0.17590763819004809,0.21857556356833532,0.24312489914397398,0.23138411023787089,0.19106535613536835,0.17040335673552293,0.16378423227713659,0.14456386520312384,0.12883322739175387,0.13407068784264,0.12269153272999185,0.044567271122941746,-0.18383463142583004,-0.269254133105278,-0.31209586236787878,-0.22907122659186521,-0.30562063909712289,-0.25936663288034889,-0.0258022134325334,0.0023188872883717218,0.090177376405335963,0.11225712471283399,0.13316492736339569,0.15693262467781702,0.12803292067514527,0.052982241536180176
-0.002218105388916473,-0.076262321571008332,-0.057341979042957389,-0.011051911798339071,0.038592040130146305,0.063645216822624209,0.067103996865391244,0.087895254751115481,0.0948425669533511,0.12058858834475708,0.14117539221367154,0.15233461051964417,0.094753681692964165,0.064437959020814076,0.14730293410164969,0.25548269828924763,0.3160684961080551,0.28462885063270044,0.28240868508815764,0.25019591088805881,0.1519379441493324,0.091636769606598792,0.15367178938218526,0.20585819667783276,0.1941705835717065,0.12022921994880394,0.071959929618363574,0.016668360801068722,-0.10167338219113074,-0.20562125935598655,-0.18342674963853575,-0.138471977098992,-0.10877285123263535,-0.018255539063829929,0.019910209264387104,-0.026361398213981268,0.016273507930557516,0.057938126111893279,0.052728867750953541,0.057678302769393973,0.036349722044542433,0.01192860717419535
0.0701729699856404,0.067796284516313768,0.014761121826207575,-0.027524212538027108,-0.019236304188290469,0.014216247455483572,0.06123195524112536,0.094149582947676,0.1189696406600652,0.12289945513010026,0.14326818646104247,0.16136114786450678,0.14714777392560038,0.11566585648272719,0.20191886276006699,0.29065443309290068,0.34505400955677035,0.37430807434279345,0.25679405264090749,0.10745368763836551,0.073043059191799584,0.17145763983329138,0.12235790233438214,0.022827439766842872,0.040297517341307619,0.14987969198929413,0.20950658156954008,0.11650462589901069,0.023210549547981758,0.0015354365179384196,-0.021475872306977041,0.019866116642951966,0.096300640609115362,0.10513300608311381,0.045645294098281546,-0.050827835063340474,-0.091230621375143525,-0.065723307318985458,-0.094120246188884427,-0.096890671295113862,-0.065170628949999809,0.00481308242564814
0.044552499965085819,0.070061346168740324,0.098706487743627461,0.079201789147665971,0.041259371779493188,0.0396910379224989,0.04307631946479281,0.036458194704243434,0.01894330664306056,0.029967784847098368,0.050028368002838559,0.084300654725386545,0.12782925793102809,0.1464947315731219,0.15437922832267037,0.21384788280533207,0.2770083675096775,0.19843955587765033,0.041840359864181664,0.1598867061547935,0.18869072571396828,0.14468211866915226,-0.040686682049584179,-0.018536175318965405,0.21346688919907642,0.31402146274393256,0.23032593727111816,0.12653575284639373,-0.027100469021865262,-0.084778979545392624,0.034039664103017585,0.2858382563876069,0.30281958178333612,0.23787576502019708,0.15396544195356823,-0.018595039157108181,-0.10360732071456455,-0.11186412423849106,-0.17174718379974366,-0.16536567981044451,-0.0430484712899973,0.056872684881091116
-0.0073546552660197695,0.022430578789984185,0.0545600339315743,0.098205707463863728,0.12557190896144935,0.13798329293727873,0.15041327476501465,0.12895782338455319,0.080566833941982344,0.10765039258533055,0.13194084139885726,0.12713486033266988,0.11892015939312321,0.085977117561044231,0.089939041311542192,0.17011415417636594,0.03999702689179685,-0.10952001406500737,0.056961556273039823,0.13452844808085096,0.053711216689811811,-0.20275681640487164,-0.21203415272757412,0.079327413755491738,0.27547212347791,0.22063990736879954,0.1577996075567272,-0.024055526204927659,-0.30630379104438948,-0.24260411963894449,0.14961525137588413,0.35059338435530663,0.27346001192927361,0.13002292044460773,0.021736858368274711,-0.12374785946682096,-0.16120425398860658,-0.16442447543144226,-0.21079882505265149,-0.13407391061385474,0.00737078538021216,0.12264436483383179
-0.046874039353699319,-0.067585411481559277,-0.057257589428142332,-0.01916447140974924,0.053914494202311695,0.10206585720181466,0.12092322430440358,0.1121164932847023,0.11952616939587253,0.15181005746126175,0.14198627638129088,0.09456112402780302,0.024568264027156176,0.0070551781773247058,0.075170754965755246,-0.024549560634685413,-0.20261814114120272,-0.025097424896375741,0.037263905319074787,0.0064962714760830364,-0.18513648474025865,-0.39970495171017117,-0.19652827525017214,0.018424850531182316,0.15711404006690422,0.014603103595921615,-0.0010262568602743356,-0.36088095114725394,-0.52439084810179637,-0.19601689317178997,0.17885637848127273,0.20906013782535279,0.10625903186603235,-0.01470868862592257,-0.15286859568385852,-0.2602747543291612,-0.27623519798119861,-0.270640488093098,-0.23249496594071389,-0.12415375467389822,0.014181768163465537,0.12047670104286888
