SouthSea_Web/demo/jsonfile/2017-12-16-07.json
{"header": {"parameterUnit":"m.s-1","parameterNumber":2,"dx":0.1,"dy":0.1,"parameterNumberName":"Eastward current","la1":29.0,"la2":12.0,"parameterCategory":2,"lo2":131.0,"nx":250,"ny":171,"refTime":"2017-12-16T07:01:52.5","lo1":106.0}, "data":
[rows 95 to 113 of 171, columns 84 to 125 of 250]
-0.34503610491752623,-0.31492655647212059,-0.29743027797451727,-0.31525229745441014,-0.3320109358540288,-0.34318137807505472,-0.34936490761382238,-0.37827225902984885,-0.40469168765204294,-0.3939878525478499,-0.33385718588171331,-0.27834447686161312,-0.24647685525746182,-0.20004339863856632,-0.17012069350288761,-0.16114647537469864,-0.19847020410722302,-0.27812085228581584,-0.32497493363916874,-0.30390315409749746,-0.2644547788482724,-0.23645868996779124,-0.21286860480904579,-0.22141834050416948,-0.27606022836906569,-0.34037767563547405,-0.31192296862602231,-0.2486463137294935,-0.23789397958252165,-0.26411031071956342,-0.29516148337951076,-0.35905249044299126,-0.41875076666474342,-0.46150876283645631,-0.46826477348804474,-0.351655798298972,-0.18917624652385712,-0.10336139301458995,-0.093084892630577093,-0.13914379850029945,-0.17063848301768303,-0.20808489248156548
-0.3578011216940703,-0.300164082535991,-0.280758407499109,-0.30477689206600189,-0.34212706025157658,-0.35991555562725774,-0.37066731960685168,-0.40962366546903339,-0.41965411030329192,-0.3858512024084727,-0.33499694532818264,-0.29044525623321532,-0.24367145768233708,-0.19969551265239716,-0.15590621580680211,-0.13709803074598312,-0.17652468537462168,-0.27165734767913818,-0.33711100960599966,-0.3238412756472826,-0.28887957520782948,-0.2469573519353209,-0.21733974074495249,-0.22846716642379761,-0.28303839045542256,-0.33836639271332669,-0.30847169995307921,-0.24839939077695211,-0.21732193346206957,-0.23477633545796076,-0.29005866249402362,-0.35144662857055664,-0.41687764440264019,-0.43619576096534729,-0.41558138813291279,-0.33741168677806854,-0.21283676847815514,-0.11206056773662568,-0.098832545181115464,-0.14074262976646423,-0.18661852677663168,-0.22224188347657523
-0.32957098207303454,-0.28439851381160597,-0.26479414531162809,-0.30845194940383619,-0.35304660929573906,-0.35423881588158784,-0.35640770835535868,-0.40010924692507144,-0.4286127196890967,-0.39725484671416106,-0.35079843627995461,-0.31072878175311619,-0.25497228439365116,-0.20442913369885807,-0.15218604328455748,-0.11030178119738897,-0.14324474822858285,-0.23567519259863887,-0.30487448175748189,-0.29592501786020065,-0.27281286248138975,-0.25952998747428258,-0.2353338681989246,-0.23235579047884261,-0.26781672570440507,-0.32076314091682434,-0.31658146902918816,-0.25707262066694408,-0.21257945597171785,-0.22974835634231566,-0.29834187775850296,-0.35147049526373547,-0.39847393631935119,-0.4013423204421997,-0.37814701596895856,-0.30100897947947186,-0.21751116588711739,-0.12586215883493424,-0.096695060531298324,-0.1332916741569837,-0.19348302980264029,-0.23429791132609049
-0.31918718264653134,-0.30019901037216185,-0.27869292100270587,-0.30265245318412781,-0.34580305549833512,-0.33346304297447205,-0.32241943707832921,-0.35832240184148151,-0.39364326229462254,-0.38572976738214493,-0.34356972788061413,-0.30631029818739208,-0.27642908637170438,-0.21989616144586494,-0.17585199409061009,-0.12642242812684604,-0.10693608455616853,-0.17367598471733239,-0.25489184363134976,-0.26648281459455136,-0.25064024688868686,-0.24308720390711511,-0.24931778289653636,-0.23470861178178054,-0.24449614986129428,-0.29933017306029797,-0.33147143324216205,-0.30154167793013831,-0.23782602697610855,-0.2385167752703031,-0.28114774823188782,-0.34083355466524762,-0.37735618650913239,-0.37685833871364594,-0.35124461849530536,-0.30809754133224487,-0.20300022761027017,-0.13889349500338236,-0.12692058458924294,-0.17141351848840714,-0.21718451380729675,-0.24275043606758118
-0.29967311712411732,-0.31499123470536594,-0.31126631975173952,-0.31038854164736612,-0.34060474899080062,-0.32555718302726744,-0.29289921266692026,-0.30981980951932758,-0.35369781851768495,-0.36396071314811707,-0.332531671833109,-0.3108017588103259,-0.29416786630948383,-0.26137992567740953,-0.22186037844845227,-0.17229945185007872,-0.12993218183517455,-0.14173059804098948,-0.21297819224687722,-0.25809738536675769,-0.2613570254582625,-0.25366954946959458,-0.26426024734973907,-0.2585669023835141,-0.2603052059809367,-0.30238788681370871,-0.33635766969786751,-0.32107511493894791,-0.2770631653921945,-0.25741500779986382,-0.27482732633749646,-0.32618936896324158,-0.359171062707901,-0.34852594882249832,-0.31974496444066364,-0.28268556296825409,-0.24234399199485779,-0.20556109646956125,-0.17366939783096314,-0.19078140705823898,-0.21877996623516083,-0.25444914400577545
-0.28057336487940382,-0.31014898534004504,-0.34475855643932635,-0.31940929820904362,-0.30492519559683623,-0.27965780061024886,-0.24261269546472108,-0.25334310245055419,-0.308965618793781,-0.327909623031263,-0.29595061907401454,-0.29797082642714184,-0.30307028868368696,-0.28368584009317249,-0.21820716387950456,-0.15247029811143875,-0.12022252638752644,-0.15002371563955588,-0.21761395478690113,-0.26630807839907134,-0.27526492763448646,-0.28456049164136249,-0.27766900539398193,-0.26486448794603346,-0.27798407077789306,-0.31452885601255631,-0.34127573296427727,-0.341611310839653,-0.31257583945989609,-0.29261205196380613,-0.30556345979372662,-0.33788883686065674,-0.35659116506576538,-0.34669184684753418,-0.30901551246643066,-0.2712813715140025,-0.2440347820520401,-0.23562604188919067,-0.23121634125709534,-0.219370536506176,-0.24158202111721039,-0.26467077434062958
-0.25852655112743378,-0.26810609205411029,-0.30056567277227131,-0.28489832699298856,-0.25894583188570464,-0.24888087549935217,-0.22132055044174195,-0.20043527813894407,-0.22776793812712035,-0.25593948306945652,-0.23965997278690338,-0.2462255141951821,-0.25850110128521919,-0.24766103579447821,-0.1996775084733963,-0.13189629264749014,-0.099197423706452056,-0.14243705140856597,-0.22491521601166045,-0.267442979491674,-0.27759972929954529,-0.2890605206290881,-0.2943114826553746,-0.28538518079689573,-0.29445270787585864,-0.32354889810085297,-0.35660508275032043,-0.37234969933827716,-0.34487705429395038,-0.3359326223532359,-0.33185867468516034,-0.35278567671775818,-0.36159698168436688,-0.35123341282208759,-0.31746935844421387,-0.28052395582199097,-0.24986810982227325,-0.25040197372436523,0.0,-0.25853870809078217,-0.27190440893173218,-0.27488678693771362
-0.24213700890541076,-0.21977112327630705,-0.22443204621473947,-0.21694233754406805,-0.20568760387275531,-0.21586545184254646,-0.21118493378162384,-0.18165621073806987,-0.18376806641326232,-0.19299390473786524,-0.19173989797893323,-0.18178897883210862,-0.20067008453256943,-0.20813357491384854,-0.18743365867571396,-0.15367192978208716,-0.12461555780222018,-0.1426999494433403,-0.20942890533694514,-0.26915850133999536,-0.29157237956921261,-0.28932223916053773,-0.2948978589131282,-0.30352345481514931,-0.31374884645144147,-0.334725147485733,-0.36390791336695355,-0.39459052681922913,-0.39048206210136416,-0.37154884139696759,-0.3630206783612569,-0.36733293533325195,-0.38040050864219666,-0.35550424456596375,-0.32213236391544342,-0.29397091269493103,-0.263900488615036,-0.25832369923591614,-0.27479881048202515,-0.29870617389678955,-0.299784779548645,-0.31883507966995239
-0.19957910650051558,-0.17741062926749388,-0.19081587914158316,-0.19964469886488384,-0.20798403556857789,-0.2163227019565446,-0.21858711540699005,-0.20788046158850193,-0.20186140388250351,-0.19553908333182335,-0.19862877080837885,-0.18428606607697226,-0.19363834659258525,-0.20674720034003258,-0.19461607400860106,-0.1695809243246913,-0.16292250851790111,-0.17223784327507019,-0.19989749363490514,-0.24873580783605576,-0.27945990860462189,-0.28300826251506805,-0.29775810986757278,-0.31519249081611633,-0.32739339023828506,-0.34785796403884889,-0.38175325095653534,-0.41016945242881775,-0.4250633642077446,-0.41823841631412506,-0.39550547301769257,-0.3846985250711441,-0.388506422440211,-0.3587096780538559,-0.32913178205490112,-0.29932433366775513,-0.26971055567264557,-0.24929118901491165,-0.27434623241424561,-0.29821166396141052,-0.33930096030235291,-0.35056726634502411
-0.1772301122546196,-0.16350981593132019,-0.18261920381337404,-0.21535837650299072,-0.23615066477885613,-0.24380038430293402,-0.24281522058523619,-0.24127874184738507,-0.23105527626143563,-0.22401528486183711,-0.22630903787083095,-0.21960581243038177,-0.22691791690886021,-0.23962062431706321,-0.22153062671422957,-0.19548944085836412,-0.19135835468769075,-0.20363324241978781,-0.22455358877778053,-0.24778833389282226,-0.26781635814242893,-0.28999283909797668,-0.30423666040102643,-0.30342227220535278,-0.314697802066803,-0.33906681090593338,-0.38789930939674377,-0.42747149864832562,-0.43745666742324829,-0.43921074271202087,-0.43170539538065594,-0.40410444140434265,-0.38015377521514893,-0.36572512984275818,-0.3379780650138855,-0.31344720721244812,-0.27575719356536865,-0.24764271080493927,-0.2568058967590332,0.0,-0.35656833648681641,-0.37803485989570618
-0.19025061936939464,-0.17615486383438112,-0.19138851355422626,-0.22798719257116318,-0.25679478347301482,-0.26435222228368122,-0.25918189353413051,-0.25583578646183014,-0.25824654350678128,-0.26440075891358511,-0.26999803135792416,-0.262343796590964,-0.2564951607159206,-0.26052065193653107,-0.25010901689529419,-0.233046578509467,-0.21705296209880284,-0.21249201468058995,-0.23523112386465073,-0.25684041778246564,-0.27398116673742023,-0.28386756777763367,-0.27253310680389403,-0.272493414580822,-0.28081710636615753,-0.30985131859779358,-0.36043755710124969,-0.40672497451305389,-0.43001846969127655,-0.43826265633106232,-0.43554359674453735,-0.41501951217651367,0.0,-0.3718702644109726,0.0,-0.32999947667121887,-0.28277987241744995,-0.24675359576940537,-0.24842742085456848,-0.27969202399253845,0.0,-0.38863655924797058
-0.21488778022202579,-0.21231911118541444,-0.20820372551679611,-0.23217624053359032,-0.26716365665197372,-0.2872525155544281,-0.28631284832954407,-0.28140908479690552,-0.29181400537490843,-0.29544619470834732,-0.29992781579494476,-0.3073300778865814,-0.29353165626525879,-0.27745388746261596,-0.26796519756317139,-0.26000062376260757,-0.23598094582557677,-0.22121570259332657,-0.21993121206760408,-0.23445314168930054,-0.2513175830245018,-0.26720073819160461,-0.26450873414675397,-0.25321855644385022,-0.25988471508026123,-0.29154539108276367,-0.33853137493133545,-0.38262167572975159,-0.40294697880744934,-0.41836339235305786,-0.44086004793643951,-0.43284857273101807,-0.4130699634552002,-0.39685423672199249,-0.35756845772266388,-0.34058745205402374,-0.2994484007358551,-0.26699787378311157,-0.24779196083545685,-0.30398774147033691,-0.31816110014915466,-0.38630060851573944
-0.24132194166833704,-0.24180455292974198,-0.22819390467235021,-0.23022356416497911,-0.2662944383919239,-0.30080696344375613,-0.31295636296272278,-0.31242955476045609,-0.31528564294179279,-0.31772614121437071,-0.3205740675330162,-0.32806559652090073,-0.32366401702165604,-0.30527135729789734,-0.28797724843025208,-0.27639494091272354,-0.26038687427838642,-0.2419911116361618,-0.22893822193145752,-0.22732651978731155,-0.23428259789943695,-0.25229836503664654,-0.252099946141243,-0.24785444885492325,-0.24888048321008682,-0.26956771314144135,-0.30280914902687073,-0.35009875893592834,-0.36976724863052368,-0.40466073155403137,-0.42018741369247437,0.0,-0.42913505434989929,0.0,-0.39003898203372955,0.0,-0.32917420566082,-0.26932518184185028,-0.26502358913421631,-0.29811066389083862,-0.33453273773193359,-0.3661264181137085
-0.24347564578056335,-0.24251100917657217,-0.22921508976391383,-0.23612921312451363,-0.26050359010696411,-0.2950599268078804,-0.31538469195365904,-0.31579071283340454,-0.31469494700431822,-0.3164459764957428,-0.32635844747225445,-0.33477832873662311,-0.32658202449480694,-0.31576569875081378,-0.30190407037734984,-0.28535187244415283,-0.27523177862167358,-0.26284884413083393,-0.24650700390338898,-0.23593977093696594,-0.232542484998703,-0.2413971871137619,-0.24137496203184128,-0.2417706623673439,-0.23984236270189285,-0.25056621432304382,-0.26131537556648254,-0.30567750334739685,-0.334695503115654,-0.35843147337436676,-0.383657768368721,-0.4096062183380127,-0.41413465142250061,-0.42017342150211334,-0.4121474027633667,-0.37720869481563568,-0.32939982414245605,-0.28214630484580994,-0.26324886083602905,-0.28645004332065582,-0.32469087839126587,-0.36364343762397766
-0.21230465599468776,-0.2215395470460256,-0.21729998787244162,-0.23284519712130228,-0.26135630408922833,-0.28801479935646057,-0.29721048474311829,-0.30089879035949707,-0.29980425536632538,-0.30514073371887207,-0.31954009830951691,-0.33362873395284015,-0.32837556799252826,-0.30788898468017578,-0.29553769528865814,-0.28398901224136353,-0.27743151783943176,-0.27081374824047089,-0.25803521275520325,-0.2488139271736145,-0.2397138699889183,-0.23544882237911224,-0.23264129459857941,-0.23731918632984161,0.0,-0.22739607095718384,-0.24160809069871903,-0.2616364061832428,-0.28101852536201477,-0.30748626589775085,-0.33859285712242126,-0.35956597328186035,-0.372967928647995,-0.40750625729560852,-0.40031354129314423,-0.36726757884025574,-0.32263624668121338,-0.2960735559463501,-0.27253681421279907,-0.29422321915626526,-0.31831181049346924,-0.34612159430980682
-0.16581774652004241,-0.19092703610658646,-0.20083847641944885,-0.21766173839569092,-0.2417667917907238,-0.25745272139708203,-0.27785377204418182,-0.28389731049537659,-0.29103854298591614,-0.29757227003574371,-0.31351929903030396,-0.33578723669052124,-0.33022885024547577,-0.31280244886875153,-0.28310981392860413,-0.25550423562526703,-0.25493577122688293,-0.26427875459194183,-0.27245956659317017,-0.26060619950294495,-0.23784226179122925,-0.22916974127292633,-0.21871039271354675,-0.21691517531871796,-0.22355734556913376,-0.204301118850708,-0.2278033047914505,-0.24080775678157806,-0.23748865723609924,-0.25744690746068954,-0.27860477566719055,-0.30336517095565796,-0.350604772567749,-0.36722072958946228,-0.37570896744728088,-0.36755062639713287,-0.33483877778053284,-0.303263396024704,-0.28293290734291077,-0.2919355034828186,-0.31542941927909851,-0.323642760515213
-0.12617862224578857,-0.1578282207250595,-0.17043507099151611,-0.19717225432395935,-0.22474312782287598,-0.23720395565032959,-0.25556403398513794,-0.26722022891044617,-0.28277970850467682,-0.3018471896648407,-0.32294310629367828,-0.336275190114975,-0.32528393467267352,-0.28705078363418579,-0.25338560342788696,-0.23216839134693146,-0.22229744493961334,-0.23646236211061478,-0.25619688630104065,0.0,-0.24667664617300034,-0.21898194402456284,-0.18878722190856934,-0.16824065148830414,-0.18662497401237488,-0.22252646088600159,-0.20171122997999191,-0.2190970778465271,-0.21772849559783936,-0.19764469563961029,-0.22782807052135468,-0.21183763444423676,-0.270181767642498,-0.31478630006313324,-0.333743691444397,-0.35266873240470886,-0.35071751475334167,-0.337014377117157,-0.30364739894866943,-0.29047104716300964,-0.29429596662521362,-0.30713066458702087
-0.09043753519654274,-0.11669188489516576,-0.14706822236378989,-0.18236193805933,-0.21183745563030243,-0.22015081346035004,-0.23172610253095627,-0.25509920716285706,-0.28031294047832489,-0.29978847503662109,-0.3185882568359375,-0.32498821616172791,0.0,-0.28965811431407928,-0.23765139281749725,-0.20372665673494339,-0.21139715611934662,-0.21481883525848389,0.0,-0.24973250180482864,-0.231634721159935,-0.19970972836017609,-0.17356401681900024,-0.14931155741214752,-0.15054824203252792,-0.17339447140693665,-0.18444949388504028,-0.15826268494129181,-0.18102071434259415,-0.14145547896623611,-0.16166828572750092,-0.15759702026844025,-0.2215997576713562,-0.24559421837329865,-0.28975909948349,-0.32789230346679688,-0.35137709975242615,-0.35344970226287842,-0.32365164160728455,-0.29999573528766632,-0.29006525874137878,-0.29182720184326172
-0.072916805744171143,-0.085110108057657882,-0.11761120706796646,-0.14604557305574417,-0.17475353181362152,-0.19901104271411896,-0.22119120260079703,-0.2420274093747139,-0.26381538808345795,-0.29214432835578918,-0.304360568523407,-0.29419131577014923,-0.30207210779190063,-0.25231528282165527,-0.21825003623962402,-0.17671099305152893,-0.17167659103870392,-0.19275034219026566,-0.21796944737434387,-0.2443833202123642,-0.22898368537425995,-0.20667468011379242,-0.1862664669752121,-0.15118962526321411,-0.12643024325370789,-0.13821111619472504,-0.13702420145273209,-0.14548397064208984,-0.11691492050886154,0.0,-0.11548791825771332,0.0,-0.14471620321273804,-0.20692309737205505,0.0,-0.30647745728492737,-0.34511120617389679,-0.38160209357738495,-0.39137020707130432,-0.34481212496757507,0.0,-0.27482110261917114
