SouthSea_Web/demo/jsonfile/2017-12-16-21.json
{"header": {"parameterUnit":"m.s-1","parameterNumber":2,"dx":0.1,"dy":0.1,"parameterNumberName":"Eastward current","la1":29.0,"la2":12.0,"parameterCategory":2,"lo2":131.0,"nx":250,"ny":171,"refTime":"2017-12-16T21:00:00","lo1":106.0}, "data":
[rows 95 to 113 of 171, columns 43 to 85 of 250]
0.0,0.0,0.0,0.0,0.0,-0.057528518527196239,-0.1151016577205155,-0.30674918218940295,-0.33789320821049568,-0.36659964277194096,-0.38731706250797621,-0.38977473291258019,-0.39384216141133083,-0.3647066848842721,-0.36315764622254804,-0.39163861886875051,-0.42236077434876385,-0.43526609521359205,-0.48884638771414757,-0.44638415786527819,-0.36309651384751,-0.20337570259968441,-0.208366295387005,-0.26531375100215276,-0.33038137356440228,-0.43352613469650003,-0.52944132884343464,-0.55575172390256611,-0.62901372194290162,-0.55690411584717892,-0.47955169280370075,-0.46537951738746081,-0.40741043910384178,-0.40444004748548779,-0.47920059716259994,-0.50441505888412741,-0.50551516811052954,-0.5328433472534706,-0.51748976799157953,-0.51804272945110619,-0.50512923454416214,-0.44296068787574766,-0.41411939057810554
0.0,0.0,0.0,0.0,-0.024099699282205862,-0.11651293697940322,-0.25418091677529836,-0.36544468253850937,-0.37605756035317545,-0.39525265399723836,-0.40875630758025427,-0.40254912257194519,-0.38370471244508569,-0.4027752809226513,-0.4521397484673394,-0.46597173962837612,-0.41787384357303381,-0.4005768253947749,-0.34263214853502089,-0.32178983887036644,-0.23774256634301152,-0.21790864169597626,-0.30033538330878529,-0.36221179366111755,-0.40125323997603524,-0.50654249610724278,-0.51827409657938728,-0.54012811077492573,-0.517800310143718,-0.44632754474878311,-0.42868890806480692,-0.40339498336498553,-0.3541327306517848,-0.38222706317901611,-0.45444085391668171,-0.45839993600492124,-0.50137181236193729,-0.55300232023000717,-0.52936534010446989,-0.51104720788342617,-0.50103880961736047,-0.43737502672054152,-0.42337109093312864
0.0,0.0,0.0,-0.027967340397563847,-0.087654709218904656,-0.19985678804486823,-0.35776888428034481,-0.4076629882509058,-0.40281466039873304,-0.41000959890730243,-0.40521922310193381,-0.38883843024571735,-0.39924850585785782,-0.42121543274039314,-0.3669834324093752,-0.29208031793435413,-0.2072106169802802,-0.21694563244070325,-0.31779467761516572,-0.32818003815989338,-0.26731486778174129,-0.29942781671329782,-0.36453034959990405,-0.40345781615802218,-0.46931152152163641,-0.407556904801007,-0.42492978550769667,-0.51181016223771236,-0.46306865634741606,-0.40561001747846603,-0.35618921120961505,-0.34425232878753115,-0.31181558860199793,-0.36502399086952209,-0.40838178109239648,-0.4247688983495419,-0.48673403688839506,-0.53887493240422213,-0.54045148537709164,-0.51327755716111922,-0.46594199996728164,-0.40676758119038176,-0.42480260685638144
0.0,0.0,0.0,-0.061755188378285517,-0.13600004689311082,-0.29517160807886433,-0.40132592854991794,-0.43732825577259066,-0.44241009880514703,-0.43392811803256764,-0.42019157484173775,-0.41651424135153109,-0.40535197136077011,-0.35625088723694404,-0.23783110887617678,-0.18467626803451115,-0.2625979610851833,-0.346660777926445,-0.39137336303447856,-0.3163338815793395,-0.27327358722686768,-0.38435220204550646,-0.45265691368668165,-0.47593744150523482,-0.41559216486556189,-0.36657324007579256,-0.48139503491776331,-0.49048446348080266,-0.47196940470624854,-0.41413830327136175,-0.35867361380503726,-0.31874046474695206,-0.33857354300993459,-0.36570196681552464,-0.372217641822223,-0.37996716338854569,-0.458720394051992,-0.512810617685318,-0.54810882466179989,-0.51126851417400221,-0.44179077703377295,-0.40372855846698469,-0.41672418117523191
0.0,0.0,0.0,-0.077108679824524712,-0.23624980064670434,-0.35064436495304108,-0.40313228244582811,-0.40603802787760895,-0.42415074597705493,-0.41667457197753477,-0.4390503118435542,-0.38301251433333572,-0.33051062938643666,-0.24289451176073493,-0.23219464915363411,-0.251443749195651,-0.35667807056057838,-0.41850384374459587,-0.34971206386884052,-0.31652239878331462,-0.35639871976205278,-0.43453524112701414,-0.49392608630246132,-0.44604633803720828,-0.36619565199161397,-0.43469838301340741,-0.49618426958719891,-0.51762547537132542,-0.48560115694999695,-0.414598394717489,-0.36336936473846437,-0.30710771348741317,-0.30766680410930086,-0.32860555030681471,-0.33013317465782166,-0.33101712226867674,-0.389702778841768,-0.473041013947555,-0.50081889266553137,-0.47943758523022689,-0.42939611810904282,-0.41356595548299641,-0.41862957847529442
0.0,0.0,-0.05200847118228142,-0.13971883231367338,-0.31970396952900459,-0.36553355632601559,-0.39130003582266043,-0.4518652549646433,-0.45991455242037771,-0.45683346462972235,-0.44905918607344997,-0.34829651791116467,-0.32573360999425255,-0.30541124328588826,-0.262659702450037,-0.39015383778079865,-0.38348468524568219,-0.38385985791683197,-0.39190899941229052,-0.41831855688776287,-0.39903931692242622,-0.46367072314023972,-0.47817386190096539,-0.34698053886150493,-0.38070023632966554,-0.42537741363048553,-0.46765244645731791,-0.48580803206333745,-0.45463830674136124,-0.40488089408193317,-0.36644918643511259,-0.3022230938076973,-0.26356602818877611,-0.26617816942078726,-0.27751609802246091,-0.27836934504685579,-0.33801115934665388,-0.42287480143400341,-0.44236597205911365,-0.43503946542739869,-0.41888042711294615,-0.40773006954363417,-0.42125531572561997
0.0,0.0,-0.033521477105086191,-0.18025597360011347,-0.35851447963204225,-0.42179573995286018,-0.44064012805620828,-0.44406984355843182,-0.43327281382176785,-0.43953197094110341,-0.42624550356584434,-0.30004292856092041,-0.4122640220231788,-0.514074681699276,-0.45169654914311,-0.39912432589029012,-0.427896957505833,-0.443075800483877,-0.40208632566712121,-0.364174308521407,-0.40343641063996721,-0.44423538744449614,-0.37737312167882919,-0.34139898860896073,-0.36316501774958204,-0.37740417889186312,-0.425758207482951,-0.43209975106375559,-0.39417337225033688,-0.36379925630710741,-0.32215975798093355,-0.25740030673997744,-0.25717954933643339,-0.26702243462204933,-0.27918715889637286,-0.26876029830712539,-0.31245051324367523,-0.37335022091865538,-0.40192888677120209,-0.40526402455109817,-0.38131582736968994,-0.35521140217781066,-0.35989376100210041
0.0,0.0,0.035445041457624372,-0.21291190442134814,-0.36068921650528279,-0.42553961741607,-0.46619833691252605,-0.4836729065837147,-0.50113477812537666,-0.45994132605649657,-0.35164000749588015,-0.28382472626187583,-0.4123676858450237,-0.473993648548384,-0.43378398759024484,-0.3689536339250104,-0.35744858998805284,-0.33592251794678823,-0.32988725176879335,-0.39802276449544088,-0.44652943100248066,-0.36310421675443649,-0.34044332270111355,-0.35809024947660939,-0.3569449307741942,-0.369032013629164,-0.39312525666677034,-0.3835925853252411,-0.35422937185676012,-0.30802876928022932,-0.26799669384956359,-0.23179439648433967,-0.23467248391646606,-0.25742917827197481,-0.27978644520044327,-0.25712638520277464,-0.276974755525589,-0.32800231487662707,-0.37151623249053956,-0.38642082895551411,-0.35529527600322452,-0.31438945174217225,-0.29208752856804776
0.02309955358193715,-0.054011699345816545,-0.18877249522762413,-0.38456580393060952,-0.44017859866552034,-0.472513345144961,-0.46605902444571257,-0.49968275482501456,-0.50758165845999847,-0.45459971654004067,-0.41326636936929489,-0.38128751807096528,-0.3574250517856507,-0.39954199714045369,-0.36632449337930389,-0.33015807930912289,-0.3459648153474254,-0.34101213771721411,-0.37186735762017115,-0.38652779268366949,-0.33231872213738306,-0.33780468503634137,-0.3566050573631569,-0.37613792373583865,-0.35716759585417235,-0.35469366550445558,-0.37996421860797064,-0.37694822086228263,-0.33535740852355955,-0.27090502889068041,-0.24322565727763706,-0.226077689574315,-0.24736355304718016,-0.26130443563063938,-0.28515586733818055,-0.26253580473936522,-0.25424271159701878,-0.2861263966560364,-0.31634129690272467,-0.33453143760561943,-0.31988093877832097,-0.28678765090612263,-0.25622556420663994
0.031935116583316173,-0.15101882895800042,-0.45501701944764611,-0.48370333055761411,-0.48977963957521653,-0.50526556970904746,-0.49605631200890793,-0.56989249008373144,-0.50397197093282431,-0.44494959196219075,-0.4190402825673421,-0.40240334915487391,-0.34760322202654448,-0.328162781894207,-0.32446757439644108,-0.27978743788074045,-0.30333458760689047,-0.31275275562490734,-0.31481790755476269,-0.283856349962729,-0.3073728137782642,-0.35362800183119597,-0.38611094929553846,-0.39349878787994386,-0.3625337077038629,-0.33023362778700316,-0.33507067996722,-0.34867984514970046,-0.30717793852090836,-0.26438637660897296,-0.24798108572545258,-0.2296560280598127,-0.24276984179461444,-0.24867872536182403,-0.28541640639305116,-0.2913181459903717,-0.26607821881771088,-0.24546258096341733,-0.23718376333514848,-0.25016082882881163,-0.25911100953817368,-0.265599497490459,-0.27177377939224245
-0.35838120123411915,-0.48444648152217268,-0.514420395600817,-0.53389588018896383,-0.56590589321576634,-0.53919501355255894,-0.56472188184658689,-0.56184679501586487,-0.45741291367090664,-0.38694987116858015,-0.38116287748988081,-0.38539746829441618,-0.33402194827795029,-0.28197713004004571,-0.24806593550789741,-0.25328637351249828,-0.28634532541036606,-0.26289497315883636,-0.25239462086132597,-0.2570770162123221,-0.277310773730278,-0.30383971218879408,-0.33099704870471247,-0.36332053519212282,-0.35478721062342328,-0.32613594162053078,-0.2961125101732171,-0.30078961451848346,-0.28859855578495908,-0.25176822164883983,-0.23278224582855517,-0.20715864775357423,-0.22096537454770163,-0.26288568200888457,-0.3248500084877014,-0.33207005924648708,-0.3059467893579732,-0.26542694522784305,-0.22251957379005574,-0.2131942602850142,-0.22957582995295525,-0.26388304987374472,-0.29097060958544413
-0.46150499799323547,-0.51185213300591836,-0.57606393321132887,-0.58588432800563084,-0.59061871808150723,-0.61885581940532208,-0.55829041506968391,-0.48656176879436153,-0.42178733990742612,-0.36789368127667627,-0.34611650424845081,-0.35727991536259651,-0.3052164727243884,-0.26423216636838587,-0.23520232896719659,-0.23101437145045825,-0.2299448213091603,-0.2004815334720271,-0.18402991968172569,-0.17806488109959495,-0.19352736209447569,-0.21662138788788407,-0.26025325000286104,-0.28721430324591124,-0.30848513709174263,-0.31663677669488466,-0.27340880809006868,-0.27215257401649767,-0.30628768411966473,-0.2911098301410675,-0.2536625470276232,-0.23463108122348786,-0.23558578252792359,-0.26085747612847221,-0.2942792116491883,-0.29922885390428394,-0.300337457886109,-0.28963106989860532,-0.25425745397806165,-0.22534513122895183,-0.23275170524915059,-0.26575846157290717,-0.2951691746711731
-0.53958183399359727,-0.61938541241797151,-0.6518112994879911,-0.66900308459799807,-0.663403548692402,-0.61538902362552261,-0.56673263322632272,-0.510544257859389,-0.46683044840649862,-0.38229241876891162,-0.35872294604778288,-0.33747666329145432,-0.2919501878064254,-0.23584651775085008,-0.22017443239688872,-0.20432466506958008,-0.1702854223549366,-0.16441772239548819,-0.14087558147453128,-0.15738954919355888,-0.17254686036280223,-0.17131927192211152,-0.24492931676407656,-0.3011231262769018,-0.2921411084632079,-0.26601937592029573,-0.21347208493030989,-0.22136925938336746,-0.27938103331969333,-0.28381061792373657,-0.23071696188138879,-0.19825579702854157,-0.17694603713850179,-0.17647374692288312,-0.18966693120698133,-0.20689104756583338,-0.24779647317799655,-0.28066978209158955,-0.28537102739016212,-0.257054084113666,-0.24135140453775725,-0.26107041266831482,-0.28519275784492493
-0.56370114352968,-0.64307051860704656,-0.663868006003105,-0.70785491838774273,-0.63315936080514124,-0.59271243095397952,-0.52553779684321977,-0.51789255804485745,-0.43358293856893265,-0.35836935524017582,-0.34049114699547106,-0.33675135506523979,-0.28995992422103883,-0.25962502050858277,-0.25288746416568758,-0.20044193804264068,-0.17370282058362607,-0.18328206300735472,-0.16518004467854133,-0.19872982427477837,-0.20558708676925072,-0.19332973224421343,-0.21981610873570809,-0.27042457699775696,-0.27412450313568115,-0.24140835139486525,-0.22921447591348129,-0.24803113043308259,-0.23474255204200745,-0.23863963640871502,-0.22756597967374892,-0.20504553616046906,-0.19134023562073707,-0.17477781400084497,-0.17731154513986489,-0.19365060066475587,-0.21886549627079682,-0.25158133010069528,-0.2929189865078245,-0.28409220392887408,-0.25226252898573875,-0.25167546314852579,-0.27400832374890643
-0.54506921229952554,-0.61194972926420521,-0.71143611480099289,-0.67702915975313149,-0.62246855388988143,-0.59846110068834746,-0.58295649226675639,-0.45893137114388605,-0.3831545920283706,-0.35682280421257018,-0.3324370522584234,-0.3034109461766023,-0.29213315138110407,-0.29380899561303003,-0.28712228792054312,-0.25129326060414314,-0.23598837746041163,-0.21517885762911576,-0.1998912811279297,-0.212122714725034,-0.22713482666474122,-0.24934164047241211,-0.26724360539362979,-0.28099452376365663,-0.27505936052488245,-0.26180406368297077,-0.27535240546516748,-0.29877468808130786,-0.30263679793902803,-0.31142030358314515,-0.34657518863677977,-0.3180784943856691,-0.28934887522145319,-0.2633875934407115,-0.24273583386093378,-0.23510088984455382,-0.22623212039470672,-0.25519060716032982,-0.3083660403887431,-0.3121304027736187,-0.28167983517050743,-0.25992378166743685,-0.26557980974515277
-0.65903329872802308,-0.70446089584641,-0.66972750369892564,-0.66018346729485888,-0.66655814003300018,-0.62416611380047271,-0.5197736223538717,-0.438521075865318,-0.40751435279846193,-0.38370645598128988,-0.32037591295582907,-0.28663598977286242,-0.30561180093458723,-0.322874726993697,-0.32190775232655661,-0.30896967649459839,-0.26909698599151205,-0.2349227980843612,-0.22845532411131367,-0.24544730094762948,-0.27594362571835518,-0.318207825422287,-0.32773875551564352,-0.31683610185332922,-0.3164842389523983,-0.33118459830681485,-0.34679201651703229,-0.36362386743227643,-0.34993477557834823,-0.35883035212755204,-0.37554548680782318,-0.33673899313982797,-0.29024804197251797,-0.2540847937266032,-0.21769553124904634,-0.21490026322694925,-0.23145831227302552,-0.29216402396559715,-0.34876592457294464,-0.33605555125645231,-0.29466096560160321,-0.26139780282974245,-0.25127206742763519
-0.72061203402209,-0.67533580360621437,-0.72061988897621632,-0.71896403602191383,-0.645656241927036,-0.56816066056489944,-0.50827906749866625,-0.46740675431031448,-0.44721916317939758,-0.40044914031850881,-0.36514324269124437,-0.35943309907559995,-0.35812651149688229,-0.34250178548597521,-0.33585761208087206,-0.32601401498240812,-0.27969550572592639,-0.26918986728114469,-0.29152288313569696,-0.32566279470920562,-0.36617350119810838,-0.38640836413417545,-0.382622793868736,-0.359961256980896,-0.35841990232467652,-0.37183747343395068,-0.35962016241891043,-0.36883911632356192,-0.38745609239528056,-0.36872294858882304,-0.36336633364359538,-0.34303223093350727,-0.3186142849070685,-0.30313695073127744,-0.27149804060657817,-0.258926046165553,-0.28964123400774872,-0.33511054515838623,-0.35677061336381094,-0.3395832436425345,-0.29441027839978534,-0.25955671370029448,-0.23593978583812714
-0.66633597651465992,-0.76872405630570872,-0.77319606620332471,-0.68669314554759431,-0.6454801353914984,-0.59150373935699463,-0.5218329131603241,-0.49014511385134291,-0.47432922803122424,-0.43718105650717215,-0.43902442784144963,-0.426199309729241,-0.40734317989060376,-0.37214779582890595,-0.3354715621098876,-0.31363371658969569,-0.27712734901543817,-0.2899404231346015,-0.32609763831803296,-0.37408115556745819,-0.38911802389404992,-0.38002507953808223,-0.36082909230528204,-0.35237776660002196,-0.36072652041912079,-0.38776766970044091,-0.4134702276099812,-0.41072573122524081,-0.40731331706047058,-0.36512667724960729,-0.37741632014513016,-0.37703012781483786,-0.38461743508066448,-0.39089033007621765,-0.36826618964021857,-0.324837478724393,-0.30477727452913922,-0.31207102164626122,-0.326167494058609,-0.31910043954849243,-0.28715996742248534,-0.25718344748020172,-0.23820711175600687
-0.72587838683809558,-0.83980738776070729,-0.78143028219540911,-0.69079788128534958,-0.6575030317673316,-0.59105254544152153,-0.52354521663100628,-0.507724745074908,-0.48060848005115986,-0.48841452072648439,-0.4925190243456099,-0.4813586047717503,-0.47056612999815689,-0.41587767553956884,-0.3590032032557896,-0.33446145140462452,-0.31803108045929357,-0.33016836878500488,-0.36346917170466797,-0.39676273349792729,-0.38570303221543628,-0.3680665999650955,-0.37468830264847852,-0.38940573483705521,-0.40166800067974973,-0.43534624576568604,-0.49958980083465576,-0.48442953990565407,-0.41622473113238811,-0.3853500419192844,-0.39949938158194226,-0.39497778216997781,-0.39066292230899519,-0.39053255319595337,-0.35114170014858248,-0.30375383794307709,-0.27097494072384304,-0.2744000454743703,-0.296813224752744,-0.31074671447277069,-0.28999529033899307,-0.25966750383377074,-0.24750553071498871
