SouthSea_Web/demo/jsonfile/2017-12-15-07.json
{"header": {"parameterUnit":"m.s-1","parameterNumber":2,"dx":0.1,"dy":0.1,"parameterNumberName":"Eastward current","la1":29.0,"la2":12.0,"parameterCategory":2,"lo2":131.0,"nx":250,"ny":171,"refTime":"2017-12-15T07:01:52.5","lo1":106.0}, "data":
[rows 19 to 37 of 171, columns 126 to 167 of 250]
0.0,0.0,0.0,0.0,0.0,0.0,0.0,0.0,0.0,0.0,0.0,0.0,0.0,0.0,0.0,0.0,0.0,-0.0034129742157149494,0.046873107809230707,0.046460469115794864,-0.0730824356232288,-0.19812043112213329,-0.18364084139466286,-0.17490098739074447,-0.13372053518410651,-0.11020156234735623,-0.051017794690994642,-0.026680565204802213,-0.013674949681976946,-0.033126939876726075,-0.048555560667361865,-0.0946127080491611,-0.086135670829277769,-0.042430147257012628,-0.030810364225709982,-0.075450377682080641,-0.088901699831088379,-0.10224286268154779,-0.14603260507186253,-0.1459363836508531,-0.14546204019676556,-0.11211792007088661
0.0,0.0,0.0,0.0,0.0,0.0,0.0,0.0,0.0,0.0,0.0,0.0,0.0,0.0,0.0,0.0,-0.030957887080148794,0.063774736285822531,-0.0014207357924293181,-0.077478911422174959,-0.18858186466925181,-0.14227386344324,-0.16496616655162402,-0.12184722820917765,-0.08899833017685374,-0.047639397500703735,-0.0065457938040641168,0.011282222247165111,-0.017118181550519213,-0.035282551818950611,-0.063041819958016276,-0.098078583868650288,-0.0675932034276999,-0.057929334315386688,-0.055536224506795406,-0.036580110589663185,-0.036100434139370918,-0.10725823864340782,-0.20227663218975067,-0.19288143143057823,-0.19304912909865379,-0.16345049227987016
0.0,0.0,0.0,0.0,0.0,0.0,0.0,0.0,0.0,0.0,0.0,0.0,0.00066632386005949229,0.0,-0.0038293892357614823,-0.03087421187410655,0.033064418562862553,0.05309806285046139,0.05485405466616057,-0.10173602231079712,-0.14101383167094198,-0.15577233797412807,-0.12720795890741182,-0.11234729078908762,-0.10138041611577643,-0.069790650768713519,-0.038586583030833441,0.01194536756458027,0.020394120925899456,0.020446875685593113,0.0033688072580844164,-0.051724912455448739,-0.094033827384312943,-0.073648776181719514,-0.035023616510443389,-0.020615801634266972,-0.042627355828881261,-0.091420956328511244,-0.17109118508441107,-0.18528465429941812,-0.20184632142384848,-0.17799562215805054
0.0,0.0,0.0,0.0,0.0,0.0,0.0,0.0,0.0,0.0,0.053329989224247983,0.035330857493035078,-0.043955087767984222,0.010866808549508278,-0.049532259239320732,-0.029761290088464971,0.0065998127162248182,0.0035852439228847288,-0.066776243536190341,-0.16012598976256356,-0.14626982051037973,-0.13258918655930824,-0.12721314811605519,-0.10089174136519433,-0.047478759149920995,0.0050629769551881545,0.067767958395887867,0.080704114532896457,0.096181257749381271,0.068776608689835192,0.032524969647912419,-0.0042430548928678036,-0.098011443657534461,-0.086998131540086537,-0.04179602162912488,-0.053425534938772522,0.0047706765471957624,-0.022432166326325387,-0.05985536022732655,-0.12536702837262834,-0.18844963908195495,-0.18118880316615105
0.0,0.0,0.0,0.0,0.0,0.0,0.0,0.0,0.0,0.0,0.06384746028855523,0.07825023491058368,0.025358775221950177,0.0039306691678866884,-0.071398423470197342,0.0050777476960017038,0.066885784178807223,-0.033724863658119976,-0.094016246353151339,-0.12453674292191863,-0.10870643742382527,-0.13364598787192142,-0.090918603694687281,-0.003254843551609344,0.075906169087695027,0.070413616150184433,0.084707856799165412,0.10346877918793605,0.11554067191623506,0.035615026402999371,0.0033479106787126511,-0.019162809340438496,-0.04445908715327581,-0.048127638176083565,-0.096839110959659927,-0.062300636665895581,-0.0038708121865056455,0.012389495658377806,0.03745051845908165,-0.030555375851690769,-0.10372464060783386,-0.16988277932008108
0.0,0.0,0.0,0.0,0.0,0.0,0.0,0.0,0.0,0.0,0.083202062146246938,0.15933448869784894,0.049562285733050125,-0.11963059935555052,0.1831832588800785,0.18365856509457351,0.068675367199634074,0.018466608587426814,-0.084053179293819891,-0.0871202384657932,-0.11071161721502582,-0.097850987687706947,-0.030931564022986486,0.047974890868725445,0.069343551669431763,-0.049205421017748968,-0.0377817621837104,-0.076661972533911465,-0.0031870732570744372,0.041001277975738049,-0.038475832835372,-0.045087265815319758,-0.10978286216656367,-0.064682337641716,-0.047357102390378714,-0.010732331546023488,-0.012569659661191205,0.016026373161002992,0.045950956642627716,0.05265823844820261,0.041734490854044758,-0.035578650981187822
0.0,0.0,0.0,0.0,0.0,0.0,0.0,0.0,0.0,0.0,0.0201186566367088,0.04961232718019544,6.0738556411316883E-05,0.068424298374865869,0.19945461687273539,0.18459635249851272,0.13460411835064412,-0.075547935617332529,-0.046919459216844511,-0.09528809317730759,-0.0660952670580667,-0.058857535331269667,-0.018195133618127298,0.018658037297427654,0.049350648736342408,-0.072549614682793612,-0.12067733146250248,-0.1111376943687598,-0.16454364322125911,-0.0105367826555656,0.012794472595227749,-0.022338141221553087,-0.03226415763492696,0.022976298257708548,0.053712318418547511,0.077661680678526565,0.063580854563042521,0.064163448661565786,0.048741788292924561,0.060193421053034921,0.10783750265836715,0.11790208305631365
0.0,0.0,0.0,0.0,0.0,0.0,0.0,0.0,0.0,0.0,-0.0060160711374399921,0.030863900456793481,0.0074830748343006955,0.010827242749011722,-0.021602764492854476,0.11826612723546402,-0.015387981330850236,-0.090865857734837949,-0.074052060681385215,-0.041466775169372375,-0.05222549922340973,0.035612030603390722,0.053112242035567761,0.073245920933956321,0.10463763907965687,0.13403432294726372,0.0433294410953143,0.0069148980435870941,-0.065854674780412625,-0.076474793337504648,0.019699205729094418,0.05487428791821003,0.13753684454907975,0.18580411467701197,0.18733455666473933,0.24317463859915733,0.17689715574185053,0.095928127566973373,0.082125992824633912,0.087238794565200811,0.10479409673384257,0.13437741994857788
0.0,0.0,0.0,0.0,0.0,0.0,0.0,0.0,0.0,0.0,0.062089217205842338,0.032851483739103148,0.027173450650236113,0.0665472515943279,-0.034827307530924161,-0.00819299112645496,-0.101816732603579,-0.07766574031601732,0.011550494208599308,0.019061593573170308,0.036155708694708417,0.0726687470831129,0.10124594557353041,0.08413893646664089,0.088041950355876572,0.090130316093564034,0.052137156779115852,0.03298216408706809,0.0041412945756746922,-0.010391269810497761,0.054967498965561391,0.15440525561571122,0.27721683494746685,0.29052332043647766,0.30669541160265607,0.319775390625,0.20771441857020059,0.18149262964725493,0.16498033276626042,0.14812669530510902,0.17026341812951223,0.17265701293945313
0.0,0.0,0.0,0.0,0.0,0.0,0.0,0.0,0.0,0.0,0.07832274936408419,0.086764828219357659,0.033516119197206228,-0.020001247302225168,-0.015865454278139249,-0.056949621140145172,-0.058200412929274033,-0.016356306043621083,0.010864204579515249,0.030888942129611265,0.0686749403195625,0.11941118044562118,0.10583264165018734,0.067382853096112222,0.05304877432408156,0.067155539559630245,0.033572964581914923,0.022757298609411173,0.05056248250526979,0.13030362049383776,0.1656447293666693,0.22816298604011537,0.29422757706858893,0.28778707555362154,0.29956815391778946,0.29190643876791,0.26452868680159253,0.23228736594319344,0.19953522458672524,0.19478130154311657,0.22198931127786636,0.22331330738961697
0.0,0.0,0.0,0.0,0.0,0.0,0.0,0.0,0.0,0.20899638900768824,0.21182243525612329,0.12611940736467742,0.039325684762044344,0.010926279657680249,0.0051119826956594408,-0.04701219711311256,-0.040490285646337179,-0.0092313843517331413,-0.0048344385391101245,0.030466679889782841,0.091425455444388917,0.13616924826055765,0.10605731918927162,0.076127050637171192,0.10661746253227365,0.12435075857987006,0.056790789589285851,0.093757662456482649,0.19998245934645334,0.27247923399720875,0.28541081226789033,0.31040191421141994,0.26315844058990479,0.30459787448247272,0.28316329916318256,0.24760295237813676,0.25565943334783825,0.23612555712461472,0.25145168229937553,0.25670039653778076,0.27608032118190418,0.29433160676405978
0.0,0.0,0.0,0.0,0.0,0.0,0.0,0.0,0.0,-0.0638640342195603,0.11065619022530668,0.099673658989922836,0.11096213413104503,0.011501726149324864,-0.056508828462189936,-0.030752430467948538,-0.032598438646434053,-0.016958875726347536,-0.010109663455110347,0.028951594249697447,0.051191381737589838,-0.0064485734910704196,0.020850657129331547,0.077510559814982116,0.08487841274057116,0.064597799132267639,0.083850675899731483,0.19118453860282897,0.28134979570613189,0.33487861922809053,0.27966587543487548,0.29596212133765221,0.26544228494167327,0.26730350852012635,0.20641624927520752,0.17099429729084173,0.16511073261499404,0.20733490437269211,0.26342111825942993,0.2984208822250366,0.3429889110001651,0.37318896976384247
0.0,0.0,0.0,0.0,0.0,0.0,0.0,0.0,0.0,0.0,0.033142994102601686,0.053811050084460993,-0.0043588815252031269,0.013487457566858306,-0.037096848928083022,-0.021152907511671346,-0.022683081540068793,0.0096674217560436,0.048450755348636042,0.048053453189574859,0.039311676237143968,0.040282162364981618,-0.089271487828729484,-0.045227374505096424,0.056307213918234296,0.064224669088919953,0.13921117782592773,0.27395820803940296,0.25075669089953107,0.31586963435014087,0.18796644608179727,0.19655508867331914,0.1330132782459259,0.099210257828235629,0.041841664484569004,0.076706608338281509,0.1522434904343552,0.19664447541747773,0.19280539182099429,0.137119150099655,0.18137250398285687,0.19123523968916673
0.0,0.0,0.0,0.0,0.0,0.0,0.0,0.0,0.0,0.0,0.025727222718573597,0.076291717618739055,0.055902854811139741,-0.037559902012024235,-0.0807244951908405,-0.04862630844997641,-0.016883495022538827,0.043063340794846965,0.072461570831055339,0.012202539310858743,-0.016633924827368213,0.090035004607800923,0.088911760983795954,0.084111968198647871,0.0947308185111199,0.053464294127796005,0.15979471090047256,0.20668313750310949,0.1295498391347272,0.1573914259672165,0.0824838971408705,0.12511167426904044,0.1297096498310566,0.18896895690875895,0.12681202821433543,0.12588117426882187,0.045046415959708007,0.026924326535259349,-0.026154454176624615,-0.12631656157855803,-0.14398593698084974,-0.053622154286131263
0.0,0.0,0.0,0.0,0.0,0.0,0.0,0.0,0.0,0.12468203313128892,0.13643280302109664,0.17501822588727869,0.10651722793728316,-0.045595883952531342,-0.084644057666477951,-0.037305207855458704,0.005628672220821803,0.045516853049701572,0.066334663745429776,0.066113813221454626,0.051558768659430952,0.11416709858595449,0.069107654005555172,0.017224096296424116,0.096444239169359208,0.077747135544600693,0.099863870408047326,0.023480904044117779,0.067946657600502169,0.096914399166901907,0.018212345849650983,0.016618486493825912,0.045596567160100673,0.12367825225616495,-0.02602241073663418,-0.13697123824178042,-0.22127589862793684,-0.36732732185295652,-0.29435081453993917,-0.092530144751071935,0.12525981734506786,0.2486330195903205
0.0,0.0,0.0,0.0,0.0,0.0,0.0,0.0,-0.0047969408333301544,0.075482385420235165,0.0485105125168207,0.051925512305225852,-0.045690998781229487,-0.0370039396042053,-0.087346109392290761,1.2896715914114163E-05,0.050460283546463439,0.082727521939097715,0.093096810506611338,0.092933488317898341,0.090370842255651951,0.10292836166918278,0.057864514918162906,0.029083443597690866,0.026909802975133061,0.0976577827334404,0.02405065417289734,-0.081722630808750793,0.042684472515247762,0.09658666568643906,-0.026354012234757345,-0.082328927449204711,-0.057145245346383981,-0.0488472920731597,-0.25045234829187391,-0.49255489914313605,-0.41481306403875351,-0.22245776723138988,0.026877542447227124,0.19492458027629514,0.2972618242104848,0.44385924190282822
0.0,0.0,0.0,0.0,0.0,0.0,0.1273826811552598,0.020002145731326429,0.025587106008149965,-0.012348779710009694,0.004396780320337113,-0.025600831573856772,0.038728103943867609,-0.017544759310990702,-0.059049015497159282,0.045735167748904945,0.083348094406774487,0.10060780860008077,0.10446576001804049,0.061037047908434436,0.067410146140239449,0.041402031396241261,0.0016409707688061254,0.051865674877682559,0.0087329838683621753,0.095140925720334057,0.041287143123694338,-0.098039638115248337,0.019076394056005832,0.026948038200359969,-0.1337118453922726,-0.21336200920974507,-0.15237606037408114,-0.1333897516131401,-0.29342825072152273,-0.42280490199724835,-0.1665284237306979,0.15345349808533987,0.40384895768430495,0.45594679117202758,0.41234350905698891,0.50870676239331558
0.0,0.0,0.0,0.0,0.0,0.086936335471507753,0.30297212451847833,0.33811218117121966,0.16519261070139085,0.08810887523386704,0.032842747435858181,0.10313528057942369,0.19600921635674887,0.022089932513294545,-0.0055001929383901626,0.076493378088343889,0.092472850744213381,0.086651275409202949,0.06673620749068887,0.019765767193729838,0.001726676146650026,0.055642902277983151,0.053870472591370344,0.069851094824743679,0.1099635448306799,0.1596659372250239,0.19863393663295678,0.15481800640768864,0.22395600005984306,0.32005649484520737,-0.029087358173234639,-0.33321535587310791,-0.20096484910358081,-0.091545953860749374,-0.17270675576899364,-0.149778345044559,0.14288791688159108,0.34984370321035385,0.54511330786504242,0.51322696489446307,0.3872382798615624,0.50458152405917644
0.0,0.0,0.0,0.072931340197101235,-0.13156285527039249,0.0,0.10410873197498873,0.2624187149970299,0.23916807803884807,0.41177657951064645,0.3933585376168291,0.29303905771030697,0.15825430639497526,-0.019782566221624193,0.019298023705687228,0.060084950683985727,0.05710413332025592,0.046837110368704256,0.050300207534214346,0.0240181841739198,0.0058708829320191095,0.016416951192594651,0.030330581133495325,0.10029434844851494,0.17657775431871414,0.24120396507136963,0.33665924464784019,0.3202583414057027,0.290343864262104,0.32754193065875725,-0.046999273843370208,-0.36228530187355845,-0.28000964918013277,-0.04061626479960978,-0.045332350892325242,-0.112337573703068,0.1590529551419119,0.26417257498811791,0.42465948065121967,0.45793456733226778,0.38110887303071861,0.42298644449975753
