SouthSea_Web/demo/jsonfile/2017-12-16-14.json
{"header": {"parameterUnit":"m.s-1","parameterNumber":3,"dx":0.1,"dy":0.1,"parameterNumberName":"Northward current","la1":29.0,"la2":12.0,"parameterCategory":2,"lo2":131.0,"nx":250,"ny":171,"refTime":"2017-12-16T13:58:07.5","lo1":106.0}, "data":
[rows 76 to 94 of 171, columns 43 to 85 of 250]
0.0,-0.016247961230957033,0.0,-0.028620867156668714,-0.25134937078692021,-0.0484116074151452,-0.039423857536708372,-0.031896931957453488,-0.029753337206741066,-0.082215002782974556,-0.025586041645867003,-0.018324914518096092,-0.040166645000378288,-0.040179185683910663,-0.055690557998196596,-0.18008565560716097,-0.17913901917636393,-0.19812006637698315,-0.23821721906247345,-0.24698168595631917,-0.25295986599392362,-0.28580161795187531,-0.32900639591009723,-0.32389949766489173,-0.26880260990626775,-0.21067775937094205,-0.17854249225212979,-0.19837710069071862,-0.25206102001464975,-0.30563460669275055,-0.30882609648219611,-0.28837150592228461,-0.23545742009655904,-0.20504386596760507,-0.19321896657347679,-0.19633439078665615,-0.15743662732637534,-0.10847197830677033,-0.093794386929426432,-0.075376355205662549,-0.073434802313004768,-0.04790064548807485,-0.025277830551956492
0.0,-0.030835436934235263,-0.0094708745288450951,-0.20224421774676046,-0.10220238322167971,-0.0550361029085169,-0.060822821926811467,-0.044156354058671882,-0.034851965058697476,-0.037798229357873907,-0.02204398347863129,-0.034332048447270481,-0.092883764083186784,-0.12733450641886132,-0.077276087055603668,-0.17307358381689572,-0.27732997400275733,-0.28330982836984819,-0.25916422833688557,-0.22865601629018784,-0.21996057948895864,-0.23166264841953912,-0.21760972689336805,-0.16800743770801416,-0.15138035531227406,-0.15205806866288185,-0.17925809226075157,-0.21522812765152727,-0.26552400887012484,-0.33643539301280317,-0.31899809986352923,-0.26838545235139982,-0.21391699097373268,-0.17266225740313529,-0.16365829883859709,-0.1571021271603448,-0.12761621218588617,-0.096863919310271746,-0.0816165813141399,-0.075130734712846814,-0.084536103339030819,-0.05033540353178978,-0.014419857278251303
0.0,-0.050239657125833524,0.060302664130770164,-0.0565060014532816,-0.15064222024132809,-0.10409943590109999,-0.076727467410741962,-0.0587256679777056,-0.041093529130403809,-0.029729765312125286,-0.048068221691729765,-0.070219996012747282,-0.14583228027512288,-0.22069534129005367,-0.19708393430036883,-0.16275456162362262,-0.24650151354651298,-0.32057079176108044,-0.29261569904558588,-0.25142585009825036,-0.21381120609514642,-0.18603421002626419,-0.17304820294181506,-0.15419699696072362,-0.15824027414675113,-0.17687458874749357,-0.20376976553736062,-0.23688526425445289,-0.27616270139055737,-0.29697025263750992,-0.26211127245201254,-0.22121785093958563,-0.16614739624959118,-0.12663787454366685,-0.11469905563565187,-0.10367663968354464,-0.085638873077727648,-0.068864490588506064,-0.0707896715931354,-0.080528558631028452,-0.078413674297432109,-0.076609925925731653,-0.0785834650695324
0.19019506973777425,-0.01995858548049766,-0.069463406268249137,-0.12943554508900787,-0.16342501393240741,-0.13346540075209407,-0.0986283752277042,-0.072732648985870813,-0.04841049116546825,-0.04731031545137955,-0.090491419347623989,-0.14787069506059258,-0.12821990497676389,-0.14878437654780491,-0.19126642110018893,-0.19532453988989193,-0.18543053269386292,-0.19003120040307281,-0.1884405024606606,-0.20715985874660681,-0.2101133213988666,-0.17814620445340368,-0.14548251820060443,-0.1452645632353696,-0.16156868559533152,-0.16742321595830736,-0.20317016599270013,-0.20988443639932894,-0.22473197430372238,-0.22464130689268527,-0.21865386466185252,-0.20539021262755761,-0.17457535304129124,-0.12499901460749763,-0.096950302667477548,-0.082939346179817658,-0.064472022676660162,-0.05005585260946175,-0.041470850479196415,-0.058289485983550549,-0.07361103228672787,-0.0815840519964695,-0.10652165833328452
0.38181268135904245,0.030810819979509973,-0.11816946888861597,-0.1710864294478609,-0.20132356694265574,-0.16431038600928855,-0.11714376149506404,-0.088360891138252462,-0.084414590465820435,-0.089245795671428957,-0.12339313707109224,-0.11761803619031395,-0.139307483340855,-0.14804600667758067,-0.15486246427255018,-0.17085218918128092,-0.1777435783612526,-0.17992399806777637,-0.18688297549546776,-0.19052606255843721,-0.18411328590341977,-0.16522518413908341,-0.15561908927369625,-0.15425945656455081,-0.14403148445972178,-0.15680165025922987,-0.16550281271338463,-0.18221178012234823,-0.20602157227694989,-0.20046687479081907,-0.20897932392027643,-0.21174639156636069,-0.17826821871342197,-0.14410395247320976,-0.12010083720088005,-0.087214513548782888,-0.058446451305196837,-0.047308870073821813,-0.0640372706290621,-0.085904565053405588,-0.0964505304582417,-0.1159996473789215,-0.137380872964859
0.00036393380598347705,0.049635274958863891,-0.069293686948496108,-0.22545683442940484,-0.27196545480636131,-0.20557402207383088,-0.12548844620846866,-0.12317686527967453,-0.14263255363803798,-0.081074542287042584,-0.0975361501552024,-0.1052931294377361,-0.12019267824829602,-0.14240212507289032,-0.15004961515466372,-0.16464565563620182,-0.1722440726932932,-0.16709003140006148,-0.15491015931307259,-0.15035363221377657,-0.16058833812767603,-0.16873166027168432,-0.17131918278478442,-0.16244016167445061,-0.14483759081677386,-0.14872258627100995,-0.15322883020747791,-0.16812757624162211,-0.18599839327913342,-0.19009839650243521,-0.201344879809767,-0.19378905717668862,-0.18455762358812186,-0.15612670459917613,-0.13119832205551643,-0.12245160527527332,-0.10163135969868073,-0.10494558954680408,-0.10481301372249921,-0.10509105041049995,-0.078131432911115031,-0.064840382172001734,-0.06277133810978669
-0.028260998169167176,-0.046940296956010347,0.014366771356772832,-0.13661590279304089,-0.29248669429829244,-0.23752112239599227,-0.13155219025377715,-0.13462578119902774,-0.15067695409564649,-0.12702730606342183,-0.10092156728108724,-0.0882022928888515,-0.10507201737370985,-0.13728634143869081,-0.1417240216224282,-0.14323521097158565,-0.14603366824713621,-0.14739155024290085,-0.14011133279440538,-0.13889085881564081,-0.14042073099509531,-0.16393867708169496,-0.17250458981309619,-0.13890811800956726,-0.14965566225124127,-0.158289167917136,-0.16133082635474927,-0.16733750998973845,-0.17648586410063286,-0.19680730391431739,-0.19137158989906311,-0.19482774688647345,-0.19387356605794695,-0.17247943061849344,-0.14101455553814216,-0.13581505819008902,-0.16115423917770386,-0.13850594311952591,-0.064536060988903049,-0.030770014738664031,-0.024348744432683343,-0.02919983325733079,-0.053583656151134237
-0.029129567929695167,-0.12583108954069239,-0.1951308041346019,-0.28294301945261841,-0.30457900805132732,-0.28296149635719042,-0.1616315030093704,-0.13961160104525716,-0.13286675294411593,-0.13940379149832968,-0.094532497612566782,-0.089986959197482119,-0.093297353177739864,-0.10780698366995369,-0.1316853520859565,-0.13537282960594826,-0.13768852923227393,-0.14254256008669389,-0.1269122294253773,-0.11733697514448847,-0.12734438654254465,-0.14700177131277142,-0.15391614011355809,-0.14460773567358654,-0.1418887570500374,-0.15339626577393761,-0.1753919175986586,-0.17223050969618339,-0.17349461809946939,-0.18062090014035886,-0.18599451395372549,-0.19452674740127154,-0.19778215197416452,-0.17778235158094993,-0.18886123359203338,-0.16719989306651628,-0.11809739642418347,-0.074680776202252927,-0.05264704260561201,-0.0521108154207468,-0.070203513320949346,-0.1195547106460883,-0.16544407685952528
0.0,-0.19241103126220241,-0.415342345666966,-0.71409073484440644,-0.69668651706590423,-0.48111739996317271,-0.24270993052867421,-0.14529682161907356,-0.11169434182586209,-0.11711465860487985,-0.099502044550159527,-0.089367671559254333,-0.091094450266272928,-0.10081219792366028,-0.11521808190478219,-0.13129094367225966,-0.13644951314498216,-0.12794519857399994,-0.12818459338612026,-0.12557371592882907,-0.12437394477667348,-0.13620987431756382,-0.14574471807905606,-0.14851569703647069,-0.15982260748192115,-0.15985527396202087,-0.1612926761691387,-0.17390239754548439,-0.17622098899804628,-0.17937932507349894,-0.18792674060051257,-0.18857026721040407,-0.18389662021193012,-0.22350494277018768,-0.17763315857603,-0.10497022190919289,-0.054643103927373884,-0.037838058002913989,-0.077307836762790016,-0.14763548917004041,-0.21816457541925566,-0.22613838756525959,-0.23923382659753165
0.0,0.0,-0.88704932000901959,-1.0014773645357453,-0.963237921542981,-0.70233964317976827,-0.46738205556298645,-0.14983543777658093,-0.10322368890047073,-0.0907000226101705,-0.080845806609701226,-0.080629272424444856,-0.084848920793034313,-0.10612351604198154,-0.1110822187943591,-0.12959972950252327,-0.13598249039866708,-0.14750672260235095,-0.13311189824137196,-0.11009698885458487,-0.11748101755424782,-0.12937551278334397,-0.13609550664058098,-0.15017777025699616,-0.15366608592180106,-0.16669688717677042,-0.16052054166793822,-0.14613137967311418,-0.15423983752727508,-0.16357260827834791,-0.17667172677241838,-0.20501897369439787,-0.23216686425385652,-0.21426256688741538,-0.11511823231423343,-0.071278359878946235,-0.09736360077347074,-0.12580512326072763,-0.15610543122658363,-0.19165771933538572,-0.26763936504721642,-0.28050238798771587,-0.23093948513269424
0.0,0.0,-0.97073888314234746,-0.90481301984366247,-0.88667210892719384,-0.62513661465129333,-0.49131917486707849,-0.14395355514716357,-0.10983108428697433,-0.097472140831606727,-0.088500241300574059,-0.07361771708185022,-0.077752064913511276,-0.0974960899666736,-0.12116330500805017,-0.12387970412770907,-0.12941608520654532,-0.14382099732756615,-0.13147515831170259,-0.13014115362117687,-0.13824808061122895,-0.13569333670394762,-0.12363019155768248,-0.12641870147652096,-0.14148564040660858,-0.144591073537695,-0.16260277594511324,-0.18027966641462767,-0.20455028282271492,-0.23134794888588098,-0.23886580937183821,-0.22041320359265362,-0.19326563289871923,-0.12276948216770377,-0.06095919191837311,-0.12011153720043323,-0.20201809389086869,-0.28765377788632,-0.32194905034426985,-0.32517459616065025,-0.28536202811769079,-0.23657975878034318,-0.185641633612769
-0.26286021009858312,-0.5374134995720603,-0.72999725023905437,-0.5810834632574261,-0.28171290594207887,-0.37097046991738564,-0.064590396407306239,-0.12812089356815531,-0.090594333991155782,-0.083253027577149238,-0.057443939952873717,-0.072869278490543365,-0.093091963657311025,-0.10833678178248866,-0.13411729295666403,-0.1359446020796895,-0.13986446349709122,-0.12811798602342606,-0.11699894672402969,-0.098980773240327835,-0.10702874196263459,-0.10668099245854787,-0.11269929796457291,-0.11069252755906847,-0.12336502909660339,-0.17421157271773727,-0.21851019230153826,-0.21919825902351967,-0.20973553756872812,-0.20699722623383557,-0.19061370566487312,-0.14034403964877129,-0.08959805621550633,-0.10945741459727287,-0.22648277745715209,-0.34832262591673779,-0.38893870071128561,-0.36599469780921934,-0.33232314627746057,-0.31699325751375268,-0.26830125523024589,-0.21281152129173278,-0.15510099704066913
-0.38695752376649717,-0.29292031941217145,-0.23206543533722618,-0.31370526645933428,0.14662737429824346,0.34863081901928733,0.18038694603318298,-0.018191700696288685,-0.065639074647524318,-0.078082475328335052,-0.0637482495284548,-0.076723164794119919,-0.096929703508653944,-0.1194237862472181,-0.14523825460466847,-0.15232781320810318,-0.16470502344546495,-0.13710824620944481,-0.12385554473709177,-0.1228761300444603,-0.11865863736186709,-0.11417669882731778,-0.094647711813449859,-0.092970365175494438,-0.15734249113925866,-0.21058725041371804,-0.22156763535279495,-0.22315735673462903,-0.20776251490627015,-0.14434196699697238,-0.071491850057133918,-0.081468406788728853,-0.16938269027957209,-0.2171159259699009,-0.34588374972343444,-0.43543865351841365,-0.40366682291030886,-0.32249667136757459,-0.25220172703266142,-0.18036057628118074,-0.12390362414029929,-0.12395275558034578,-0.16907317404236114
-0.23005982327858743,0.080013761079431436,-0.099568300300541437,-0.1546127810830108,0.53448721596006565,0.39665832885197905,0.099581895090761735,0.065024281733558842,-0.014718950640071267,-0.059320231167865653,-0.075960105728535426,-0.090179654619386124,-0.11063657590636501,-0.126583034241641,-0.14292760422596565,-0.15500635846897407,-0.13299590970079103,-0.12273411369986004,-0.11412947225783553,-0.10299236247582096,-0.086788852181699544,-0.077191153142069063,-0.05956112753067698,-0.10323353153136042,-0.18911380148850954,-0.24859267583599798,-0.28963276854267828,-0.22881322096173579,-0.088450879203155641,-0.000888227959096964,-0.04811675959111502,-0.20719583031649774,-0.312115462175731,-0.36738166442284215,-0.362991410952348,-0.31668780843416849,-0.29378979563713076,-0.25476603496533173,-0.19540840849794192,-0.16376291960477829,-0.15820753361497605,-0.19418359213861927,-0.20450060235129464
-0.018605050631378076,0.1977832019329071,-0.019690188816890983,-0.0056316084681891877,0.0,0.042918888257669381,0.022224659728883787,0.0712028705507576,-0.0042940094508230687,-0.07536513290622017,-0.11836705101387841,-0.1170939172485045,-0.13997478969395161,-0.16263487615755626,-0.15121158597798184,-0.15444517032853489,-0.15764584983217306,-0.12874206720755019,-0.080787115955147246,-0.034535118206231681,-0.011655092206118363,-0.015387860755034691,-0.0893657485452982,-0.17654545091349502,-0.259676530957222,-0.32606073662086771,-0.24485325316588083,-0.039734058266762518,0.014524230411132941,-0.056184657582047361,-0.20157397180795669,-0.25853948902200768,-0.30399021704991658,-0.38771769289787,-0.38504338154086359,-0.27619755038848293,-0.20342605454581125,-0.15395421783129373,-0.087011285126209259,-0.11944901794195176,-0.13218560963869094,-0.14905714530211228,-0.14954281016252935
0.0,0.0,0.0,-0.010148186350340472,0.0,0.0,0.0,-0.0635115184260369,-0.11299007944762707,-0.11344812384673528,-0.14601396503193037,-0.1650861075946263,-0.17575938639969663,-0.17545987617584966,-0.16014948622746902,-0.17377475861992156,-0.15079133164498113,-0.10020042077771255,-0.029152428746877783,0.0089372177590748524,-0.028760479962719337,-0.10798139999886709,-0.20086734765960324,-0.30003139487019292,-0.32490525509302431,-0.20042992536244647,-0.0050035905845176717,0.020074336158652461,-0.10551962487537551,-0.19228011783626345,-0.25960479235207595,-0.329339031819944,-0.35586696011679514,-0.34039995647393739,-0.28136355855635237,-0.17038987632151004,-0.10912755131721497,-0.062444818944766604,-0.049617755860090255,-0.080590781988576055,-0.085156486640053416,-0.076894257350691733,-0.058462797797151973
0.0,0.0,0.0,0.0,0.0,0.0,0.0,-0.23436577486641266,-0.21611763872206211,-0.16487352390374457,-0.18530860443909963,-0.20103659853339195,-0.20472468480919348,-0.17975460365414619,-0.17678628958040668,-0.16496673785150051,-0.11173652741929581,-0.025254206593923176,0.0054068972812242938,-0.067059603636153042,-0.16295782964805078,-0.24787598676406419,-0.29811832789451848,-0.26146539824980275,-0.14172357379424352,0.017270175756180083,0.0059716885111161643,-0.14094400074515892,-0.22067659348249435,-0.27564824478966848,-0.2956569492816925,-0.33861975647785048,-0.34164688653416103,-0.33940172636950455,-0.19931454658508302,-0.072709649865483422,-0.028792449690658469,-0.036158107799188842,-0.063946753620140018,-0.0854754386735814,-0.086664729924113656,-0.068903459768210135,-0.045678746645097378
0.0,0.0,0.0,0.0,0.0,0.0,0.0,-0.26607351847316907,-0.2932109098881483,-0.20126142917257367,-0.20876464598319111,-0.23391560847694809,-0.22329969309708653,-0.18712099889914194,-0.16784149890436845,-0.11867858283221722,-0.034422425589582417,0.022015200475888216,-0.049467612989246845,-0.12882803308386956,-0.19509460597202696,-0.19099925329972958,-0.14175200822024509,-0.069575088995474363,-0.039720506352993352,-0.075740210564358021,-0.12973157923530648,-0.22718361421273306,-0.31800932723742265,-0.32069516623461686,-0.330420512173857,-0.2955925790248094,-0.28804177275070775,-0.2850389900030913,-0.21085968006540229,-0.14680183738470076,-0.12163515885670979,-0.096873266553437268,-0.088679723165653368,-0.10279836698814675,-0.11154760952506747,-0.078852754728547456,-0.045502504540814295
0.0,0.0,0.0,0.0,0.0,-0.060592647033877359,-0.061757319644837279,-0.18888007512388669,-0.29867227893808612,-0.24146164254266389,-0.2430064130736434,-0.23328702551562611,-0.21230441965162755,-0.20655559711158275,-0.16044172644615173,-0.074756907264921152,-0.010466751203473125,-0.051916967290614187,-0.089009963596860572,-0.19029592978768051,-0.14275005931655566,-0.10061568096280098,-0.050578692876216441,-0.034998915457565873,-0.094322374463081365,-0.17683630170566694,-0.24919308611640223,-0.34041354060173035,-0.34851901288385745,-0.3426584005355835,-0.3074923242131869,-0.21719484031200409,-0.19963942066981241,-0.2070397162437439,-0.20006518264611561,-0.20199706137180329,-0.20147135688198936,-0.164388754301601,-0.10726934799860263,-0.099803826556755945,-0.11424693051311705,-0.088290975695209842,-0.031650754623115063
