SouthSea_Web/demo/jsonfile/2017-12-15-14.json
{"header": {"parameterUnit":"m.s-1","parameterNumber":3,"dx":0.1,"dy":0.1,"parameterNumberName":"Northward current","la1":29.0,"la2":12.0,"parameterCategory":2,"lo2":131.0,"nx":250,"ny":171,"refTime":"2017-12-15T13:58:07.5","lo1":106.0}, "data":
[rows 114 to 132 of 171, columns 0 to 42 of 250]
0.0,0.0,0.0,0.0,0.0,0.040679142034302153,-0.036027430449757959,-0.15543538788333536,-0.23731430371602377,-0.36182951643353417,-0.29913590765661663,-0.18154078622659048,-0.01610749150859192,0.068499894191821412,0.128570390244325,0.17592889815568924,0.23663620154062906,0.34299320975939435,0.43732749670743942,0.50420521199703217,0.53371282418568933,0.54717340071996057,0.52038244406382239,0.48025992512702942,0.44522445648908615,0.39558185338974,0.374043208360672,0.37885566800832748,0.36914699276288349,0.3400416026512782,0.29078894481062889,0.21605564281344414,0.12972151381628855,0.11789130046963692,0.12283101677894592,0.14557901918888092,0.14600053003856114,0.10975249856710434,0.066469137867291764,0.078846697050791517,0.051341335159829922,-0.012414272874593735,-0.038885000806422557
0.0,0.0,0.0,0.0,0.0,0.0,0.00904608698852172,-0.066823585956513776,-0.18723011749275662,-0.24144277881298745,-0.31608043475584552,-0.24436944921811421,-0.07737402431666851,0.028426505438983441,0.086802569528420762,0.15488686412572861,0.22366427630186081,0.31339949369430542,0.39911548793315887,0.47590135037899017,0.51409605145454407,0.52063707510630286,0.50112671852111812,0.46839394569396975,0.42243445515632627,0.40202965140342711,0.38880819082260132,0.3892495334148407,0.35963833828767139,0.35444605847199756,0.28788992336818148,0.19741242565214634,0.12889917443195978,0.13322726786136627,0.12626439481973648,0.14678315569957098,0.18646239737669626,0.17951005101203918,0.11220302581787109,0.025814607031255338,-0.012614676418403784,0.03238561862547483,0.036831928671083668
0.0,0.0,0.0,0.0,0.0,0.0,-0.030677968636155128,0.017493189777509875,-0.097365131827950063,-0.13864372535185379,-0.16552278931651795,-0.26298663616180418,-0.16116621904075146,-0.038721676782837937,0.063685104783092222,0.13364163537820181,0.19477770626544952,0.26141462847590446,0.33295058459043503,0.418121874332428,0.47117215394973755,0.47643494606018066,0.46331902593374252,0.4491804838180542,0.43750708301862079,0.39989079535007477,0.39861034154891967,0.44065412878990173,0.40761544182896614,0.39066579937934875,0.30830091238021851,0.2095655178030332,0.18718857318162918,0.20969214609691075,0.16643305122852325,0.15277787446975708,0.16033202658096948,0.10383368767797947,0.018910319707356394,0.041666876101358372,0.028137463668826967,0.028277672280091794,0.040549955776204231
0.0,0.0,0.0,0.0,0.0,0.0,0.0,0.0,0.0042470632350608091,-0.06094500854818561,-0.12615018080060297,-0.14865483809262514,-0.14623595774173737,-0.1314300244881047,-0.00403141737398174,0.085745202066997692,0.1686464250087738,0.22687594095865885,0.29312509298324585,0.39110963543256122,0.41107775767644245,0.41583997011184692,0.42996411025524139,0.42362840175628663,0.41816797852516174,0.39102539420127869,0.39995118975639343,0.43963164091110229,0.42595579028129577,0.31029089433806284,0.25253672649463016,0.22041695713996887,0.2186924879040037,0.23072424158453941,0.20654527246952056,0.1313997209072113,0.11347985391815503,0.04009996959939599,-0.040135474945418539,0.0031177201241147346,0.044502351846959859,0.052325427345931527,0.035800324045121672
0.0,0.0,0.0,0.0,0.0,0.0,0.0,0.0,0.0,0.0163647918824983,-0.021643495687243084,-0.04400796507781541,-0.078035689308308065,-0.11779391832268712,-0.038873452117995304,-0.043292560428380963,0.12614215444773436,0.17509743074576059,0.21697701513767242,0.28002686053514481,0.34700561563173932,0.3634253938992818,0.36675512790679932,0.37085040658712387,0.37729142904281615,0.36631790300210315,0.37331484045301166,0.4056422660748164,0.37825554609298706,0.28808470070362091,0.20584329217672348,0.1830529123544693,0.2034348820646604,0.18793900683522224,0.14154425263404846,0.083724780629078552,0.049802942201495171,0.012660040370974457,-0.0025609494504434142,0.015857116493862122,0.037927937176492482,0.011296856881412879,0.033532885058472552
0.0,0.0,0.0,0.0,0.0,0.0,0.0,0.0,0.0,0.0,0.022632971453607421,0.11135284636654447,-0.034596329504468788,-0.12024465162645687,-0.055717286738482391,-0.0043102737516164781,0.12855672049853537,0.13771698325872422,0.12768532708287239,0.18663755059242249,0.29034574329853058,0.2972399890422821,0.28772647678852081,0.30558367967605593,0.30900955200195312,0.33996102809906004,0.35557094216346741,0.38976602753003436,0.39670368532339734,0.30828267832597095,0.18318352699279786,0.16523559391498566,0.22072915732860565,0.22906005382537842,0.12849712123473486,0.040361578886707626,0.0017078723241057661,0.00043838740222983889,0.044504525896627456,0.078978929901495576,0.057075002595134407,0.013278996096535897,0.018907419871538877
0.0,0.0,0.0,0.0,0.0,0.0,0.0,0.0,0.0,0.0,0.0,0.15505884692462935,0.061493185209110381,-0.048691073915994677,-0.032024051816038346,0.024507560068741441,0.15249365367568457,0.13682446425611322,0.050140750769060105,0.089706187757352993,0.21345041195551553,0.23847416788339615,0.23373962193727493,0.23344061523675919,0.26176260709762572,0.29688827395439149,0.32467055817445117,0.34524655342102051,0.32619841893513996,0.2300912713011106,0.15912695725758871,0.16231638406004226,0.25556783129771549,0.28793647289276125,0.13807323109358549,0.049590747803449631,0.0050187765413688291,0.0624191552400589,0.12063336819410324,0.13835278567340639,0.085654538124799728,0.055443174651135567,0.023291983444673512
0.0,0.0,0.0,0.0,0.0,0.0,0.0,0.0,0.0,0.0,0.0,0.0,0.10716492295075485,0.061789937918465675,0.020634957303021412,0.012542011686574288,0.094360901933649308,0.08007140989814486,0.014830849333001035,-0.0024997404381994987,0.11057220958173275,0.17254211008548737,0.18037434220314025,0.1928632507721583,0.21639848003784815,0.24376512815554938,0.26431302130222323,0.27164012789726255,0.23695330073436102,0.1629424144824346,0.13026901210347811,0.20184049010276794,0.3037220686674118,0.31739614903926849,0.18747886163847788,0.051974109577713534,-0.0073503574187472826,0.077792480898400143,0.084422332101634565,0.061217632822015068,0.031414380266695567,0.0012748191736384549,-0.054254673712421209
0.0,0.0,0.0,0.0,0.0,0.0,0.0,0.0,0.0,0.0,0.0,0.0,0.0,0.14585763523355128,0.12799873340286708,0.12140039578711583,0.085976663538638282,0.040987297466823031,0.0410578267341903,-0.033731397241353989,0.010125635058752127,0.08915618434548378,0.12395579900060381,0.13978159427642822,0.1845881218711535,0.21567445993423462,0.21224288216659,0.1940541842154094,0.18342543393373489,0.14785380235740117,0.13148837039868036,0.19364797323942184,0.30477275848388674,0.32111360558441709,0.15632758901587554,-0.00870631355792284,-0.0022170612646732479,0.037153485463932157,0.032747621769885882,-0.0073932601129248115,-0.041824126080609855,-0.087710696789953441,-0.12776123945202147
0.0,0.0,0.0,0.0,0.0,0.0,0.0,0.0,0.0,0.0,0.0,0.0,0.0,0.0,0.14085989151346057,0.12602929230904419,0.10504935625053588,0.088670643887692885,0.064237267204693388,-0.0017224414387740018,-0.060078054666519165,-0.0064674304012442008,0.047788974130526185,0.065881336906126561,0.11818262487649918,0.16579610535076686,0.16932140621874067,0.15702130645513535,0.13435673589507738,0.13322083527843157,0.13065755926072598,0.15031391754746437,0.23957512378692628,0.19370426088571549,0.023627409511911019,-0.044194368438588247,-0.039678256751762495,-0.045570131950080396,-0.042030048882588746,-0.076965769752860069,-0.11448792149038876,-0.1635690962567049,-0.17919963598251343
0.0,0.0,0.0,0.0,0.0,0.0,0.0,0.0,0.0,0.0,0.0,0.0,0.0,0.0,0.0,0.14960581908623377,0.10953832870515866,0.11504505559393805,0.088394995577432009,0.037068354923659091,-0.037854024529224262,-0.080964602623134846,-0.027020207326859235,0.0055703472515398807,0.018893756734376602,0.088168958202004433,0.13012740098767811,0.13025481998920441,0.10258238431480196,0.11331145465373993,0.11580739791194598,0.13130792727073035,0.11873975545167922,0.068720478874941662,-0.0022752441388244429,-0.033450612332671881,-0.085577464352051422,-0.12224841117858887,-0.132620108127594,-0.15377484510342279,-0.17300973619733537,-0.19413535576313734,-0.20919307470321655
0.0,0.0,0.0,0.0,0.0,0.0,0.0,0.0,0.0,0.0,0.0,0.0,0.0,0.0,0.0,0.0,0.0,0.14608667825543603,0.13177270961028559,0.069329836254203039,0.0042091170392252438,-0.081180895678699017,-0.11535040599604447,-0.078366376361564585,-0.068224326024452844,-0.0019900019262702419,0.057026488706469536,0.066076123714447016,0.064139812719076872,0.097522900998592371,0.10099056114753087,0.061364402684072651,0.027529256651178002,-0.0085456009022891518,-0.042184337740764022,-0.076928671449422836,-0.12903782352805138,-0.17972228096591103,-0.22082690894603729,-0.23151271939277648,-0.22532703524286096,-0.20197444089821406,-0.19780920247236888
0.0,0.0,0.0,0.0,0.0,0.0,0.0,0.0,0.0,0.0,0.0,0.0,0.0,0.0,0.0,0.0,0.0,0.0,0.15360568286407561,0.092964995164295725,0.049463228895911017,0.012454918394065859,-0.11851121675012247,-0.165423478818301,-0.14537653646298818,-0.10243760421872139,-0.012766721749877823,-0.0041365112516690387,0.01464092789683491,0.039068075187969953,0.038767230563930104,-0.025593763372550409,-0.048944156244397165,-0.057935338467359543,-0.077796225746472672,-0.11297037700812022,-0.17606879398226738,-0.23620993830263615,-0.28149738907814026,-0.282851405441761,-0.26144969327883288,-0.22917195341803812,-0.20367405695073745
0.0,0.0,0.0,0.0,0.0,0.0,0.0,0.0,0.0,0.0,0.0,0.0,0.0,0.0,0.0,0.0,0.0,0.0,0.0,0.060486940046151481,0.075531468480077912,0.088072844854410165,-0.0547187147369864,-0.18151714760930307,-0.22211879988511404,-0.22471820342319984,-0.12523349711582774,-0.073190415278077126,-0.035805392699937023,-0.020759287814144045,0.0022178278969866888,-0.0492029576562345,-0.10214046388864517,-0.098663657903671265,-0.11114051565527916,-0.12904165271255705,-0.2032210205992063,-0.26054360398224424,-0.29857291777928668,-0.29566743597388268,-0.29002439313464695,-0.24698133995899788,-0.20663599421580634
0.0,0.0,0.0,0.0,0.0,0.0,0.0,0.0,0.0,0.0,0.0,0.0,0.0,0.0,0.0,0.0,0.0,0.0,0.0,0.0,0.0,0.032001124454889548,0.048134363901726589,-0.10708692153993372,-0.24499404168239347,-0.31999392424310957,-0.27454458236694335,-0.16686746990308166,-0.11722482049039432,-0.084108644061618387,-0.034348002751357853,-0.048029322798053421,-0.13074568472802639,-0.15072833746671677,-0.15980229973793031,-0.15412663295865059,-0.21575483183066049,-0.27336225509643552,-0.29280552864074705,-0.29238080978393555,-0.29034182760450578,-0.24969079047441484,-0.19994740459052
0.0,0.0,0.0,0.0,0.0,0.0,0.0,0.0,0.0,0.0,0.0,0.0,0.0,0.0,0.0,0.0,0.0,0.0,0.0,0.0,0.0,0.012327474180589585,0.0017696289857660186,0.094687980412848621,-0.11195789146072724,-0.37293978095054625,-0.40480613410472871,-0.28297893767771515,-0.19343002140522003,-0.16285887131324181,-0.086173438067947111,-0.058398180242095678,-0.15878165264924368,-0.16996504068374635,-0.17870954796671867,-0.18012929894030094,-0.2290906235575676,-0.272042977809906,-0.28276386360327405,-0.28469367325305939,-0.28481019536654156,-0.24824318662285805,-0.1940843869339336
0.0,0.0,0.0,0.0,0.0,0.0,0.0,0.0,0.0,0.0,0.0,0.0,0.0,0.0,0.0,0.0,0.0,0.0,0.0,0.0,0.0,0.0,0.0,0.17180462568632268,-0.11599585309028938,-0.21887463126938953,-0.46264969387857041,-0.47101826841632527,-0.28471647641238046,-0.22770599791636834,-0.15608471970666538,-0.094175351162751511,-0.1911353568236033,-0.17652789503335953,-0.17232801020145416,-0.20326738953590393,-0.23913228511810303,-0.27381583452224734,-0.2720504105091095,-0.27402743697166443,-0.27457134922345477,-0.24511288478970528,-0.19676348567008972
0.0,0.0,0.0,0.0,0.0,0.0,0.0,0.0,0.0,0.0,0.0,0.0,0.0,0.0,0.0,0.0,0.0,0.0,0.0,0.0,0.0,0.0,0.0,0.12925121850437588,-0.002903381359173245,-0.027233486217010067,-0.43645432741702106,-0.61883088573813438,-0.45338128209114076,-0.29488857090473175,-0.24437476322054863,-0.16509798701320375,-0.24131172895431519,-0.17885974794626236,-0.17541578039526939,-0.21008664071559907,-0.23678481876850127,-0.25123648717999458,-0.24295096099376679,-0.24581106503804526,-0.25375023235877353,-0.24978562196095785,-0.22456880907217661
0.0,0.0,0.0,0.0,0.0,0.0,0.0,0.0,0.0,0.0,0.0,0.0,0.0,0.0,0.0,0.0,0.0,0.0,0.0,0.0,0.0,0.0,0.0,0.0,-0.047798651378028668,-0.077684761028115945,-0.3693818995979295,-0.68029471437136335,-0.63338417295486693,-0.38863929404931907,-0.30352871368328732,-0.26945280080491846,-0.29193722456693649,-0.19118152856826781,-0.1722172349691391,-0.22220622003078461,-0.25973358750343323,-0.2624419650861195,-0.23161773631970087,-0.23152025341987609,-0.24800840020179749,-0.26433540880680084,-0.25801976237978252
