SouthSea_Web/demo/jsonfile/2017-12-14-22.json
{"header": {"parameterUnit":"m.s-1","parameterNumber":3,"dx":0.1,"dy":0.1,"parameterNumberName":"Northward current","la1":29.0,"la2":12.0,"parameterCategory":2,"lo2":131.0,"nx":250,"ny":171,"refTime":"2017-12-14T22:01:52.5","lo1":106.0}, "data":
[rows 95 to 113 of 171, columns 0 to 42 of 250]
-0.45286842242435171,-0.38072421838497295,-0.35099871622191536,-0.33254267619206357,-0.32749025117267261,-0.29603677300306469,-0.27537315421634251,-0.23553465306758881,-0.19987212717533112,-0.15477912127971649,-0.10502678155899048,-0.069180374344189957,-0.035301769152283669,-0.025698569603264332,-0.032465532422065735,-0.043364804238080978,-0.0659371130168438,-0.069448243826627731,-0.059620600193738937,-0.070321369916200638,0.0,-0.04817591980099678,-0.044554740190505981,-0.079645905643701553,-0.086554478853940964,-0.093359341224034623,-0.12054808139801025,-0.12221986029682488,-0.127200432949596,-0.10333818886168669,-0.13621306018187449,0.0,0.0,0.0,0.0,0.0,0.0,0.0,0.0,0.0,0.0,0.0,0.0
-0.43838265830917017,-0.31776967130858325,-0.31830282881855965,-0.32116905848185223,-0.34207748283039441,-0.3231654167175293,-0.28127520283063251,-0.22504816701014838,-0.17177162170410157,-0.11917576566338539,-0.06899648904800415,-0.047060844798882805,-0.024938360787928104,0.0,-0.033508569002151489,-0.055292541161179543,-0.052004437893629074,-0.086419068276882172,-0.057803856208920479,-0.032919383918245636,-0.072599843144416809,-0.0991755872964859,-0.12324333190917969,-0.170984315375487,-0.1818609967827797,-0.18914105743169785,-0.24467801608023096,-0.1746962650442942,-0.19415622417415893,0.0,0.0,0.0,0.0,0.0,0.0,0.0,0.0,0.0,0.0,0.0,0.0,0.0,0.0
-0.43421304225921631,-0.32491243630647659,-0.34314754605293274,-0.33935605237881344,-0.36358778013123405,-0.3116452693939209,-0.22163579080786025,-0.17741759493947029,-0.13146563991904259,-0.1154417097568512,-0.076311588287353516,-0.030664578080177307,-0.018137202598154545,-0.010316865518689156,-0.047679368406534195,-0.044956650584936142,-0.057255715131759644,-0.039899347350001335,-0.043809780851006508,-0.022325454279780388,-0.067190674444039658,-0.1375449001789093,-0.2400395174821218,-0.31867260379450663,-0.26597180652121705,-0.30344496064997734,-0.43874427202131805,-0.26632829921113121,0.0,0.0,0.0,0.0,0.0,0.0,0.0,0.0,0.0,0.0,0.0,0.0,0.0,0.0,0.0
-0.40646909815924509,-0.43825919926166534,-0.40390887004988535,-0.36998271254392773,-0.34682964330369775,-0.23417612058775766,-0.1731862872838974,-0.14013922512531279,-0.11006302386522293,-0.0903087668120861,-0.05622488260269165,-0.03556862473487854,-0.034981541335582733,-0.031062406487762928,-0.043938331305980682,-0.038558376953005791,-0.041172988712787628,-0.025482847355306149,-0.036046353168785572,-0.02736982734253009,-0.087652424971262619,-0.19749381641546884,-0.38535329699516296,-0.42828702655705536,-0.35446949167685077,-0.61974584613297434,-0.55702151128931121,-0.086531472361336154,0.0,0.0,0.0,0.0,0.0,0.0,0.0,0.0,0.0,0.0,0.0,0.0,0.0,0.0,0.0
-0.43371843902961066,-0.51629943586885929,-0.41092274487018587,-0.39050663014252979,-0.27085843980312346,-0.20135841518640518,-0.16772278646628061,-0.13683804869651794,-0.099063488344351455,-0.071779746562242508,-0.039751272648572922,0.0,-0.026032277382910252,-0.049780674278736114,-0.059928951784968376,-0.07653065025806427,-0.038044068031013012,-0.050677111372351646,-0.048658366004625954,-0.10206287850936253,-0.12056791409850121,-0.23824792603651682,-0.4020427543866007,-0.46017584090049451,-0.46618232782930136,-0.54780522752098926,-0.425345910038497,-0.14639581491549811,0.0,0.0,0.0,0.0,0.0,0.0,0.0,0.0,0.0,0.0,0.0,0.0,0.0,0.0,0.0
-0.52624646822611487,-0.48121214125837597,-0.41804294784863788,-0.36847033434444004,-0.25348756959040958,-0.21385555820805685,-0.16924588680267333,-0.1406463123857975,-0.092520911246538162,-0.0640566311776638,-0.042860072106122971,-0.028939907904714346,-0.023345788009464741,-0.04650142602622509,-0.075249619781970978,-0.071100577712059021,-0.090204108506441116,-0.059814374893903732,-0.0709894523024559,-0.099064528942108154,-0.15762891868750253,-0.22625842013142325,-0.38176331465894525,-0.46199014120631748,-0.56208431008069415,-0.56801095961228665,-0.44138209982199617,0.0,0.0,0.0,0.0,0.0,0.0,0.0,0.0,0.0,0.0,0.0,0.0,0.0,0.0,0.0,0.0
-0.53416070471639221,-0.39687301431383404,-0.39686486124992371,-0.3516434967517853,-0.26837628537958319,-0.23156342572636074,-0.1953757256269455,-0.16185318306088448,-0.10741414874792099,-0.070144332945346832,-0.048367142677307129,-0.036471175961196423,-0.039162450470030308,-0.052562538534402847,-0.056524790823459625,-0.098510481417179108,-0.10315573960542679,-0.0933719053864479,-0.10365512470404308,-0.10907556489109993,-0.15838469192385674,-0.24368575215339661,-0.33205850919087726,-0.44684011910272681,-0.53707083773154474,-0.60160488480920193,-0.46314307764956825,-0.24859938770532608,0.0,0.0,0.0,0.0,0.0,0.0,0.0,0.0,0.0,0.0,0.0,0.0,0.0,0.0,0.0
-0.45047935247421267,-0.34124510077869191,-0.358687875526292,-0.37389532476663589,-0.31667749583721161,-0.28210902710755664,-0.22114822268486023,-0.16901548206806183,-0.12297310928503673,-0.071940239518880844,-0.047407504171133041,-0.035595275461673737,-0.037458669394254684,-0.041158609092235565,-0.060744218528270721,-0.082550503313541412,-0.12220260500907898,-0.10657402873039246,-0.12640447169542313,-0.14038407802581787,-0.16522882878780365,-0.23447490164211818,-0.32671769261360167,-0.39832902073860166,-0.48985485500759551,-0.62103698145259512,-0.45893750010710682,-0.15751998522697649,0.0,0.0,0.0,0.0,0.0,0.0,0.0,0.0,0.0,0.0,0.0,0.0,0.0,0.0,0.0
-0.3199152876933416,-0.356074919826106,-0.36425098563943592,-0.41312946875890094,-0.38340152502059938,-0.31293806433677673,-0.24259918289525168,-0.18837385475635529,-0.12396377325057983,-0.0811351848145326,-0.04867964113752047,-0.040463868528604507,-0.044939599931240082,-0.054419273510575294,-0.063890952616930008,-0.0757756307721138,-0.087863422930240631,-0.0957387126982212,-0.10733995586633682,-0.11952424546082814,-0.17432418093085289,-0.22709785029292107,-0.28234656651814777,-0.35645993550618488,-0.46659554259197134,-0.54493418501483071,-0.3402440746341433,-0.21150956090746653,0.0,0.0,0.0,0.0,0.0,0.0,0.0,0.0,0.0,0.0,0.0,0.0,0.0,0.0,-0.021888554096221924
-0.3293310728940097,-0.3985571724673112,-0.37650449739562142,-0.43679630011320114,-0.4300142228603363,-0.32945079966024921,-0.27030474609798855,-0.18517650291323662,-0.11728022744258244,-0.058241775880257286,-0.056139726191759109,-0.055204316973686218,-0.044243857264518738,-0.058012783527374268,-0.074084140360355377,-0.078076038509607315,-0.094124183058738708,-0.095873191952705383,-0.096814677119255066,-0.11271409690380096,-0.15136735637982687,-0.21504838764667511,-0.25045963956250084,-0.3226567804813385,-0.48189123719930649,-0.51659532864888513,-0.42392946432971357,-0.28059654513543303,0.0,0.0,0.0,0.0,0.0,0.0,0.0,0.0,0.0,0.0,0.0,0.0,0.0,-0.083393915157232962,0.039137058886862766
-0.30482872241289816,-0.33470438704604194,-0.406483451128006,-0.45334786971410118,-0.45971418619155885,-0.39004773298899331,-0.30850276947021482,-0.14646670056713951,-0.10503273953994115,-0.044718693941831589,-0.033842044572035469,-0.054891075938940048,-0.043616844341158867,-0.050267571583390236,-0.074711930006742477,-0.09578028817971547,-0.11736812070012093,-0.11732253183921178,-0.11816602200269699,-0.12397724638382594,-0.15106610208749771,-0.17667939364910126,-0.22054834067821502,-0.25721948078045476,-0.33250219442627649,-0.43564962915011812,-0.46691648814142966,-0.29145347420865347,-0.08264931372456974,0.0,0.0,0.0,0.0,0.0,0.0,0.0,0.0,0.0,0.0,0.0,0.0,-0.030233000835003306,0.037723416389102024
-0.21742134670225474,-0.32300848911205926,-0.37440905428451038,-0.47767581684248789,-0.45622763194535909,-0.439673538506031,-0.33346977233886721,-0.18582965582609176,-0.13120214827358723,-0.066916024312376976,-0.046784726902842522,-0.045862454921007156,-0.0382545180618763,-0.043396208435297012,-0.0648811012506485,-0.10857027396559715,-0.13558571040630341,-0.14438491314649582,-0.14889646321535111,-0.14043107628822327,-0.14378097653388977,-0.14879090338945389,-0.17811897397041321,-0.19134814611503057,-0.22924580077330273,-0.24374114857478577,-0.25458494201302528,-0.26129105765568583,-0.20951620558049208,-0.093272481664033152,-0.033139797861090385,-0.012456732115865496,0.0,0.0,0.0,0.0,0.0,-0.040587123483419418,-0.0024233760006973689,-0.010509940830945067,-0.017269191614299812,-0.036724145287711438,-0.043813392134420433
-0.10547966510057449,-0.13880827907439028,-0.24931087410449981,-0.42687782491075582,-0.43012205097410416,-0.484798526391387,-0.38211643177530041,-0.23444051957792705,-0.14853866149981818,-0.082321393489837649,-0.066679577529430392,-0.043851831927895546,-0.042408090084791183,-0.058626414587100349,-0.07732641200224559,-0.11829657107591629,-0.14636511355638504,-0.15923918038606644,-0.16479343175888062,-0.1538398340344429,-0.14485199749469757,-0.13779760152101517,-0.14213727911313376,-0.14703157295783362,-0.17052215668890211,-0.17762413223584492,-0.1410936141120536,-0.14853112418204545,-0.20259183193327951,-0.12697872330945934,-0.085241808757508322,-0.078579404734538033,-0.046092695355110319,-0.039170938900045665,-0.02467579132677333,-0.010816377231852433,0.0,-0.036359528678016492,-0.012046207239630112,0.017878784395560562,-0.05729057488013007,-0.12673952259387189,-0.16649749120924531
0.0,-0.0093190977349877357,-0.13454891471513386,-0.24573329103286148,-0.34581378710513211,-0.48501807401577629,-0.52497641462832689,-0.29648340928057831,-0.2012091726064682,-0.15559421562486225,-0.093954822048544884,-0.053780450175205864,-0.057040112093091011,-0.074274986982345581,-0.072840951383113861,-0.09400641669829686,-0.12762656062841415,-0.15178931504487991,-0.17135191708803177,-0.16961988061666489,-0.16245012357831,-0.140540212392807,-0.14049986501534781,-0.13064099351565042,-0.13300947099924088,-0.13620393499732017,-0.10835824321423258,-0.070821257441171584,-0.086105695087462658,-0.10281667592270034,-0.096985558180936751,-0.1004529995741425,-0.07096242810075637,-0.083343029609077593,-0.083809383613797389,-0.048918231826414388,-0.029003215272865829,-0.049791624708134051,-0.061482831190786534,-0.0925700108461117,-0.069142738962309061,-0.11222296078337418,-0.13083016009484672
0.0,0.0,0.0,-0.043343036202713847,-0.12839983414914052,-0.48069969487979131,-0.66317394881878255,-0.51432657049548236,-0.25294991626459007,-0.15232133865356445,-0.10077544301748276,-0.059115668758749962,-0.054491106420755386,-0.072700399905443192,-0.077673844993114471,-0.09435855969786644,-0.12655947109063467,-0.14822041491667429,-0.16028026739756265,-0.1601705402135849,-0.14269771426916122,-0.15208803117275238,-0.13815427571535111,-0.1237565353512764,-0.12389462813735008,-0.12658328811327615,-0.11608173035913044,-0.032765560563088263,-0.028598944007951235,-0.078210208714008328,-0.089997911293591776,-0.10112721665251639,-0.076306597277595617,0.038727574050426483,-0.012832392529923129,-0.15463200432282906,-0.091891471235211741,-0.030637982988408134,-0.0944802049203839,-0.19278522012195823,-0.031274951460786286,-0.042499533782440868,-0.048786947609716913
0.0,0.0,0.0,0.0,-0.097165370980898544,-0.33048965296114396,-0.67503381800907913,-0.69565323606515539,-0.31114242846767109,-0.17369670867919923,-0.12768003876720155,-0.086527667939662933,-0.061003698036074638,-0.073111924032370254,-0.077582098543643951,-0.093030340969562531,-0.11242089048027992,-0.12990006804466248,-0.13889176646868387,-0.13377393782138825,-0.12803634752829871,-0.13094288110733032,-0.13006923347711563,-0.10776932165026665,-0.079082907487948731,-0.1038538571447134,-0.092507516344388321,-0.0079133164603263136,-0.031653826901068292,-0.0806577338704041,-0.10319999522633022,-0.056252257383771632,0.1181000879925863,0.098817804447290575,-0.036719429594952432,-0.16411520168185234,-0.14366461485624313,-0.066450532095936626,-0.1413271665789079,-0.1946966745118725,-0.064011826249866635,-0.018161903256581492,-0.099267537213082541
0.0,0.0,0.0,0.0,-0.011878566071391105,-0.0941232305664202,-0.46901076269704239,-0.666572221015629,-0.50912857890129093,-0.27024872303009034,-0.16833358325741507,-0.10579034686088562,-0.086442520221074418,-0.088481592635313674,-0.075704686343669891,-0.083240743726491928,-0.10086322948336601,-0.11635482559601466,-0.11975033829609554,-0.1157215212782224,-0.10901888087391853,-0.10791801412900288,-0.1068785160779953,-0.0737638386587302,-0.049433160573244095,-0.0562996594235301,-0.077482786029577255,-0.021037931243578594,-0.032645803934428841,-0.087069554254412651,-0.083415454386600432,0.088703314587473867,0.13466151679555574,-0.030719567424966954,-0.12263146362134389,-0.1254564393311739,-0.059945238971461853,0.0025228801666973876,-0.10409493890145551,-0.10139039656119335,-0.0875467676403267,-0.13090511747380537,-0.10932274407517033
0.0,0.0,0.0,0.0,-0.056375859305262566,-0.11950766293469954,-0.29635452201553419,-0.51384682487696409,-0.62992074012756349,-0.34059965752419974,-0.22072657545407612,-0.13964617252349854,-0.11380457133054733,-0.1025957427918911,-0.087979498008886978,-0.090109288692474365,-0.0955625871817271,-0.10017365589737892,-0.088427405804395676,-0.0860930805404981,-0.078119164332747459,-0.07900078222155571,-0.085479572415351868,-0.064983897656202314,-0.032567319149772324,-0.011395192239433527,-0.036192662268877032,-0.0096466638691102471,-0.021023824898293242,-0.072496333824736733,-0.002622726111439988,0.091727415099740028,0.037680763624269857,-0.095246418068806335,-0.14325937086885626,-0.087857343256473541,-0.019892292281535145,0.0423749441280961,-0.011626696330495179,-0.06446408379512529,-0.0811281804800839,-0.16130609371300256,-0.21558998997012774
0.0,0.0,0.0,0.0,-0.013792446868962522,-0.10973068969922212,-0.20041228324995128,-0.33897758622964225,-0.56120258669058487,-0.43975982069969177,-0.28976131892866558,-0.18662613057173216,-0.14524484612047672,-0.13073266794284186,-0.1022660955786705,-0.09842344870169957,-0.0913777972261111,-0.085890412330627441,-0.064175327618916825,-0.05119494224588076,-0.038463267187277474,-0.035569977015256882,-0.049301461316645145,-0.052056800574064255,-0.033145024068653585,0.014340439310763032,0.041471659392118457,0.071284818649292,0.042682390373166915,0.010796147797788893,0.051034056488424538,0.066971791908144951,0.012951919925399125,-0.036389178330344815,-0.062152826227247715,-0.068707690175090513,-0.059626305475831032,-0.018298255512490869,-0.021464942425320096,-0.0750652560343345,-0.1811375400942305,-0.31901080649474572,-0.29878317099064589
