SouthSea_Web/demo/jsonfile/2017-12-16-03.json
{"header": {"parameterUnit":"m.s-1","parameterNumber":2,"dx":0.1,"dy":0.1,"parameterNumberName":"Eastward current","la1":29.0,"la2":12.0,"parameterCategory":2,"lo2":131.0,"nx":250,"ny":171,"refTime":"2017-12-16T03:00:00","lo1":106.0}, "data":
[rows 133 to 151 of 171, columns 42 to 83 of 250]
-0.15693087130784988,-0.22019207051822118,-0.24732005223631859,-0.29007782936096194,-0.2590944766998291,-0.29092342087200712,-0.33175719597122888,-0.30052848532795906,-0.35188110527538119,-0.39029596460626481,-0.48054943886803991,-0.49034155084845726,-0.44682093461354572,-0.41386619359254839,-0.34847607581239,-0.308897255282653,-0.31289657019078732,-0.27482730150222778,-0.27584679230399756,-0.370467976519936,-0.48960508406162262,-0.502910324755837,-0.49740411341190338,-0.4848470538854599,-0.43728939029905534,-0.39963451027870178,-0.37974006682634354,-0.37098532418409985,-0.35779984792073566,-0.33831295371055603,-0.3209504634141922,-0.31018334627151489,-0.29800959097014534,-0.31337657800087559,-0.3286474384367466,-0.31787186861038208,-0.30614599585533142,-0.28846531762526584,-0.29441839882305693,-0.26167193241417408,-0.41869370341300965,-0.55432026890607977
-0.14958184957504273,-0.23345791867801122,-0.27311597764492035,-0.27638722956180573,-0.24717210233211517,-0.28380768746137619,-0.32929789423942568,-0.29019927978515625,-0.35403406620025635,-0.4150790503391853,-0.45732502639293671,-0.46917934715747833,-0.42974903807044029,-0.36143748868595471,-0.28804676120097822,-0.27357377856969833,-0.29617535380216747,-0.26712241470813752,-0.26623763782637461,-0.3499720633029938,-0.40590903162956238,-0.43681392470995584,-0.46562694178687203,-0.450486206346088,-0.424442252942494,-0.40269128339631216,-0.37745651006698611,-0.36022799015045165,-0.34249570469061535,-0.32200618386268615,-0.32047285636266071,-0.30034902989864348,-0.28643377763884409,-0.2409422163452421,-0.23227904736995697,-0.16243007291968054,-0.24808502729449952,-0.27580106755097705,-0.24794255991776784,-0.25240097008645535,-0.41851909032889772,-0.34892123831169947
-0.17556052282452583,-0.23642222583293915,-0.23772318661212921,-0.22834132015705108,-0.23156353086233139,-0.26373294889926913,-0.32459953427314758,-0.34013649324576062,-0.38028644770383835,-0.42376522506986347,-0.4553205668926239,-0.45743316411972046,-0.38611603900790215,-0.29481181502342224,-0.27196043729782104,-0.31916887809832889,-0.34608546983111987,-0.3248198059472171,-0.30357154745322007,-0.34491394956906635,-0.366308022629131,-0.38910865783691406,-0.420333464940389,-0.39558886204447063,-0.362797146042188,-0.36014058068394661,-0.34546348452568054,-0.319582337141037,-0.29683592915534973,-0.26592068374156952,-0.27601725288799833,-0.25945164688995909,-0.23514229390356276,-0.17054675188329485,-0.10512076721837123,-0.0324680475362887,-0.027480351489170322,-0.11616460655761116,-0.17887657995407397,-0.16528592498174735,-0.22031080101927122,-0.14074059724807739
-0.1845161517461141,-0.22381177917122841,-0.21607230007648468,-0.22339386120438576,-0.24976338446140289,-0.2989920973777771,-0.34378362894058229,-0.35863603353500367,-0.38815037906169891,-0.4181354522705078,-0.43708321824669838,-0.42342764801449245,-0.33709429204463959,-0.28401120503743488,-0.32867678999900818,-0.38753166794776917,-0.39578529198964435,-0.38106471896171568,-0.36609210570653278,-0.32622523470358417,-0.29482246935367584,-0.30196881294250488,-0.32455486059188843,-0.31429136916995049,-0.29735330343246458,-0.29607977611677988,-0.27458577752113345,-0.25971628086907522,-0.24605504671732584,-0.19721204539140066,-0.16977719217538834,-0.15943819923060282,-0.15152368481670106,-0.12474015727639198,-0.07905940169637854,-0.035532663576304913,0.0026073074695887044,0.022626847128516862,0.026977773367737729,0.11953972233459353,0.19838953514893851,0.093506706612450738
-0.18888927400112152,-0.2062943677107493,-0.20790034532546997,-0.22977592796087265,-0.27467505037784579,-0.32979918271303177,-0.34903666377067566,-0.35785941992487225,-0.37489807179995943,-0.39131959676742556,-0.39533970504999161,-0.37425859645009041,-0.33484929468896651,-0.33442440358075226,-0.38432430558734471,-0.43287620219317352,-0.43003366887569427,-0.42663773543694439,-0.40457337101300556,-0.33499465747313067,-0.29562158669744221,-0.27749854326248169,-0.2644098699092865,-0.23665395379066467,-0.23542483647664389,-0.22924760729074478,-0.21123227228720984,-0.17937321960926056,-0.1837735672791799,-0.15613445391257605,-0.11318699767192204,-0.074141884488718848,-0.0634523332118988,-0.046838779002428055,-0.017209856596309692,-0.0045848281394379837,0.015741148963570595,0.028415744991174767,0.074599168729037046,0.13916774590810141,0.18529974917570749,0.12163077443838119
-0.17653632536530495,-0.19136250267426172,-0.22018947824835777,-0.24986830140863145,-0.28492786735296249,-0.34166680773099262,-0.3574063281218211,-0.35217975576718646,-0.34130665163199109,-0.35613052334104267,-0.37345035746693611,-0.37364180173192707,-0.38260005248917472,-0.381189289689064,-0.40964792420466739,-0.42490784128506981,-0.436544484562344,-0.50408978672588578,-0.43494807183742523,-0.33277738342682522,-0.28200342133641243,-0.252046562731266,-0.21182510008414587,-0.18068622425198555,-0.17282298845904215,-0.17253688474496207,-0.14157227724790572,-0.12311069046457608,-0.10458056628704071,-0.092902982234954828,-0.065690625991140089,-0.0387091264128685,-0.020238976992134537,0.0049521236602837844,0.028751794132404029,0.041293132118880749,0.045074126869440082,0.049203076710303627,0.059215083718299866,0.086390060683091477,0.0943443737924099,0.0698146291077137
-0.18427954241633415,-0.19843263924121857,-0.24081762731075287,-0.26256896058718365,-0.28455897668997449,-0.35076959431171417,-0.36308974027633667,-0.34215559363365172,-0.31081960030964445,-0.32712623849511147,-0.36290285487969715,-0.37992392693247112,-0.39309974610805509,-0.39652061164379121,-0.41833347380161284,-0.4027269184589386,-0.4017941951751709,-0.42906546220183372,-0.39855124354362487,-0.29542857739660477,-0.25293345004320145,-0.22091458551585674,-0.16899650096893309,-0.12419691123068333,-0.1086415434256196,-0.096277023355166122,-0.080591853175844469,-0.075108044594526288,-0.048032563800613083,-0.023425701869806897,-0.023852644860744475,-0.0054877921744870646,0.027992057614028454,0.049855325371026993,0.059445421397686007,0.066602326929569244,0.06440044815341632,0.060803569853305817,0.04692512502272924,0.032687923405319452,0.027577946583429973,0.011609123088419437
-0.20201257467269898,-0.20594588667154312,-0.24340894818305969,-0.26324887871742247,-0.28777168989181517,-0.35346768299738568,-0.36690860986709595,-0.318858619247164,-0.28030771513779956,-0.28728147745132449,-0.31404320523142815,-0.32479549447695416,-0.33455776742526461,-0.35123925738864475,-0.38713034987449646,-0.36910467594861984,-0.34226666018366814,-0.31330980857213336,-0.27605638032158214,-0.24154003792338902,-0.21629825234413147,-0.17976918816566467,-0.12862858176231384,-0.10425077751278877,-0.097083528339862821,-0.081459451466798782,-0.056338395923376083,-0.033587893471121788,0.001547099480376346,0.020976701285690069,0.028173980458329122,0.031277583166956904,0.044783635437488555,0.05743588382999102,0.056076849810779095,0.057488799840211866,0.0596585713326931,0.05922464095056057,0.039834615774452686,0.014239972806535661,-0.0075027644052170217,-0.029838841408491135
-0.210916880518198,-0.22223522886633873,-0.24599219610293707,-0.27443322539329529,-0.298550945520401,-0.33685626586278278,-0.34268755912780763,-0.30181675155957538,-0.25835262877600534,-0.25787417590618134,-0.24062633514404297,-0.23759760210911432,-0.25941518507897854,-0.29785458246866864,-0.36465762853622435,-0.38367142155766487,-0.30801916718482969,-0.24025363889005449,-0.20491020567715168,-0.17687437683343887,-0.14218102821281978,-0.12706650514155626,-0.1079569011926651,-0.10122392922639847,-0.09894499058524768,-0.082865208387374878,-0.051657985895872116,-0.0021381981670856474,0.032219231904794775,0.045754680782556532,0.035728282853960992,0.046736436337232588,0.059807541966438296,0.060691449791193008,0.05573321133852005,0.049191634356975558,0.0469349380582571,0.04956550598144531,0.042262551374733448,0.0186015535145998,-0.0134541597799398,-0.035518728196620941
-0.25031104683876038,-0.26367843747138975,-0.26858371992905933,-0.28208635747432709,-0.29112331271171571,-0.31477265059947968,-0.32545468636921476,-0.28861917342458454,-0.25442731132109958,-0.23349102735519409,-0.19313330522605351,-0.19766003638505936,-0.22219377011060715,-0.25168362472738537,-0.30047932267189026,-0.3325014015038808,-0.27925457698958261,-0.18564750467027938,-0.16009085774421691,-0.12619999051094055,-0.11683668302638191,-0.09305261224508285,-0.072196751087903979,-0.0680822493242366,-0.0684346929192543,-0.057652568072080614,-0.031188693207999069,-0.0002485039130988298,0.032055079005658627,0.045355037475625672,0.033518201671540737,0.031905897427350283,0.057904919236898424,0.064917680621147153,0.063187847845256329,0.064289273073275879,0.054809784516692162,0.043489747991164528,0.045772984623909,0.028941766669352848,0.00531683456695949,-0.018135433085262775
-0.28989062309265134,-0.29688737392425535,-0.29539769887924194,-0.30561719834804535,-0.29847405552864076,-0.29006171723206836,-0.29318916300932568,-0.27973592281341553,-0.28243835483278545,-0.25032052149375278,-0.20569104552268983,-0.19510611295700073,-0.20809309184551239,-0.21179657748767308,-0.2175801545381546,-0.21847196171681085,-0.18575088254043035,-0.14162198826670647,-0.12056377405921619,-0.10080920904874802,-0.10442233644425869,-0.06475680197278659,-0.026978736743330956,0.0013884183717891574,-0.0065640726825222373,-0.0049841724539874122,0.0045486647519283,0.013173618447035551,0.026821898606916268,0.052076665063699089,0.04945234302431345,0.046055025731523834,0.055510961450636387,0.061331294476985931,0.067546442151069641,0.083495713770389557,0.087553953131039933,0.054213356226682663,0.062663568183779716,0.061390615999698639,0.040497452951967716,0.012458248529583216
-0.31560202936331433,-0.35210744142532346,-0.33350053429603577,-0.32117576897144318,-0.303774394094944,-0.26964410891135532,-0.25726480285326642,-0.27206482291221618,-0.292811918258667,-0.28530817727247876,-0.24487756937742233,-0.21764208376407623,-0.19372862204909325,-0.17564730097850165,-0.162630761663119,-0.12757630522052446,-0.097595810890197754,-0.08693154901266098,-0.077020482470591858,-0.066950198262929916,-0.065574601913491889,-0.038118185165027775,0.0033623675699345767,0.03025418147444725,0.029264887173970539,0.018409609173734982,0.016147691756486893,0.014801656827330589,0.025989726185798645,0.056942947208881378,0.081126431003212929,0.080921269953250885,0.076085289319356278,0.080283512671788529,0.091144947335124016,0.11223116889595985,0.11561016738414764,0.10223138630390168,0.10447394661605358,0.10170662899812062,0.079240866005420685,0.0630215723067522
-0.37654200196266174,-0.36490602294603985,-0.329525351524353,-0.2928660660982132,-0.26359040041764575,-0.22109720607598624,-0.22577881813049316,-0.26159577568372089,-0.28711540997028351,-0.29379785060882568,-0.25852401057879132,-0.21627473582824072,-0.16795739034811655,-0.10151849016547203,-0.073537282645702362,-0.037598310690373185,-0.033436446078121664,-0.00540769612416625,0.0022150197997689246,-0.0027553729402522245,-0.016052233870141208,-0.014700871426612139,0.011300158192170784,0.030178411677479745,0.030575279612094164,0.016236603260040283,0.012218042897681395,0.013967594690620899,0.035926490090787411,0.062785378346840545,0.091195207089185715,0.097072945535182947,0.10044165700674057,0.11491149663925171,0.12061281005541484,0.124344227835536,0.13818825036287308,0.15162937343120575,0.1507151797413826,0.14254815131425858,0.14235567301511765,0.11511553823947907
-0.3452689588069916,-0.32279569407304126,-0.28037862479686737,-0.22682519555091857,-0.2224960744380951,-0.21137860665718714,-0.23457641899585724,-0.26602652172247571,-0.29029149810473126,-0.29020933508872987,-0.23392796516418457,-0.17564231157302856,-0.1034185141324997,-0.034552820647756256,0.012282541720196605,0.043989202007651329,0.031465085223317146,0.050784894078969953,0.079733625054359436,0.05858352966606617,0.021395740332081914,-0.0039661784656345846,-0.013048070075456053,-0.0072970346082001925,0.00041346007492393255,-0.0042442646343261005,-0.0025865196716040374,0.010317844455130398,0.030811381215850513,0.062182299047708514,0.0905572883784771,0.10462777813275655,0.12357677270968755,0.14023609956105551,0.14556341171264647,0.15053428212801615,0.16271471977233887,0.18124866858124733,0.20236819609999657,0.19848298728466035,0.19899892807006836,0.17909885942935944
-0.34039733310540515,-0.27951440215110779,-0.22626071671644846,-0.19337353855371475,-0.19776495297749838,-0.21234269014426641,-0.23828674480319023,-0.25678719952702522,-0.26108594238758087,-0.24822309315204622,-0.20732830837368965,-0.12958828061819078,-0.046700925255815186,0.015076024923473597,0.051122493110597134,0.095505015552043909,0.10521594621241093,0.098082602024078369,0.091805931180715561,0.046924440811077751,0.0030344510450959206,-0.017926783300936222,-0.038651542738080025,-0.043447235971689223,-0.041423235088586807,-0.035224741945664086,-0.019619624440868694,-0.012711028568446636,0.0061695796437561514,0.037517045934995018,0.074386239983141422,0.10573258871833484,0.13522353023290634,0.14544734731316567,0.15376215800642967,0.17120397090911865,0.19591160615285239,0.21922622621059418,0.23207039137681326,0.23667004704475403,0.21680347621440888,0.21350181847810745
-0.33625524044036864,-0.2683736324310303,-0.19515109275068557,-0.18570680171251297,-0.19991791546344756,-0.22851266711950302,-0.24827798828482628,-0.24804922441641489,-0.23750834912061691,-0.21644132435321808,-0.1518577883640925,-0.090248352847993374,-0.023929094236033659,0.040320192091166974,0.089292312661806747,0.12216301262378693,0.12908755093812943,0.1053839847445488,0.069734266027808189,0.029003941764434178,-0.026254355348646639,-0.044330192108949028,-0.05684383735060692,-0.067033599130809307,-0.074638843536376953,-0.063764671981334689,-0.045674823969602582,-0.030103486031293869,-0.011681793490424752,0.017398087152590353,0.06200464963912964,0.10547482222318649,0.12707282416522503,0.139265110095342,0.14912855625152588,0.17604558914899826,0.20717007666826248,0.22120466828346252,0.2324802428483963,0.24369477729002634,0.24209943413734436,0.250186562538147
-0.31738175451755524,-0.23749294281005859,-0.20335856452584267,-0.19669336974620819,-0.20898020565509795,-0.21939763799309731,-0.23421308100223542,-0.21720568463206291,-0.19955696910619736,-0.15619884058833122,-0.11721721788247426,-0.060740289278328419,-0.013977756258100271,0.042458027135580778,0.095570899546146393,0.12328435182571411,0.12316495180130005,0.10119482626517613,0.055594519712030888,0.0015177950263023377,-0.062896441668272018,-0.081609047949314117,-0.090616123750805855,-0.093497569859027865,-0.097270702943205833,-0.087977303192019463,-0.069371620193123817,-0.049859754741191864,-0.018308996316045524,0.024154294980689883,0.060098444422086082,0.094395916163921359,0.10796209673086803,0.12221524119377136,0.14418467879295349,0.16191425919532776,0.19075022637844086,0.20757939666509628,0.21837883442640305,0.23455868661403656,0.25141416986783344,0.26020273566246033
-0.27417374402284622,-0.24125763773918152,-0.21047402620315553,-0.19658990204334259,-0.18780831396579742,-0.20347609743475914,-0.2054066633184751,-0.19272592961788176,-0.16146554425358772,-0.11789830525716145,-0.062582049518823624,-0.0319473747164011,0.011303780833259225,0.066276955418288708,0.10096347332000732,0.11917451024055481,0.11961871758103371,0.10152541249990463,0.052791210822761059,-0.008355848491191864,-0.079993401654064655,-0.12261655479669571,-0.13876292109489441,-0.12999357841908932,-0.11232123772303264,-0.09588798731565476,-0.084210984408855438,-0.064178436994552612,-0.013948045484721661,0.026767378440126777,0.053210447231928505,0.07148539274930954,0.086360272020101547,0.10512342154979706,0.11823317408561707,0.13795663416385651,0.1534312516450882,0.17098017036914825,0.18272095173597336,0.20346643775701523,0.23777046799659729,0.2622922956943512
-0.23071845124165216,-0.21452181289593378,-0.18791265040636063,-0.16988205164670944,-0.15556926652789116,-0.1708836704492569,-0.17445405945181847,-0.15634993836283684,-0.12175674885511398,-0.0738583393394947,-0.029430588086446125,0.0071200141683220863,0.046685973182320595,0.081254059448838234,0.11427033543586732,0.12499107234179974,0.12585931830108166,0.10594262927770615,0.052532752510160208,-0.030527721391990781,-0.10043586492538452,-0.1542183111111323,-0.18493198603391647,-0.16003545125325522,-0.130243182182312,-0.0971179058154424,-0.083286498983701066,-0.052848111093044284,-0.011208291165530682,0.016578913084231317,0.039803960174322126,0.059517753869295122,0.074454843997955322,0.0860387459397316,0.10175684094429016,0.10847986862063408,0.092905841767787933,0.11899643391370773,0.13209018111228943,0.17105850577354431,0.22839140146970749,0.24578109383583069
