SouthSea_Web/demo/jsonfile/2017-12-16-22.json
{"header": {"parameterUnit":"m.s-1","parameterNumber":2,"dx":0.1,"dy":0.1,"parameterNumberName":"Eastward current","la1":29.0,"la2":12.0,"parameterCategory":2,"lo2":131.0,"nx":250,"ny":171,"refTime":"2017-12-16T22:01:52.5","lo1":106.0}, "data":
[rows 95 to 113 of 171, columns 86 to 128 of 250]
-0.50223063870712559,-0.52635977003309464,-0.56867042073497065,-0.56302626430988312,-0.534746670297214,-0.5076930173512163,-0.48660345375537872,-0.45987092810017721,-0.46715169528435019,-0.47419660538434982,-0.46336873029840403,-0.43029088477293648,-0.42985849418947775,-0.42797067264715832,-0.45241163238402338,-0.52544778297024386,-0.49919894989579916,-0.43167312350124121,-0.37769241676186072,-0.33474941452344259,-0.30182462465018034,-0.26674262930949527,-0.22008005848952703,-0.20421127815331733,-0.183581685423851,-0.14549003314712775,-0.10552207711670134,-0.11891511254585706,-0.20525404810905457,-0.314009889960289,-0.36722004041075706,-0.40141282677650453,-0.42330399652322132,-0.39760039959635052,-0.391330324113369,-0.42609175046284992,-0.51489488482475276,-0.640078529715538,-0.70059116184711456,-0.68843992054462433,-0.73829485972722375,-0.84448258876800542,-0.887522280216217
-0.54045329136507847,-0.56311219701400173,-0.58126472788197658,-0.56338750433038787,-0.50711657934718657,-0.48365575288023266,-0.4710877468952766,-0.44439848760763806,-0.44465865912260832,-0.43392855624357857,-0.42843421548604965,-0.41928528711713592,-0.40859953959782919,-0.39957442979017893,-0.441730882587104,-0.47467948159863871,-0.44657492843167534,-0.40371805150061846,-0.33865112904459238,-0.32415395255746515,-0.327856758545185,-0.29703902878931593,-0.24543307335288436,-0.22286651627375528,-0.20320897936820984,-0.17850136160850524,-0.13739526157195753,-0.12698959124584994,-0.19013666278786129,-0.26150351431634689,-0.29612746834754944,-0.33063111702601117,-0.3623525287423815,-0.36988635361194611,-0.39022037386894226,-0.44906207323074343,-0.54281067848205566,-0.63461281359195709,-0.67801767587661743,-0.64905864000320435,-0.67716905474662781,-0.7836708545684814,-0.84345053136348724
-0.54765408166817253,-0.57159125804901123,-0.57528913021087646,-0.5736640382696081,-0.51968735030719215,-0.48527792648032858,-0.47606951211180004,-0.46800712634015967,-0.45369051550996714,-0.41417221338660631,-0.408355396773134,-0.428633980709931,-0.4159213657732363,-0.3995443453391393,-0.44077699965444106,-0.44512419967815792,-0.40662155151367185,-0.36517123381296795,-0.32874166326863424,-0.34625997245311735,-0.35355601487336336,-0.32459303523812977,-0.2567221616153364,-0.21560184318910947,-0.21733472775667906,-0.20079474036510175,-0.15467759817838669,-0.14632655382156373,-0.20470913499593735,-0.24476502587397894,-0.26159209012985229,-0.28563771247863767,-0.34085451563199359,-0.38417748610178631,-0.41675660759210587,-0.46185114979743958,-0.53203916549682617,-0.61933908859888709,-0.66270573933919275,-0.62462365627288818,-0.65751945972442627,-0.73044975101947784,-0.77872848510742188
-0.48299975417278429,-0.52363895773887636,-0.52471038368013168,-0.52282992336485123,-0.50701811795051277,-0.47465083775696931,-0.45585531684068531,-0.466896969292845,-0.45746020653418135,-0.40574820020369123,-0.3870411217212677,-0.400448402872792,-0.39796642020896628,-0.36931427248886656,-0.39790172823544206,-0.42800739522163683,-0.41175027037489004,-0.37401788543771813,-0.33292751271149207,-0.35157355772597448,-0.35433211591508651,-0.32308798913772291,-0.27340738928836322,-0.24346861615777016,-0.25509850680828094,-0.242429027503187,-0.18360387533903122,-0.17504500349362692,-0.21134993682305017,-0.24777383108933768,-0.26105444133281708,-0.27866336703300476,-0.34422838687896729,-0.39725455641746521,-0.45633362730344135,-0.49537747104962665,-0.57085427641868591,-0.63031110167503357,-0.63080406188964844,-0.61084172129631042,-0.62055136760075891,-0.70407634973526,-0.73817686239878333
-0.41731702327728271,-0.46908188717705862,-0.52544411244215794,-0.51420377731323241,-0.47316203692129682,-0.45537824814136213,-0.44546569585800172,-0.44979415668381584,-0.45667327885274533,-0.42220046012489881,-0.38730223973592121,-0.36917213522470915,-0.34832422967467991,-0.32238352409115545,-0.33316233277320861,-0.39831011635916574,-0.43356148783977216,-0.38677029366846438,-0.351577836733598,-0.35238422287835014,-0.34398788745914188,-0.320484081040258,-0.28646584682994419,-0.27093522037778583,-0.27874226040310329,-0.26125045120716095,-0.22629941361291067,-0.21198380365967751,-0.22968166321516037,-0.26181012392044067,-0.28048606713612872,-0.30055136978626251,-0.34626111388206482,-0.40813122689723969,-0.45218893885612488,-0.48054622610410053,-0.529834379752477,-0.60561320185661316,-0.61747491359710693,-0.612940102815628,-0.61317694187164307,-0.65307152271270752,-0.67509362101554871
-0.38964627110041106,-0.40523071816334355,-0.46848194687454786,-0.47089120516410243,-0.41668875400836652,-0.40535929684455579,-0.42780128809121937,-0.44415386076326724,-0.45287956755894881,-0.42306217799584073,-0.37330543462719235,-0.33273268892214847,-0.2851734379163155,-0.26296920914735111,-0.2911009926062364,-0.36513552842316804,-0.42574207429532651,-0.40408681676937985,-0.36007455874372413,-0.32913212202213427,-0.31147411942481995,-0.29488762915134431,-0.27023274898529054,-0.25503001444869572,-0.24924527108669281,-0.25063566615184146,-0.24235500767827034,-0.22901000678539277,-0.24625039100646973,-0.27971714735031128,-0.30243813991546631,-0.31748742858568829,-0.35323931276798248,-0.40998430053393048,-0.46016834676265717,-0.47304612398147583,-0.50110764801502228,-0.54936173558235168,-0.602725625038147,-0.59233993291854858,-0.62295854091644287,-0.65843057632446289,-0.66659867763519287
-0.33309368895632879,-0.32049620509147642,-0.36782043828414035,-0.40168648699055548,-0.36698888301849364,-0.34265145127262386,-0.353170412282149,-0.40281702234194827,-0.4206515312194824,-0.41257084906101227,-0.35156468940632685,-0.30523112301643079,-0.26464714705944059,-0.24125016939181548,-0.2662801903982957,-0.34111743133801681,-0.38485540343182428,-0.37245778624828046,-0.32132180690765383,-0.28297262390454608,-0.26654856455953496,-0.26510205439158846,-0.24081949212334372,-0.2237714851895968,-0.21930781503518423,-0.23044238487879434,-0.24011178811391196,-0.23153384029865265,-0.24464658896128336,-0.26769023140271503,-0.30643719434738159,-0.33591285347938538,-0.3609883189201355,-0.40225881338119507,-0.45442034304142,-0.47282448410987854,0.0,-0.49687455594539642,-0.51796358823776245,-0.5713767409324646,-0.6033765971660614,-0.62985581159591675,-0.628374457359314
-0.27247806762655574,-0.26460374179093732,-0.29768447383590368,-0.33505104184150697,-0.33095916791966085,-0.3120974985992207,-0.31541148704641003,-0.3572435747174656,-0.38188725709915161,-0.38532312001500812,-0.3410792473484488,-0.28686248443343421,-0.26833842152898962,-0.24547344107519498,-0.261326240375638,-0.31966771557927132,-0.34765516497470716,-0.33282244075899536,-0.28948192422588664,-0.24609512388706206,-0.23242840743981874,-0.24295839481055737,-0.22674907909499276,-0.20699184536933898,-0.20307033260663351,-0.22239883989095688,-0.23621880710124971,-0.23661437133948007,-0.23570613066355386,-0.26385565847158432,-0.291523814201355,-0.33846805493036908,-0.36853323876857758,-0.39046934247016907,-0.42307893931865692,-0.43857373297214508,-0.45436117053031921,-0.47664032876491547,-0.53176218271255493,-0.55668601393699646,-0.583686888217926,-0.63537102937698364,-0.636464536190033
-0.25321013787213492,-0.26727178030543858,-0.30171714935983929,-0.31916988321713041,-0.31222525238990784,-0.3036879226565361,-0.31447386954511913,-0.35142307231823605,-0.39370854447285336,-0.39997173439372669,-0.37394562959671018,-0.31451543917258579,-0.29136558941432406,-0.27822882123291492,-0.28564884861310325,-0.3101221283276876,-0.32633327160562786,-0.30087110586464405,-0.25521328921119374,-0.21962540472547212,-0.2168878186494112,-0.23145228438079357,-0.22831088677048683,-0.21673684418201447,-0.21833555027842522,-0.2262750118970871,-0.23289360478520393,-0.24048806726932526,-0.24624931067228317,-0.25469553470611572,-0.29804080724716187,-0.33240990340709686,-0.36278659105300903,-0.37163801491260529,-0.38380680978298187,-0.40464484691619873,-0.44431814551353455,-0.483467236161232,-0.53857362270355225,-0.56434968113899231,0.0,-0.63584786653518677,-0.61944389343261719
-0.26961567997932434,-0.27211499214172363,-0.29486265090795666,-0.31091239303350449,-0.30245771316381603,-0.28779023614796723,-0.30696988436910844,-0.34920508946691242,-0.392834915055169,-0.409088671207428,-0.39543275907635689,-0.36596255169974434,-0.32772087156772611,-0.30636981725692747,-0.3061794012784958,-0.31458237767219543,-0.31701362133026123,-0.285416841506958,-0.24951241744889152,-0.2290786188095808,-0.22506730258464813,-0.24217717722058296,-0.25186578184366226,-0.25319327414035797,-0.24402522668242455,-0.23670404156049094,-0.2366621196269989,-0.23707793653011322,-0.25461612641811371,-0.27558435996373493,-0.30262833833694458,-0.31475652754306793,-0.32187598943710327,-0.3481312096118927,-0.36488747596740723,-0.39795500040054321,-0.43659967184066772,0.0,-0.56086605787277222,-0.58640068769454956,-0.570120096206665,-0.629637598991394,-0.62073418498039246
-0.29551248387856915,-0.28456664383411406,-0.28751558065414429,-0.3002457320690155,-0.29491438799434239,-0.27697481587529182,-0.29391700029373169,-0.33477981601442608,-0.378572016954422,-0.404011736313502,-0.40623883690152851,-0.39901011809706688,-0.35894827246665956,-0.32212247593062265,-0.30710127098219736,-0.302791314465659,-0.3006310413281123,-0.28457692265510559,-0.25554406642913818,-0.23623793199658394,-0.23379399478435517,-0.25046576932072639,-0.27051089704036713,-0.27906233072280884,-0.27620996534824371,-0.25890618562698364,-0.23912698775529861,-0.23561614006757736,-0.26490375399589539,-0.28761646151542664,0.0,-0.30061089992523193,0.0,-0.3224908709526062,-0.34175112843513489,-0.36423218250274658,-0.38901767134666443,-0.48736369609832764,0.0,-0.60588383674621582,-0.625163733959198,-0.65227743983268738,0.0
-0.30929173901677132,-0.29896879196166992,-0.29168059676885605,-0.30101722904614042,-0.29989121854305267,-0.27864779159426689,-0.27988191246986388,-0.30927558243274689,-0.35403944551944733,-0.39515600800514222,-0.422734538714091,-0.43028087019920347,-0.40002903938293455,-0.35411226004362106,-0.315958708524704,-0.29837225377559662,-0.29511963129043578,-0.28279819339513779,-0.26044434309005737,-0.2395254597067833,-0.23208035528659821,-0.24190385142962137,-0.26349444687366486,-0.28118443489074707,-0.28774517774581909,-0.27014246582984924,-0.24066349864006043,-0.24009553343057632,-0.26633694767951965,-0.29675894975662231,-0.29550176858901978,-0.307678684592247,-0.30749785900115967,-0.31178906559944153,-0.32788363099098206,-0.31987404823303223,-0.40627585351467133,-0.50341957807540894,-0.54696959257125854,-0.5792965292930603,-0.6238284707069397,-0.65220677852630615,-0.65118888020515442
-0.2983250745705196,-0.29930594137736727,-0.29132423922419548,-0.29409091472625731,-0.29425947368144989,-0.28760084509849548,-0.27939799427986145,-0.293917578458786,-0.32859722524881363,-0.37709230929613113,-0.42013248801231384,-0.44694063067436218,-0.43214929103851318,-0.39917279779911041,-0.35989837845166522,-0.3333183228969574,-0.31802316506703693,-0.29833404719829559,-0.26323469479878742,-0.24349717299143472,-0.22989342361688614,-0.23212334513664246,-0.24256253242492676,-0.26082415133714676,-0.27363522350788116,-0.26972174644470215,-0.26101380586624146,-0.24079118669033051,-0.26666447520256042,0.0,-0.30970324575901031,0.0,-0.32437853515148163,0.0,-0.3148970901966095,-0.3158198744058609,-0.40754428505897522,-0.45581403374671936,-0.5240422785282135,-0.57307270169258118,-0.62235397100448608,-0.63730901479721069,-0.64664924144744873
-0.28683313727378845,-0.2815311923623085,-0.28003241866827011,-0.28157548606395721,-0.27956702709198,-0.28093797961870831,-0.28260279893875123,-0.29818246761957806,-0.3285142680009206,-0.36912250518798828,-0.41755755742390949,-0.43896037340164185,-0.44875826239585875,-0.43181294202804565,-0.41524805128574371,-0.39714406927426654,-0.37928004562854767,-0.33562912046909332,-0.29162217676639557,-0.25036249309778214,-0.23555856943130493,-0.2222660630941391,-0.22145209461450577,-0.23550383746623993,-0.23358535766601563,-0.26450498402118683,-0.25217810273170471,-0.25284303724765778,-0.26871129870414734,-0.3025987297296524,-0.32094293832778931,-0.32854251563549042,-0.34017547965049744,-0.33051499724388123,-0.30964472889900208,-0.31309328973293304,-0.34578187763690948,-0.43269863724708557,-0.4797990620136261,-0.56426918506622314,-0.57691258192062378,-0.58620557188987732,-0.61882209777832031
-0.28135266900062561,-0.28212164839108783,-0.27530584732691449,-0.27630050977071124,-0.27408634622891742,-0.2667861133813858,-0.27081851661205292,-0.29442687332630157,-0.32810437679290771,-0.37915146350860596,-0.42343581716219586,-0.45154045522212982,-0.46453931927680969,-0.45906885464986164,-0.45660218596458435,-0.44400838017463684,-0.40917766094207764,-0.38794095814228058,-0.33397266268730164,-0.29820749163627625,-0.25357869267463684,-0.22314725816249847,0.0,-0.21343765407800674,-0.22739840298891068,-0.25039945542812347,-0.26210591197013855,-0.25698605179786682,-0.29182237386703491,-0.28947114944458008,-0.31832066178321838,-0.33702760934829712,-0.34399376809597015,-0.33853068947792053,-0.31608238816261292,-0.31582990288734436,-0.32285577058792114,-0.41463106870651245,-0.45651715993881226,-0.49001824855804443,-0.5058664083480835,-0.536741703748703,-0.58021470904350281
-0.26241593360900878,-0.27072249849637348,-0.26846830546855927,-0.26795312762260437,-0.27227047085762024,-0.26762482523918152,-0.27243594825267792,-0.29440975189208984,-0.32920868694782257,-0.36907963454723358,-0.41026192903518677,-0.4495653510093689,-0.47918860614299774,-0.49876426160335541,-0.50207586586475372,-0.4894595593214035,-0.47204801440238953,-0.4234234094619751,-0.36758798360824585,-0.3379986584186554,-0.27678416669368744,-0.25391292572021484,-0.2275531217455864,-0.23530995845794678,-0.23702827095985413,-0.24509350955486298,-0.28210434317588806,-0.28787729144096375,-0.29937566816806793,-0.30984103679656982,-0.31790739297866821,-0.33543473482131958,-0.33350422978401184,-0.33519075810909271,-0.31640625,-0.31834861636161804,-0.35205535590648651,-0.3672555685043335,-0.43087863922119141,-0.43282999098300934,-0.4575715959072113,-0.46872609853744507,-0.49136967957019806
-0.22861335054039955,-0.2418515682220459,-0.23824390023946762,-0.24887673556804657,-0.25720000267028809,-0.25240309536457062,-0.25971715152263641,-0.28940029442310333,-0.33008703589439392,-0.36066547036170959,-0.39751863479614258,-0.44291955232620239,-0.48254057765007019,-0.50244784355163574,-0.53558087348937988,-0.51827815175056458,-0.48856407403945923,0.0,-0.41875067353248596,-0.34792797267436981,-0.29667314887046814,-0.27658429741859436,-0.25819483399391174,-0.24134063720703125,-0.2666483074426651,-0.26044684648513794,-0.27038723230361938,-0.305927112698555,-0.31700059771537781,-0.33994221687316895,-0.33636459708213806,-0.32633665204048157,-0.32358275353908539,-0.31742298603057861,-0.31182791292667389,-0.29968243837356567,-0.3222954124212265,-0.37274089455604553,-0.3791918009519577,-0.36999845504760742,-0.40914052724838257,-0.38835252821445465,-0.39908818900585175
-0.22425393263498941,-0.22456304356455803,-0.22559639811515808,-0.233107790350914,-0.2208421528339386,-0.22427216172218323,-0.24458634108304977,-0.27561494708061218,-0.30018907785415649,-0.33806142210960388,0.0,-0.39510364830493927,-0.451199010014534,-0.49449923634529114,-0.530167818069458,-0.532976508140564,0.0,-0.48901498317718506,-0.41853427886962891,-0.36377310752868652,-0.33197207748889923,-0.30915249884128571,-0.28462818264961243,-0.27349156141281128,-0.28889304399490356,-0.29210066795349121,-0.28432697057724,-0.30141615867614746,-0.322131484746933,-0.34798732399940491,-0.34969288110733032,-0.34199579060077667,-0.317800909280777,-0.30594734847545624,-0.29482769966125488,-0.297035276889801,-0.30848290026187897,-0.31869806349277496,-0.32233524322509766,-0.36543086171150208,-0.33608397841453552,0.0,-0.32921704649925232
-0.22833701223134995,-0.23068814724683762,-0.23788029452164969,-0.2397724986076355,-0.22829407950242361,-0.21882973611354828,-0.23517823964357376,-0.26247245073318481,-0.2978346049785614,-0.33375935256481171,-0.35910943150520325,-0.38514342904090881,-0.41287949681282043,-0.47795906662940979,-0.51880180835723877,-0.54362013936042786,-0.53360062837600708,-0.47906246781349182,-0.43926951289176941,-0.39635150134563446,-0.36673131585121155,-0.33371928334236145,-0.33091819286346436,-0.31215226650238037,-0.31149636209011078,-0.292875736951828,-0.29984587430953979,0.0,-0.34698759019374847,0.0,-0.38198193907737732,-0.36519268155097961,0.0,-0.3097480833530426,-0.29980260133743286,-0.30298705399036407,-0.296136274933815,-0.29345455765724182,0.0,-0.30118392407894135,-0.28293576836586,-0.30786719918251038,-0.31056609749794006
