SouthSea_Web/demo/jsonfile/2017-12-16-17.json
{"header": {"parameterUnit":"m.s-1","parameterNumber":3,"dx":0.1,"dy":0.1,"parameterNumberName":"Northward current","la1":29.0,"la2":12.0,"parameterCategory":2,"lo2":131.0,"nx":250,"ny":171,"refTime":"2017-12-16T16:58:07.5","lo1":106.0}, "data":
[rows 95 to 113 of 171, columns 43 to 85 of 250]
0.0,0.0,0.0,0.0,0.0,-0.22247695473515183,-0.23450502290506847,-0.40542052980182935,-0.37579821375594741,-0.40262991465055026,-0.40202617536891588,-0.38630635663866997,-0.34031965973831357,-0.27226097803366811,-0.25727920324513409,-0.26680938577329788,-0.29913530279608336,-0.28216992830857635,-0.31679134955629706,-0.23261142594199027,-0.18903597990671794,-0.13621902391314505,-0.17525550055092778,-0.26669125209252037,-0.3215979304578569,-0.33872970527616042,-0.39008086025714872,-0.36465718384299961,-0.371588796377182,-0.33650765940546989,-0.22223953778545061,-0.18279170989990234,-0.13199763403584561,-0.12377837034208435,-0.12560567177004284,-0.14601206882246609,-0.14058314484578591,-0.13932780099326167,-0.14406879102954498,-0.12457886710762978,-0.077830801493135,-0.038313483595848082,-0.028296393374430722
0.0,0.0,0.0,0.0,-0.079895421063148342,-0.24569719974999821,-0.373169465731549,-0.37076617078855634,-0.38856390118598938,-0.39925066575612106,-0.40494077530774203,-0.39773602783679962,-0.332851381464438,-0.31977927535772321,-0.29490017021695775,-0.25591557339215892,-0.22209821827709675,-0.15825086967511612,-0.13320025200805358,-0.10868053585290909,-0.14516973880858258,-0.20423069179058076,-0.2887923350291593,-0.31530086398124696,-0.31156390243106419,-0.32190384908958719,-0.29076008550051985,-0.22571644186973572,-0.19819481367314304,-0.13856446743011475,-0.11134556736107226,-0.11580556387511584,-0.077630058620814929,-0.0926456196854512,-0.11663327050896791,-0.11482421750271762,-0.11546144777765641,-0.13816022872924805,-0.14872528383365044,-0.12761864278997695,-0.090348781120997881,-0.02946215147514724,0.002662842748341737
0.0,0.0,0.0,-0.13384938849644226,-0.23892767145754953,-0.34650197691757584,-0.37369998976900859,-0.38975718075578863,-0.4173195550129527,-0.42340940105564456,-0.39153354465961454,-0.35560313239693642,-0.32423304427753796,-0.31267551368191127,-0.24080143557038419,-0.18538897416808389,-0.13378999424832208,-0.18456583150795528,-0.24334953501820564,-0.22511124226354784,-0.25164896462644848,-0.29726036003342382,-0.32522986058531134,-0.29547525729451862,-0.29259276975478443,-0.22435420083588567,-0.16001845785865076,-0.17015676892229489,-0.12065172029866113,-0.058507870084473064,-0.02703286145158388,-0.026211588581125916,-0.0088659021088720435,-0.037854897226206961,-0.084636718586639126,-0.10629825036113079,-0.12274029132510934,-0.12840344063166914,-0.13413009104820398,-0.11075210102178433,-0.077335305941792637,-0.010922887261196073,0.018672921522348014
0.0,0.0,0.0,-0.18593814145230378,-0.34389048885062057,-0.37247549814562642,-0.36183537613777889,-0.41729077696800232,-0.42362942450186786,-0.39574810073656197,-0.365939947111266,-0.35309521911235958,-0.30944117361849005,-0.26348726124298283,-0.17195651136540077,-0.13945062065290081,-0.21227450583662305,-0.29009355651214719,-0.24284846875174293,-0.25305958464741707,-0.29501152603790676,-0.35970468562224817,-0.32316861108497336,-0.31479363400360633,-0.26127118351204054,-0.1692900215940816,-0.20215036932911193,-0.19549723657277915,-0.15659503555960125,-0.10494594156209912,-0.047243327547151312,-0.015321809132209248,-0.010156208215953989,-0.036973504780757206,-0.062853178458994838,-0.079695005542956859,-0.090661267964885786,-0.11151146024465561,-0.14987212525946753,-0.11020870423979229,-0.0656927970462832,-0.032348079785991177,-0.0012058878398966044
0.0,0.0,0.0,-0.30339762726250818,-0.40483190682516146,-0.39329091918009978,-0.39621749122937522,-0.42423092480748892,-0.45683657271521433,-0.41694438415513912,-0.40148541927337644,-0.30346719829403623,-0.24323843383207555,-0.18756350584146453,-0.18697828838699743,-0.26239209778999029,-0.29372726476961569,-0.25219964881738027,-0.25838881324638019,-0.30616294905062647,-0.35577182258878437,-0.34498857359091439,-0.330021143987261,-0.29917877636573931,-0.2066044252494286,-0.23222463771148963,-0.25973540599699374,-0.23011929624610478,-0.1819476197872843,-0.10622371520314898,-0.06634103104472161,-0.041461319628137129,-0.01088942138780372,-0.015772609014271036,-0.015247973585501314,-0.027439557425677778,-0.042281758572374074,-0.090478597208857536,-0.14033853813357974,-0.10303029914697011,-0.057649620737020783,-0.036411076282652527,-0.01329805659921037
0.0,0.0,-0.21493488986577305,-0.38449482811711067,-0.41005182084513875,-0.41073951044598139,-0.43249286901681944,-0.44758415482576613,-0.41351832188665866,-0.39682552579677466,-0.38909853020539653,-0.26249697188968246,-0.2088751776350869,-0.2803489638444705,-0.34065278785096276,-0.38512204827800872,-0.25570132057456407,-0.25697289494907155,-0.32709725729880795,-0.33764711767435074,-0.29307325975969434,-0.32253862172365189,-0.34269586205482483,-0.20029045281739072,-0.2105660650592584,-0.22832310772859132,-0.2408473284116813,-0.21371572120831564,-0.1738358465609727,-0.12437216671449798,-0.094781378284096718,-0.027183328073338738,0.021046459978808545,0.032739259003262432,0.022975340485572815,0.022475419393568126,-0.0046433558393171271,-0.0733451797411992,-0.1147313474544457,-0.095538886189460756,-0.066790436609433249,-0.022026713347128992,-0.0033903537864366975
0.0,0.0,-0.32528390395096862,-0.45427070096345012,-0.41426581435976406,-0.43386967942632476,-0.45718017458915711,-0.46208538592440412,-0.44617644842568932,-0.4299141741715945,-0.36315223925253926,-0.20658490806818008,-0.21158624041912166,-0.2239969413727522,-0.30407165118626184,-0.24697625440986534,-0.23300345242023468,-0.24243859043627075,-0.23858841982754794,-0.23512934946588107,-0.27552639160837444,-0.29683228631814323,-0.26218363483037266,-0.18868069074772023,-0.21937026030250958,-0.18946229772908346,-0.19983529352716037,-0.18356581298368319,-0.16763347960435426,-0.13539418992069033,-0.088151067065504879,0.0006883507428158607,0.04208331733942032,0.056886054265002407,0.043529460206627846,0.031877355435146734,0.018129072855047595,-0.017761596455238761,-0.071619294010675877,-0.085111077588338122,-0.05704367789439857,0.0040512173483148216,0.032905303944761939
0.0,0.0,-0.3113591164460387,-0.56228971670271688,-0.4476362845254323,-0.48255220542842442,-0.49482855200767517,-0.46823838854504524,-0.44931066790713542,-0.40398068498756928,-0.29332549661397933,-0.24063454229723325,-0.25894731753750849,-0.24198613335957397,-0.21498918235301973,-0.19522886646204982,-0.18033486604690552,-0.18344129621982575,-0.2170079526092325,-0.25486306686486515,-0.25778048751609667,-0.21593138309461729,-0.18717403018048831,-0.18578214446703592,-0.1709595129445747,-0.15345051299248422,-0.15705477102444723,-0.14840130448341371,-0.13936282032065922,-0.11776309380573886,-0.062267686501145364,0.0027873429762958375,0.023666982451686636,0.040712346688711216,0.055647900172819696,0.073783052941927538,0.056559965610504151,0.019106140373171203,-0.027079956601373852,-0.042374709554548771,-0.027406878769397736,-0.0076058598654344676,0.020247242798527274
-0.019459450839912931,-0.18059136748290092,-0.29697409103532896,-0.5393210844008508,-0.50576615501242828,-0.50280652352928246,-0.48202800005674362,-0.46564699422328842,-0.43042581669382146,-0.349067569806658,-0.31328582432534957,-0.29291709785054371,-0.23004194420008434,-0.19305017446317979,-0.15478402782570233,-0.14509338991982596,-0.14504497714581027,-0.14408517834441414,-0.16849018739802496,-0.18471901012318476,-0.14911716830517566,-0.16675486719166791,-0.18453941080305311,-0.16236567497253418,-0.12572136091498229,-0.11102806031703949,-0.11994925646909646,-0.12289445047025327,-0.1212345775961876,-0.099656531656229938,-0.064002545895399873,-0.033722978837501541,-0.019383391002193093,0.00422520204817071,0.03047845631837845,0.052927732181090578,0.051292781200673848,0.0347081745415926,0.013753438972344156,-0.0022948116141681871,-0.010470687799776593,-0.0097008566931785587,0.0028200077504152432
-0.071509489445499508,-0.22477829865052956,-0.48093240032929241,-0.55310124105735681,-0.56488722480005693,-0.557387780744347,-0.500931903249339,-0.49160664405637572,-0.40645574799605777,-0.33094186393114239,-0.30464392503102622,-0.2622140453834283,-0.21611487646313274,-0.19611213728785515,-0.17442475932259713,-0.14104869808344281,-0.13054416611276823,-0.12482207028993539,-0.12101625491465841,-0.10344654100912588,-0.10591786833746093,-0.14141286578443316,-0.14300346926406579,-0.1152527591586113,-0.081937991348760467,-0.085359333226313963,-0.12273743146887192,-0.12392374185415414,-0.10140973036842686,-0.079372942771600646,-0.071007827539806778,-0.042928691380299054,-0.031571911130514413,-0.017704670023522339,-0.0043913272826466712,0.017064489871263504,0.03587965387851,0.054176192178770351,0.057585490557054676,0.026448007095605134,-0.0076553961219663806,-0.022575361447201833,-0.026542002987116575
-0.19587053897131543,-0.37042761312332007,-0.46255942557584795,-0.53925839613337034,-0.53111321944456835,-0.51777404017430018,-0.47953075402312806,-0.44666718906826441,-0.34888541560906633,-0.285776145929514,-0.27236570890356854,-0.23051897627966744,-0.1780466316267848,-0.14161176811302861,-0.11836259211263349,-0.11004271872084716,-0.1149642321148089,-0.090774121295128546,-0.093083567917346954,-0.07056301335493724,-0.0740840470901242,-0.10361782576029117,-0.11989873261363418,-0.073832447425677225,-0.042385743232443929,-0.08171291508037469,-0.13737854588290918,-0.14207671030803962,-0.11350204337101716,-0.09753086160008724,-0.086405656085564539,-0.069294847961929112,-0.057166405308705107,-0.056142709183472174,-0.048820940852165221,-0.0085603193233341531,0.027374333742520084,0.045848491816566542,0.048526439539812227,0.028892408102928174,-0.0079192176111973819,-0.037751837469199127,-0.050868980834881464
-0.32076572741962456,-0.47035586864426582,-0.54468679122435737,-0.53594561102073313,-0.55014045772881348,-0.52180325446358644,-0.45239934568502466,-0.408367029850996,-0.33404120172445589,-0.28128840964893964,-0.23555362969636917,-0.19972567027434707,-0.14321259229347624,-0.10323375514869032,-0.0915711878665856,-0.082710431622607369,-0.0849987820342735,-0.067265664892537255,-0.052162458706233233,-0.036423736355370946,-0.047846696554468229,-0.057403285332300047,-0.072407300770282748,-0.06797991463771233,-0.053037291392683983,-0.089942323760344431,-0.1414462540436674,-0.13234585466293189,-0.095072579211913616,-0.094401382881662124,-0.094602556692229375,-0.080497236549854273,-0.063730063885450369,-0.056370488885376185,-0.039897196063840831,0.0060394882143904958,0.021527322528597254,0.016483392430236565,0.012665033400116954,0.0056024761493865616,-0.020795103814452886,-0.0496944473548369,-0.056637015725885122
-0.32685091903301583,-0.45146045058740475,-0.49276584446600991,-0.517131499995459,-0.50539876722303545,-0.44792495011736494,-0.42910091269691036,-0.38276958117882409,-0.33035369617183036,-0.25558180023323407,-0.1851591482758522,-0.13654985039361886,-0.095810257026861453,-0.065534131601452827,-0.053392553627491,-0.054834655076265337,-0.042063180423740833,-0.039255658497235606,-0.035342817150411154,-0.025776715224815741,-0.045317847348217456,-0.053200296908617023,-0.059858313451210655,-0.06404002928840262,-0.072006744177391127,-0.08462141782045364,-0.10087374425851382,-0.091287354412286179,-0.0654992601619317,-0.069607732594013219,-0.0728962073183578,-0.061491563767194751,-0.042077238826702036,-0.032665301368317821,-0.0202814726314197,-0.012979910647276405,-0.0085731402372899047,-0.015339583966552335,-0.021412252386411031,-0.016315008879506161,-0.020492354330296319,-0.036104582588781013,-0.035886921786836216
-0.40046828463673589,-0.42133155319748855,-0.50611039440510641,-0.55916474687565654,-0.48722481073709478,-0.45313316086928052,-0.41093323726049613,-0.37621865736113652,-0.28840330072811671,-0.17644051895026239,-0.10689072826733956,-0.08872845644752185,-0.048307205215096474,-0.022625002508553173,-0.02474613331258297,-0.016851066339295357,0.0043500968798374133,0.0062478138960432262,0.0069670883822254837,0.01142607299455752,-0.0048405882844235748,-0.036638562955583133,-0.056094962816972,-0.045708068907260896,-0.056828083780904613,-0.068437006186555932,-0.060430210337720135,-0.021233794763684272,-0.011177690170535987,-0.036058720023859112,-0.047652504806007655,-0.056546867825090885,-0.0480035986751318,-0.023594601033255457,-0.00985810414299761,-0.016262791845399666,-0.023771864964681512,-0.039840364828705788,-0.040965317349348752,-0.031795015415320031,-0.017242358764633536,-0.01076350238041154,-0.0060711954817331088
-0.37917812751687091,-0.46137280286626614,-0.47338448164536973,-0.46538236309707415,-0.47474154793854917,-0.44697797642304349,-0.3940509703565151,-0.28861067635672433,-0.1826852411031723,-0.12240937501192092,-0.075218430188085356,-0.040314351351788409,-0.016098425275197736,-0.011191528523340821,-0.0041834821105502283,0.0034923538935670096,0.027342776634863446,0.040137053324052922,0.049991222769021987,0.0529808693661772,0.026142108929119647,-0.019313645078218544,-0.046221668330522686,-0.037574730813503265,-0.047133706510066986,-0.042147582761295467,-0.01392057321272264,-0.0042674686727960679,-0.0446460407291029,-0.059447389096021652,-0.0779916824772954,-0.079094375434674721,-0.058661902421399167,-0.032049653236754239,-0.0025010478973115369,0.0026081890454016893,-0.02090474668269356,-0.0477366903796792,-0.06216424827774366,-0.049631161149591208,-0.023107768618501723,-0.00067908973765692536,0.016668981562058132
-0.42358385055903863,-0.46692493435286692,-0.428066155938215,-0.44670091396656592,-0.45041085336659403,-0.39659326540099249,-0.30908854802449542,-0.20130540379162493,-0.12962209016084672,-0.10062230240415644,-0.051104531224284856,-0.012631512825088254,-0.0055150616930664653,-0.0031713899162631215,0.010376223092732419,0.023839315306395291,0.052830456889101436,0.072043946411992826,0.069545694851669768,0.047647080384194851,0.010314016781714079,-0.03081238846294582,-0.04356494213321379,-0.034464382526019348,-0.024434562539681792,-0.022790938227747876,-0.029635193038054487,-0.067008487702835171,-0.096059600773610573,-0.10141875222325325,-0.10766261722892523,-0.089599652325405788,-0.063826144672930241,-0.034828514729936914,-0.0049322666833177212,-0.00010145667832917892,-0.019452133774757387,-0.04767332381258408,-0.066691278479993343,-0.050305114260741642,-0.01933220758413275,0.0048518401570618154,0.027035519480705261
-0.41569163228373929,-0.45314662234626546,-0.46611728115628165,-0.43002334183880259,-0.35387239969053935,-0.28047845466062427,-0.19555115203062692,-0.13704770803451538,-0.10571615913739571,-0.072107142543998262,-0.044849482165383439,-0.027294626424985903,-0.0074471747314917942,0.022121019165722594,0.045298892655409873,0.0596625427565267,0.090198338545601942,0.092220063171079086,0.060811435996458447,0.020203195822735626,-0.021122081438079476,-0.035494355484843254,-0.033743548241478426,-0.025573038682341575,-0.0204296637699008,-0.038112489344633141,-0.060996724736122859,-0.093985720759346372,-0.10555105891666915,-0.1085208721066776,-0.10880082001288732,-0.098306456373797521,-0.079671318509749,-0.053491527959704396,-0.0359614510089159,-0.034738058224320412,-0.045844717459245163,-0.058421481866389513,-0.055651042610406876,-0.047512559486286979,-0.018689119489863515,0.010093450814019888,0.032090171426534655
-0.36288595443866289,-0.47113153172863853,-0.44188436412292981,-0.362097613300596,-0.27981000984537191,-0.21144099712371825,-0.13552301045921114,-0.088778716911162653,-0.067790146788646435,-0.052114502677033027,-0.058761592569022345,-0.054956834360554409,-0.022472835460741244,0.039214872352948245,0.076522481394931674,0.097524580319185511,0.099371851845221085,0.070028338694211212,0.020885407461636616,-0.02376834782383715,-0.030644124430237396,-0.028324136638949657,-0.039383584697698724,-0.051708738104655191,-0.05163915720410072,-0.071469374355815712,-0.11668354882435365,-0.14533336531548274,-0.12648856356030419,-0.1035629048159248,-0.11444518715143204,-0.11470808833837509,-0.11848570353218488,-0.10761436934654529,-0.07598480446772142,-0.0679079842838374,-0.076225634250375957,-0.067742572631686926,-0.0561187852706228,-0.052251437306404115,-0.027554956078529359,0.00012114183709854842,0.018383048164347809
-0.36469469836780005,-0.4079749354294368,-0.35063002606232962,-0.26150914629300437,-0.20829893018190676,-0.16501070669403783,-0.1094877529475424,-0.074622991556922591,-0.050747694913297892,-0.065356458153794789,-0.082294579802287951,-0.0603284413261073,-0.030387220512095251,0.03074101276012554,0.077671306651263011,0.083461327167848751,0.0408255253722401,-0.010512802301060506,-0.039323871244436523,-0.05384219966588482,-0.060560771450400355,-0.071618217602372164,-0.084203182237929317,-0.10182208674294609,-0.10079547820182946,-0.11321142029303771,-0.15793560296297074,-0.16514475809203255,-0.13724769372493029,-0.12259644311335352,-0.1332600795560413,-0.1509556879599889,-0.14923093869135931,-0.13445860892534256,-0.097970777750015253,-0.076099542900919914,-0.081032132936848536,-0.082616547743479415,-0.077137842774391174,-0.063341047614812851,-0.044119418598711491,-0.016316873487085104,-0.0012444231348733108
