SouthSea_Web/demo/jsonfile/2017-12-15-08.json
{"header": {"parameterUnit":"m.s-1","parameterNumber":3,"dx":0.1,"dy":0.1,"parameterNumberName":"Northward current","la1":29.0,"la2":12.0,"parameterCategory":2,"lo2":131.0,"nx":250,"ny":171,"refTime":"2017-12-15T07:58:07.5","lo1":106.0}, "data":
[rows 133 to 151 of 171, columns 43 to 85 of 250]
-0.20497268864086696,-0.18589838966727257,-0.12160104662179946,-0.079799639327185493,-0.0763588867017201,-0.0908562730659138,-0.14422429725527763,-0.036105709560658963,0.045675727949933485,-0.0043221001321432631,-0.020571789347823041,-0.053852823308923027,-0.063289935514330861,-0.065910785606032918,-0.012600826981820558,0.060555845964699984,0.094902302873762029,0.13663724032433136,0.12376916486965983,0.12412348426878453,0.1331251785159111,0.1238779928535223,0.088332327455282217,0.044401309556431241,0.032875984208658338,0.0533505636267364,0.068488121653596565,0.094416844348112747,0.12239402284224828,0.14437474682927132,0.16358224408967154,0.16906484299235874,0.1380855870934633,0.0314078129013069,-0.17161468895418303,-0.17886221142751829,0.19093536356320748,0.28950032911130358,0.12695670919492841,0.12644590735435485,0.23965403093741491,0.29775512870401144,0.26089716170515331
-0.1910704949072429,-0.16508253663778305,-0.091192536056041718,-0.0749363521380084,-0.10152333416044712,-0.070143461227416992,-0.052882257476449014,0.032964169746264815,0.064724604670818031,0.0068801884102867913,-0.037125145085155964,-0.08846847852692008,-0.09538485787131569,-0.082610815763473511,-0.0043423252645879984,0.076664344335977852,0.0929110549390316,0.12169922568968364,0.12358190615971883,0.12701528420050939,0.13099015802145003,0.12148756368292703,0.10211168064011468,0.0603452915591853,0.036209794825741222,0.056044707447290419,0.080745525658130646,0.10174023360013962,0.12264595776796342,0.15549727529287338,0.1708146095275879,0.15032710560730525,0.11334119417837688,0.018286426981481221,-0.032718062973939456,0.12397469234253679,0.30006456623474759,0.25168686707814536,0.089986684382893145,0.048178364547701288,0.28907333207981928,0.45126975886523724,0.45768195192019145
-0.18979790434241295,-0.16265014931559563,-0.10625900477170944,-0.12476573698222637,-0.14473847150802613,-0.0974828777834773,-0.016771234115973737,0.049418255453929305,0.041453898751309941,0.005461615597596392,-0.042028241977095607,-0.097551403567194939,-0.11163411140441895,-0.072184609808027739,0.0422472029652757,0.095568779517303817,0.10022586245428432,0.1066737834077615,0.10767888029416402,0.1178328191692179,0.13918894529342651,0.1337235387828615,0.111454077064991,0.094929424424966172,0.0873003089800477,0.096237778663635254,0.12489225417375564,0.12799023240804672,0.12246916939814885,0.14979440186704909,0.16980680184704916,0.1735396964682473,0.15053047570917341,0.10866799267629783,0.14239883919556937,0.20531394971268518,0.17366436299155741,0.10813526465342595,0.05715463718349513,0.077788564066092178,0.38847917715708413,0.473744148015976,0.42875847449669469
-0.21570949628949165,-0.17874230146408082,-0.14285247959196568,-0.16833579043547312,-0.20163340866565704,-0.11725055426359177,-0.035080815106630324,0.0066750466321536805,-0.0020815593656152488,-0.01820893025433179,-0.057128994208243161,-0.0991250965744257,-0.090120014217164784,-0.0083700835724206026,0.080892001702026886,0.0706340093165636,0.073814738541841507,0.0744142783805728,0.067913969132033264,0.090986945666372776,0.1342206738061375,0.14663813076913357,0.13930661603808403,0.14495436251163482,0.14389963660921371,0.14645428657531739,0.16049635410308838,0.16555793831745783,0.16618350644906363,0.16607923805713654,0.17154183132307871,0.1811945608683995,0.18099378235638142,0.17504557831720871,0.19668735439578691,0.20337230836351714,0.19153319831405366,0.18151985481381416,0.17756772626723563,0.221867265800635,0.396737168942179,0.40065734223885968,0.35845924417177838
-0.2718457778294881,-0.22849803524357931,-0.19490088522434235,-0.23006032705307006,-0.22436926141381264,-0.15273941904306412,-0.043244967503207069,-0.024779798729079112,-0.034258484840393066,-0.055090537294745445,-0.084097839891910553,-0.094345874256557882,-0.034979888492009857,0.060183346271514893,0.097744798118417908,0.082711451819964824,0.069989782045869267,0.065540102931360408,0.066536117683757431,0.10240795356886727,0.14228608645498753,0.15714584290981293,0.17092596987883249,0.17719663182894388,0.18581090370814005,0.19824377944072089,0.20456221699714661,0.20376467208067575,0.220415860414505,0.21287516504526138,0.20334041331495559,0.20343771364007676,0.21494640409946442,0.22289691679179668,0.22560692826906839,0.22366285111222947,0.21650952952248709,0.21031449735164642,0.21280260384082794,0.24964570502440134,0.29113680124282837,0.306000428540366,0.28432059884071348
-0.32874666154384613,-0.28797559440135956,-0.25530838114874704,-0.26825807243585587,-0.23318952322006226,-0.12745225926240286,-0.050432109584410988,-0.038873993481198944,-0.063317732619387765,-0.091919718310236931,-0.071860870612519126,-0.030012080601106089,0.0097552498278673742,0.052799203122655548,0.10038008093833924,0.09495069831609726,0.078291861011701477,0.087098047137260437,0.11433435852328937,0.15655341185629368,0.17566798379023871,0.18355045715967813,0.18077965825796127,0.17404234835079738,0.20097636431455612,0.22838775515556337,0.24306132147709528,0.24410430788993837,0.24841133952140809,0.245893765773092,0.23223421474297842,0.22784368268081121,0.24020183334747949,0.24460037300984064,0.24467323223749796,0.25058853030204775,0.23966514319181442,0.21919726580381393,0.2080226888259252,0.21514073014259338,0.22547881603240966,0.23276400566101074,0.22564579546451569
-0.37448099255561829,-0.32546676993370055,-0.29801250497500104,-0.28969765206178028,-0.22173051784435907,-0.12729110817114511,-0.094240839779376986,-0.11096535942384175,-0.12091253884136677,-0.103209238499403,-0.060871479234525135,-0.020821901131421329,-0.02056787833571434,0.0022076570428907873,0.061639815627131611,0.10438918927684426,0.12852868530899286,0.15294497162103654,0.1843754682275984,0.20784692279994488,0.22017477266490459,0.21425509750843047,0.20259879156947136,0.21177673898637295,0.23189715296030045,0.25909192860126495,0.27004122734069824,0.27493669589360553,0.28041811287403107,0.27197290658950807,0.25626067817211151,0.2561417395869891,0.2763902723789215,0.29142882823944094,0.2934241344531377,0.2805265684922536,0.25721593201160431,0.21796949207782745,0.1938197948038578,0.18654804428418478,0.17506445571780205,0.1712313542763392,0.17869105190038681
-0.36778351664543152,-0.31782647967338562,-0.31376287937164304,-0.30455244183540342,-0.21886744350194931,-0.16793204843997955,-0.1603260955640248,-0.16562478741010031,-0.16164307892322541,-0.1229215869680047,-0.082395449901620552,-0.079728592187166214,-0.0695599830812878,-0.024080181339134771,-0.012244223451489233,0.025968888534407597,0.09405100420117378,0.15503611291448274,0.20438104702366722,0.24888149797916412,0.27442311247189838,0.2597808837890625,0.23957646265625954,0.25389487743377687,0.26586812237898511,0.27575325965881348,0.2864590585231781,0.3019111305475235,0.31252443790435791,0.31281787157058716,0.28712879419326781,0.28096271753311158,0.29644959171613056,0.30383975058794022,0.30904476642608641,0.29163282513618471,0.25982828810811043,0.21404814720153809,0.18000326678156853,0.15123078599572182,0.14095602929592133,0.14347386360168457,0.14558067421118417
-0.31895621120929718,-0.28609702984491986,-0.29391383528709414,-0.26860153377056123,-0.22093407809734345,-0.20744417905807494,-0.21443749964237213,-0.20187681913375855,-0.18344315389792124,-0.16523481160402298,-0.14463594307502112,-0.11793177574872971,-0.066110409796237946,-0.033368865214288237,-0.047412616200745106,-0.044294388219714168,0.030085644122057904,0.11847000569105148,0.18954329937696457,0.2534343238387789,0.2782689593732357,0.27186181396245956,0.26091402471065522,0.27342445651690167,0.28150772303342819,0.30050328373908997,0.33034928441047667,0.33711201945940655,0.34319730401039122,0.34823457002639768,0.32203549742698667,0.30269734859466552,0.29197677224874496,0.28641989231109621,0.28685909509658813,0.27900490164756775,0.26686362624168397,0.22067040205001831,0.17924889922142029,0.1471397802233696,0.1300264373421669,0.1284223273396492,0.12909413129091263
-0.26913068294525144,-0.26497559746106464,-0.26713927835226059,-0.23589857816696166,-0.21910874297221503,-0.22859380500657217,-0.24423248427254812,-0.24086954444646835,-0.2370995819568634,-0.23387818251337325,-0.20820764700571695,-0.15305094048380852,-0.087820625198738914,-0.059166049584746361,-0.041242186394002706,-0.028979814079191004,0.047708780371717045,0.11288719326257705,0.19645659199782781,0.24540074169635773,0.2701935827732086,0.28909730315208437,0.28413934367043631,0.29004578292369843,0.31117523312568662,0.32854079703489941,0.34558527916669846,0.35734716057777405,0.34520863493283588,0.32255072891712189,0.31270074844360352,0.28580090403556824,0.27561749815940856,0.27041172236204147,0.25969310104846954,0.25828717400630313,0.25345518191655475,0.21637062231699625,0.1834481954574585,0.15317309896151224,0.14318867027759552,0.13625958065191904,0.12552846223115921
-0.28471713662147524,-0.27774914354085922,-0.25086329132318497,-0.23250716626644136,-0.23716620107491812,-0.24838306506474814,-0.26758608222007751,-0.28098948087011066,-0.28001985947291058,-0.28565522432327273,-0.25611121356487276,-0.20041329520089285,-0.14144666812249593,-0.0966619610786438,-0.048329535250862442,0.009297050469155823,0.079196665436029434,0.15062439069151878,0.21392023137637548,0.256989736109972,0.30099685986836749,0.31891734401384991,0.31973561644554138,0.32832296192646027,0.34866593778133392,0.35005837082862856,0.34989603757858279,0.35768318176269531,0.33541245261828107,0.30525261163711548,0.26957059651613235,0.25219064205884933,0.24044729769229889,0.2248808890581131,0.22245908156037331,0.21851068735122681,0.22500148912270865,0.19018558785319328,0.17064515054225921,0.16034512966871262,0.151908241212368,0.14397890865802765,0.12599058945973715
-0.33139557838439943,-0.29887052377065021,-0.26931024342775345,-0.26907486468553543,-0.28367225329081219,-0.2796274373928706,-0.28547965884208681,-0.30161805748939513,-0.29951469600200653,-0.30143410960833233,-0.26279692848523456,-0.21886948868632317,-0.17090152204036713,-0.12283489480614662,-0.050417159063120685,0.039176517631858587,0.12328932185967763,0.20251651604970297,0.23697397112846375,0.27978603045145672,0.31253789861996967,0.31124929587046307,0.30693066865205765,0.32437462608019513,0.34292442599932355,0.34653966128826141,0.34782205522060394,0.34348196536302567,0.3266792818903923,0.30284217000007629,0.26673794786135357,0.23270846903324127,0.20777890334526697,0.2016001008450985,0.19421092793345451,0.1908431202173233,0.18035108447074891,0.15312530472874641,0.14401153723398844,0.14840109646320343,0.14628341048955917,0.12989766895771027,0.1135244145989418
-0.34812978903452557,-0.32529591520627338,-0.30856711169083911,-0.30845487614472705,-0.33182564377784729,-0.33904963306018282,-0.34004293878873187,-0.33109862357378006,-0.319135881960392,-0.30052415529886883,-0.26041938612858456,-0.22007120649019876,-0.17319679260253906,-0.12344925478100777,-0.062400715798139571,0.034136384772136805,0.13760077022016048,0.217753866314888,0.26438407599925995,0.30727019160985947,0.31264732778072357,0.30717504024505615,0.32220942378044126,0.34189550578594208,0.34944096207618713,0.34353968501091003,0.34276740550994872,0.33029637485742569,0.317445566256841,0.30442104488611221,0.28568948507308961,0.25145068019628525,0.22392782072226206,0.19196093082427979,0.18476131185889244,0.16978037357330322,0.14697051793336868,0.12418230623006821,0.11929551139473915,0.12069134165843327,0.12499155476689339,0.1167043646176656,0.1048230491578579
-0.39016295472780865,-0.36150203347206117,-0.33904563784599306,-0.3399457812309265,-0.36411967873573303,-0.38105241457621258,-0.371146892507871,-0.34515661994616192,-0.31683992147445678,-0.29008278995752335,-0.25541786849498749,-0.20443387081225714,-0.15620876351992288,-0.10692823305726051,-0.019668845692649484,0.0647588623687625,0.15436412990093232,0.22136595845222473,0.27107828855514526,0.3048258051276207,0.31423957347869874,0.33535178005695343,0.35108214616775513,0.36086464673280716,0.35888032317161561,0.35303360223770142,0.33945009857416153,0.30842769145965576,0.2900928258895874,0.29238621890544891,0.29751112063725788,0.27697038650512695,0.25405900677045185,0.21998351812362671,0.17970262467861176,0.14817047864198685,0.11018393188714981,0.083793589845299721,0.0798247680068016,0.067979741841554642,0.088743689159552261,0.087699733674526215,0.084511876106262207
-0.40306997299194336,-0.36370636026064557,-0.3621431638797124,-0.36986301342646283,-0.38310713001659941,-0.3871266096830368,-0.37012404203414917,-0.33141911029815674,-0.2949023485183716,-0.27334914356470108,-0.24797014594078065,-0.20743748048941293,-0.15743920703728995,-0.10099353268742561,-0.034497798699885604,0.07353528868407011,0.17104146629571915,0.23233145475387573,0.29361793895562488,0.32261954744656879,0.33453681319952011,0.35571627815564472,0.36764255166053772,0.37087399512529373,0.3728671868642171,0.35138429204622906,0.32437864691019058,0.28886461853981016,0.26933424671490985,0.28225567191839218,0.30340331792831421,0.31158458441495895,0.30486279726028442,0.26203591376543045,0.18832634886105856,0.14919290939966837,0.10641274973750114,0.07369941597183545,0.05247283478577932,0.058001220226287842,0.060385242104530334,0.058174697682261467,0.06333901546895504
-0.40563085675239563,-0.36450442246028353,-0.3770674467086792,-0.3860445559024811,-0.38836763799190521,-0.38094585388898849,-0.34876638650894165,-0.30943161994218826,-0.27967780232429507,-0.24432224531968436,-0.22503397613763809,-0.20564087728659311,-0.15708314776420593,-0.097248544295628861,-0.02469061439236005,0.073220073059201238,0.16842339932918549,0.24420789629220963,0.29622848828633624,0.33504309654235842,0.3421015739440918,0.33993864655494688,0.34684948623180389,0.36075815558433533,0.36001219749450686,0.34515895247459411,0.30907075603802997,0.27680526673793793,0.27054875095685321,0.28891974687576294,0.31241437792778015,0.32394219189882278,0.2995370626449585,0.269549439350764,0.2168831042945385,0.15335287153720856,0.11852291598916054,0.09038616344332695,0.060041956603527069,0.043914096429944038,0.043163809925317764,0.044553900137543678,0.053121566772460938
-0.3776858627796173,-0.37209875136613846,-0.38250488638877866,-0.38352079391479493,-0.36881531774997711,-0.34845750331878661,-0.30268640071153641,-0.28112856298685074,-0.25576455518603325,-0.23440980166196823,-0.20498289540410042,-0.18815626204013825,-0.16602525860071182,-0.10013560950756073,-0.012122112698853016,0.077402859926223755,0.16887200872103372,0.24592393636703491,0.30442807078361511,0.3360106498003006,0.34079492092132568,0.33215649425983429,0.34140827655792239,0.36017310619354248,0.37008030712604523,0.34585355222225189,0.31140027940273285,0.28875595927238462,0.28787226229906082,0.2999284068743388,0.31878573298454282,0.31675082445144653,0.30097406109174091,0.26117568090558052,0.20373880366484323,0.15664135416348776,0.12166764959692955,0.095428787171840668,0.074903272092342377,0.05438141400615374,0.046087957918643951,0.048063678666949272,0.0496993362903595
-0.37123742202917737,-0.36381966471672056,-0.36674080044031143,-0.35216878652572631,-0.33587298542261124,-0.29910157124201459,-0.27867349982261658,-0.25804528221488,-0.23598944644133249,-0.21047688126564026,-0.19498083293437957,-0.18165365606546402,-0.14581039175391197,-0.08982078482707341,-0.010332416743040085,0.082912815734744072,0.16214487552642823,0.23874473944306374,0.29452118277549744,0.32773931324481964,0.347747141122818,0.35331522425015766,0.35789129883050919,0.36409878730773926,0.35743966698646545,0.33265247941017151,0.309507558743159,0.28361658453941346,0.2920449897646904,0.30515948931376141,0.3282758966088295,0.32006409764289856,0.2914294362068176,0.2437092661857605,0.19399933516979218,0.14205463230609894,0.11491741612553597,0.095860760658979416,0.08197881281375885,0.064754948019981384,0.057976100593805313,0.05989827960729599,0.059582104906439781
-0.38344713548819226,-0.34571312864621478,-0.34191807607809704,-0.32935316860675812,-0.31039305329322814,-0.27857106178998947,-0.25495129078626633,-0.24107116162776948,-0.22501900047063828,-0.213018869360288,-0.1973639577627182,-0.17229238152503967,-0.14221698790788651,-0.072889918088912958,0.0057634650147520006,0.0866156630218029,0.157790869474411,0.22512172162532806,0.27750865370035172,0.32134145498275757,0.35093701879183453,0.35512906312942505,0.34753928581873578,0.32809977531433104,0.31261874238650006,0.29000983635584515,0.2628911852836609,0.26579044262568158,0.28847748786211014,0.32079108953475954,0.33525955080986025,0.32291135191917419,0.28859683871269226,0.23043780525525412,0.18470249325037003,0.13887384533882141,0.1131841205060482,0.086056884378194809,0.0844832460085551,0.0700799822807312,0.0778205469250679,0.0676199160516262,0.0809704139828682
