SouthSea_Web/demo/jsonfile/2017-12-15-13.json
{"header": {"parameterUnit":"m.s-1","parameterNumber":2,"dx":0.1,"dy":0.1,"parameterNumberName":"Eastward current","la1":29.0,"la2":12.0,"parameterCategory":2,"lo2":131.0,"nx":250,"ny":171,"refTime":"2017-12-15T13:01:52.5","lo1":106.0}, "data":
[rows 57 to 75 of 171, columns 126 to 167 of 250]
-0.14406609043685925,-0.31483082517104988,-0.4185702777222583,-0.49677067143576487,-0.52083224702525788,-0.54531983403783091,-0.52778486344549391,-0.3210041845838229,-0.27541884572701747,-0.31663338771075994,-0.056651130003424789,-0.097210112793578038,-0.038083981284028692,-0.0073830619700149527,0.052772233895421176,0.018276130003555567,0.0,0.0,0.0,0.0,0.0,0.0,0.0,0.0,0.0,0.0,0.0,0.0,0.0092232780600035626,0.22513356918084596,0.3165788789030532,0.27399712364848067,0.26340126126043256,0.29274916027983028,0.31344760315758841,0.32589166885928106,0.26963223434156841,0.170578590461186,0.1290923948673641,0.061323518465672223,-0.0019620483890321339,0.018301645926355074
0.067810010728276068,0.0012391398039956888,-0.13751599385233765,-0.30908571775345239,-0.38557832204812281,-0.48302493551198172,-0.46745919214712606,-0.40531541371629354,-0.24011965727636855,-0.22047650035989436,-0.2308380046061107,-0.028144779348033753,-0.043624065177882032,-0.042560598103147815,0.068339561549401739,0.020156535400774545,0.0,0.0,0.0,0.0,0.0,0.0,0.0,0.0,0.0,0.0,0.0,0.0,0.07617003208932667,0.38119808222175738,0.2932198213843199,0.24560502384390151,0.29513166789655332,0.28822974795880524,0.32124288976192472,0.29745030828884672,0.23785331100225449,0.1817250444608576,0.16333504234041488,0.091162904227773345,-0.012696831128918208,-0.027765180230798089
0.23217742204666136,0.23965747603054705,0.17152355641126632,0.12173280604825966,-0.020914837066084147,-0.20822433029012433,-0.35163867781902181,-0.35694731330430068,-0.41719059149424237,-0.26406631189765351,-0.17718456809719405,-0.03562972970674029,-0.11147602148620146,-0.17587649545004203,-0.071880930397334758,-0.045733098561565079,0.0,0.0,0.0,0.0,0.0,0.0,0.0,0.0,0.0,0.0,0.0,-0.011250419542193413,0.3535393953997199,0.37291855443465083,0.14338379055261613,0.1895742107401876,0.28638419165061069,0.27932498400861566,0.29245686829090117,0.25423837502797447,0.18843871454397837,0.15138664841651917,0.16693969815969467,0.098039444303140044,-0.010225824295328213,-0.05633250091757093
0.36453681981021707,0.25516793206334115,0.18391933810451758,0.079277676570674652,-0.013625006169258129,-0.10486279398202897,-0.25625525861978532,-0.39139920786807414,-0.34711559613545734,-0.25377231687307356,-0.21236343309283257,-0.14962693595367929,-0.19838061818370112,-0.2277266283830007,-0.21382693653048454,-0.046838349794002462,-0.0036729743272492974,0.0,0.0,0.0,0.0,0.0,0.0,0.0,0.0,0.0,0.0,0.38893406218708015,0.33374015340762858,0.21623269102330936,0.082092664018273351,0.17329598910042218,0.22675037549601662,0.25044008376805676,0.24912992032135234,0.21947938104470571,0.1457813038275792,0.12004888115020898,0.14798499643802643,0.07136038477931704,-0.026121437336162973,-0.076387714594602585
0.1893752416362986,0.19966944745358298,0.20320754539635447,0.15318636027061278,-0.0024290783056879744,-0.11739953240765699,-0.18765323515981436,-0.24626458715647459,-0.2903149285737206,-0.27232336448995692,-0.24396442302635737,-0.15298866480588913,-0.11521819509841778,-0.13867501056555545,-0.1685062957306703,-0.069183093285639333,-0.014466342089101946,0.0,0.0,0.0,0.0,0.0,0.0,0.0,0.0,0.0,0.0649445967671151,0.36765621385432234,0.24522858204906933,0.13368527785591458,0.11099820755220749,0.13842282885754551,0.17161921641001335,0.21414036080241203,0.20466553810096921,0.19947104652722678,0.12700565258661906,0.088697858686958037,0.12524633606274924,0.058009510564651076,-0.040024120477028191,-0.10597120385084834
-0.061030711435402431,0.0035080291474094759,0.12152331023077879,-0.00990618865138718,-0.15865708257143313,-0.22000929464896521,-0.261267934526716,-0.27562383455889566,-0.32948681339621544,-0.28634035421742332,-0.16901987316933545,-0.17166335359215737,-0.25175455990044965,-0.24450702273419925,-0.24561975171437134,-0.12372137040294932,0.021316379341959842,0.0,0.0,0.0,0.0,0.0,0.0,0.0,0.0,0.0,0.28612643785269248,0.33253728168111452,0.18293546989413076,0.0475341452713226,0.14759135936818471,0.12064961031559975,0.14261963528891405,0.15057387507774614,0.15113187301903963,0.17615438997745514,0.139382400115331,0.071698703670075956,0.085272427116121569,0.028120577451772988,-0.069257419556379318,-0.12345330187907586
-0.06832419863591592,-0.16530912667512893,-0.14808734878897667,-0.1890726453728146,-0.19529573122660318,-0.29120919921181421,-0.31107340075752954,-0.3357915793146406,-0.26589346633237954,-0.17753510270267725,-0.23543245026043483,-0.26848706806247885,-0.29735119316888892,-0.32731573643355533,-0.31975434106938977,-0.25496206313371661,-0.060342619361705145,-0.0041380070693916287,0.0,0.0,0.0,0.0,0.0,0.0,0.086290388885471553,0.3759327714049488,0.37458749378428741,0.29206316362727774,0.12434627283965388,0.10938656963434755,0.19195847822861237,0.12707294290885329,0.11713782511651516,0.098321602103256051,0.11212018430233002,0.14719690196216106,0.12245315213998159,0.061053823966246382,0.0600237800524785,0.013322790494809549,-0.077788449202974633,-0.12840783223509789
-0.15869979312022528,-0.17285998724400997,-0.16046545122350966,-0.16387354499763912,-0.25686451296011609,-0.33057453855872154,-0.36002882773225958,-0.34833084849210888,-0.22215488438422865,-0.30221248169740039,-0.28433521389961242,-0.23096580540432649,-0.17800660617649555,-0.18794846617513233,-0.27909611987656563,-0.31383316644600462,-0.21436534602361829,-0.16465021445062653,0.0,0.0,0.0,0.0,0.0,0.0,0.12763614673167467,0.26857335781939679,0.21330563802094688,0.22602483364088194,0.13489066807658606,0.1922483042224,0.23177333955060353,0.15132895471720859,0.10807069357145917,0.07080944966186177,0.0840532542206347,0.086040941669660462,0.054903726523312241,0.026553749505962645,0.038157409057021141,0.017886030487716198,-0.052520607198987691,-0.11575076782277652
-0.10655461102724076,-0.094151290754477188,-0.1352930718234607,-0.21119754442146846,-0.27178219954172772,-0.3255190461874008,-0.36391595818779687,-0.2636256031692028,-0.28783693723380566,-0.31812790781259537,-0.26182545809184804,-0.18115639065702757,-0.060175541089847684,-0.036812423536068069,-0.083792732442142789,-0.18185529521562988,-0.2764320166434272,-0.25423598236614658,-0.069115125866861124,0.0,0.0,0.0,0.0,0.077246330678462982,0.13681052739873689,0.091130809139992511,0.035368269824682448,0.15806976091806535,0.17394242175789768,0.16037005894794698,0.13811666263001307,0.11843907860694108,0.0919451154768467,0.058955016767694837,0.04917515784894165,0.012811852449720556,-0.020581982165042843,-0.014409833417933745,0.012176371441455558,0.026705138540516298,-1.4936900697648525E-05,-0.08473010600677558
0.032904925756156445,0.033399795647710562,-0.068934626993723214,-0.14108220813795924,-0.14815921750333574,-0.19893220067024231,-0.23269836157560347,-0.31331487248341244,-0.30397236805695754,-0.22803756048281987,-0.11472063387433688,-0.0045105275801486438,0.069157159394201112,0.12711337038680262,0.13454066924750804,0.075334839592058514,-0.15720874250109773,-0.096194333063013962,-0.06518129852424398,-0.0952242455256266,-0.012398722680342016,0.0,0.0,0.042526813524785788,0.0926534284395401,0.010677404369313368,0.010764057416963624,0.065418423939263448,0.12523853350430728,0.10322709096705213,0.04036918299583097,0.054794975845464347,0.067363421504314125,0.04886489845812321,0.032173929270356894,-0.0417081363654385,-0.09500106448928515,-0.063342601738192825,-0.020075419258015852,0.012400828960100906,0.0070250947707487894,-0.069491934031248093
0.13352310781677565,0.12140426971018314,0.048633756814524531,-0.0015527634855566754,-0.065860582049936056,-0.10431982915509831,-0.190652035176754,-0.2675930678844452,-0.23092399736245473,-0.05335027551544564,0.086846157571666735,0.19693026691675186,0.24067010612864243,0.27185463692460743,0.26187892198562623,0.22280395130316416,0.04657897331789896,0.13509735138630311,0.10433887568345295,-0.020709127690814497,0.019616963339211008,0.077320791780948639,0.0,0.010674206213171193,0.0545349500275084,0.034928882969360725,-0.008676882105646655,-0.009463868090225494,-0.00063697570779671275,-0.12332013965045151,0.011157464765346958,0.047052925195673417,0.0711071327328682,0.043647508881986138,0.019027793469243024,-0.055896595244606335,-0.14704703482297751,-0.11229958931605021,-0.0591367706656456,-0.036091649343039274,-0.026467948026644688,-0.088806040871601835
0.16466072294861078,0.088537247053214488,0.015554239857010543,-0.024710026569664478,-0.050376855710055679,-0.10014283491505517,-0.13592832704836672,-0.1370677383277904,0.023879817602309315,0.18077563649664322,0.28775108555952705,0.34603150188922882,0.36649846403222336,0.36973701603710651,0.31890737103379291,0.21095857306801039,0.095564349244038269,0.27091757953166962,0.36580953756710149,0.079851110354761709,-0.0091607427184219256,0.027704234852586121,0.0,0.00051339021856187,0.039540031464406267,0.039998317813075591,-0.050516729981417915,-0.063718394325592384,-0.028554097777010783,-0.077396341444303587,0.077149023669601482,0.091794962844541,0.07285485445306851,0.046558363984028496,0.0280321720877991,-0.036276254057884219,-0.14764116952816644,-0.14137322952349982,-0.10563341595909813,-0.086279372870922091,-0.085498052434279367,-0.1377206654711203
0.29101169960839407,0.24612908491066524,0.16945834644138813,0.10026286914944649,0.085327853448688984,0.0831641251182494,0.094812452141195533,0.19196590706706046,0.2662951648235321,0.36904171407222747,0.4026599011637948,0.42079177285943714,0.39042521119117735,0.36497341959100021,0.3029120351587023,0.1757372934371233,0.19953666201659612,0.34479582538971532,0.34073521196842194,0.099311887962268849,-0.069828148961884537,-0.057902927066487656,0.0,-0.009352638673774,-0.0070618741391290435,-0.033295742813078143,-0.1695034204096329,-0.11838921925518661,-0.018097746191415354,-0.04408023800471262,0.11468711395103198,0.12734965980052948,0.0530209844665868,0.033327999377721233,0.028734120980112091,-0.039305427402723581,-0.10963643739620844,-0.143178607408817,-0.13349849954247475,-0.11858744690051445,-0.10522331222891808,-0.15689269395974967
0.34078473846117657,0.3610041677951813,0.26900274200098856,0.21815270371735096,0.21910984441637993,0.25235804542899132,0.27543628960847855,0.33139073103666306,0.40682242314020794,0.4545136481523514,0.47067517538865405,0.45901441375414531,0.3835094983761127,0.35285528793054466,0.25863321373860043,0.21077790409326552,0.29536721110343933,0.32992760154108208,0.19815807088333018,0.083391528464853759,-0.061862823068115275,-0.06254889144978594,-0.018439971640570246,-0.011103370616666752,0.11110438781885761,-0.10296083192042715,-0.28306439518928528,-0.12920394177947725,0.00082295689604837787,-0.024704616220498628,0.34489164637199726,0.19616005533352132,0.063849276264331165,0.023832257748359724,0.008424985416543981,-0.098296521355708447,-0.11017098793616661,-0.13702573684545663,-0.16252048760652543,-0.16302772398505891,-0.13567742332816124,-0.16280572954565287
0.26449281225601834,0.26416753977537155,0.2265194927652677,0.1936591137200594,0.21519471704959869,0.2762900633471353,0.31689310446381569,0.37741667777299881,0.43358396159278023,0.45339886248111727,0.46059676733883942,0.42967828191243684,0.34059521555900574,0.26797260982649668,0.21713764790226431,0.22646593219704098,0.23256067089412524,0.14153615532753369,0.08844244160462876,0.10130676449764342,0.088714579741160079,0.24750944395399022,0.30474861294808847,0.36773717894700148,0.25172426503512169,-0.1387073776207953,-0.1995500507386955,-0.069576149511409016,0.061089877448220913,0.22564141257178216,0.34023448824882507,0.12991033914761666,0.09279812027055484,0.022900338157672773,-0.067625946036594761,-0.17252230112041747,-0.16995382308959961,-0.18774406747384506,-0.20566672748989529,-0.22191179486421439,-0.19294624030590057,-0.18872550236327307
0.11553251184523106,0.12858937401324511,0.056097788386978209,0.052139585421952815,0.11677158772945404,0.21947694818178812,0.30064725379149121,0.3685976399315728,0.40131380781531334,0.38469374510977006,0.36740517020225527,0.29480307176709175,0.18996376945422247,0.17211919675270718,0.14371359162032604,0.12759264227416781,0.05863197437591023,-0.012372050040126354,0.010297093187950345,0.0067712775111431252,0.084025363184929147,0.42486273224956245,0.79503323828301775,0.69189368128776552,0.28739643398285758,-0.12773412606941584,-0.089894025896986321,-0.033763129600427218,0.12685204142083725,0.22674401154120763,0.210813987648712,0.10744536707275793,0.095769199077039957,-0.0036658200600262112,-0.15253332607886372,-0.22542834281921387,-0.24217329174280167,-0.25688009709119797,-0.24030968653304236,-0.25294651091098785,-0.22869125467080337,-0.22999133262783289
-0.033988854980894496,-0.02575616049580276,-0.0964495767839253,-0.092572771944105625,0.040176296548452228,0.17305783288819449,0.256141443337713,0.30033339411020277,0.28684081468317246,0.237871515750885,0.18666386380791664,0.128657458180731,0.05609194046029678,0.07094920627199687,0.056912439542689493,0.0016102287772810087,-0.057058062623528874,-0.0823914593254978,-0.079398737329503768,-0.056736244664837919,0.014997156930920214,0.32652119503301735,0.58599167458618739,0.35762973820290916,0.068080990659919655,-0.062458621958891548,-0.10737606474468785,-0.050873478350695223,0.15753685258742836,0.29804205214199814,0.14589715296668665,0.10086581546892511,0.034174196496605871,-0.036328010590058628,-0.18581021357985103,-0.25588940282662709,-0.31934736967086791,-0.34067619763887846,-0.2847150017817815,-0.27403167883555096,-0.25309748145250172,-0.27736644021102358
-0.13793600282885812,-0.18680771026346418,-0.21404031131948745,-0.18324316210216946,-0.04172102059237659,0.076114370798071221,0.16764726702656066,0.1624349057674408,0.13778315608700117,0.06991983701785405,0.018792465846571658,0.018410779582336546,-0.0086294218964129959,-0.010910618118335455,-0.025473898822943177,-0.12041497243834394,-0.18045114260166884,-0.12943575112149119,-0.080236666791495825,-0.068082811754374278,0.0082188105909153826,0.18549578388532004,0.22475518476824427,0.079233442108298455,-0.0057813609950244423,-0.070160672767087817,-0.08933326949675878,-0.03978472083721759,0.097845591209603081,0.26108434454848367,0.10791306786916473,0.073756945319473743,-0.0034032836401214203,-0.012917158203587556,-0.17554661902514371,-0.30300530440667095,-0.38774893879890443,-0.42012152992762053,-0.34046296079953514,-0.30779708496161867,-0.28911932952263775,-0.29944273654152365
-0.19532682332727644,-0.26909609884023666,-0.30120741895266939,-0.28148674113409861,-0.16152703762054443,-0.048779675271362066,0.049475170139755519,0.031631458617214649,-0.013196233310736716,-0.054089626629969904,-0.0718849771656096,-0.03411342493361897,-0.043280001450330022,-0.0877283450216055,-0.11474473909898238,-0.18443480134010315,-0.21663480997085571,-0.16621139496564866,-0.15244885063485095,-0.17941529676318169,-0.12195340902186357,-0.045297423543940694,-0.0068910154423065251,-0.0044644589634668646,0.070475567078041229,-0.0092643822697874422,-0.02965795669347401,-0.00914040931891049,0.011443120521313,0.11112489868910649,0.043547351170370042,0.022894867596685225,-0.0071622004780995969,0.022816943436807308,-0.1648709745042854,-0.36330635407391715,-0.40638053066590252,-0.437015974521637,-0.386918834845225,-0.34534741499844718,-0.31176283955574036,-0.303039492929683
