SouthSea_Web/demo/jsonfile/2017-12-14-11.json
{"header": {"parameterUnit":"m.s-1","parameterNumber":2,"dx":0.1,"dy":0.1,"parameterNumberName":"Eastward current","la1":29.0,"la2":12.0,"parameterCategory":2,"lo2":131.0,"nx":250,"ny":171,"refTime":"2017-12-14T10:58:07.5","lo1":106.0}, "data":
[rows 114 to 132 of 171, columns 126 to 167 of 250]
0.052374560385942459,0.017595669254660606,-0.026968056336045265,-0.01763606071472168,-0.03992457315325737,0.00352498268087705,0.053979013115167618,0.055202706051724296,0.13720751979521342,0.21156660653650761,0.18115880543535406,0.15325481272660768,0.17012394538947515,0.15285432468289914,0.078804725064681128,-0.008266571741033759,-0.028722466686823673,-0.0437792183979213,0.057385408319532871,0.0,0.0,0.0,0.0,0.0,0.0,0.0,0.0,0.0,0.0,0.0,0.0,0.0,0.0,0.0,0.0,0.0,0.0045477734769040629,0.033025896341084493,0.03818157727051693,-0.16136761364312127,-0.25989470098699841,-0.22522013108519948
0.0,0.071298409253358841,0.021325073204934597,-0.0072138668037950993,0.011367508035618812,0.057163250943024956,0.09468452855944634,0.10304626077413559,0.12752985085050264,0.18575018431459153,0.19095906242728233,0.19038068056106566,0.19847069964522407,0.13452622846320825,0.077297927066683772,-0.0038805076474091038,-0.060257659460018785,-0.17522053770418908,-0.21218450621314849,0.0,0.0,0.0,0.0,0.0,0.0,0.0,0.0,0.0,0.0,0.0,0.0,0.0,0.0,0.0,0.0,0.0,0.018895560720364694,0.076285748910512541,0.12957016473674043,-0.048080649026043386,-0.13703861674095721,-0.18975605411188942
0.093135584145784378,0.10253991931676865,0.080492690205574036,0.032571552321314812,0.082983250419298812,0.11452386776606242,0.12829511016607284,0.12311726311842601,0.11721671585525785,0.13829128164798021,0.18227784064683048,0.20598602096239727,0.22520304268056696,0.15007700090822967,0.081443810164928437,0.020832271619339385,-0.031457664344953826,-0.018593216498973907,0.02600883664132855,0.0036633029299349908,0.0,0.0,0.0,0.0,0.0,0.0,0.0,0.0,0.0,0.0,0.0,0.0,0.0,0.0,0.0,0.0,0.041951820834323632,0.083045959046958426,0.21008688289841093,0.0085357941844139834,-0.038078158383833174,-0.10155005413381492
0.11769896745681763,0.0,0.11477505788207054,0.11127997934818268,0.14216189086437225,0.14752770711978278,0.13439439833164216,0.13462969164053598,0.12828077375888825,0.13331930991262198,0.15980630048683711,0.20325358957052231,0.22939268872141838,0.16025712781331755,0.096110907693703965,0.11345150980811852,0.013084464910993906,0.046418409663857074,0.084538476232090029,0.0,0.0,0.0,0.0,0.0,0.0,0.0,0.0,0.0,0.0,0.0,0.0,0.0,0.0,0.0,0.0,0.0,0.0,-0.026448011793339294,0.0036698360059861132,-0.0084065289681757045,0.024844788346958697,0.0057965969446943039
0.10398605838418007,0.10006728023290634,0.11617788672447205,0.14261105159918466,0.14898441731929779,0.14004895587762198,0.12620199024677276,0.1327112853527069,0.13684862426349095,0.15370377898216248,0.16527589596807957,0.2029988206923008,0.21355852670967579,0.18093788723150889,0.11669361094633739,0.11096565899523822,0.085843295339615114,0.056840460002422336,0.036788119791890492,0.0,0.0,0.0,0.0,0.0,0.0,0.0,0.0,0.0,0.0,0.0,0.0,0.0,0.0,0.0,0.0,0.0,0.0,0.0,-0.13457065637280441,-0.025954988319296071,0.0661338488149842,0.10124240048667964
0.0,0.10206381976604462,0.11520533263683319,0.12714925780892372,0.13720607260862985,0.15512121841311455,0.15083149820566177,0.13997993469238282,0.12440340220928192,0.14574456959962845,0.17446138709783554,0.18455182388424873,0.17653726600110531,0.17124481830332014,0.14175870455801487,0.12902031391859054,0.15331219644709068,0.089284839729468032,0.036954563642211724,0.0,0.0,0.0,0.0,0.0,0.0,0.0,0.0,0.0,0.0,0.0,0.0,0.0,0.0,0.0,0.0,0.0,0.0,0.0,-0.086713916884036735,0.03202663978685022,0.16017608023517263,0.13904090749996681
0.13270376622676849,0.126301571726799,0.11524100229144096,0.10536612570285797,0.13071338335673013,0.15157120923201242,0.17856940130392709,0.17689495285352072,0.1508992463350296,0.141209177672863,0.15981390859399522,0.16390433268887655,0.14667905370394388,0.16265429109334945,0.17050068215890366,0.18424918809357813,0.22971432452852075,0.21242020346901633,0.13124166641916549,0.0,0.0,0.0,0.0,0.0,0.0,0.0,0.0,0.0,0.0,0.0,0.0,0.0,0.0,0.0,0.0,0.0,0.0,0.0,0.0,0.18814874014684133,0.19039580784738064,0.14631543681025505
0.17701338231563568,0.13943205773830414,0.13136924803256989,0.12886326014995575,0.13162813584009805,0.1430998221039772,0.18484549224376679,0.19076215103268623,0.17686200439929961,0.15478686392307281,0.1643983189548765,0.16754215769469738,0.16170603888375418,0.17361582368612288,0.19566809799936083,0.21716330839054926,0.26703720912337303,0.3279670774936676,0.33279679467280704,0.0,0.0,0.0,0.0,0.0,0.0,0.0,0.0,0.0,0.0,0.0,0.0,0.0,0.0,0.0,0.0,0.0,0.0,0.0,0.0,0.16582197323441505,0.18355858732353558,0.1231882244348526
0.21156160533428192,0.16965943574905396,0.19201302031675974,0.17822779715061188,0.16188568621873856,0.14760454992453256,0.15836983919143677,0.1814810574054718,0.20894975066184998,0.20275228577000753,0.19677286222577095,0.18845952550570169,0.17770334865365708,0.18664246797561646,0.2255595326423645,0.25126065437992412,0.26027465611696243,0.19291662657633424,0.0,0.0,0.0,0.0,0.0,0.0,0.0,0.0,0.0,0.0,0.0,0.0,0.0,0.0,0.0,0.0,0.0,0.0,0.0,0.0,0.23530590534210205,0.25168993737962508,0.18368269904301718,0.073837264254689214
0.28804528713226318,0.25143295526504517,0.20829278230667114,0.22675600647926331,0.19458702206611633,0.18402615686257681,0.16104098558425903,0.1583986473934991,0.19290199577808381,0.22068404725619725,0.22183087964852652,0.20530032180249691,0.19239876336521572,0.20339602066410911,0.24349185327688852,0.25270623239603912,0.2434919380715915,0.14892515131006284,0.0,0.0,0.0,0.0,0.0,0.0,0.0,0.0,0.0,0.0,0.0,0.0,0.0,0.0,0.0,0.0,0.0,0.0,0.0,0.0,0.28452682495117188,0.25292984694242476,0.15207013156678942,0.0569870837032795
0.0,0.29283154010772705,0.26475583016872406,0.24088017145792642,0.21555350720882416,0.20163030425707498,0.19324917026928493,0.16914037934371404,0.18071066215634346,0.20804757305553981,0.20967051055696276,0.20571698248386383,0.1984186874968665,0.20701981522142887,0.23032519370317459,0.22635569136876327,0.16372874099761248,0.080876885921935787,0.0,0.0,0.0,0.0,0.0,0.0,0.0,0.0,0.0,0.0,0.0,0.0,0.0,0.0,0.0,0.0,0.0,0.0,0.0,0.21721133093039194,0.22667301694552103,0.17629265847305456,0.10512524470686913,0.034226635833167367
0.31607677042484283,0.31156295537948608,0.29464106261730194,0.25701624155044556,0.21901093423366547,0.20655390620231628,0.21260551549494267,0.20308868587017059,0.1771283857524395,0.16964046018464224,0.16381257474422456,0.17966816467898233,0.21328570134937763,0.19946981221437454,0.13909224710530704,0.0936583121203714,0.032963142972827576,0.016627998954694096,0.0,0.0,0.0,0.0,0.0,0.0,0.0,0.0,0.0,0.0,0.0,0.0,0.0,0.0,0.0,0.0,0.0,0.0,-0.03124767541885376,0.075953231991401735,0.16188769855282523,0.105160191655159,0.061852012036575213,0.0019935359402249255
0.29675643146038055,0.28873174389203388,0.27950804432233173,0.26620005567868549,0.23459408059716225,0.22016165299074991,0.21460695564746857,0.22350423596799374,0.18440922432475621,0.13176553377083369,0.1180415799220403,0.14208409562706947,0.19810066868861517,0.16779008507728577,-0.0016976324065277975,0.0501000369226353,0.0906457626260817,0.0448971128789708,0.0,0.0,0.0,0.0,0.0,0.0,0.0,0.0,0.0,0.0,0.0,0.0,0.0,0.0,0.0,0.0,0.0,0.0,0.036696220049634576,0.082022628958591012,0.13415698520839214,0.075313173234462738,0.0082241738193922428,-0.040085991844534874
0.28870248794555664,0.26443350315093994,0.24868129193782806,0.226199080546697,0.21289046481251717,0.20832845071951547,0.18938184115621778,0.18577701491968973,0.16850234071413675,0.11471692792006902,0.095918855496815267,0.10520388185977936,0.089754477143287659,0.0,0.029171744982401531,0.047270642194364755,0.080461723936928645,0.053113384725293145,0.0,0.0,0.0,0.0,0.0,0.0,0.0,0.0,0.0,0.0,0.0,0.0,0.0,0.0,0.0,0.0,0.0,0.0,0.091347174346446985,0.17814969768126807,0.14040451347827912,0.04269995164941065,-0.030282538617029786,-0.073916947096586222
0.26887358725070953,0.25696548074483871,0.21814423054456711,0.19290730357170105,0.1792493224143982,0.16837154142558575,0.15146567299962044,0.14992204159498215,0.14136533625423908,0.11136662214994431,0.081977432327611108,0.055618541548028588,0.0,0.0,0.0,-0.022520171757787467,0.022204813285497949,0.012248629548897346,0.00046146544627845287,0.0,0.0,0.0,0.0,0.0,0.0,0.0,0.0,0.0,0.0,0.0,0.0,0.0,0.0,0.0,0.052833929657936096,0.23005801066756249,0.46048039570450783,0.29834048300981519,0.13788401583830515,0.014391009253449738,-0.066459471359848976,-0.12125141080468893
0.26010777056217194,0.23297528922557831,0.19672049085299173,0.16828136891126633,0.16265245278676352,0.15189307431379953,0.11828676197263929,0.12940166071057319,0.14481086201137966,0.10846479643474925,0.074635815806686878,0.033714452991262078,0.0,0.0,0.0,0.00040919419067601365,-0.043448699327806629,-0.10863329842686653,-0.095004633069038391,0.0,0.0,0.0,0.0,0.0,0.0,0.0,0.0,0.0,0.0,0.0,0.0,0.0,0.094901413656771183,0.15272772312164307,0.15423061964767321,0.38995259627699852,0.3572795059945848,0.25974977678722805,0.10171485775046879,-0.010568641824647784,-0.10900506377220154,-0.15560915134847164
0.24831572920084,0.22423307597637177,0.17941669623057047,0.15373704209923744,0.15663980692625046,0.16699669403689249,0.13519830927252768,0.12397795766592026,0.14392224885523319,0.10967053134333003,0.073922851588577032,0.027834227308630943,0.0,0.0,0.0,0.0,0.0,0.0,0.0,0.0,0.0,0.0,0.0,0.0,0.0,0.0,0.0,0.0,0.0,0.0,0.0,-0.017023147915356925,0.080020634829998022,0.19561505182222885,0.30767709389328957,0.30389575931158935,0.23688606359064579,0.14215730056166648,0.038650643080472946,-0.062675872055644344,-0.13565680850297213,-0.16321102529764175
0.24886927008628845,0.22128737966219583,0.18563992281754813,0.17004834488034248,0.15532520413398743,0.17409551782267435,0.16985090672969819,0.15316490083932877,0.14673249050974846,0.099905496670140162,0.069552114663215786,0.014156406829980288,0.039069997390470235,0.058557654265314341,0.0,0.0,0.0,0.0,0.0,0.0,0.0,0.0,0.0,0.0,0.0,0.0,0.0,0.0,0.0,0.0,-0.076677551493048668,-0.017335959523916245,0.076011183205991983,0.13152013801866108,0.16267692670226097,0.14512712779370221,0.10904063507914544,0.040964142005476684,-0.035117215663194659,-0.11051366105675697,-0.14098436012864113,-0.15774716250598431
0.25962889194488525,0.23340128858884177,0.19623833522200584,0.18461332097649574,0.16849488516648611,0.16239193081855774,0.14698503464460372,0.1353513054549694,0.13818399421870709,0.11118585094809533,0.075008302616576358,0.0386919245301258,0.049324278740511672,0.071078218461479992,0.0,0.0,0.0,0.0,0.0,0.0,0.0,0.0,0.0,0.0,0.0,0.0,0.0,0.0,0.0,0.0,-0.019717959997554619,-0.012725844471292063,-0.019287877553142607,-0.0083733736071735614,-0.0084650193510407753,-0.014842831826006825,-0.011744557786732912,-0.055692129768431187,-0.10842427569958898,-0.15399057749244902,-0.15481844358146191,-0.18993890285491943
