SouthSea_Web/demo/jsonfile/2017-12-14-06.json
{"header": {"parameterUnit":"m.s-1","parameterNumber":2,"dx":0.1,"dy":0.1,"parameterNumberName":"Eastward current","la1":29.0,"la2":12.0,"parameterCategory":2,"lo2":131.0,"nx":250,"ny":171,"refTime":"2017-12-14T06:00:00","lo1":106.0}, "data":
[rows 133 to 151 of 171, columns 42 to 83 of 250]
-0.092409253120422363,-0.14109375434262411,-0.17627031356096268,-0.18398047387599945,-0.14049259998968669,-0.12865907485995973,-0.14523268423297189,-0.18703286349773407,-0.24325357519444965,-0.19473538547754288,-0.20360963911186031,-0.20482950599006053,-0.19092552409027563,-0.15089434310793876,-0.16819872118924795,-0.25072603711956426,-0.35816145874559879,-0.38316082326989426,-0.33499937342560809,-0.27771190044127014,-0.315867717564106,-0.26103698944344239,-0.23685743194073439,-0.23787286579608918,-0.19962983164522383,-0.19737999327480793,-0.23947579972445965,-0.28835715353488922,-0.31027604639530182,-0.31161571542421979,-0.30555231372515362,-0.30223658255168367,-0.33027450243632,-0.34883636923936695,-0.349684065207839,-0.36542706617287229,-0.32575757269348415,-0.23691861789960128,-0.21224873193672725,-0.21855609491467476,-0.24078224003314971,-0.23380778844539935
-0.13206724524497987,-0.18729493873459951,-0.1977228969335556,-0.19049215316772461,-0.15572455099650792,-0.1025200542062521,-0.075681577622890475,-0.12051289230585098,-0.15431905444711447,-0.14498805770507225,-0.15678032636642456,-0.17500570882111788,-0.16494832281023264,-0.14700489288026636,-0.15924053696485666,-0.22331149689853191,-0.29476250134981596,-0.29903120994567872,-0.26107572444847654,-0.2268426924943924,-0.26543631354967751,-0.23335382640361785,-0.23456449144416386,-0.23132909503248003,-0.20208906488759176,-0.20732932857104711,-0.27177753746509553,-0.3242118716239929,-0.3403649628162384,-0.3314837098121643,-0.31830885509649914,-0.29462851583957672,-0.27564329760415213,-0.27052261680364609,-0.35101878643035889,-0.33022785817201322,-0.27619157837969915,-0.19049065932631493,-0.17088753531376522,-0.14545156620442867,-0.23339549558503286,-0.13554011188846613
-0.17138249799609184,-0.21346153318881989,-0.2076808400452137,-0.17247645258903505,-0.12912206165492535,-0.073514544963836664,-0.048813470639288425,-0.068527869259317711,-0.098911426961421967,-0.13168070358889444,-0.15162117220461369,-0.15988904088735581,-0.15918943844735622,-0.16366039365530014,-0.17648432105779649,-0.22711314881841341,-0.24666765874082391,-0.22757201574065469,-0.20678340815580809,-0.2242079410288069,-0.26591696251522412,-0.253721210691664,-0.27159637543890214,-0.253918251820973,-0.22453257938226065,-0.23252028599381447,-0.27802057266235353,-0.329775732755661,-0.35150288939476015,-0.3513764888048172,-0.35402635591370718,-0.33409926721027922,-0.29618894391589695,-0.23992863463030922,-0.15810645806292692,-0.058529352924476065,-0.01467372335797076,0.0056058667490587518,-0.0054192820635552592,-0.0034065020071076496,0.012074448727071285,0.0886776514351368
-0.16872737059990564,-0.20831470564007759,-0.19840825200080872,-0.17264842987060547,-0.12572447334726652,-0.064150745421648031,-0.050254610925912858,-0.060073096305131912,-0.087717319838702679,-0.13960783779621125,-0.16839936561882496,-0.1815913435485628,-0.19425821304321289,-0.19767397973272535,-0.2399758075674375,-0.28263019431721081,-0.2484094649553299,-0.22198480516672134,-0.20522867515683174,-0.20876464518633756,-0.24335585162043572,-0.26796903212865192,-0.28931489586830139,-0.25887203216552734,-0.22606003582477569,-0.22364123591354915,-0.25876666605472565,-0.29731308988162447,-0.30748447775840759,-0.28133756419022876,-0.27804578095674515,-0.28988774759428843,-0.29489579796791077,-0.27328168973326683,-0.21164256198839707,-0.13179126319785914,-0.039013629740414522,0.040257383270987442,0.13287392693261305,0.22119800640004023,0.2921481418112914,0.25014071592262815
-0.14026379585266113,-0.16623141616582871,-0.16263592456068313,-0.14593550190329552,-0.10962207019329071,-0.073597250506281853,-0.057325724512338638,-0.067140248737164912,-0.08726682407515389,-0.13856052756309509,-0.16540638916194439,-0.20098757185041904,-0.22282897929350534,-0.22577378966591574,-0.28282558255725437,-0.30157815868204291,-0.27577675879001617,-0.27450756027418022,-0.25494114309549332,-0.2394820289178328,-0.24312471704823629,-0.26492536440491676,-0.26448892802000046,-0.23290486137072244,-0.19852864245573679,-0.17873744666576386,-0.19081259518861771,-0.20262925922870637,-0.23348696033159891,-0.2084035724401474,-0.19638952861229578,-0.21299247869423457,-0.2489934116601944,-0.26132528980573017,-0.24291853234171867,-0.18221286435921988,-0.09725334495306015,-0.02904490820531334,0.081244954839348793,0.15542122845848402,0.21911027282476425,0.19211355745792388
-0.10241172835230827,-0.12141297881801923,-0.1306207962334156,-0.13696214556694031,-0.10555497743189335,-0.097244677444299057,-0.079394007722536727,-0.090728333840767547,-0.099692209313313171,-0.12996886777026312,-0.18845008686184883,-0.2491797251360757,-0.26958454151948291,-0.26074216961860658,-0.26273875683546066,-0.2514965484539668,-0.25927648444970447,-0.32077939720714793,-0.27400565799325705,-0.24230939274032912,-0.23850916512310505,-0.23098956048488617,-0.20786447823047638,-0.19142449647188187,-0.15784141208444322,-0.13839505612850189,-0.1230102688074112,-0.12962513044476509,-0.13645840883255006,-0.14024261683225631,-0.12991816018308913,-0.14839244013031325,-0.19181167015007564,-0.2348437656958898,-0.23310031245152155,-0.19156157473723093,-0.12467149794101715,-0.039542809749643006,0.030627961503341794,0.086093607048193618,0.12401947006583214,0.12961071729660034
-0.078160794451832771,-0.10327683016657829,-0.12934454083442687,-0.12771165370941162,-0.1063510353366534,-0.1218264934917291,-0.11307266851266225,-0.10763523280620575,-0.11552966598953519,-0.17030590213835239,-0.24594164143006006,-0.29480043479374479,-0.3172916382551193,-0.2859701454639435,-0.23757215291261674,-0.1918926015496254,-0.17917685769498348,-0.21753309108316898,-0.21820854047934216,-0.20628921687602997,-0.20914052054286003,-0.19156260415911675,-0.1757728099822998,-0.16020255908370018,-0.12659230455756187,-0.092629918207724884,-0.066463155405861993,-0.076785545051097873,-0.069302932669719056,-0.056038141871492066,-0.059716581180691716,-0.075664807731906578,-0.13323760653535524,-0.16011592447757722,-0.18120640516281128,-0.16080425928036371,-0.11112499237060547,-0.056187381502240896,0.012913427781313658,0.061854340136051178,0.087278428177038833,0.087345650419592857
-0.062544624507427218,-0.095194460203250245,-0.13331794738769531,-0.11609801799058914,-0.11057915389537812,-0.13592942804098129,-0.12866488546133043,-0.11280781243528638,-0.14206237718462944,-0.21241804063320161,-0.2728938814252615,-0.31961793700853985,-0.32350500140871319,-0.27488828698794049,-0.20905106017986933,-0.13860048912465572,-0.13905060617253184,-0.17907525201638538,-0.17270107070604959,-0.1720050507121616,-0.17663655281066895,-0.15436978886524835,-0.13354231230914593,-0.11414610221982002,-0.070390311256051066,-0.03033150911020736,-0.0089081746991723776,-0.01262632974733909,-0.0083526253001764417,0.0179004693927709,0.033840982699378706,0.0063005642034113405,-0.039727470139041543,-0.078874995931983,-0.11681690253317356,-0.12081417441368103,-0.077612876892089844,-0.02141941204899922,0.033397425431758165,0.065981896594166756,0.0824801605194807,0.086819599072138473
-0.040393665432929993,-0.0946022504940629,-0.13250555843114853,-0.12374480217695236,-0.13052031397819519,-0.13318357368310294,-0.13904185295104982,-0.14007940515875816,-0.18417699847902572,-0.25353851914405823,-0.28805307671427727,-0.28987063964207965,-0.28065932542085648,-0.24255997935930887,-0.1783452570438385,-0.12005918938666582,-0.10923748910427093,-0.13033266282743877,-0.14516559615731239,-0.139048146083951,-0.1270182728767395,-0.11436041910201311,-0.0913738515228033,-0.055086911469697949,-0.0030285519702980914,0.045121815986931324,0.06152241379022598,0.080616882443428045,0.089055933058261871,0.11299720406532288,0.13593949526548385,0.086109928041696551,0.044612930621951818,0.013945228303782642,-0.033505782566498964,-0.051724439486861229,-0.039467191323637962,0.0035346793010830879,0.044664430897682905,0.080377209931612015,0.10056816786527634,0.10688424482941628
-0.061864301562309265,-0.10693896561861038,-0.13567326466242471,-0.13496286422014236,-0.13679915070533752,-0.14128554860750833,-0.166721516421863,-0.19380365737846919,-0.22134467462698618,-0.25389267802238463,-0.26368202481951031,-0.2566569248835246,-0.22329881538947424,-0.19426771572657994,-0.14102896882428062,-0.09028444646133317,-0.069161829671689448,-0.081864323999200544,-0.101176156103611,-0.0735054968723229,-0.06579557114413806,-0.054330537095665932,-0.035459424369037151,-0.00097315036691725254,0.053806549869477749,0.11020326316356659,0.13889454180995622,0.1659323051571846,0.2002280093729496,0.23986031611760458,0.23546906933188438,0.166982963681221,0.1465293973684311,0.10779066681861878,0.062137573026120663,0.053127663830916085,0.031130424040990572,0.038530455902218819,0.063203326116005584,0.10042979568243027,0.118220254778862,0.12438670545816422
-0.094842825829982755,-0.11338028311729431,-0.13188040256500244,-0.11494743699828784,-0.12103806287050248,-0.1597802092631658,-0.20232529441515604,-0.23131304606795311,-0.24119693892342703,-0.24617800613244376,-0.22516798675060273,-0.2261320471763611,-0.18079554821763719,-0.14168866404465266,-0.093851093947887418,-0.054690064862370491,-0.033022836648992131,-0.043912570923566818,-0.050516622761885323,-0.012160354559975011,0.017756789107806981,0.017320140885810058,0.033919201542933784,0.059588148569067322,0.10059425421059132,0.14936783909797669,0.1941617637872696,0.23806283175945281,0.28800704578558606,0.3411013086636861,0.32405827939510345,0.28595182547966641,0.23224689811468124,0.17583983639876047,0.14560436643660069,0.12541466020047665,0.1177764783302943,0.07603328426678975,0.098190229386091232,0.10647509247064591,0.13363071531057358,0.1370246633887291
-0.08586347972353299,-0.12335754930973053,-0.11176013325651486,-0.085586471483111382,-0.10772437043488026,-0.16293920576572418,-0.20865727464358011,-0.233542400598526,-0.22995237410068511,-0.20938641577959061,-0.1832012509306272,-0.16581626484791437,-0.14745701849460602,-0.13652993241945902,-0.11215372756123543,-0.056495873257517815,-0.020385270472615957,-0.0066180966484049959,-0.0021270735111708441,0.046216847375035286,0.081799006089568138,0.096774090081453323,0.099483532210191086,0.12503733485937119,0.14154646297295889,0.18068701277176538,0.23844863474369049,0.29520733654499054,0.33172422647476196,0.36881791055202484,0.38246390223503113,0.35136419534683228,0.31329888105392456,0.25958944857120514,0.21678856760263443,0.19147267565131187,0.17228542268276215,0.13653609454631804,0.12520985491573811,0.13993454972902933,0.14151087403297424,0.15669797733426094
-0.10163346864283085,-0.10989136373003323,-0.06276533380150795,-0.040389079290131726,-0.088827580213546753,-0.141103928287824,-0.17881344897406443,-0.19579463452100754,-0.19711742922663689,-0.1681935079395771,-0.12043879181146622,-0.11047742143273354,-0.11435765027999878,-0.094656303524971008,-0.081884167157113552,-0.026063008233904839,0.012362535484135151,0.0644551245495677,0.080541551858186719,0.11276771500706673,0.16194865107536316,0.17717976123094559,0.18161559477448463,0.21176160871982575,0.22987020388245583,0.2334657683968544,0.25174444913864136,0.28826873302459716,0.3240000307559967,0.3641159137090047,0.38661700487136841,0.38587282896041869,0.3609972670674324,0.33359560370445251,0.27539965510368347,0.24353145062923431,0.21496180444955826,0.19035646319389343,0.17467425391077995,0.17124346643686295,0.1849619597196579,0.19031868875026703
-0.086861240863800052,-0.05060203311343988,-0.027112555131316184,-0.017394815571606159,-0.0570637509226799,-0.11168676738937695,-0.15279596050580344,-0.17784169067939123,-0.18150218079487482,-0.15099320113658904,-0.094025827944278717,-0.066320214420557022,-0.058348963658014931,-0.048738754043976464,-0.023121293867006898,0.044852870516479015,0.081985693424940109,0.12604625374078751,0.16462317605813345,0.18355566263198853,0.20997907221317291,0.23432052135467529,0.27236023917794228,0.28216968476772308,0.28006166219711304,0.26707128882408143,0.25592280030250547,0.26392853260040283,0.29629719257354736,0.33649488687515261,0.37490175664424896,0.39161560932795209,0.39229238033294678,0.38074396053949994,0.35055955052375792,0.30762578050295514,0.276894710958004,0.24135306477546692,0.23914314806461334,0.22756022512912749,0.23406222462654114,0.22310799360275269
-0.07138555683195591,-0.024162238376447931,0.0044534783810377121,-0.0064921951076636715,-0.039355677862962089,-0.090608560613223491,-0.14736585319042206,-0.17262979969382286,-0.16822161277135214,-0.13239019960165024,-0.089747382327914238,-0.0482354499399662,-0.011606916164358458,0.019763342725733917,0.039961465168744326,0.087048488855361941,0.13581329025328159,0.17650061845779419,0.19879462569952011,0.23343895872433981,0.253531277179718,0.27341820299625397,0.30584865808486938,0.31155242323875426,0.30888918787240982,0.29191182057062787,0.25287925700346631,0.25055709853768349,0.26263248026371,0.29690648118654889,0.34472097456455231,0.385967954993248,0.42143078148365021,0.4325413852930069,0.398344948887825,0.35141975680987042,0.33895859122276306,0.32139140367507935,0.30427562197049457,0.28268627325693768,0.23954950273036957,0.2584720253944397
-0.067782757431268686,-0.028609177842736245,-0.0038737300783395767,-0.00893368839751929,-0.038077158480882646,-0.0957827027887106,-0.14977524429559708,-0.18265166630347571,-0.18558469414710999,-0.13984437137842179,-0.082687981426715851,-0.029071020544506609,0.027117582969367504,0.080783423781394956,0.1217343732714653,0.15894839664300284,0.19359838664531709,0.20534700155258179,0.229933463037014,0.25450818240642548,0.27952958345413209,0.303317387898763,0.32615703940391538,0.3342413529753685,0.32266291975975037,0.28909024000167849,0.2470761626958847,0.23378421366214752,0.24293338507413864,0.27621062596638996,0.33385384082794189,0.39898413419723511,0.43958332389593124,0.43947916229565936,0.42913634578386944,0.40045297145843506,0.37821190059185028,0.36111071705818176,0.34510841965675354,0.31524909536043805,0.27737228572368622,0.25826855003833771
-0.062983418504397079,-0.0350833561271429,-0.016412024153396487,-0.01540444977581501,-0.0477982621639967,-0.0928626861423254,-0.14850188493728639,-0.16555840149521828,-0.15778618305921555,-0.1286390982568264,-0.085556382934252426,-0.0058635100722312927,0.065885549411177635,0.12411734834313393,0.17961399555206298,0.21368906795978546,0.2150457501411438,0.21971613168716431,0.2285800576210022,0.25420698896050453,0.28092256188392639,0.31370514631271362,0.33675053715705872,0.33146634697914124,0.307646781206131,0.26511466503143311,0.22100432217121124,0.21422852203249931,0.23980040252208709,0.29826149344444275,0.35202552874883014,0.41427803635597227,0.460969477891922,0.4628622829914093,0.44928173720836639,0.43806530038515729,0.40712848305702209,0.3845198005437851,0.36112417280673981,0.33726640045642853,0.30435845255851746,0.26535622775554657
-0.045002813450992107,-0.030370672854284447,-0.013218529475852846,-0.019069986650720239,-0.047914554923772813,-0.0929243341088295,-0.13216643159588179,-0.14056365340948104,-0.12470278888940811,-0.083200896779696151,-0.023249138705432416,0.034150279872119424,0.11133555322885513,0.18385041132569313,0.21165727078914642,0.228714719414711,0.22103412821888924,0.20425816774368286,0.19589872658252716,0.22276352345943451,0.25673352181911469,0.302651447057724,0.31929533680280048,0.2996617928147316,0.25175521274407703,0.21472027897834778,0.19080639258027077,0.19839885830879211,0.24927444159984588,0.31927052885293961,0.38599495093027752,0.44055599719285965,0.48262166976928711,0.48694784045219419,0.49021297693252563,0.47071868181228638,0.43794798851013184,0.39682281017303467,0.37158820033073425,0.34974974393844604,0.31167450547218323,0.27810420095920563
-0.012301815479683379,0.0060336623961726827,0.0056431477035706239,-0.015723816274354856,-0.041670613922178745,-0.0784724086523056,-0.10606569051742554,-0.11060041375458241,-0.073577928543090823,-0.013491486043979725,0.045304597665866218,0.10498802612225215,0.16529956459999085,0.20219937339425087,0.22563453018665314,0.2203255370259285,0.2042202316224575,0.18805201351642609,0.17992179840803146,0.18969255313277245,0.22997894287109374,0.2705741822719574,0.2789188027381897,0.26033301651477814,0.21749721467494965,0.18069381018479666,0.16845003763834635,0.19725886583328248,0.26078180968761444,0.32598941773176193,0.40890195965766907,0.47769537568092346,0.50937189658482873,0.51908731460571289,0.50676470994949341,0.48916932940483093,0.46137669682502747,0.42283108830451965,0.38339018821716309,0.3538285990556081,0.31496639549732208,0.28134311735630035
