SouthSea_Web/demo/jsonfile/2017-12-15-14.json
{"header": {"parameterUnit":"m.s-1","parameterNumber":2,"dx":0.1,"dy":0.1,"parameterNumberName":"Eastward current","la1":29.0,"la2":12.0,"parameterCategory":2,"lo2":131.0,"nx":250,"ny":171,"refTime":"2017-12-15T13:58:07.5","lo1":106.0}, "data":
[rows 76 to 94 of 171, columns 126 to 167 of 250]
-0.23276391354474155,-0.23894028152738298,-0.25522372292147744,-0.23471971707684652,-0.16844145208597183,-0.10016005486249924,-0.070063400481428423,-0.0783498367028577,-0.091740467896064118,-0.10796853452920914,-0.072753344263349257,-0.044100788235664365,-0.11647254275158048,-0.22136755436658859,-0.19135505706071854,-0.19059790521860123,-0.20134973277648291,-0.19305858494979994,-0.1844392857130836,-0.14381232191073268,0.04214575988589786,0.12384437280707061,0.16391030827472949,0.19056544149363483,0.34760434428850812,0.31592984663115609,0.29347628114684937,0.11573136114300443,-0.10090981536943998,-0.08760072685046387,-0.053664587130899437,0.018904436320631896,0.071333649496619522,0.10252014159535368,-0.0345676664829902,-0.21808772872794757,-0.2975705310702324,-0.35259638130664828,-0.39217559330993229,-0.39432942691971273,-0.3506567901686618,-0.31485235889752705
-0.24737532602416146,-0.26019401441920886,-0.28877616673707962,-0.28274541241782053,-0.21612827479839325,-0.15327075786060757,-0.11616832166910171,-0.099081873893737793,-0.086407611767450973,-0.086122708395123482,-0.062678401358425617,-0.065392364747822285,-0.18835069901413387,-0.28008836259444553,-0.24305007358392081,-0.23401382565498352,-0.27715012431144714,-0.25544854998588562,-0.16196979199432665,0.00033724156061285421,0.20058534320976054,0.26711741834878922,0.25577527036269504,0.23038842591146627,0.35436920876856204,0.39677861928939817,0.37253008584181468,0.15366634998160103,-0.12193720711878052,-0.23254671958940371,-0.16454280141208852,-0.054587485423932471,0.0855975586714016,0.0667690153433276,-0.085340179987251755,-0.20212624780833721,-0.27844892293214796,-0.33948207469213576,-0.38554539779822034,-0.41059187368342753,-0.37331903682035561,-0.34768955558538439
-0.26358357342806732,-0.26270084828138351,-0.29963456590970355,-0.27862941367285593,-0.20578837820461818,-0.15232915324824198,-0.11160443297454289,-0.067210317278901741,-0.033561980041364826,-0.045702529605478048,-0.053081258067062924,-0.093724814376660762,-0.22831705771386623,-0.31445953994989395,-0.25353076905012129,-0.29315407574176788,-0.27435863845878178,-0.16980103346017691,-0.037437590945046395,0.14077145321404233,0.25769195434722031,0.29632013326599482,0.29441781342029572,0.19243268370628358,0.29292019953330356,0.39021580952864426,0.29745008322325622,0.0929940815269947,-0.12446997178319309,-0.24180266537048198,-0.20103962825877325,-0.062514014011766345,0.1017284426265038,-0.023102233652025461,-0.17544145613908768,-0.19713652258117995,-0.2789764367043972,-0.36043732364972431,-0.3964712094692957,-0.43339152187108992,-0.42576191456694351,-0.40084266848862171
-0.29443499743938445,-0.26448063924908638,-0.29189259558916092,-0.27358657866716385,-0.19488865695893765,-0.13573003280907869,-0.082748894180570326,-0.049533280543982983,-0.015973222441971302,-0.031165484028557938,-0.0704023358412087,-0.17115373630076647,-0.29076028168201445,-0.32747755944728851,-0.27690737162317547,-0.29246039854155648,-0.21327948694427809,-0.082891520112752914,0.072059498230616248,0.21365648042410612,0.22554224133491516,0.19725251040960612,0.14388181333956512,0.15421202849774135,0.21458392749939645,0.25425531543218172,0.11359140835702419,-0.04563704125583172,-0.14116128742694856,-0.15178033030991042,-0.059131707000578272,0.050284709120469707,0.136851034561793,-0.072530386783182618,-0.25490770977118921,-0.23325923204421997,-0.28751594066619873,-0.37889533327973407,-0.40919310280254911,-0.44715679436922073,-0.4452239587903023,-0.3887498943429244
-0.32603560984134672,-0.28506532311439514,-0.29288928583264351,-0.26990056037902832,-0.20003717144330344,-0.14229662592212358,-0.094466418027877808,-0.079459700733423233,-0.04485618056995528,-0.063181462883949283,-0.14097412994929723,-0.25702166344438282,-0.31127610376902987,-0.31929722428321838,-0.29450020790100095,-0.26222690641880037,-0.17868205457925795,-0.090224152860733181,0.09115155756201905,0.17934657491388775,0.11233778977218796,0.068570747971534729,0.1004035852172158,0.1328004691004753,0.098949174784744784,0.046943909327427931,-0.056653078228823449,-0.12587161716960726,-0.118228854611516,-0.0962141846065168,0.033501713032213352,0.14444705843925476,0.22094245525923642,0.057859569826784231,-0.19177177662236822,-0.25405928396409555,-0.32384030983365814,-0.40294875025749205,-0.40610418112381647,-0.45281940698623657,-0.484625060449947,-0.44623795852941628
-0.34348692406307568,-0.32148006984165739,-0.32187763601541519,-0.29162812978029251,-0.21421842649579048,-0.15522753447294235,-0.12164215211357389,-0.10903240864475568,-0.10352018688406263,-0.11063195144136746,-0.24907816449801126,-0.34525942305723828,-0.3436706602573395,-0.30599870426314218,-0.29639004170894623,-0.24071837365627288,-0.17697658576071262,-0.13276467969020209,0.041250407618160047,0.13687679776921868,0.08455265348865873,0.02476131499861367,0.11048684874549508,0.092770522371644071,-0.039038232440361753,-0.14767258662892424,-0.18696573163781846,-0.19961162135004998,-0.21535737260624213,-0.18117861277782,-0.0070959775912342593,0.18864987920969725,0.44497633258164937,0.50505916821494912,-0.0822768413095868,-0.24541311754899867,-0.34659764273413296,-0.41999415040016175,-0.43224877525459637,-0.44385071422742761,-0.48372611105442048,-0.47226647039254505
-0.35463107824325563,-0.35921793513827854,-0.36039412021636963,-0.29955048859119415,-0.22145527932378981,-0.16520440744029152,-0.14769980559746423,-0.15584496089390346,-0.16135205825169882,-0.19325510412454605,-0.35358239213625592,-0.42276545081819805,-0.36944227665662766,-0.31999185681343079,-0.30116277337074282,-0.26418451964855194,-0.2148890346288681,-0.18115540345509848,-0.021733033005148172,0.086518869680516863,0.075677428135855332,-0.002970490262241048,0.10899261261026065,0.092364839063240931,-0.11220944069487893,-0.30967489480972288,-0.33495826954426972,-0.262857861071825,-0.25628721943268407,-0.21798966825008392,-0.027958722502896279,0.17122189262334039,0.17033967174608836,0.10938383649261867,-0.074308364151759038,-0.21658416134970529,-0.32737975716590884,-0.43881696462631226,-0.45967920697652376,-0.44176400204499561,-0.46430505663156507,-0.4735093726998284
-0.35623966654141742,-0.37943759188055992,-0.32922456519944326,-0.24634342268109322,-0.19852969263281142,-0.16740144044160843,-0.17160406708717346,-0.21350856551102229,-0.22086858749389648,-0.29145868308842182,-0.44256367853709627,-0.48630083352327347,-0.39830270037055016,-0.34416905045509338,-0.33003964026769,-0.28356566031773883,-0.23373196423053741,-0.17830088982979456,-0.055288069551655404,0.056743762240960047,0.075618500437806629,0.011331240685346225,0.083981308376505262,0.021289313982655902,-0.19597444388394555,-0.39482397172186112,-0.45822899856350641,-0.36544313620437274,-0.26985474125198694,-0.24654533501182283,-0.14229246508752583,-0.059246675139358967,0.053366201526872561,0.090807945173363935,-0.086711433635133769,-0.20145095375023389,-0.32120867539197206,-0.46017519384622574,-0.48159384396341109,-0.47083198172705515,-0.45726101880981807,-0.46042995076430471
-0.36024489626288414,-0.35250064730644226,-0.28637747094035149,-0.18058120140007564,-0.14393146956960359,-0.1312714135274291,-0.16585073433816433,-0.24855713049570719,-0.28767536208033562,-0.36872802178064984,-0.50466168920199073,-0.51010907292366026,-0.42673518657684328,-0.36632179220517475,-0.3488803505897522,-0.30147255957126617,-0.23330613970756531,-0.18074743747711181,-0.0816559645939957,0.014796127301330368,0.05147876627743244,0.042665922921150921,0.053021597524639218,-0.078000034989887168,-0.28302854773673142,-0.45267552614212037,-0.50963521691469049,-0.44094902452300577,-0.30103982307694177,-0.28046563799892155,-0.28144905803834691,-0.20006607733286766,0.013611773366172766,0.12534919159267755,0.047424913818795919,-0.19897211514153454,-0.33262828781324272,-0.47152999509125948,-0.48900531003108394,-0.48967980949775031,-0.46807709065350617,-0.44918386191129683
-0.334150105714798,-0.30920431869370596,-0.20773495307990483,-0.13047896751335689,-0.10008362574236733,-0.092230788121620819,-0.14087746824537004,-0.24444470873900823,-0.33311453958352405,-0.43536571661631268,-0.56369391083717346,-0.57961673537890113,-0.46991652250289917,-0.36653821170330048,-0.34340056777000427,-0.31915594339370729,-0.25436051934957504,-0.15857818275690078,-0.047542074881494048,0.00085518930361352182,-0.0029797947499901056,-0.020827761636801848,-0.031907340567115514,-0.15602387233891271,-0.39841315827586432,-0.53510429682555027,-0.56468286991119387,-0.53480880459149682,-0.4090791562428841,-0.3140390770775931,-0.211357239520911,0.0131199787526081,0.21236177191378608,0.38304730996732478,0.71765596890408134,0.035850854230023196,-0.27330853197819149,-0.42533033788204194,-0.48524265556499874,-0.475958202034235,-0.48196776062250135,-0.4563646152615547
-0.33512971699237826,-0.28637572377920151,-0.18533044414860861,-0.097712104873997827,-0.06936541385948658,-0.08094195915119988,-0.14355275481939317,-0.26042672566005159,-0.37089344433375765,-0.51477133731047309,-0.62364042656762264,-0.63173944950103755,-0.47072643041610718,-0.3447153965632121,-0.31480427980422976,-0.29712386131286622,-0.24281196296215057,-0.11602444077531497,0.047338864960086845,0.088415729813277721,-0.018851077771780019,-0.14502252389987311,-0.21944332205586964,-0.3114553138613701,-0.48487964013348456,-0.585282115832619,-0.54157081505526672,-0.55289682249228156,-0.57672364603389392,-0.48115164555352308,-0.22154296745429747,0.12102987237691802,0.31176700790612294,0.12444170045045515,0.15459500132994375,-0.10972365380247247,-0.26110933559971888,-0.38219156116247177,-0.45129205180065973,-0.45535729949673015,-0.44883839108727197,-0.42128410190343857
-0.33056460533823284,-0.30953746182577951,-0.19292629758516947,-0.090783716489871338,-0.0611472607900699,-0.097042844941218689,-0.18917123547622136,-0.28610696891943616,-0.39209291835625965,-0.55736754536628719,-0.69896094799041752,-0.67584281308310368,-0.49012506604194639,-0.35843853950500487,-0.30860316753387451,-0.28139641880989075,-0.18882579803466798,-0.046748557011596858,0.10458973199129104,0.19509786793163844,0.038491869091310284,-0.18298301153949328,-0.33261373463798971,-0.42863283838544575,-0.4995514164710867,-0.58748301734095032,-0.54091509488912726,-0.48081741613500256,-0.5521620845794678,-0.61134533635501209,-0.55944657418876886,-0.368521922632404,-0.069459417638514778,0.19330402517433815,0.073604515693913061,-0.16249202001233434,-0.31958607922900806,-0.38163036008675894,-0.42058598651335788,-0.42904204389323358,-0.45363692442576092,-0.43526903892818253
-0.28716775349208284,-0.29248219728469849,-0.20601282517115274,-0.1094213252266248,-0.087066916127999619,-0.13723605019705637,-0.21893586431230819,-0.2998611807823181,-0.41900357107321423,-0.5989007013184684,-0.73676139116287231,-0.66874139308929448,-0.49560109525918961,-0.35491935163736343,-0.31884853541851044,-0.28219170570373536,-0.17928648889064788,-0.073860527947545052,0.069189955946058035,0.23186424622933069,0.10763455399622519,-0.14919567613729409,-0.34093496124995382,-0.46075342830858734,-0.5143736726359317,-0.52483079671859745,-0.48586868697946722,-0.44616924679797626,-0.47738220515074553,-0.49091007312138873,-0.5380522871718687,-0.47762435153126714,-0.25034651600645258,-0.040931490269663223,-0.054201689342800008,-0.1989633260294795,-0.35606368149028106,-0.39705539601189749,-0.43378323758089982,-0.41684417605400087,-0.44540935329028536,-0.46099934407642912
-0.21765029430389404,-0.23324179401000342,-0.17830411238329752,-0.12211407721042633,-0.1348556786775589,-0.18205080926418304,-0.2310483530163765,-0.31320492426554364,-0.46832308173179626,-0.66220707893371578,-0.76166816552480066,-0.66548803448677063,-0.50011366605758667,-0.39889056682586671,-0.35381776690483091,-0.31923576196034747,-0.21848240494728088,-0.1188008797665437,0.032020396552979946,0.20691076666116715,0.12869849503040315,-0.068878333012645065,-0.27853170826154594,-0.47134558359781903,-0.54647163027211243,-0.57630683978398645,-0.46680939456690912,-0.32430877642972128,-0.3815717188020547,-0.41575626111947572,-0.48581091527427944,-0.39775235830126582,-0.3058924728206226,-0.073744667550692186,-0.12294389586895704,-0.32649076797745447,-0.4282706119120121,-0.42538324306751119,-0.42771718457893088,-0.39499316296794196,-0.42787825635501314,-0.44305546503317983
-0.12366092205047607,-0.15627454221248627,-0.14280149042606355,-0.12752126529812813,-0.15075985491275787,-0.17670308301846185,-0.2259045958518982,-0.32628178596496582,-0.46939273476600646,-0.6452162663141886,-0.7449834942817688,-0.713675394654274,-0.56101217865943909,-0.42047087848186493,-0.3960152268409729,-0.36599698662757874,-0.22487565279006958,-0.13209535678227743,0.0057751573622226715,0.15014837235212325,0.096171908453106886,-0.024087558541006211,-0.15429060226854155,-0.443869885802269,-0.556314597527186,-0.63181589658443749,-0.545154504776001,-0.32275496919949848,-0.21282804171953881,-0.21800919675401279,-0.35897218256161129,-0.32667181342840196,-0.1196920062031816,-0.0476247796734028,-0.13806036929599941,-0.32690843939781189,-0.45544939807483126,-0.48335510392983755,-0.429591687741103,-0.3897694516181946,-0.40043465580259052,-0.40778232365846634
-0.0712693065404892,-0.097037244588136673,-0.11932929356892903,-0.12699495442211628,-0.14483525923320226,-0.14934561401605606,-0.19297200193007788,-0.34533650676409405,-0.508560930689176,-0.62495096921920779,-0.70753593742847443,-0.70957270860672,-0.57612444957097375,-0.44983165264129638,-0.4197251598040263,-0.39453896135091782,-0.27798901125788689,-0.18230560421943665,-0.059165219031274321,0.028434353570143383,0.019135982005132571,-0.019204427774709005,-0.028437285532402854,-0.27788960902641219,-0.41285756826400755,-0.481497119302335,-0.47756750384966534,-0.36196322573555839,-0.274391504128774,-0.16015355785687765,-0.16924157147777491,-0.2686639243736863,-0.12487299683870691,-0.10876500936491149,-0.18776755779981613,-0.23491447232663631,-0.39520921163699207,-0.42012898723284403,-0.39175034403800962,-0.39340754801576788,-0.37599115344611084,-0.33349835715795817
-0.0384056760619084,-0.073628023887674018,-0.12500723948081335,-0.13562818467617036,-0.12564759577314058,-0.14341783151030541,-0.2114446759223938,-0.3264931797981262,-0.47818784415721893,-0.55624017119407654,-0.642482316493988,-0.65693072974681854,-0.56325021386146545,-0.45874206721782684,-0.42129293829202652,-0.40263857692480087,-0.33906911313533783,-0.29430354138215381,-0.23561840653419494,-0.15459996875789431,-0.12319003360775802,-0.071927794090965211,-0.046681280885087814,-0.12289379872381687,-0.18563622923997733,-0.20546605472487431,-0.27392929760010348,-0.46888216460744542,-0.49855184223916793,-0.29045290074178148,-0.05076176454895176,0.018703662352088618,-0.075623024594011337,-0.14858623706281948,-0.24658798567346624,-0.21229383928908241,-0.28743077381964655,-0.32389426330725352,-0.32659314253500532,-0.34460790827870369,-0.34580699460847036,-0.31147234922363642
-0.01168909203261137,-0.074448050310214356,-0.13897365083297095,-0.13508324623107909,-0.11447513997554779,-0.14663638174533844,-0.22311578318476677,-0.34978486299514772,-0.43869971483945847,-0.504213958978653,-0.56885805130004885,-0.552751287817955,-0.50090258568525314,-0.41328316926956177,-0.38395271301269529,-0.38343358039855957,-0.39512640833854673,-0.42926637331644696,-0.37100240588188171,-0.33570858565243805,-0.28553411258118494,-0.19488097289029291,-0.18462011851370336,-0.11610713770443742,0.0052541265031322837,0.11265630147885532,0.09967658226378262,-0.25555442294312847,-0.68190604832864576,-0.55506474773089087,-0.099183517362261608,0.13826475668964641,0.20539762107655407,-0.04670116640231077,-0.32846166896370221,-0.22756163363761089,-0.23342164233326912,-0.25954946456477046,-0.29547318243063414,-0.33149193392859566,-0.31272850218026532,-0.30106784734461045
-0.0077402416500262916,-0.0795755386352539,-0.14374921470880508,-0.14293569698929787,-0.11181258037686348,-0.143460546930631,-0.20886483788490295,-0.31395232677459717,-0.41403678804636,-0.46877993345260621,-0.46593256791432697,-0.45933219790458679,-0.40054208785295486,-0.32714669406414032,-0.29434619843959808,-0.35482782870531082,-0.42235825210809708,-0.45837949514389037,-0.47573291510343552,-0.4504282203587619,-0.40657204618820775,-0.33372804671525957,-0.36134857068891113,-0.22080875850386089,0.020092834512559839,0.26009679450230166,0.33298461657503375,0.11656856641826791,-0.38051461557145505,-0.67899679626737319,-0.336972568888922,-0.16371760071834196,-0.013634797219613878,0.19075468435030746,-0.18613546574245751,-0.22066521439059028,-0.22134882721461749,-0.23323750581060138,-0.25768516421318055,-0.30172407984733579,-0.29543415389277716,-0.32774043083190918
