SouthSea_Web/demo/jsonfile/2017-12-16-15.json
{"header": {"parameterUnit":"m.s-1","parameterNumber":3,"dx":0.1,"dy":0.1,"parameterNumberName":"Northward current","la1":29.0,"la2":12.0,"parameterCategory":2,"lo2":131.0,"nx":250,"ny":171,"refTime":"2017-12-16T15:00:00","lo1":106.0}, "data":
[rows 76 to 94 of 171, columns 129 to 171 of 250]
-0.066104533416884284,-0.13462296447583608,-0.20374486914702825,-0.21550909536225454,-0.18339424686772482,-0.13337982818484306,-0.06175483763217926,-0.015296993012140905,-0.018422888289205731,0.041871665453072637,0.17272141352295875,0.21086653135716915,0.19832029342651367,0.21178533261020979,0.23872705549001694,0.23630329966545105,0.22063608075443067,0.15516594223057231,0.09366818781321247,0.16585290300306574,0.27783887033109311,0.32602710083678915,0.36993530613404735,0.384927567935759,0.1413761587240375,-0.0677186794928275,-0.22715181671082974,-0.18898861772484249,0.20101999917200633,0.42515530150670272,0.43982836107412976,0.43653182361436926,0.39310176264155994,0.30093471258878707,0.21701508387923241,0.074449158946259156,-0.02328704494624724,-0.038001894554135537,-0.0062456677173031491,-0.032804336768629795,-0.065835680346935987,-0.12349029211327434,-0.17989744884627207
-0.065168130078486028,-0.13720018975436688,-0.18893778986401028,-0.19687617123126983,-0.16075760871171951,-0.10142350610759524,-0.038634396390989423,-0.0018836605231626891,0.028657232556724921,0.11720967789491017,0.2065871556599935,0.20135157803694406,0.17668930441141129,0.23671056788701278,0.2735910639166832,0.25647786756356555,0.18091621014632678,0.080215268834893189,-0.021582010064528069,-0.12186562586187695,0.050619848615800343,0.22883007482246118,0.39520434617996214,0.38732383350531258,0.16903603185589114,-0.062906652171578675,-0.25515368580818176,-0.11840284593719323,0.2284643437575411,0.39633018882186327,0.4582376629114151,0.46724816441535949,0.41142214958866435,0.28694380894303323,0.19601682467120035,0.075220356798834265,-0.033704169486698354,-0.082647944636204659,-0.042858280753716824,-0.019549611774790619,-0.057293846706549328,-0.10665592072265488,-0.17077698111534118
-0.014665297764752592,-0.069417741149663925,-0.1170816889830998,-0.13956407138279506,-0.10559954618414243,-0.067517465601364776,-0.033562813769094646,0.0089051239774562418,0.067790676972695765,0.15017856191843748,0.20976453460752964,0.19397315084934236,0.22589044769605002,0.27969701091448468,0.256794830927482,0.18273185985162854,0.045723685347612071,-0.071592108134857627,-0.12303553024927776,-0.19443629108942473,-0.021338227028027176,0.26583031409730512,0.39407695256746733,0.37297775528647681,0.28853598117828372,0.051460147756318166,-0.20435300248640556,-0.050662599362632524,0.19209558682309258,0.31008439167187762,0.35584412142634392,0.46191115021705625,0.39454042663176853,0.3165941710273425,0.24575246160938627,0.14167920038813636,0.030714033567346633,-0.026941284806908744,-0.043778414919870556,-0.031397418557282758,-0.034922211704885256,-0.1062767393887043,-0.175118850171566
0.060985247045755385,0.027059741871198639,-0.018016871181316674,-0.044839698821306229,-0.042663147362569966,-0.025791754072997719,-0.0093081120867282152,0.0387582687617396,0.13935525249689817,0.20370409488677979,0.2122358288615942,0.22849668349538529,0.26876855889956158,0.27120577543973923,0.22782291273276012,0.11570096909999847,-0.038181738113053143,-0.10330050922930241,-0.11377005945695073,-0.037642731227527329,0.06284660814950864,0.2685981627021517,0.35082975488442641,0.38816489862359088,0.32474097847938538,0.10580136706121265,-0.07242815579021615,0.057666079438259375,0.11285735186069243,0.17678559099634489,0.26574952304363253,0.47679980767184288,0.38883545517921447,0.34706284403800963,0.30548609080521955,0.22348667894090926,0.1172226082533598,0.050175787741318346,0.026761064088963105,0.028082252856727469,-0.015029949711307007,-0.08391994171376739,-0.16969165418829238
0.078845879063010216,0.080845203250646591,0.057024646860857807,0.029587583549852883,0.0192651840126408,0.01451149330075298,0.039331955090165141,0.10280020641429084,0.19130555859633855,0.22229937783309392,0.22617001086473465,0.24569591283798217,0.24454841613769532,0.22810873538255691,0.19955477806238028,0.12941797251502674,0.02626913125138907,-0.039990930845413136,-0.0024752770317718388,0.026359227771701462,0.040467302054166793,0.22149285022169352,0.30962004799109238,0.35149944612854406,0.24479889160110838,0.042162258949247189,-0.087549654284009223,0.022916778697011371,0.0933805696447106,0.03432799581787549,0.20354292455336287,0.54419047219885719,0.4211126527478618,0.36059950035193872,0.32869285106658935,0.28590019954287488,0.21489566361362283,0.11458495479415763,0.037378835217917669,0.030691884752166897,0.0090228300541639328,-0.060224890476092696,-0.13378328510693141
0.070471493061631918,0.079729557037353516,0.065542541909962893,0.033729169916893752,0.019107375138749678,0.013257963911330859,0.055920115982492767,0.15364583333333334,0.21513374398152033,0.22254308760166169,0.22621647587844304,0.2195381335914135,0.19883419573307037,0.19488107971847057,0.22225621591011682,0.21368190447489421,0.13477984955534339,0.039461446127721241,0.063702550996094939,0.049216016181162558,0.02651233257104953,0.19840825566401085,0.24647234509820523,0.25509602824846905,0.1508019406348467,-0.029958195915376698,-0.11863037857871789,-0.012569916286338412,0.068273872975260025,0.098528119167155134,0.093526447650937122,0.50257170555137454,0.44756426793687482,0.37363535576853257,0.343865305185318,0.32484558631073346,0.28917733806630841,0.17973986826837063,0.085951400092906416,0.056715940508772343,0.021057529920653906,-0.041296716513378282,-0.11016413569450378
0.043802645057439804,0.026302785612642765,-0.0043595129003127413,-0.030353779206052423,-0.023246987589768002,-0.0047247243928723037,0.051134605193510652,0.14005995293458304,0.19447425646441324,0.21331572532653809,0.19733619689941406,0.15851106643676757,0.14331155021985373,0.17912734051545462,0.25743473321199417,0.23236173267165819,0.11666403360226575,0.037399369266091123,0.044266303391743672,0.055856316749538691,0.10873307216052826,0.23695587917514469,0.24072439670562745,0.17856366997179779,0.10926181375980378,0.025415580860751037,0.00107479454683406,0.086391560546348264,0.12208083507550113,0.21323870906855949,0.069893682993542247,0.49783567164806608,0.48628037316458567,0.39403015275796255,0.35389016292713305,0.32992438971996307,0.30522144089142483,0.21968236193060875,0.12963126315957024,0.083477989035217387,0.044130290803663874,-0.012525844047419153,-0.07854520032803218
-0.031873780069872737,-0.072797950357198715,-0.10010719547669093,-0.093540720641613,-0.058895269674914222,-0.021320059507464368,0.024978724657557905,0.094854881188699183,0.14805490896105766,0.19262253306806088,0.17900514105955759,0.12153240541617076,0.10831990589698155,0.15868141353130341,0.25689783444007236,0.23634818072120348,0.14520448675522438,0.067424271255731583,0.040176218504913978,0.037624709042055268,0.12684450233760086,0.27429549458126229,0.269234679363392,0.11673033203591,0.040830483998764648,0.046540415643349937,0.02928956986371694,0.0079071529269699129,-0.057779285479073392,-0.23079885914921761,0.28056326184061264,0.45668094378450641,0.50312230539949321,0.42193537298589945,0.35557153608117786,0.32980522513389587,0.30845530544008526,0.2404515062059675,0.1623604552526223,0.11183476994434992,0.0667985811829567,-0.0024110605610379327,-0.059774016340573631
-0.068857941776514053,-0.096927228073279068,-0.10670205298811197,-0.10446814820170403,-0.072545868034164115,-0.02770640020025894,0.019725400023162365,0.086809700354933739,0.16265515387058258,0.19394643604755402,0.15461055934429169,0.097849341109395027,0.077856999821960926,0.14694089194138846,0.22985671758651732,0.26732489466667175,0.24414290289084117,0.19687834282716116,0.11570390723645688,0.0634559609927237,0.17942151152773908,0.33835379576141184,0.3942971861362457,0.23765876860572741,0.098580120679210209,0.050109336195005613,-0.024870788350069364,-0.21652216639588862,-0.37371145249629506,-0.26980238432739057,0.075472225421382225,0.38663303973723429,0.52776746139969932,0.46198535403784585,0.37235315423458815,0.31964667943807751,0.32230475804080133,0.25873127511956473,0.19413178265094758,0.11850719650586446,0.059817930683493614,0.00080130956708811794,-0.058388785035772758
-0.043296227497713904,-0.052938066955123632,-0.055596980576713882,-0.053226548113993237,-0.040928972352828295,0.017519434448331594,0.071163925031820938,0.12973791174590588,0.18331058323383331,0.1884122317035993,0.12745081757505736,0.06173087190836668,0.035544375702738759,0.09534761868417263,0.19724798500537871,0.22759805619716644,0.22100971232761035,0.20858748944906089,0.18826173638042651,0.21126456487746465,0.32195095921104605,0.42957746982574463,0.53547208287097792,0.49508593797683714,0.2994798661934005,0.16662028059363365,0.035767445191075761,-0.1733063334373362,-0.385384989636285,-0.2835463175076931,0.23510238903026734,0.10656554803176961,0.36364529181211708,0.43055975284331882,0.36161013245582579,0.30266962585778073,0.28681871853768826,0.23192356675863265,0.18188522681593894,0.12544856675797039,0.072274027501835536,0.0069092713260593321,-0.05299326895990155
-0.0010450164720948254,-0.016238487868880231,-0.018928882137905539,-0.020974725857377051,0.0058712990555380073,0.06430733150669507,0.13535044714808464,0.17241191225392477,0.19497735500335695,0.15087057401736578,0.078914674619833633,0.030684488266706465,0.0082967656431719664,0.053165595047175884,0.1504047823448976,0.1817317878206571,0.17102055003245673,0.18638242103836752,0.20385163128376008,0.27039300898710888,0.37593139708042145,0.4448543411234151,0.49895224104756897,0.53282794745072071,0.47606028740604717,0.316404444927519,0.14280116814991523,-0.0031155136493907776,-0.068717428194455962,-0.0627810340135641,-0.019544461488597637,0.081175608548703565,0.31364550764830607,0.35098274414603775,0.32688415702432394,0.2384276134627206,0.19415474683046341,0.14587571810592304,0.14001407884061337,0.10041630355750814,0.05875890702009201,-0.014034700056072325,-0.076786600730635909
0.03960606579979261,0.019526744727045298,0.027325065437859546,0.031853234129292626,0.022529704496264458,0.051179869721333184,0.12592410445213317,0.17542286813259125,0.17180194599287851,0.11947071701288223,0.078517206013202667,0.044766017049551007,0.031859785939256348,0.0789407655596733,0.17635487765073776,0.19360257983207702,0.15620183731828416,0.16448243775150992,0.19459136256149837,0.25250826425412121,0.29465786048344206,0.30805459361651849,0.34979905252871307,0.42192344252879804,0.48789775897474852,0.46861400842666628,0.34974448331471147,0.23293039808049798,0.117855045195345,-0.2868388793066548,-0.27307886636921969,0.21272263018107868,0.28096270977064619,0.29963007027452643,0.291315924624602,0.18743859976530075,0.14725953016592108,0.10171094075554893,0.0780903659760952,0.059977639000862837,0.017192859813803807,-0.051738727638231854,-0.10782046698861653
0.059229560196399689,0.05879625678062439,0.0901784918137959,0.06805449564542089,0.018633370473980903,0.031644278710397579,0.094704876520803991,0.14239698350429536,0.13377735465765,0.11401021853089333,0.081880580633878708,0.071733064949512482,0.084944063425064081,0.093481303751468653,0.1577598862349987,0.18947301805019379,0.12870540097355843,0.13460549463828406,0.21178517597062246,0.28640263488418177,0.30592554650808634,0.25130067687285573,0.23234049916267396,0.36327592486684973,0.49344194583270862,0.46818681668352197,0.33731451740971319,0.18684635136057348,0.054258481581928211,-0.20311854396930942,0.027204755879149348,0.18229933927456538,0.23689366057515143,0.2414268746095545,0.22122466298086302,0.19127631463386394,0.16972991228103637,0.11488158681562968,0.07391334041243508,0.02266769319334451,-0.0083058523159706965,-0.047109861858189106,-0.10630590592821439
0.061463446489402225,0.093626680970191958,0.10387541502714157,0.038168787170434371,-0.0086345641757361591,0.0089086277410387986,0.054875753074884417,0.086129103476802513,0.10604638482133548,0.10639122873544693,0.091760693490505224,0.087586221098899839,0.088784786562124893,0.093471144636472062,0.13648074368635813,0.16293793916702271,0.0859004029383262,0.096870330348610881,0.15908087102266458,0.22343207282178543,0.28744674793311525,0.28504875772877741,0.27427681673456122,0.3013136069411817,0.41428630692618235,0.4437326354285081,0.31845271587371826,0.13225858409090766,-0.024021667233240361,0.047772632317251658,0.03761682922068315,0.11136822205864722,0.16026330987612406,0.16350383078679442,0.21042968692450687,0.23256252706050873,0.18305455554615369,0.14307806179637,0.098936641294705238,0.035197765479097143,-0.0002266788176105668,-0.033613781522338591,-0.0940925573760813
0.086868941783905029,0.10252308547496795,0.072558464482426643,-0.020899862237274646,-0.046217267960309984,-0.032351229712367056,-0.0035019917413592339,0.040377519093453884,0.081693354062736034,0.11045116434494655,0.099417436867952347,0.082224721709887191,0.069991491734981537,0.088790346682071683,0.1303277313709259,0.11981815596421559,0.046459490433335304,0.041724559105932715,0.053793930448591709,0.05265266271581983,0.16846961490809917,0.27389718405902386,0.4213392516741386,0.40596480607986452,0.36589195472853525,0.36203012615442276,0.3063377466584955,0.20136680068640872,0.062792646729697782,0.052337295735282278,0.072401819860233974,0.069758401194121689,0.15108870114049605,0.1750535017677716,0.19527297417322795,0.17685663810482732,0.15629996001720428,0.14913878270557948,0.10576268509030343,0.065132372546941042,0.025503498618490994,-0.015696487532785304,-0.069349896783630058
0.1160817351192236,0.11556413663285119,0.049823905651768051,-0.02375093715575834,-0.055681513001521431,-0.047039780765771866,-0.029223139211535454,0.015471602557227016,0.088041297346353534,0.1278923824429512,0.12227862477302551,0.09631694356600444,0.055609386414289474,0.066550583578646183,0.0979339275509119,0.0758108414709568,0.046099418981207743,0.03097689834733804,0.01917590055605755,-0.0013906159254379179,0.10882364896436532,0.185038281083107,0.30714292435542395,0.370809572438399,0.36975017962632356,0.36909680366516112,0.27682404170433678,0.20546935395947819,0.12197135901078582,0.054654193590536262,0.0626830942928791,0.067666352726519108,0.119704439654015,0.23672048133962295,0.17752020706733068,0.13123152703046798,0.12032763490622694,0.10614285787398164,0.094654573813865064,0.079489181853002966,0.047150196740403771,0.0029269954364281149,-0.028521504983390598
0.13944968879222869,0.12352487072348595,0.062688052654266357,0.0042527519166469571,-0.025928209349513055,-0.036279796622693539,-0.024216098400453728,0.015144830697681754,0.1090735886245966,0.14348984882235527,0.1407075859606266,0.10335340164601803,0.049300564453005791,0.040375752840191126,0.034182612473766007,0.052352991700172422,0.073787887063291341,0.067236452148510858,0.026825318126665318,0.0036510616375476515,0.08118241503834725,0.12936229459368265,0.15015201160201319,0.22376864921787512,0.31025903423627216,0.46413207716412014,0.3988491254193442,0.20903426944278181,-0.0024625576025915936,0.098013301160843933,0.17092914497240996,0.14500755152186831,0.19925591225425401,0.23228088069346645,0.17139504998922348,0.12977584185344832,0.10295809184511502,0.082359559834003448,0.083963752502486819,0.086295744611157313,0.073019472261269883,0.030176603545745213,0.0076367412402760237
0.13832326829433442,0.1178684413433075,0.061832191422581673,0.017839028500020504,0.0021959448218694887,-0.0054436735808849335,-0.013294669799506664,0.037966778269037604,0.11926370300352573,0.1515338271856308,0.13122506936391196,0.078826075792312628,0.030144061893224716,0.0097954331547953181,0.024819923642401893,0.091224313403169319,0.1591941551728682,0.143649551485266,0.069123127662083686,0.032663651842449327,0.11640445227650079,0.16513120258847872,0.13366518795490265,0.0784937247633934,0.20027563638157314,0.44346877067319806,0.50677496691544854,0.36840240262887058,0.14410953022805709,0.077481530193472287,0.32625924209330942,0.35397053467777539,0.2617738021815077,0.20052075572311878,0.16556494031101465,0.15579448239161417,0.16111443522903654,0.12785425911778989,0.1224758956167433,0.12626747461035848,0.0974542988198144,0.054635657713963434,0.03956828322261572
0.10501827113330364,0.0895705558359623,0.039938297433157764,0.010979116331630697,-0.00050305016338825226,-0.019093043869361281,-0.014689726196229458,0.016929692355915904,0.067788900807499886,0.1045538317412138,0.080375869758427143,0.025859762448817492,0.0073479658167343587,0.0031064303766470402,0.029801878333091735,0.11445442587137222,0.21047836406664414,0.24145490848101103,0.17362364530563354,0.14220037764829138,0.20248745023100465,0.25695632856625777,0.17069789970462973,0.027258049316119665,0.033808822317364352,0.35546102385748835,0.54966668316296163,0.47322811146040222,0.41624100385485469,0.32394369288037222,0.24750814498233867,0.36142308078706264,0.2679370967992421,0.244411322631334,0.20032783661569867,0.1960763841867447,0.21817588806152344,0.19180159812623804,0.18070197037675165,0.15703717736821427,0.11535782633083207,0.0949519384991039,0.10454934569341796
