SouthSea_Web/demo/jsonfile/2017-12-14-03.json
{"header": {"parameterUnit":"m.s-1","parameterNumber":3,"dx":0.1,"dy":0.1,"parameterNumberName":"Northward current","la1":29.0,"la2":12.0,"parameterCategory":2,"lo2":131.0,"nx":250,"ny":171,"refTime":"2017-12-14T03:00:00","lo1":106.0}, "data":
[rows 38 to 56 of 171, columns 129 to 171 of 250]
-0.11477454641782162,-0.2206908405033729,-0.090520206050158619,-0.095669329069399581,-0.19711408331669622,-0.3860088732984403,-0.21077172563721736,-0.34811826791911404,-0.34213003121754704,-0.20585917156250749,-0.13385431854813187,-0.0373723099610823,0.0060959435851635551,-0.0036203995864424439,-0.072121425767698769,-0.028133828631218744,0.1282363353917996,0.13939334213733673,0.20772823691368103,0.25401747971773148,0.24799159169197083,0.28286876326257532,0.2610054636108024,0.26720349965752033,0.21282940402499631,0.2250785827413061,0.17858228236436843,-0.078765819314867258,-0.017449716480446631,0.019792584019272069,0.022858966987028165,-0.099845703893030685,0.054748205312838159,0.27579799249316705,0.5513543466726939,0.64500745742217358,0.601974605159326,0.56482077346128579,0.52286626633844879,0.52957899123430252,0.51182311560426441,0.42380981594324113,0.27690627475579582
-0.042912099872262695,-0.21451430149527603,-0.17190445063927082,-0.23399691208840556,-0.27442538700042629,-0.28015100232445872,-0.30770837126866629,-0.3688360903714154,-0.24517937094486994,-0.12897245335307989,-0.1193739507271319,-0.064890714051822826,-0.080408223059981368,-0.12219917525847752,-0.0095998341161193275,0.090219020603164543,0.077728315635963718,0.12416691017838624,0.2411934318287032,0.33054479757944744,0.34396887540817261,0.31350555772131139,0.21539594382047653,0.20046133065426891,0.057534270938338031,0.0495832502922934,0.027594677459162015,0.0,-0.010314914188347757,-0.056248679120714469,-0.10534064184288744,-0.34205761774067295,-0.031963017930348329,0.23846621557392858,0.49795156617959341,0.53683257446839261,0.4295922273939306,0.34796725135100515,0.32876329682767391,0.35381956771016121,0.38871487975120544,0.39406611770391464,0.29958588381608325
-0.032168683416580746,-0.16237842589301485,-0.35559173661565024,-0.35197816906022089,-0.35947300679981709,-0.37040430307388306,-0.37954301665078349,-0.26374917660580305,-0.10848828320795635,-0.0889597301185131,-0.11507701589947655,-0.12727004904299974,-0.14738609151142398,-0.17161249625496566,-0.0010920467674233286,0.0019491474922688212,0.0751213626563549,0.1712690285510487,0.27980928171065544,0.44753477254579233,0.34497608793409246,0.32085833375323686,0.14515735954046249,0.0,0.0,0.0,0.0,0.0,0.0,0.0,-0.11740120917919182,-0.15008534002792698,0.18700626065543333,0.42346210128221756,0.54235970122473576,0.54988044614975273,0.39217887006022711,0.25185055658221245,0.23360465764999389,0.30168279012044269,0.32959712179083572,0.349740884370274,0.3112530912223615
-0.066231245250110662,-0.23823551820549235,-0.43213962447153381,-0.42920003062294376,-0.45782404784428871,-0.43890374027765716,-0.27088043679956531,-0.1255437414727959,-0.10320868951325514,-0.14860275660346195,-0.17818077032764754,-0.20991960465908049,-0.24245191179215908,-0.14119011561932235,-0.027257645763617395,0.025468636125039596,0.16317545651243284,0.18082903839390854,0.34356507488659449,0.47943048498460222,0.23483103912204151,0.20222848170512431,0.0,0.0,0.0,0.0,0.0,0.0,0.0,0.059352682437747717,0.1622858144749533,0.14096455494221855,0.48336371891903429,0.64760122930302344,0.67252223337850259,0.556066148954889,0.39133963895880658,0.25303286381743173,0.25246052940686542,0.30712150782346725,0.30832903914981419,0.35023995135959823,0.3257293175248539
-0.20757998927281454,-0.36219812091439962,-0.4116074972188295,-0.47494683631004825,-0.49598739509071621,-0.27641347559789814,-0.10772243357048585,-0.11423226324624794,-0.20447483949544953,-0.26836216159992748,-0.2722788063042304,-0.27844338073874964,-0.26523347968055355,-0.11202342783411344,-0.060606435904728959,0.07414356692633764,0.19158589438750193,0.26588746664985535,0.45776227467200337,0.36092516855925932,0.14809523432270835,0.0,0.0,0.0,0.0,0.0,0.0,0.0,0.0,-0.077382919197488159,0.059355152184222146,0.47955627953288732,0.83264927119016652,0.92846212349832058,0.77184608120184683,0.53272595891246088,0.32662880562600638,0.22324974834918976,0.23819310100455032,0.27764274763024371,0.29517807337370788,0.33370066114834379,0.29229531735181807
-0.34356730960417486,-0.4059275384460177,-0.41779743843391293,-0.51111560421330593,-0.26561167284294412,-0.12074594315555361,-0.14283009245991707,-0.21203934974395311,-0.30568297719582915,-0.31263593512196697,-0.27070106037201419,-0.26994504342819081,-0.24709891315017427,-0.16908126711845398,-0.025417639391013869,0.12864304996199077,0.20198280296542429,0.32894149348139762,0.46875380595093186,0.11563349753727427,0.058346971800481831,0.0,0.0,0.0,0.0,0.0,0.0,0.0,0.0,-0.11008089770459467,0.066328008115535728,0.6271446465204159,0.85105684713313456,0.86619910886210782,0.69339734536630138,0.50241922873717093,0.32225834104147827,0.25329836425573932,0.27880380426843959,0.28206627815961838,0.25412499549843015,0.27131991562518204,0.22216604836285114
-0.38266305288960856,-0.40953835074243872,-0.43920859911225058,-0.35861596940679752,-0.164033826536093,-0.19279691225124729,-0.2676178263766425,-0.32089846664004856,-0.34218774399449747,-0.35146422097177216,-0.32887394469359826,-0.27362928195641589,-0.22175682622652787,-0.12510981827974319,-0.026468684726681273,0.0997569473603597,0.23573857681317764,0.40481205033017442,0.36120307504086557,0.06120732474915587,0.0,0.0,0.0,0.0,0.0,0.0,0.0,0.0,0.0,-0.085406556725502014,0.21220740076158137,0.73447434174812443,0.79584233825271189,0.77707251425712343,0.6938207578659058,0.5217221925656,0.41637724637985229,0.35812479555606841,0.29852256049280579,0.24650887787342071,0.26152471612606731,0.2395439316397128,0.16468075633049012
-0.3925822554973134,-0.42185047326179653,-0.37130237685309514,-0.24201436122743095,-0.2262577251954512,-0.31179654272273183,-0.35377064450033779,-0.37775347828865052,-0.37724269926548004,-0.35384276288527028,-0.24971025250852108,-0.22904065748055777,-0.16673063316072026,-0.088384156972169878,-0.1256533710880571,0.0848300919868052,0.30586588719198782,0.32349406169095168,0.22788895327183936,0.0,0.0,0.0,0.0,0.0,0.0,0.0,0.0,0.0,0.0,0.058764739343049849,0.43688452749757478,0.91595176500933506,0.88647292111371012,0.72461018363634744,0.58338962992032373,0.477035716176033,0.38933361524885352,0.36019396917386487,0.41333047407014029,0.39553546646366949,0.34774392120765918,0.11812137697900955,0.088999143429100508
-0.39035471975803376,-0.35424051284790037,-0.30121201947331427,-0.28349002021731751,-0.31433016830875027,-0.35452642153810571,-0.3250768379523204,-0.3790057095197531,-0.36841632490572723,-0.2933054824288075,-0.23884458715716997,-0.29431147472216534,-0.2083150824462926,-0.12971322817195738,-0.12806124585525444,0.14986808192250983,0.30244164924099021,0.20188280990222449,0.0,0.0,0.0,0.0,0.0,0.0,0.0,0.0,0.0,0.0,0.0,0.259977630880617,0.72450715770204388,1.0022756373882293,0.90169670070920671,0.7025413348756987,0.56706769899888476,0.51684625311331311,0.47209930679072504,0.52598189630291681,0.583309265829268,0.56322119994597,0.44573433862792122,0.19927521433462114,0.17608802632561751
-0.29451376385986805,-0.315038123508779,-0.35749584524070516,-0.381127827508109,-0.46442826147432681,-0.52911625344019675,-0.54867164332133078,-0.4815530037438428,-0.3963945557673772,-0.38682546615600588,-0.43309192785194944,-0.431551413403617,-0.3303141931692759,-0.18346910493878219,0.032838396628254225,0.22918038517236711,0.13130540629428747,-0.006327010539826006,0.0,0.0,0.0,0.0,0.0,0.0,0.0,0.0,0.0,0.0,0.29723788797855377,0.55010691624984409,0.963020178579515,0.98952457579699427,0.82325081614887008,0.66604531662804745,0.55615018844604491,0.55454049939694616,0.54110327064990993,0.59657025608149439,0.63888391994294669,0.58179327348868048,0.50619256090034137,0.3558309335600246,0.21683478213491894
-0.28831694987085132,-0.373058836429547,-0.45076215349965626,-0.48340333124686929,-0.521485075906471,-0.49957121632717272,-0.55301838892477528,-0.54745764979000744,-0.55930165222712924,-0.531063942445649,-0.46743160060473848,-0.3482957417900498,-0.37998890744315256,-0.19818927795487515,0.19518064322515524,0.091356126645035743,-0.036327221141740057,0.0,0.0,0.0,0.0,0.0,0.0,0.0,0.0,0.0,0.0,0.0,0.2293714519373366,0.75108569786872392,1.0150753697570489,0.91728063992091591,0.74930978013623151,0.63548906147480011,0.56138734925876965,0.57464964234310645,0.62794126073519385,0.62569987773895264,0.58974899416384485,0.551054230758122,0.48462186257044476,0.42091714697224752,0.31378083018695607
-0.37358133624429291,-0.41668106724576254,-0.4540143689593753,-0.44959016550670972,-0.43833917600137218,-0.31468505053608503,-0.29348471073003918,-0.32314199954271317,-0.5329816302945537,-0.57529257535934453,-0.45988552151499568,-0.19838946708973418,-0.29264133104256224,-0.13857782449830616,0.0068855990124394931,-0.12286846018913719,0.0,0.0,0.0,0.0,0.0,0.0,0.0,0.0,0.0,0.0,0.0,-0.10503265653785907,0.38596236433905479,1.0573537597289453,1.0530435471999935,0.87454253254514747,0.71611989140510557,0.6480233992139498,0.59668420006831491,0.62383705648508936,0.62558217942714689,0.64295637905597691,0.63542802333831783,0.54335444668928778,0.47347525755564374,0.4136355419953664,0.31260215171745848
-0.47636489684765154,-0.566923595391787,-0.57378968506148365,-0.51382336742950208,-0.48407477339108784,-0.39813882112503052,-0.20049727175916945,-0.096194456368684775,-0.17321327070777232,-0.3417611409510885,-0.30902999331211223,-0.2510601599749766,-0.37694068862633273,-0.23298105036858285,-0.19071587155903538,-0.16622650535667644,0.0,0.0,0.0,0.0,0.0,0.0,0.0,0.0,0.0,0.0,0.0,0.19066015600549932,0.80675292240713181,1.1542970765720715,1.0482721878932073,0.86640974608334631,0.74783690549709181,0.69267386674880982,0.64488264918327332,0.62228050402232582,0.61526682431047608,0.63381329963081756,0.65087749769813141,0.59806253181563485,0.501857815310359,0.4067873775959015,0.32779495630945477
-0.54647993506529391,-0.59221764864065707,-0.61784299034060852,-0.70068170461389756,-0.6860394517580668,-0.4728297982364893,-0.25016792750719824,0.0031149976958449069,-0.015855333291390841,-0.18273461187879245,-0.28710901737213135,-0.43170369747612214,-0.51891912190945122,-0.32188851688988507,-0.1918188679001985,0.0,0.0,0.0,0.0,0.0,0.0,0.0,0.0,0.0,0.0,0.0,0.0,0.63761074833096343,1.074936769289129,1.0775988519191742,0.99148761067125535,0.84810652335484826,0.75014082149223049,0.71481963085091638,0.65585818657508266,0.62175450438544866,0.6251289486885071,0.63304505745569861,0.63179723090595674,0.599559012386534,0.50489194428219519,0.40935195130961283,0.30822577008179258
-0.512447191354556,-0.51988695561885834,-0.53642116285659169,-0.53509907211576191,-0.63704452011734247,-0.44320288002491,-0.41228020993562847,-0.37554314725247084,-0.15546169617612446,-0.20687145327350923,-0.3102902040399354,-0.582841355626176,-0.66815164714756581,-0.4123421881293643,0.026594775792380624,0.0,0.0,0.0,0.0,0.0,0.0,0.0,0.0,0.0,0.0,0.0,0.0,0.646285510712093,1.112025242456248,1.0025128417236859,0.91150049822671075,0.80527334994283217,0.7551621651649475,0.74173982506212977,0.68625896627252747,0.65240906817572453,0.6702589303255081,0.66791333650287832,0.63998004950975118,0.5902932319376204,0.49052633158862591,0.37967777252197266,0.27076728554332957
-0.4456765905022621,-0.5220928771155221,-0.37322990047304255,-0.35751800151432261,-0.42558568071674657,-0.46773629138867062,-0.48153463132413371,-0.36923745838239,-0.49596153426978545,-0.25863307535648344,-0.2430542134321653,-0.63205391371792008,-0.68378357214035745,-0.29694443515368868,0.0,0.0,0.0,0.0,0.0,0.0,0.0,0.0,0.0,0.0,0.0,0.0,0.20763753993170603,0.72704099589964832,1.0924070789700462,0.9421312779915042,0.8978539455321527,0.84362984980855671,0.79878991593917215,0.79011204004287716,0.75347650051116943,0.69942868351936338,0.6884061932563782,0.6721990972757339,0.61474856734275818,0.54928044146961641,0.46428815275430679,0.36048083094989553,0.25453869418965447
-0.57500037309285756,-0.5496047147222467,-0.44773252946989878,-0.44623231646176931,-0.49351404969756668,-0.67379772199524779,-0.48906742811175108,-0.23369588814144776,-0.70449112496818556,-0.52055185753852129,-0.26242908013278038,-0.72274154665008672,-0.44432446439486145,0.0,0.0,0.0,0.0,0.0,0.0,0.0,0.0,0.0,0.0,0.0,0.0,0.0,0.23571269507315387,0.91821082714778279,1.0352403264621208,0.88611971043251658,0.88610059420267739,0.88231133090125191,0.8612699454480951,0.8346457680066427,0.78858876824378965,0.73253934913211394,0.67030237536681325,0.59666555126508081,0.53083859997637128,0.4834583182083933,0.43052566796541214,0.36402991570924459,0.26510900337445109
-0.45229860277552353,-0.43561108027185713,-0.44253911077976227,-0.54007240973020854,-0.5742296950939374,-0.64205241042214467,-0.40877064684133496,-0.21093710891194473,-0.44042531394845119,-0.43423642643860411,-0.26555256322026255,-0.61495345901875265,-0.28378328248047557,-0.020579795353114605,0.0,0.0,0.0,0.0,0.0,0.0,0.0,0.0,0.0,0.0,0.0,0.0,0.4874279371435099,1.0766146290809551,0.96994705102881607,0.81828643712732529,0.8252759422025373,0.82934652404351672,0.845982463463493,0.82765439748764036,0.78338911235332487,0.71798603534698491,0.61967113945219254,0.50761808951695764,0.44853459298610687,0.41299367126296549,0.35709985564736757,0.30650973320007324,0.24478429090231657
-0.48232054544819725,-0.48265673018790578,-0.56744619669058383,-0.66530028837067745,-0.64360710049884906,-0.64529679619496871,-0.50336394419308561,-0.47390949268612947,-0.42253851817875376,-0.34487244830681729,-0.29576610479243964,-0.37790429690824962,-0.28611522391438482,-0.0027735880576074123,0.0,0.0,0.0,0.0,0.0,0.0,0.0,0.0,0.0,0.0,0.0,0.0,0.65825702779549211,1.1138358179728189,0.90944217665250915,0.76545493419353783,0.73966118234854483,0.76824341849847277,0.80265402226220994,0.77962172031402588,0.72452229261398315,0.65083709183861227,0.51448575513703487,0.41248296697934467,0.39242308028042316,0.38209888689658222,0.32677829616210041,0.27547481097280979,0.2197361483293421
