SouthSea_Web/demo/jsonfile/2017-12-16-12.json
{"header": {"parameterUnit":"m.s-1","parameterNumber":2,"dx":0.1,"dy":0.1,"parameterNumberName":"Eastward current","la1":29.0,"la2":12.0,"parameterCategory":2,"lo2":131.0,"nx":250,"ny":171,"refTime":"2017-12-16T12:00:00","lo1":106.0}, "data":
[rows 76 to 94 of 171, columns 42 to 83 of 250]
0.0,0.0,-0.012854118566875432,0.0,-0.0047888861460562209,0.023495579890586669,-0.060905184819437047,-0.20214125609328582,-0.17843983955681325,-0.16429670849915393,-0.17540191261123322,-0.17505144173298606,-0.11846012778212907,-0.1296208976705869,-0.15165436909748958,-0.211190717719626,-0.27107647549910624,-0.29665212233861288,-0.2934001009972369,-0.36802724694860156,-0.56436819076538081,-0.62385792798466155,-0.63829006639759189,-0.672664357268292,-0.61044844388961794,-0.48811973030887434,-0.38206329207489453,-0.32113632101279038,-0.29104895889759064,-0.26811515476744052,-0.31186124152046141,-0.34979880260208907,-0.3818326237900504,-0.41019965026338223,-0.39027539703805569,-0.33973108083009718,-0.28702146442312942,-0.27501455075659992,-0.2742255774140358,-0.27900645442498034,-0.26153216138482094,-0.25535059359765822
0.0,0.0,0.016774805069448347,0.03805633896633729,-0.0041239675764916505,-0.130445213238728,-0.19559227353727757,-0.23284134825934535,-0.2310075998582222,-0.25049826830898952,-0.25566716629023456,-0.22759989372321537,-0.19139450415968895,-0.23508702839414278,-0.24107906271199711,-0.340971540725022,-0.46501437220417086,-0.41687574831105895,-0.31846284529855173,-0.26928753103129566,-0.30508199049269452,-0.43537529813391823,-0.43855524108265387,-0.39436576571037518,-0.31518979446362638,-0.28417611259680525,-0.27167474431917071,-0.27078634011940877,-0.31088938918270048,-0.32155841290950776,-0.358264894321047,-0.40455492089192074,-0.42079339815037592,-0.42282283306121826,-0.40601207564274472,-0.37007064945422685,-0.328523863106966,-0.28089909365883581,-0.24470614716410638,-0.21173829461137453,-0.18887782962091507,-0.1761019034632321
0.0,0.0,0.08955561369346772,0.062008184223061855,-0.22444280999096597,-0.20793512434507092,-0.20380317365581338,-0.23314924046714255,-0.2536837847903371,-0.27359965260212238,-0.2878240535656611,-0.29283299669623375,-0.33831597839792571,-0.44560462236404419,-0.36818191661673078,-0.25363051122234714,-0.40843326701172467,-0.49633300112139794,-0.43109434048334755,-0.35482245412739838,-0.28152583490629668,-0.276614938269962,-0.33574771136045456,-0.351937365035216,-0.33002846021401255,-0.31601007945007747,-0.29013188500873377,-0.28130942069250964,-0.31556606397294162,-0.35113754868507385,-0.34764915815106145,-0.34738575400046584,-0.34339936536092025,-0.3408722973094796,-0.35553660061624315,-0.34466904956240985,-0.32672346681356429,-0.30267935749646779,-0.263307864467303,-0.22726599151088345,-0.18315350956150464,-0.15456120359400907
0.050781301124378023,0.13266539567618263,-0.14256393155377162,-0.24463248571476631,-0.31691438971514191,-0.25512198059477359,-0.2364469885826111,-0.25767745596892905,-0.28694351244780975,-0.31830565050496895,-0.33818915940947453,-0.35180849482615789,-0.31670468894101805,-0.31132416054606438,-0.41263615047293051,-0.35887889255737437,-0.31747120246291161,-0.34340932766596477,-0.33112500681251777,-0.3101574506225257,-0.29400233997673286,-0.30202754612626703,-0.33782900743565319,-0.33531458816438353,-0.33565568707206034,-0.33705155551433563,-0.30745688530634036,-0.29922143943034685,-0.30525175555079592,-0.30338625371456146,-0.29975959334684454,-0.28103049927287632,-0.25602005078242374,-0.2561763383448124,-0.27661799447877067,-0.26812502829467549,-0.25221264588110376,-0.2516198528389777,-0.25094977946117009,-0.23674201626669278,-0.22469005926891608,-0.19873005041369685
0.12542682066637195,0.31727013699710371,-0.25109917765446738,-0.11837888307503013,-0.32293473146597129,-0.28816849694532509,-0.26431195889458514,-0.30952690130677718,-0.35361426179869132,-0.38602311782917736,-0.42743704946977751,-0.34277359055260481,-0.35062247940472197,-0.345141621099578,-0.36013569206487939,-0.38524356111884117,-0.38703608024315755,-0.37972251540523466,-0.37059070467948912,-0.35626782805232676,-0.32580465438037082,-0.29177512920328547,-0.28814459080789606,-0.3083520772609305,-0.32528815774813941,-0.33393768585005473,-0.31957926683955723,-0.30945209549231961,-0.29986932731810068,-0.29037292748689653,-0.29899060255602788,-0.29242872115638519,-0.275561800774406,-0.25644784973513696,-0.25073517810913826,-0.23562290462163779,-0.2294959527041231,-0.23757438820142013,-0.23966413294827496,-0.20553027838468552,-0.17105996939871046,-0.15720640247066817
-0.43840537767210697,-0.66474208001996959,-0.6562282038952103,-0.50575730723388379,-0.41355339982699452,-0.31074196976004986,-0.297214861959219,-0.38151318305417109,-0.40498519369534086,-0.35063893057532231,-0.41443544474698729,-0.41667521618447212,-0.40819413906761576,-0.40015453002491935,-0.40546908306664436,-0.41074909120798109,-0.41423414621436805,-0.40029250402919581,-0.37539138135157135,-0.35636210239539712,-0.32998883567358317,-0.29566716641749974,-0.27408480395873386,-0.29154042048113687,-0.30676580698062211,-0.31067958709440735,-0.31467858505876439,-0.31152795480959344,-0.30899392672487208,-0.30266964616197528,-0.29322075564414263,-0.29467745125293732,-0.28278939271795339,-0.25897065263528091,-0.24780994015080587,-0.22552443654448898,-0.24656915664672852,-0.2391787154170183,-0.21179073386722142,-0.22755176126956939,-0.23994021060375068,-0.22976612885083472
0.0,-0.34027732412020367,-0.43286282746793375,-0.620767162062905,-0.73439838828887527,-0.5387250611656591,-0.35900880942742031,-0.45387456300003187,-0.45823680069939843,-0.384345848681563,-0.3860612742859742,-0.42743889639774957,-0.43850979461508283,-0.42465433324205465,-0.42456765423218407,-0.40130512030036364,-0.40515817187983416,-0.39844179803674873,-0.36634971918883147,-0.34766015860269656,-0.3373428808183086,-0.30350137469561206,-0.2873673637708028,-0.29441253117152622,-0.29629168790929455,-0.30390034390218329,-0.32654889063401654,-0.33160529985572351,-0.32543507814407346,-0.31963750940782054,-0.3052096896701389,-0.29830426829201834,-0.285108004625027,-0.26062217465153448,-0.2733952487292497,-0.28050048870069011,-0.26729345894776857,-0.26864346623420715,-0.28346591921789305,-0.25864356994628906,-0.23639022062222162,-0.20737423830562168
0.0,-0.0889252005009587,-0.2832337749626796,-0.43242031134815628,-0.59372711501470421,-0.59479959067844212,-0.42320731282234192,-0.50675379218799732,-0.519435957858437,-0.46848023965440949,-0.4675785621344033,-0.46185115699110357,-0.45713772783513928,-0.43985489847367271,-0.41969811118074823,-0.40868283595357624,-0.39007610026395545,-0.38373866418133612,-0.37059685379959817,-0.35742081271277532,-0.34881250489325749,-0.3271584142656887,-0.31871543147347192,-0.321405246428081,-0.32672129372755687,-0.34283068080743156,-0.35641037595683128,-0.35721142024829472,-0.34375157290034825,-0.32884158767186678,-0.31265868705052596,-0.29088556269804638,-0.27087750179427011,-0.28887343406677246,-0.29159051179885864,-0.30552341818809509,-0.33479714966737306,-0.32863927919131058,-0.2945424568440233,-0.22855125036504534,-0.17303653806447983,-0.13386977905476535
0.0,0.0,-0.023609864607599892,-0.2913501101245467,-0.39707125890223932,-0.56432925810025436,-0.56036551216164154,-0.49751603551078261,-0.55267047782739,-0.5404786227210876,-0.53438499374467818,-0.49799180971948726,-0.47134066842220446,-0.45073600278960335,-0.41992989122867586,-0.41300315393341913,-0.40600709546179997,-0.39244388693418258,-0.38608042481872773,-0.36987057742145324,-0.35910019188216236,-0.35150421915515778,-0.3457962356764695,-0.35968741880995886,-0.37105040145771845,-0.38101833175729821,-0.37748899459838869,-0.37453997593659621,-0.36252677211394679,-0.33816813734861523,-0.32506245374679565,-0.31902313117797559,-0.30879955738782883,-0.29992192367027548,-0.31063360090439135,-0.35330222776302922,-0.33542077587201047,-0.26662944674491884,-0.21824585584302744,-0.18003750412628569,-0.1305387546973569,-0.10722363367676735
0.0,0.0,0.0,0.053564689003138079,-0.33456345655613573,-0.582105778157711,-0.7872196315514921,-0.64093023034888252,-0.61949383058855612,-0.57387192306980006,-0.56751437165907448,-0.54061460936511008,-0.49716516781826409,-0.47012868038443634,-0.449704730197003,-0.44249094360404545,-0.41963949718990839,-0.41068846258250152,-0.41062986028605492,-0.39857080373270759,-0.38908124853063514,-0.37269017431471085,-0.37027069467764634,-0.37529185185065639,-0.3850239825248718,-0.38821350381924558,-0.39131894134558165,-0.39364795923233031,-0.37273127413713014,-0.34271154999732972,-0.31196300112284148,-0.28855797992302823,-0.27256227456606352,-0.28682299565385888,-0.31847354081960827,-0.31210503534034445,-0.24406680630313027,-0.16122318165642874,-0.095277749967795824,-0.064876103343871921,-0.083776681151773252,-0.17903049902192184
0.0,0.0,0.0,-0.42463073618226238,-0.54524949990651184,-0.72195143197827483,-0.9824684826103417,-0.81311400611716578,-0.69812913835048673,-0.565703361265121,-0.55838956813963636,-0.53015419951191656,-0.50140151720155368,-0.47532822042703626,-0.46658002153823253,-0.44748842535596906,-0.42900162140528358,-0.43525624848329103,-0.42095469896282467,-0.38672619837301747,-0.37986386691530544,-0.382155921459198,-0.37819855128015789,-0.37878584976379687,-0.37742265396647984,-0.38510939240455627,-0.38684357651348772,-0.33970808868224806,-0.309884528701122,-0.29151838245215239,-0.2855287412038216,-0.28265096934942097,-0.28868560437802915,-0.29738398282616224,-0.28163302264043261,-0.18422381699085236,-0.075853016930287356,-0.038067011592479855,-0.039286850744651422,-0.083156186830380868,-0.11667560941229264,-0.19526407441922597
-0.0991580309577301,-0.34923113873710149,-0.87213858487931162,-0.94095148622989655,-0.97633490143539192,-1.1596093822051496,-1.0247083581410921,-1.0125012679046459,-0.71089385899286417,-0.58608084209894729,-0.5540934069114819,-0.52597838289597454,-0.51379032362075083,-0.4888935761792319,-0.47274608381332889,-0.45140743599488187,-0.44249750177065533,-0.43427722873511138,-0.42635594881497896,-0.42726553632662845,-0.4185995597924505,-0.40535505689107454,-0.37407069014651434,-0.36081195116043091,-0.37292564908663434,-0.36814101576805114,-0.337761503678781,-0.3241660981266587,-0.32701467779966503,-0.326416509019004,-0.3366678136366385,-0.33826185975755962,-0.32235056936740875,-0.25162558888013548,-0.15347038123470086,-0.062592878006398678,-0.028953176373481534,-0.056388576165772974,-0.15780477255582809,-0.26739630719711038,-0.29079542943724879,-0.3412824386152728
-0.90773080004819073,-1.0851462520387052,-1.0996691113203958,-1.0776237845420837,-1.2619695982625407,-1.1108058938539049,-1.0516916634967026,-0.96358384393356944,-0.67293108584450889,-0.58275925233715875,-0.53805712417319973,-0.51521626874512316,-0.49730245272318524,-0.50268725137556758,-0.48875684760234972,-0.48855529263101777,-0.48431724653794217,-0.4510533798623968,-0.41928830080562168,-0.37646267259562455,-0.36260452093901457,-0.35678994016987936,-0.35125802457332611,-0.36403976440429686,-0.36850504190833483,-0.34982996114662718,-0.33572460876570809,-0.34874078975274014,-0.36352173376966407,-0.39313429381166187,-0.41256123093458325,-0.35953515657672175,-0.22100082205401528,-0.097912183376374071,-0.059464079776295913,-0.093388071954250335,-0.19389626923306236,-0.26415502548217773,-0.27196997072961593,-0.29853117366631826,-0.34633401150886828,-0.36254651959125811
-0.83850787849195541,-0.60746748139913043,-0.58187314523153066,-0.37027047213685771,-0.27024821078440353,-0.36812447008144644,-0.59584893697970787,-0.765263527143197,-0.620643320730177,-0.57016571394858817,-0.52636107962046352,-0.49569541641644072,-0.4798892044251965,-0.49467484487427604,-0.485631568564309,-0.49261497419614059,-0.49103693608884458,-0.45209263960520424,-0.42155007521311444,-0.41578999587467741,-0.41504301982266562,-0.41142859061559039,-0.38942613133362364,-0.36216434836387634,-0.32587884421701785,-0.33709108371001023,-0.33236099834795352,-0.35157257980770534,-0.468122946528288,-0.47800238728523253,-0.35966453435165541,-0.21245259984775824,-0.09786011479221858,-0.080071895672329543,-0.071427400080630407,-0.086821490540527374,-0.26424212455749513,-0.30565082073211669,-0.34217633536228764,-0.38192224605330105,-0.38323081915195173,-0.353239438363484
-0.15508756227791309,-0.016999075209879953,-0.19442875683307648,0.050253386946117626,0.15629892364756692,0.0,-0.22251892116803088,-0.23574447938749057,-0.32247533383113997,-0.43315774232149123,-0.47805553471500223,-0.45990830234118868,-0.4543953516653606,-0.47290080253567013,-0.46424832940101624,-0.48798715657201308,-0.45914840595475559,-0.43434900661994669,-0.44205624790027226,-0.45262707615720815,-0.44507977366447449,-0.42463046631642748,-0.38135195806108674,-0.32236952850451839,-0.30075718411083879,-0.33227163964304429,-0.38983030341289659,-0.53873806198438012,-0.52140027592922078,-0.35666916519403458,-0.19962892295033843,-0.0890400244295597,-0.11689144469521663,-0.14527492200334866,-0.16781820442814094,-0.19656588109555068,-0.31084383107148683,-0.38277911288397654,-0.43809986224880926,-0.46309777763154769,-0.38893743554751076,-0.35231128454208371
0.0,0.0,0.0,0.0,0.022138488670828304,0.0,0.0,0.0,-0.14107758489747843,-0.29121312871575356,-0.41361089604241508,-0.434433356991836,-0.45136814670903341,-0.45325771796292275,-0.449891532621076,-0.42929356477477332,-0.42071333314691273,-0.44812964720110737,-0.46616990012781961,-0.45957744635384656,-0.39259933397687713,-0.30431805497833658,-0.26739340488399777,-0.29474923206913856,-0.33789346505094459,-0.46288452469385588,-0.59539270507437847,-0.56275692582130432,-0.36908589736107855,-0.19349822788326829,-0.13306155552466711,-0.17555170920160082,-0.21872571552241291,-0.19440505014998571,-0.21301063494040415,-0.30360235699585508,-0.39725070750271835,-0.45151539785521372,-0.47538591664412927,-0.4284936785697937,-0.37833422143012285,-0.37081636921052008
0.0,0.0,0.0,0.0,0.0,0.0,0.0,0.0,-0.05330210569766624,-0.21795743647962809,-0.37646831572055817,-0.42962159713109332,-0.45182227715849876,-0.44224209948019549,-0.42652714252471924,-0.44109103372020109,-0.47058788407593966,-0.48585395463581743,-0.47476777639882317,-0.39143855201786965,-0.28871537744998932,-0.26550965113886471,-0.29122358560562134,-0.40176088675375909,-0.57210191863554494,-0.60723894613760487,-0.5246235944073776,-0.3524492122232914,-0.22078092662351473,-0.18964932801631781,-0.18835965171456337,-0.25776960328221321,-0.26938411869384626,-0.24764558452147026,-0.27847379942735034,-0.40453961014747619,-0.43696504934080715,-0.44034739506655723,-0.41871098917106103,-0.37772108566376472,-0.34693555746759686,-0.34541909782974806
0.0,0.0,0.0,0.0,0.0,0.0,0.0,0.0,-0.051680415028544223,-0.25614220425486567,-0.39275710871725372,-0.42501852091620951,-0.454856948272602,-0.45546488551532521,-0.44401496648788452,-0.47200893303927255,-0.48875289503484964,-0.48759436421096325,-0.42159822583198547,-0.33710816091504592,-0.31972735735677904,-0.37275598686316919,-0.51386025445214634,-0.57039015868614462,-0.55283570951885652,-0.474352158109347,-0.35035664375339237,-0.22965882828942053,-0.15154642898302811,-0.22761728901129502,-0.28340018237078629,-0.28368117553847177,-0.3209697526914102,-0.30989418809230512,-0.3425639834668901,-0.43930120821352359,-0.46781945347785947,-0.40034194456206429,-0.37421819678059332,-0.36015674251097218,-0.36221557634848134,-0.3567319672022547
0.0,0.0,0.0,0.0,0.0,0.0,-0.021987010698551569,0.00045501259329386003,-0.039243176766058867,-0.33233470242956409,-0.39426640770873245,-0.43112353850965912,-0.45456206580487696,-0.4165614113211632,-0.44774279668927192,-0.48604910624654668,-0.46933842932476716,-0.39505442891802106,-0.30303431893217153,-0.30575614472230278,-0.32974248705431819,-0.48821812868118286,-0.49801992475986478,-0.50158159931500756,-0.46560440531798769,-0.36078170339266458,-0.27892654069832395,-0.21642275540917008,-0.15795842504927091,-0.30445774285881605,-0.3337211494262402,-0.32649537026882169,-0.36620906864603359,-0.37085504371386308,-0.40703425645828245,-0.46874634921550751,-0.48242381572723386,-0.40403768861735306,-0.36735823860874883,-0.36090731620788574,-0.36079842654558331,-0.36506946771233167
