SouthSea_Web/demo/jsonfile/2017-12-15-23.json
{"header": {"parameterUnit":"m.s-1","parameterNumber":3,"dx":0.1,"dy":0.1,"parameterNumberName":"Northward current","la1":29.0,"la2":12.0,"parameterCategory":2,"lo2":131.0,"nx":250,"ny":171,"refTime":"2017-12-15T22:58:07.5","lo1":106.0}, "data":
[rows 114 to 132 of 171, columns 168 to 209 of 250]
0.78286141157150269,0.56425885483622551,0.41987650420354761,0.326570925116539,0.27814368655284244,0.28635853353668661,0.30871758423745632,0.28910724205129285,0.22385949469529665,0.17009008377790452,0.12839471442358835,0.086927797645330429,0.056261253853638969,0.016893770235280197,-0.042911034310236573,-0.088323846459388733,-0.1400594487786293,-0.12343892082571983,-0.11868313699960709,-0.096178404986858368,-0.069494659081101418,-0.02411983348429203,0.0060860314406454563,0.051029184833168983,0.10370107740163803,0.12296655774116516,0.16387684643268585,0.16384533047676086,0.17373169958591461,0.19020022451877594,0.20356138050556183,0.0,0.21006326377391815,0.23719044029712677,0.0,0.27481222152709961,0.0,0.38088506460189819,0.4329674243927002,0.47591504454612732,0.47639474272727966,0.50561727583408356
0.75458071487290523,0.53552370380472258,0.38491559738204595,0.27818205431103704,0.21544691340790856,0.2266588406637311,0.2501283349359737,0.22534638444582622,0.17066181112419476,0.12863420056445257,0.097575514444283071,0.06115860678255558,0.012813396565616132,-0.033524630591273308,-0.0940447086468339,-0.1456960141658783,-0.17035552859306335,-0.16627433151006699,-0.15848356485366821,-0.12959195673465729,-0.083259768784046173,-0.047228336334228516,-0.018596844282001257,0.027886415085959015,0.082954876124858856,0.13405779004096985,0.16999548673629761,0.17544901371002197,0.16996681690216065,0.0,0.2008671760559082,0.21649689972400665,0.0,0.23652374744415283,0.28710711002349854,0.0,0.37959419190883636,0.43364930152893066,0.4368482232093811,0.47815006971359253,0.0,0.501431405544281
0.71136427887024423,0.50116851358186632,0.33804371882052647,0.22052439525723458,0.14913927670568228,0.17426807899028063,0.18782524665196737,0.15911706785360971,0.11676282808184624,0.096363197479929247,0.077726117521524432,0.036031382158398628,-0.015566572857399782,-0.059774586309989296,-0.11799204101165135,-0.15110167860984802,-0.16988080739974976,-0.17637953907251358,-0.16443183273077011,-0.12575821578502655,-0.10065484046936035,-0.096536271274089813,-0.071905247867107391,-0.010034957900643349,0.0511552756652236,0.11615325510501862,0.15390238910913467,0.16101327538490295,0.15640809386968613,0.16870051622390747,0.17317456007003784,0.20977018773555756,0.24752612411975861,0.25798600912094116,0.30526088178157806,0.38769698143005371,0.0,0.43694809079170227,0.0,0.47499990463256836,0.503014087677002,0.0
0.71691374646292794,0.4855276890422987,0.30475319137698725,0.19566840371664832,0.15094776352246603,0.14519348833709955,0.15413439522186914,0.13800409001608691,0.087873853743076324,0.065447989851236343,0.056024273857474327,0.016230400459608062,-0.04189111664891243,-0.073393400758504868,-0.093759745359420776,-0.11185852438211441,-0.14410665631294251,-0.15888632088899612,0.0,-0.13883805274963379,-0.10476056858897209,-0.095541626214981079,-0.068410798907279968,-0.05740935355424881,0.018171211122535169,0.080566383898258209,0.12877402827143669,0.16046059131622315,0.17144781351089478,0.16695591807365418,0.20458891987800598,0.21629686653614044,0.25529740750789642,0.32512873411178589,0.342782199382782,0.39993619918823242,0.42958739399909973,0.45448315143585205,0.47119498252868652,0.48137146234512329,0.50504772365093231,0.53254294395446777
0.65547120830287109,0.475170027642023,0.342608530074358,0.26836128731568654,0.22379197286708014,0.18329609398330962,0.1679708311955134,0.14841719468434653,0.087991736829280853,0.049317118711769581,0.027024333365261555,-0.0017660693265497685,-0.030582273378968239,-0.034239304562409721,-0.041230479876200356,-0.057859856635332108,-0.089830975979566574,-0.12082886323332787,-0.13194973021745682,-0.10641186684370041,-0.083860564976930618,0.0,-0.081081930547952652,-0.037235535681247711,0.029397362843155861,0.0,0.11479759216308594,0.14535576105117798,0.0,0.18031705915927887,0.22416378557682037,0.0,0.2912895679473877,0.34580293297767639,0.0,0.41610825061798096,0.0,0.44948580861091614,0.47381395101547241,0.0,0.50596743822097778,0.0
0.56402550908652216,0.44532574625576243,0.3679046208659808,0.32240731418132784,0.26029458517829579,0.209417747599738,0.17531960271298885,0.13419112811485925,0.0853361040353775,0.046352085967858635,0.022376291267573834,-0.00094042757215599215,-0.0082647819072008133,-0.004502662573941052,-0.014530729968100786,-0.039531869813799858,-0.06723812036216259,-0.088213562965393066,-0.081072688102722168,-0.096548609435558319,-0.075790990144014359,-0.074316754937171936,-0.07051192969083786,0.0,-0.031424165703356266,0.066850095987319946,0.0,0.13552558422088623,0.17547431588172913,0.0,0.21123959124088287,0.27265989780426025,0.0,0.34150457382202148,0.40507012605667114,0.0,0.44046324491500854,0.0,0.46921992301940918,0.51026391983032227,0.0,0.53211277723312378
0.48431769226278576,0.38781482252207672,0.33184062892740424,0.28720578849315642,0.22676137387752532,0.18234807501236597,0.14360104128718376,0.10024634322949819,0.064138617366552353,0.047200720757246017,0.033820437267422676,0.014482629951089621,0.010287759670366844,-0.0018012672662734985,-0.015953490044921637,-0.030309782363474369,-0.043397217988967896,-0.040063638240098953,-0.0568094439804554,-0.056457892060279846,-0.062395770102739334,-0.079431883990764618,0.0,-0.10005741566419601,-0.016398938372731209,0.074448630213737488,0.1487632691860199,0.16509109735488892,0.21807342022657394,0.24332782626152039,0.269563227891922,0.31101864576339722,0.0,0.36338680982589722,0.41308078169822693,0.41162344813346863,0.43897511065006256,0.47427809238433838,0.48925438523292542,0.52821964025497437,0.0,0.541292130947113
0.44568024079004925,0.37134884297847748,0.32593761384487152,0.28162842492262524,0.21873573958873749,0.16475542883078256,0.10774921377499898,0.060495969839394093,0.030767292901873588,0.016864308505319059,0.02096382078404228,0.010656927712261677,-0.015946326622118551,-0.038490786217153072,-0.030262026935815811,-0.027009539306163788,-0.028644061647355556,-0.018115162965841591,-0.036056537181138992,-0.044828565791249275,-0.040603730827569962,-0.052142743021249771,-0.079332895576953888,-0.011032235808670521,0.05613729078322649,0.12713398039340973,0.17958109080791473,0.21750929951667786,0.26178491115570068,0.0,0.29770100116729736,0.34326490759849548,0.0,0.39496368169784546,0.42040097713470459,0.0,0.45069506764411926,0.0,0.5038413405418396,0.0,0.0,0.0
0.41971512387196225,0.34075259044766426,0.29892969131469727,0.25121593972047168,0.18929379681746164,0.12835195660591126,0.061125517822802067,0.00784540046006441,-0.030871599912643433,-0.023571607649500947,-0.024622311815619469,-0.028117473819293082,-0.048366598784923553,-0.059089377522468567,-0.042017141357064247,-0.017405645300944645,0.010769769811304286,0.0,0.018575689134498436,-0.016170544957276434,-0.034290343523025513,-0.053492715582251549,-0.041069049388170242,-0.0024600410833954811,0.081007735803723335,0.0,0.21290238201618195,0.27716511487960815,0.0,0.31506837904453278,0.347008153796196,0.0,0.38378772139549255,0.40788054466247559,0.0,0.42001685500144958,0.0,0.4633309543132782,0.52212268114089966,0.52785235643386841,0.530526340007782,0.51937210559844971
0.37990290468389337,0.306486040353775,0.27061372664239669,0.2068419818367277,0.1535510296622912,0.10107418149709702,0.033156520376602806,-0.026806665118783712,-0.062728065066039562,-0.060003798454999924,-0.065893006511032581,-0.067159050454696015,-0.079325405259927109,-0.072477638721466064,-0.046497976407408714,-0.010550400242209435,0.0090808849781751633,0.038828331977128983,0.046577867120504379,0.027426588349044323,0.0088431221665814519,-0.003319193609058857,0.023014124482870102,0.087886951863765717,0.098907798528671265,0.18642506748437882,0.26160746812820435,0.0,0.29844358563423157,0.340169757604599,0.0,0.38033807277679443,0.41565680503845215,0.42834720015525818,0.43022528290748596,0.44491459429264069,0.48688477277755737,0.48392650485038757,0.51238918304443359,0.50696247816085815,0.50064891576766968,0.48230713605880737
0.36435354181698393,0.29527473300695417,0.24568408913910389,0.19043049775063992,0.13864305118719736,0.076686974614858627,0.02755825438653119,-0.035118379630148411,-0.065134382806718349,-0.078886866569519043,-0.081209530433019,-0.07180273036162059,-0.062936374917626381,-0.05748283863067627,-0.030121752992272377,0.0029424219392240047,0.030618439428508282,0.071541152894496918,0.084396194666624069,0.072919845581054688,0.07775605097413063,0.090616092085838318,0.12881630659103394,0.12909063696861267,0.18866952508687973,0.0,0.25387576222419739,0.2753663957118988,0.3129245936870575,0.3631230890750885,0.36955180764198303,0.41154137253761292,0.44647464156150818,0.45256474614143372,0.45160722732543945,0.46251258254051208,0.0,0.48869970440864563,0.5085180401802063,0.0,0.4877643883228302,0.0
0.32436081171035769,0.2615881595346663,0.21406524069607258,0.17645374437173209,0.13702943672736487,0.093988588079810143,0.044863120466470716,-0.0050620170659385622,-0.058933507651090622,-0.0659194365143776,-0.056389796237150826,-0.053223070998986564,-0.04134003072977066,-0.040651027113199234,-0.015140712261199951,0.013549522962421179,0.066064346581697464,0.11195100471377373,0.11556295305490494,0.13481058180332184,0.14917042851448059,0.17840695381164551,0.19108864665031433,0.19906772673130035,0.25848519802093506,0.25375932455062866,0.25980842113494873,0.27426061034202576,0.30441838502883911,0.34008820354938507,0.37908753752708435,0.43205186724662781,0.0,0.45582655072212219,0.44782397150993347,0.0,0.45604285597801208,0.0,0.47257733345031738,0.46481496095657349,0.0,0.43375048041343689
0.30685272812843323,0.24957520311528986,0.21445686287350124,0.186781981959939,0.1584054912839617,0.11659398426612218,0.0668497383594513,0.0137973478063941,-0.022121872132023174,-0.041481039486825466,-0.035720152159531914,-0.036415621638298035,-0.027058187406510115,-0.012017463954786459,0.014783273761471113,0.054727246984839439,0.0943291075527668,0.11015539243817329,0.14048802852630615,0.16900521516799927,0.19403545558452606,0.20898714661598206,0.22043745219707489,0.24960466474294663,0.25762802362442017,0.26972725987434387,0.26699508726596832,0.27701166272163391,0.30526337027549744,0.0,0.34946075081825256,0.3960796445608139,0.44019070267677307,0.0,0.43297290802001953,0.4368378221988678,0.45627102255821228,0.42842462658882141,0.45318388938903809,0.4524306058883667,0.41000866889953613,0.43257886171340942
0.29803191290961373,0.2411006074398756,0.21043611131608486,0.17965943180024624,0.16056437293688455,0.13135397583246231,0.089421859011054039,0.046898191173871361,-2.9976867760221165E-05,-0.03088725171983242,-0.0360592445358634,-0.034837800388534866,0.0030922931230937443,0.014439773668224612,0.057985478391249977,0.10268646478652954,0.11966485902667046,0.14142563442389169,0.15903022885322571,0.18327613174915314,0.21647300571203232,0.23622241616249085,0.25904345512390137,0.27188605070114136,0.26267616450786591,0.26783487200737,0.26956342160701752,0.0,0.29299643635749817,0.31399072706699371,0.35755324363708496,0.0,0.4106321781873703,0.40038049221038818,0.429794579744339,0.40783767402172089,0.3838067352771759,0.41183730959892273,0.36837396025657654,0.39330011606216431,0.38786444067955017,0.0
0.23569682240486145,0.19059109191099802,0.16502140214045843,0.13652915401118143,0.11933951949079831,0.09714716548720996,0.072821394540369511,0.027273739222437143,-0.0023944484225163856,-0.013936711288988591,-0.016088317893445492,-0.0032322710224737725,0.032408031169325113,0.069348045935233429,0.099196357031663254,0.13247468819220862,0.15201950818300247,0.18257828801870346,0.193772092461586,0.2162555530667305,0.24084318429231644,0.273679256439209,0.0,0.26414655645688373,0.24616773426532745,0.24860167503356934,0.25082388520240784,0.25810858607292175,0.26721915602684021,0.0,0.33417418599128723,0.31286406517028809,0.34179118275642395,0.3645632266998291,0.32416409254074097,0.36157006025314331,0.3437904417514801,0.0,0.32297542691230774,0.35961461067199707,0.0,0.36623620986938477
0.16362128779292107,0.12025714758783579,0.12105664312839508,0.0843636691570282,0.072264181450009346,0.05778400537868341,0.026088407806431253,-0.0062000041827559469,-0.016193061290929716,-0.012945653172209859,-0.0041116043925285336,0.019248796316484611,0.052123001776635647,0.11229332908987999,0.16483772546052933,0.18223598102728525,0.20026032626628876,0.22687879204750061,0.26613065103689831,0.26934016495943069,0.29797811806201935,0.30792213976383209,0.28800337016582489,0.27232575416564941,0.25827158987522125,0.24458913505077362,0.24258959293365479,0.23667847365140915,0.0,0.27038612961769104,0.245548814535141,0.27112436294555664,0.2873891294002533,0.0,0.28802996873855591,0.29512046277523041,0.0,0.29254525899887085,0.28643763065338135,0.32127299904823303,0.28424546122550964,0.329861581325531
0.11302158515900374,0.076369955071381154,0.065009662881493568,0.037688997707196643,0.028060533106327057,0.016953392792493104,-0.0143287837660561,-0.032342954538762569,-0.028881032764911652,-0.0029870585519044348,0.029451924609020352,0.063888721913099286,0.11221310993035634,0.2047426737844944,0.23894871274630228,0.2483900859951973,0.27234966556231183,0.33515050013860065,0.35249958435694378,0.34645693500836688,0.348295658826828,0.35662364959716797,0.32867741584777832,0.30516944825649261,0.29908069968223572,0.25832575559616089,0.25110211968421936,0.24574986100196838,0.23292699456214905,0.22458897531032562,0.23477666079998016,0.2227291613817215,0.0,0.21954427659511566,0.21898634731769562,0.0,0.21725095808506012,0.23064431548118591,0.24611152708530426,0.21069876849651337,0.24925331771373749,0.26602554321289062
0.12653471156954765,0.073692702289138518,0.033303982888658844,0.00690092226723209,-0.007099831709638238,-0.016346694513534505,-0.029299793392419816,-0.028391811730606214,-0.009257546998560429,0.033657700405456126,0.081678499778111771,0.13377319897214571,0.20537899136543275,0.27052264412244159,0.30814208835363388,0.33619434237480161,0.36571671565373737,0.41248780488967896,0.42984458804130554,0.40998438994089764,0.39306342601776123,0.39439781010150909,0.39496706426143646,0.37014785408973694,0.3503803014755249,0.36339345574378967,0.31103284657001495,0.290252685546875,0.24699750542640686,0.22275392711162567,0.0,0.19007162749767304,0.169129841029644,0.13390740752220154,0.17599053680896759,0.15262332558631897,0.11441445350646973,0.15857090055942535,0.17882046103477478,0.0,0.18863624334335327,0.0
0.14352700610955557,0.066152222454547882,0.015386766294666034,-0.013283520903704422,-0.020875372691079974,-0.025882674691577751,-0.021426066756248474,-0.0076312060804671743,0.019372092715154093,0.0705349159737428,0.144406296312809,0.20474612712860107,0.26463143030802411,0.32332939902941388,0.38553575277328489,0.42037781327962875,0.43638590971628827,0.44379892945289612,0.44708306590716046,0.43382517993450165,0.41470745205879211,0.44439269602298737,0.45459441840648651,0.43929001688957214,0.44441057741642,0.42459984123706818,0.37717878818511963,0.34781503677368164,0.2822905033826828,0.22553704679012299,0.17783442139625549,0.14378413558006287,0.0,0.0926993191242218,0.044549159705638886,0.0650999303907156,0.082086652517318726,0.0,0.12253579497337341,0.15116532146930695,0.0,0.16789437830448151
