SouthSea_Web/demo/jsonfile/2017-12-16-09.json
{"header": {"parameterUnit":"m.s-1","parameterNumber":3,"dx":0.1,"dy":0.1,"parameterNumberName":"Northward current","la1":29.0,"la2":12.0,"parameterCategory":2,"lo2":131.0,"nx":250,"ny":171,"refTime":"2017-12-16T09:00:00","lo1":106.0}, "data":
[rows 57 to 75 of 171, columns 172 to 214 of 250]
-0.2412350954754012,-0.24533129204064608,-0.20825524628162384,-0.19246974161693028,-0.16559375822544098,-0.14072777437312262,-0.12156781119604905,-0.12053024116903544,-0.11706403146187465,-0.10571929386683873,-0.068368102113405868,-0.03730897419154644,-0.0514027988538146,-0.050889605656266212,-0.036503130570054054,-0.025165879167616367,0.0015041132767995198,0.057962454855442047,0.11444599181413651,0.16234792023897171,0.19779273867607117,0.2233860194683075,0.23151705414056778,0.23620551824569702,0.239603524406751,0.24854424595832825,0.25629037618637085,0.24369780719280243,0.21939993649721146,0.19302292913198471,0.14949831366539002,0.098507292568683624,0.080035127699375153,0.057000075777371727,0.030778533779084682,-0.0038641560822725296,-0.025066383183002472,-0.062872184440493584,-0.0712495744228363,-0.095474708825349808,-0.1148487888276577,-0.091375976800918579,-0.13156295567750931
-0.213666989334992,-0.22621123034220475,-0.2170190310903958,-0.18745541696747145,-0.14987448660226968,-0.14114639163017273,-0.14532742175188931,-0.14556566625833511,-0.12185023600856464,-0.09630905517510005,-0.0635945899412036,-0.052697522565722466,-0.052380599081516266,-0.040597064420580864,-0.028273846333225567,-0.0059508527629077435,0.019193419255316257,0.058605062464872994,0.10397269576787949,0.14467741549015045,0.18217529356479645,0.20778663456439972,0.21874845027923584,0.23001845926046372,0.2398349940776825,0.25019376476605731,0.24632012099027634,0.22887996335824332,0.19953331351280212,0.18530069291591644,0.13098388165235519,0.096512374778588608,0.067113414406776428,0.044979136437177658,0.019593634176999331,-0.01289604976773262,-0.04798314099510511,-0.088391609489917755,-0.099551749726136521,-0.127743661403656,-0.14524010568857193,-0.15055714547634125,-0.14947674423456192
-0.20548952428194192,-0.24643219262361527,-0.2339138463139534,-0.18483006507158278,-0.14949565177614038,-0.15441341139376164,-0.15691601071092817,-0.13569209405354091,-0.11608526576310396,-0.0916636660695076,-0.0684426985681057,-0.062542476691305637,-0.059599092851082482,-0.056922890245914459,-0.049659131094813347,-0.014064847181240717,0.014403454028069973,0.035642955762644611,0.088249783962965012,0.12494102492928505,0.14841154962778091,0.18346396088600159,0.20775965601205826,0.23142818361520767,0.24671926349401474,0.244600310921669,0.23019368201494217,0.198217511177063,0.17710534731547037,0.15368577837944031,0.12065652385354042,0.094675774375597641,0.066677156835794449,0.042977752164006233,0.012255192035809159,-0.029166180640459061,-0.06832924485206604,-0.10134438052773476,-0.12641573697328568,-0.14961105585098267,-0.16371329873800278,-0.1684979647397995,-0.15881978720426559
-0.22232042873899141,-0.25468866101333071,-0.23161648338039717,-0.18977096552650133,-0.17084924876689911,-0.17043861001729965,-0.16268407305081686,-0.14530296410833085,-0.12914621333281198,-0.11047206968069076,-0.084201154112815854,-0.08341478556394577,-0.091562729328870773,-0.089642371982336044,-0.06861385703086853,-0.024197621154598892,-0.0017984313890337944,0.036831002061565719,0.06718812882900238,0.095437463372945786,0.12522090598940849,0.16630314290523529,0.20039222141106924,0.22950596610705057,0.24310652414957681,0.23077711462974548,0.21388060599565506,0.18150830268859863,0.16261426111062369,0.13915722817182541,0.12071508169174194,0.088919192552566528,0.063135860487818718,0.048530787229537964,-0.0065713259391486645,-0.043422174639999866,-0.0852968730032444,-0.11111463606357575,-0.13438995182514191,-0.14893493801355362,-0.16024842858314514,-0.14670789986848831,-0.15401172637939453
-0.20894046242420489,-0.24833158651987711,-0.2302181303501129,-0.19365186176516794,-0.17218925952911376,-0.15969102270901203,-0.15287719454084123,-0.15005474537611008,-0.13744826465845109,-0.1132156749566396,-0.11252552457153797,-0.1175147866209348,-0.1172359436750412,-0.11252878978848457,-0.068595213194688157,-0.029292433522641659,0.0087123687844723463,0.038032475858926773,0.0654665008187294,0.1062516321738561,0.14888164401054382,0.16800384223461151,0.19400535523891449,0.22079388797283173,0.22495424747467041,0.20794283598661423,0.17844133079051971,0.16392982006072998,0.15312264859676361,0.14061375459035239,0.12173102796077728,0.091646790504455566,0.03407549113035202,0.025836353190243244,-0.0093286901246756315,-0.039031870663166046,-0.078107036650180817,-0.097770601511001587,-0.1015709787607193,-0.12545798718929291,-0.12124621868133545,-0.10732888430356979,-0.1286281943321228
-0.16402950510382652,-0.21732519910885736,-0.20905140704578823,-0.17446072772145271,-0.15306262401017276,-0.14871390163898468,-0.15556373447179794,-0.16691051125526429,-0.15222125947475435,-0.1374957099556923,-0.14439309140046439,-0.1445678249001503,-0.13608594238758087,-0.10639484226703644,-0.056199746827284493,-0.011699531693011522,0.018461692379787564,0.0,0.074295391639073685,0.11000536754727364,0.1414729431271553,0.16720005869865418,0.19811157882213593,0.21407601982355118,0.20514072477817535,0.18304424732923508,0.16723065823316574,0.15859983116388321,0.14031168818473816,0.10445351898670197,0.084841255098581314,0.054303921759128571,0.029097830876708031,0.0063162457663565874,-0.013143338728696108,-0.036805580370128155,-0.04943278431892395,-0.057287570089101791,-0.057677740231156349,-0.071869667619466782,-0.073844015598297119,0.0,-0.095329191535711288
-0.15792016799633318,-0.20048933923244477,-0.18758229787151018,-0.15104524418711662,-0.14398831956916386,-0.1622367650270462,-0.18997004415307725,-0.19760600924491883,-0.1799808107316494,-0.17084312811493874,-0.16514242067933083,-0.15627814829349518,-0.13427481800317764,-0.085813234249750778,-0.041521433740854263,-0.0053205192089080811,0.032957491154472031,0.057204539577166237,0.08922884613275528,0.10041056200861931,0.13444737593332926,0.16531035304069519,0.18398787826299667,0.20079188793897629,0.19749714434146881,0.17671517282724381,0.15143147855997086,0.14337074011564255,0.11004379764199257,0.071625905111432076,0.049894211813807487,0.025192217901349068,0.020456735044717789,0.014252564520575106,0.0098997012246400118,-0.00079116737470030785,-0.0080289994366467,-0.010401774663478136,-0.010468747932463884,-0.019924181513488293,-0.041983945916096367,-0.0723775178194046,-0.0842835009098053
-0.18171772981683412,-0.20998200544944176,-0.18599485903978347,-0.15632370114326477,-0.16899862637122473,-0.19729341779436385,-0.21622240791718164,-0.21937093635400137,-0.20677745342254639,-0.18366742134094238,-0.16792579740285873,-0.15291576087474823,-0.11234605809052785,-0.071842711418867111,-0.025592974231888849,0.022878942079842091,0.062757819890975952,0.080185633152723312,0.094059254974126816,0.11123607556025188,0.13572372496128082,0.15644855052232742,0.17753520607948303,0.18921994417905808,0.17662051320075989,0.16363014280796051,0.14025753736495972,0.11259039988120397,0.094844803214073181,0.076272524893283844,0.046184826642274857,0.035226111300289631,0.045719364657998085,0.049665197730064392,0.050193341448903084,0.03750712051987648,0.016023006290197372,0.019954710733145475,0.0,-0.0093073812313377857,0.0,-0.062340421602129936,0.0
-0.18497400943722045,-0.21234678815711627,-0.20554317831993102,-0.19769667983055114,-0.19889459386467934,-0.21792209999901907,-0.23233875632286072,-0.23254010577996573,-0.2171707327167193,-0.18504726886749268,-0.15729965269565582,-0.12834886834025383,-0.0868354191382726,-0.046482358127832413,-0.0099423462525010109,0.029334214515984058,0.06746659055352211,0.0891529992222786,0.10023825243115425,0.1112951822578907,0.12352452178796132,0.15041549503803253,0.16143250465393066,0.16828293353319168,0.15353573858737946,0.14006492992242178,0.11119759455323219,0.097809180617332458,0.091871380805969238,0.086382567882537842,0.077840608855088547,0.067420005798339844,0.082855824381113052,0.075409822165966034,0.044917918741703033,0.056559927761554718,0.039247097447514534,0.035557607188820839,0.018386781448498368,-0.0042830344755202532,-0.032861015759408474,-0.057371646165847778,-0.081397347152233124
-0.19752854108810425,-0.22031816840171814,-0.23426745086908341,-0.24187671579420567,-0.23220750192801157,-0.23194300383329392,-0.23545665442943572,-0.23323439434170723,-0.217426431675752,-0.19296874105930328,-0.14510911454757056,-0.11577827483415604,-0.0747715209921201,-0.035960864275693893,0.0068425125209614635,0.049282325431704521,0.078170932829380035,0.09938826784491539,0.11161663383245468,0.11637935787439346,0.11653699353337288,0.13253710418939591,0.13819040358066559,0.13443101942539215,0.12446832656860352,0.0,0.10691464692354202,0.099856192866961166,0.10207575187087059,0.10091971978545189,0.11537755280733109,0.10284332558512688,0.08350362628698349,0.084322117269039154,0.072762761265039444,0.056066611781716347,0.046494210138916969,0.02338275033980608,0.015452011022716761,0.0,-0.028362910263240337,-0.06276027113199234,-0.0753992348909378
-0.20940204660097758,-0.25855196876959369,-0.29014587944204157,-0.29103657603263855,-0.26041271165013313,-0.23466594091483525,-0.23087294027209282,-0.23193792998790741,-0.22022846589485803,-0.18698415905237198,-0.13409784684578577,-0.10000389069318771,-0.063099143405755356,-0.018685142509639263,0.03406209871172905,0.072709545493125916,0.10037870705127716,0.11776631077130635,0.10825426131486893,0.11091247200965881,0.0961645357310772,0.10857651382684708,0.10329917445778847,0.10831454023718834,0.1031561866402626,0.10301998257637024,0.10500841091076534,0.10562542825937271,0.11470869183540344,0.12034562975168228,0.13289496302604675,0.11619613319635391,0.092872142791748047,0.06518004834651947,0.061690717935562134,0.034038595855236053,0.018118424341082573,0.0,0.0042174183763563633,-0.0081406431272625923,-0.032872427254915237,-0.049721818417310715,-0.05759827047586441
-0.21012320582355773,-0.27913745966824616,-0.32498298585414886,-0.3191953386579241,-0.28423771262168884,-0.25906789302825928,-0.24986964889935084,-0.24335801601409912,-0.22163310647010803,-0.18902779618899027,-0.12894619007905325,-0.0906502939760685,-0.047289678206046425,0.0065519094932824373,0.06308114156126976,0.099517390131950378,0.12188119441270828,0.11880719165007274,0.11792931705713272,0.0824534259736538,0.0,0.078642999132474259,0.091288596391677856,0.095427390187978745,0.098749890923500061,0.10526522621512413,0.10980421304702759,0.11424926295876503,0.10794255137443543,0.1194586455821991,0.11968847364187241,0.098639674484729767,0.070458225905895233,0.044993668794631958,0.034313383512198925,0.01593337394297123,0.00489571678917855,-0.0040752229979261756,-0.0031489382963627577,-0.017650241032242775,-0.0224665068089962,-0.034482580609619617,-0.043903332203626633
-0.20814099801438196,-0.27417738329280505,-0.31495855748653412,-0.31713228672742844,-0.30439380928874016,-0.30058670469692778,-0.29226941615343094,-0.26643846680720645,-0.22541962936520577,-0.18754921108484268,-0.12806776911020279,-0.080681785941123962,-0.016792265387872856,0.038371797651052475,0.096718169748783112,0.12466603145003319,0.13335359841585159,0.11190106347203255,0.079560833672682449,0.039064884185791016,0.055936262011528015,0.058704497292637825,0.086201965808868408,0.10664381459355354,0.0,0.11445030197501183,0.11212459206581116,0.11421285569667816,0.1022263765335083,0.10530919954180718,0.099347528070211411,0.077091645449399948,0.062095046043395996,0.028149346355348825,0.0079951602965593338,-1.5567065929644741E-05,-0.0094213085249066353,-0.024097409099340439,-0.01888830338915189,-0.013276598416268826,-0.015619566664099693,-0.019198503345251083,-0.034889888018369675
-0.199686555990151,-0.26193264397707855,-0.29420465528964995,-0.31544439867138863,-0.32461961252348764,-0.33337734639644623,-0.31611204644044238,-0.28247215350468952,-0.24591482877731324,-0.16997151076793671,-0.1169098112732172,-0.058642877265810966,0.0046260431408882141,0.069476763407389328,0.12985731661319733,0.13561076670885086,0.1237875334918499,0.090249501168727875,0.0452111562093099,0.01517611974850297,0.026975498534739017,0.059880165383219719,0.10637006908655167,0.10961024463176727,0.12903500348329544,0.11323553323745728,0.10792059451341629,0.0,0.091410838067531586,0.088064722716808319,0.073605522513389587,0.049259930849075317,0.033632209524512291,0.00687905796803534,-0.015142212621867657,-0.011327889747917652,-0.025393089279532433,-0.026868537999689579,0.0,-0.012174321338534355,-0.013367382809519768,-0.020030113868415356,-0.034738095477223396
-0.20727150440216063,-0.24717828360470859,-0.27411665916442873,-0.314238004386425,-0.33577249571681023,-0.3443459357534136,-0.3279321312904358,-0.28715067108472186,-0.21351083616415659,-0.13543403521180153,-0.089315727353096008,-0.038247372644642987,0.03890481311827898,0.10574241479237874,0.13301153481006622,0.12648620828986168,0.10443374142050743,0.074713742360472679,0.034506554404894509,0.03273506835103035,0.037300866097211838,0.083992272615432739,0.1078299805521965,0.1283302903175354,0.12628587583700815,0.10883567482233048,0.0,0.078165452927351,0.064367085695266724,0.060934261729319893,0.042439429089426994,0.020498013123869896,0.0068197655491530895,-0.01995296822860837,-0.028710119426250458,-0.033958815038204193,-0.021875148639082909,-0.037751879543066025,-0.0225576376542449,-0.019125211983919144,-0.020482858642935753,-0.044817827641963959,-0.05379009060561657
-0.20588934421539307,-0.23289424639481765,-0.25998963415622711,-0.29845545358128017,-0.32845743993918103,-0.33116944772856577,-0.30606214702129364,-0.25847895741462706,-0.16938946396112442,-0.10058353468775749,-0.057760564610362053,-0.010576845146715641,0.0662950687110424,0.12320924301942189,0.13647053390741348,0.12161776423454285,0.098515070974826813,0.080004271119832993,0.065688623115420341,0.066185136636098221,0.076501663774251938,0.11242885515093803,0.1213342696428299,0.12838718295097351,0.11180862411856651,0.0716601088643074,0.065517034381628036,0.04590165987610817,0.0,0.034356646239757538,0.027421233244240284,-0.00059343426255509257,-0.013233073288574815,-0.024075282737612724,-0.039092663675546646,-0.038584877736866474,-0.038162972778081894,-0.038401911966502666,-0.033405870199203491,0.0,-0.038897113874554634,0.0,-0.067154236137866974
-0.1982786332567533,-0.21859318830750205,-0.23689672019746569,-0.27919495105743408,-0.318088635802269,-0.31057061751683551,-0.27025045752525328,-0.19993641227483749,-0.14268478378653526,-0.080964511632919317,-0.029258229459325474,0.021441813558340073,0.082940921187400818,0.12567314753929773,0.13512812554836273,0.12758246809244156,0.11437417939305306,0.10924213379621506,0.10627765953540802,0.10879350453615189,0.11340311914682388,0.12154103070497513,0.12185028940439224,0.10848643630743027,0.080522466450929642,0.080106258392333984,0.042174357920885086,0.018357189372181892,0.019555965438485146,0.016615217551589012,0.0095581654459238052,0.0011619674041867256,-0.029695013538002968,-0.036432644352316856,-0.047209544107317924,-0.052620617672801018,-0.05751684308052063,-0.060937710106372833,-0.051945086568593979,-0.0353056900203228,-0.056825347244739532,-0.061488237231969833,-0.058143898844718933
-0.19537733282361711,-0.215622370893305,-0.24257231029597196,-0.28669785708189011,-0.30718039614813669,-0.29058605929215747,-0.24727185070514679,-0.19116302728652954,-0.11587383300065994,-0.056335077931483589,-0.0020876387134194374,0.043003170440594353,0.090957246720790863,0.12023027986288071,0.1371278390288353,0.13583916425704956,0.13930732756853104,0.13227343559265137,0.13703648000955582,0.1321887175242106,0.12568438053131104,0.11615476012229919,0.10682357475161552,0.086377661675214767,0.059563469141721725,0.047546133399009705,0.023184740915894508,0.0079692797735333443,0.012289689853787422,0.0089701181277632713,-0.0021114720148034394,-0.011550973169505596,-0.027321837842464447,-0.0420897975564003,-0.051986873149871826,-0.071048513054847717,-0.078545529395341873,-0.088622502982616425,-0.08782336488366127,-0.065553411841392517,0.0,-0.05877184122800827,-0.055951528251171112
-0.20183995366096497,-0.23157268315553664,-0.25614325489316669,-0.28602206707000732,-0.29137222170829774,-0.27566880484422046,-0.24922033896048865,-0.19446373358368874,-0.12414818008740743,-0.0438282893349727,0.02581385150551796,0.063784569501876831,0.087255999445915222,0.11217182129621506,0.13816007971763611,0.14440730214118958,0.14767338335514069,0.14337636530399323,0.14237509667873383,0.13998581469058991,0.12803100049495697,0.0,0.095705896615982056,0.078815314918756485,0.059157710522413254,0.038498025387525558,0.022894515190273523,0.013446507975459099,0.0064698250498622656,0.0056758264545351267,-0.0040542753413319588,-0.012224770849570632,-0.032621637918055058,-0.049118321388959885,-0.06325509212911129,-0.0886167399585247,-0.10783800482749939,-0.11885355412960053,-0.10313902050256729,-0.08665461465716362,-0.058111304417252541,-0.043809328228235245,-0.0342975128442049
