SouthSea_Web/demo/jsonfile/2017-12-14-21.json
{"header": {"parameterUnit":"m.s-1","parameterNumber":3,"dx":0.1,"dy":0.1,"parameterNumberName":"Northward current","la1":29.0,"la2":12.0,"parameterCategory":2,"lo2":131.0,"nx":250,"ny":171,"refTime":"2017-12-14T21:00:00","lo1":106.0}, "data":
[rows 57 to 75 of 171, columns 172 to 214 of 250]
-0.10524354449340276,-0.11148209404200316,-0.11615919368341565,-0.11551672858851296,-0.15453418286947104,-0.19622533555541719,-0.19562344625592232,-0.16372622922062874,-0.13089153046409288,-0.11704875635249275,-0.11578381061553955,-0.10977573879063129,-0.10349963419139385,-0.09252268448472023,-0.079717171688874558,-0.071168582886457443,-0.056025716165701546,-0.021471231244504452,0.030165554024279118,0.077993538230657578,0.11893554031848908,0.1576303094625473,0.17406276613473892,0.17539636790752411,0.16463597615559897,0.16529508680105209,0.1798470119635264,0.188895712296168,0.19736623764038086,0.19366920739412308,0.17160257200400034,0.12707382440567017,0.11475935950875282,0.093219240506490067,0.075261704623699188,0.037006133235991,0.010273085907101631,-0.036509054712951183,-0.065346701070666313,-0.10850125923752785,-0.13851958513259888,-0.13853679597377777,-0.16411413252353668
-0.084232774962271967,-0.0957850028689091,-0.10905757014240537,-0.1210622222473224,-0.15602267705477202,-0.19532079249620438,-0.21548773348331451,-0.2024584487080574,-0.16459068407615027,-0.13718353424753463,-0.13185308128595352,-0.12346188351511955,-0.10945934802293778,-0.087403520941734314,-0.071411954859892532,-0.055180467665195465,-0.036394305527210236,-0.0074864719063043594,0.045245947316288948,0.09139600396156311,0.12181493391593297,0.14270830154418945,0.14849424362182617,0.15091880410909653,0.14122194796800613,0.1467904249827067,0.15880077332258225,0.18780103822549185,0.20441135764122009,0.20826880633831024,0.17164331674575806,0.13169888406991959,0.11289554834365845,0.09989573061466217,0.082250609993934631,0.044526233027378716,0.00073501017565528548,-0.049608439207077026,-0.07779422650734584,-0.12086929380893707,-0.14611306041479111,-0.16578336805105209,-0.17987819015979767
-0.081317711334962114,-0.11919721375618662,-0.13137148693203926,-0.14167546480894089,-0.16697040064768356,-0.20618296973407269,-0.23620581792460549,-0.22716930721487319,-0.18122612871229649,-0.15666533261537552,-0.1437109112739563,-0.12626817263662815,-0.10178439070781072,-0.091668862849473953,-0.095156438648700714,-0.064615094413359955,-0.042947262525558472,-0.02603610170384248,0.03553983848541975,0.075909476727247238,0.088710382580757141,0.11399802193045616,0.12581376358866692,0.1261075921356678,0.12599166110157967,0.12793176621198654,0.151239275932312,0.17497403174638748,0.20451366404692331,0.20012167096138,0.17305187880992889,0.13671617706616721,0.11556155979633331,0.098797623068094254,0.07176101952791214,0.034121210686862469,-0.010684835258871317,-0.052750289440155029,-0.085707008838653564,-0.12419383600354195,-0.15454729646444321,-0.18224586546421051,-0.2091563493013382
-0.10766859787205856,-0.14444246568850108,-0.15118257204691568,-0.1608136830230554,-0.18976439163088799,-0.22446130029857159,-0.24991075197855631,-0.23364980731691634,-0.20457924157381058,-0.18553271889686585,-0.15737619698047639,-0.13102704783280691,-0.11512438207864761,-0.12319398671388626,-0.12219250202178955,-0.096470730379223824,-0.070389753207564354,-0.038071606308221817,0.0072053186595439911,0.037090697325766087,0.056274870410561562,0.0846731166044871,0.1026596004764239,0.11126095056533814,0.1162309671441714,0.12100640684366226,0.13498890399932861,0.15600787103176117,0.19253582755724588,0.19228127598762512,0.16436091810464859,0.14469388872385025,0.1174442283809185,0.10514625906944275,0.047369502484798431,0.016339731984771788,-0.027274671010673046,-0.062452225014567375,-0.091981247067451477,-0.12439505755901337,-0.14838008582592011,-0.17056591808795929,-0.20414245873689652
-0.12065962415475112,-0.16354755684733391,-0.17884284555912017,-0.18008106540549884,-0.1992039442062378,-0.22563332132995129,-0.24169633856841497,-0.23320672102272511,-0.22266428172588348,-0.19305146237214407,-0.16799817606806755,-0.14873774846394858,-0.14495108276605606,-0.16597064584493637,-0.152287224928538,-0.12044036388397217,-0.0755436085164547,-0.053092863410711288,-0.015192562714219093,0.023817266027132671,0.057972991839051247,0.06034492701292038,0.075118463486433029,0.090469669550657272,0.10426980257034302,0.11804656684398651,0.14086205760637918,0.18125361949205399,0.19429324567317963,0.1919079472621282,0.17640107870101929,0.15477213263511658,0.10488114506006241,0.087219279259443283,0.046856983564794064,0.013631234876811504,-0.036734405905008316,-0.056253388524055481,-0.087674759328365326,-0.10755175352096558,-0.13037374243140221,-0.13919062912464142,-0.18766313791275024
-0.086070606795450047,-0.1565717997459265,-0.18455200725131565,-0.18745364435017109,-0.19989570027047937,-0.21925815753638744,-0.2205746298034986,-0.23168430328369141,-0.23486387729644775,-0.20644397139549256,-0.18466834227244058,-0.17673506587743759,-0.18537737429141998,-0.19567171484231949,-0.1791949619849523,-0.12592617049813271,-0.08529156818985939,0.0,-0.024383415778477985,0.011126121040433645,0.036044667474925518,0.044536396861076355,0.062678415328264236,0.079916100949049,0.098608307540416718,0.11652552336454392,0.14372745901346207,0.17631126195192337,0.19067717343568802,0.18598597496747971,0.17526493221521378,0.14861126244068146,0.10813872143626213,0.072812389582395554,0.032345948275178671,0.00060965865850448608,-0.027266871184110641,-0.0491715706884861,-0.062571238726377487,-0.0828058049082756,-0.090436480939388275,0.0,-0.13690591603517532
-0.058441183887995206,-0.13035083040595055,-0.16527620454629263,-0.176891116425395,-0.19037768079174888,-0.2058073388678687,-0.21920137320246017,-0.24908829927444459,-0.25192388147115707,-0.23535537719726563,-0.21830573305487633,-0.2310778796672821,-0.22550460696220398,-0.22846890489260355,-0.19354286789894104,-0.15191595256328583,-0.098856819172700242,-0.057105738669633865,0.00016406680515501648,-0.011045713908970356,0.020427386586864788,0.039733927696943283,0.045888984575867653,0.059374341741204262,0.079161025583744049,0.10512316226959229,0.13345962762832642,0.16316220164299011,0.169907808303833,0.16281672567129135,0.15394590795040131,0.12820114567875862,0.0994393602013588,0.069030681625008583,0.045664025470614433,0.01924609940033406,-0.0031610926380380988,-0.024457350373268127,-0.029467574320733547,-0.04220382496714592,-0.054818825175364815,-0.088801614940166473,-0.10889033228158951
-0.062714293909569577,-0.12672605709387705,-0.1598968267440796,-0.1711635783314705,-0.19972085952758789,-0.21666003337928227,-0.22867173453172049,-0.25534810870885849,-0.26463844627141953,-0.25260604172945023,-0.25986820459365845,-0.26636996865272522,-0.25812657674153644,-0.24264685064554215,-0.19641619920730591,-0.14104747027158737,-0.087641574442386627,-0.038569284602999687,-0.0064843058644328266,0.00991233748694261,0.012010416947305203,0.025085744448006153,0.034932788461446762,0.049309603869915009,0.075792070478200912,0.10165323317050934,0.10717809572815895,0.11943191041549046,0.13553673774003983,0.14106914401054382,0.14230354875326157,0.12559926137328148,0.11804657801985741,0.099221892654895782,0.08660019189119339,0.044197604060173035,0.023527629673480988,0.0010887086391448975,0.0,-0.018081378657370806,0.0,-0.0675046518445015,0.0
-0.055654906268630712,-0.13203375176949936,-0.1738583728671074,-0.19404464811086655,-0.22086988016963005,-0.23012830104146684,-0.22598469505707422,-0.24482826143503189,-0.27203040321667987,-0.28734251856803894,-0.30270034819841385,-0.29464609920978546,-0.26466340323289234,-0.22328106313943863,-0.18372966349124908,-0.135738555341959,-0.07409944012761116,-0.029411276802420616,-0.0032734565174905583,0.0040805594908306375,-0.00077691503490010894,0.01122215879149735,0.020025550853461027,0.031425334513187408,0.042317058891057968,0.068488618979851409,0.0855494998395443,0.086443610489368439,0.092795990407466888,0.12231237441301346,0.14048296709855399,0.13543441891670227,0.15337073802947998,0.12490174174308777,0.071717649698257446,0.073032479733228683,0.031851398758590221,0.035759057849645615,0.010064522502943873,0.0059615062782540917,-0.027837293222546577,-0.04766441322863102,-0.091290466487407684
-0.052522176610572,-0.12958025249342123,-0.1790998473763466,-0.22177977301180363,-0.2532235098381837,-0.23273408909638724,-0.22196653485298157,-0.2470855712890625,-0.29256876806418103,-0.31891267498334247,-0.33144083619117737,-0.31066529452800751,-0.26043727993965149,-0.22449494898319244,-0.1706787496805191,-0.11272772774100304,-0.059450011700391769,-0.0199621319770813,0.00578264007344842,-0.0064437857363373041,-0.010880594607442617,-0.0010590976744424552,0.0029542280826717615,0.0049415104634438949,0.023539831551412742,0.0,0.0434885798022151,0.057459748039642967,0.077263187617063522,0.11857187002897263,0.14791712164878845,0.16693104803562164,0.15542870759963989,0.16244177520275116,0.12091393768787384,0.10242648422718048,0.064112730324268341,0.053103873506188393,0.032159330323338509,0.0,-0.00687059156189207,-0.042156197130680084,-0.057104963809251785
-0.044905202214916548,-0.12694718417796222,-0.20558132908561014,-0.27158119715750217,-0.28643212839961052,-0.24298150198800222,-0.22753701731562614,-0.26103640794754029,-0.31663765013217926,-0.34604017436504364,-0.34284100929896039,-0.31248094141483307,-0.25329427421092987,-0.20694570243358612,-0.14575432986021042,-0.088628686964511871,-0.041811898350715637,-0.0045517307395736379,0.0033847829326987267,-0.0011236004502279684,-0.001563067315146327,-0.011412685504183173,-0.038271968252956867,-0.027939125895500183,-0.028037531301379204,-0.00431681505870074,0.024993339863916237,0.044061515480279922,0.0712275505065918,0.11146297678351402,0.15457770228385925,0.18607032299041748,0.19073120256265005,0.17760875821113586,0.14764637500047684,0.09259757399559021,0.067899793386459351,0.0,0.042308306321501732,0.021697744727134705,0.0059883670182898641,-0.013823235407471657,-0.030628383159637451
-0.038779305826340406,-0.10984570600769737,-0.22477018088102341,-0.3108332795756204,-0.32180432975292206,-0.28208866289683748,-0.28145674935409,-0.32320053378740948,-0.34186543226242067,-0.362422913312912,-0.33631743987401325,-0.2924027293920517,-0.23932439088821411,-0.19131801277399063,-0.12581346556544304,-0.073871394619345665,-0.030598104931414127,0.0099747591496755685,0.0081125833094120026,0.019525182899087667,0.0,-0.035076104725400604,-0.055695001035928726,-0.06592109426856041,-0.049135392531752586,-0.017919669859111309,0.016699505969882011,0.059407059103250504,0.082566715776920319,0.10864930599927902,0.16474710404872894,0.18309363722801209,0.18554536998271942,0.16156798601150513,0.13790193200111389,0.096455749124288559,0.072998922318220139,0.054566251114010811,0.04202033206820488,0.029691778123378754,0.023844262585043907,0.014703401830047369,0.0034583252854645252
-0.052387742059571404,-0.1173196170817722,-0.23327198028564453,-0.33293417096138,-0.36437530815601349,-0.34953991004398893,-0.35306137055158615,-0.362234170238177,-0.36662504822015762,-0.36526660621166229,-0.31778828303019208,-0.27351458370685577,-0.21913201610247293,-0.1693398728966713,-0.11286520212888718,-0.060740005224943161,-0.012623386923223734,0.02627900242805481,0.044410999864339828,0.022502074018120766,-0.0047592022456228733,-0.051700705662369728,-0.084264273444811508,-0.084714941680431366,0.0,-0.039590157568454742,0.017653898025552433,0.05403488501906395,0.074948377907276154,0.11235123500227928,0.12915202975273132,0.15662352740764618,0.17861334979534149,0.16393774747848511,0.13571519777178764,0.11364110559225082,0.072485990822315216,0.05599990114569664,0.041401283194621406,0.033857151865959167,0.039372939616441727,0.033331103622913361,0.025902248919010162
-0.056297573926193376,-0.1465650194070556,-0.24769411385059356,-0.34137851744890213,-0.38519740104675293,-0.38470810651779175,-0.37946055332819623,-0.37614730993906659,-0.37401682138442993,-0.34261127312978107,-0.29731953889131546,-0.25382892042398453,-0.21129552274942398,-0.16403938829898834,-0.097322836518287659,-0.04120288509875536,0.012884713243693113,0.0458611436188221,0.051517588396867119,-0.0059305971954017878,-0.032836104743182659,-0.079347595572471619,-0.0943477600812912,-0.093353956937789917,-0.042376754495004811,-0.0014076393563300371,0.026100334711372852,0.0,0.073728997260332108,0.092147808521986008,0.1256147213280201,0.13656255602836609,0.15090960264205933,0.14988979697227478,0.12034472450613976,0.098134681582450867,0.071845596035321549,0.046441143378615379,0.0,0.049318542703986168,0.039424870163202286,0.049431543797254562,0.038297183811664581
-0.061548409238457683,-0.15963978117162531,-0.2523486390709877,-0.33817262947559357,-0.37993234395980835,-0.37653794033186777,-0.36834987998008728,-0.36579215526580811,-0.35552092393239337,-0.31782959401607513,-0.27975216507911682,-0.24379167457421622,-0.19915140420198441,-0.15640894571940103,-0.092006001621484756,-0.019101298414170742,0.028093280270695686,0.042988024652004242,0.026694990694522858,-0.0269954027608037,-0.05903998389840126,-0.083452668040990829,-0.082416661083698273,-0.075097125023603439,-0.011747320493062338,0.027779265306890011,0.0,0.050955556333065033,0.0617754552513361,0.082537643611431122,0.10790215060114861,0.10878858715295792,0.132150337100029,0.13140923157334328,0.11014031991362572,0.090182743966579437,0.06781584769487381,0.035078402608633041,0.0478462278842926,0.065368428826332092,0.06233733706176281,0.064506314694881439,0.049524037167429924
-0.06781467143446207,-0.16174760632790053,-0.24899065122008324,-0.31361797120836044,-0.34762386480967206,-0.33731692177908762,-0.33444316685199738,-0.33303952217102051,-0.328686848282814,-0.30074959993362427,-0.26899367570877075,-0.24277180060744286,-0.20166328549385071,-0.15341862042744955,-0.0732248593121767,-0.012500828597694635,0.020447009243071079,0.031825478188693523,0.022074351087212563,-0.008632056027029952,-0.054038187488913536,-0.0530906617641449,-0.073815338313579559,-0.039876243099570274,0.0074802455783355981,0.053666163235902786,0.049692614624897637,0.036345819011330605,0.0,0.037651397287845612,0.069864023476839066,0.10258200019598007,0.11969250440597534,0.1334979236125946,0.10773411393165588,0.09415343776345253,0.073976743966341019,0.055664995685219765,0.047924257814884186,0.0,0.075107581913471222,0.0,0.051925845444202423
-0.079383376364906624,-0.15210077572952618,-0.21730497148301867,-0.27379601821303368,-0.30391043722629546,-0.29224451382954914,-0.28912512660026551,-0.29461859911680222,-0.30521900951862335,-0.2956668257713318,-0.27643613020579022,-0.24248517553011575,-0.21150030940771103,-0.14534955223401389,-0.060317432507872581,-0.0067309648729860783,0.019816799554973841,0.041471362113952637,0.040678292512893677,0.020277330030997593,-0.016296576010063291,-9.8276417702436447E-05,-0.02695927582681179,0.0024659654009155929,0.027039925567805767,0.036046691238880157,0.045181609690189362,0.023495216853916645,0.015302644111216068,0.038010820746421814,0.065228670835495,0.090083453804254532,0.110633485019207,0.12614721432328224,0.12965552508831024,0.11548382788896561,0.074702531099319458,0.074656262993812561,0.064756494015455246,0.081002295017242432,0.078189361840486526,0.0684678815305233,0.059209275990724564
-0.066229140385985374,-0.13414547863331708,-0.19350751557133414,-0.24548547342419624,-0.26278824039867948,-0.261085107922554,-0.26612825691699982,-0.27724081873893736,-0.29323760271072385,-0.29227134585380554,-0.27917039394378662,-0.25210332373778027,-0.20689354091882706,-0.12215712666511536,-0.04720277339220047,0.0037854562979191542,0.046092290431261063,0.05767575278878212,0.071105107665061951,0.0486084409058094,0.029287588782608509,0.034599428996443748,0.016735735349357128,0.02532682940363884,0.0273861950263381,0.037048145197331905,0.030347827821969986,0.019991427659988403,0.018788635730743408,0.037571565248072147,0.08718210831284523,0.11373788863420486,0.13158252090215683,0.13363537192344666,0.14213144779205322,0.13014677166938782,0.091302730143070221,0.058701422065496445,0.0571418683975935,0.078155472874641418,0.0,0.072350561618804932,0.056404817849397659
-0.05125034177167849,-0.12363238260149956,-0.18133330345153809,-0.22344515658915043,-0.24312174022197725,-0.25470981001853943,-0.26985867818196613,-0.28659627586603165,-0.30054927865664166,-0.299147496620814,-0.27786366641521454,-0.24215249717235565,-0.17488335818052292,-0.095060728490352631,-0.029783551581203938,0.019989196211099625,0.075057238340377808,0.083178464323282242,0.0789521262049675,0.060890138149261475,0.041436202824115753,0.0,0.034057511016726494,0.029330828227102756,0.037359688431024551,0.032725216820836067,0.035045234486460686,0.022383218631148338,0.034656748175621033,0.072362102568149567,0.071812376379966736,0.12468258664011955,0.15206191688776016,0.16286905109882355,0.15473387390375137,0.13204396516084671,0.099122986197471619,0.05631532147526741,0.043200738728046417,0.056503759697079659,0.076528508216142654,0.095628790557384491,0.074748270213603973
