SouthSea_Web/demo/jsonfile/2017-12-14-06.json
{"header": {"parameterUnit":"m.s-1","parameterNumber":3,"dx":0.1,"dy":0.1,"parameterNumberName":"Northward current","la1":29.0,"la2":12.0,"parameterCategory":2,"lo2":131.0,"nx":250,"ny":171,"refTime":"2017-12-14T06:00:00","lo1":106.0}, "data":
[rows 76 to 94 of 171, columns 129 to 171 of 250]
0.23088431358337402,0.24565809752259935,0.29656044925962177,0.33494458028248381,0.34518649748393465,0.31651388605435687,0.27966243922710421,0.27031371423176359,0.27412920296192167,0.29734643921256065,0.30816032886505129,0.30177921429276466,0.30476739108562467,0.28227826207876205,0.22818671805518015,0.13218292977441759,-0.0010830268055494678,-0.11455113952979446,-0.082495800064255789,0.045630999935132546,0.1725571364758825,0.34990511061968627,0.52294704097288625,0.51367483792766444,0.52874005987094,0.53207415023020332,0.3735473778631006,0.16679452628725106,0.12529624061925071,0.24267337471246719,0.30599326143662137,0.37251728902692383,0.40830978073857049,0.35964408218860627,0.30096690803766252,0.26148422641886604,0.23949718825957356,0.16571023040696195,0.12166756838560104,0.0803598637747414,-0.026319016906199977,-0.095439017517492175,-0.14487653119223459
0.26299135174070087,0.263549517840147,0.294459064801534,0.31915181279182436,0.30989862978458405,0.29581640164057416,0.27597818896174431,0.24554131738841534,0.24733551032841206,0.27498442265722489,0.28948258360226947,0.29618609282705521,0.28248422741889956,0.20369459344790533,0.13371726125478745,0.039857955985806055,-0.046175582064805848,0.009033595134193698,0.19722118330272762,0.47919521480798721,0.62098335723082221,0.59664056256965359,0.48948322534561156,0.46626993815104167,0.42923649152119953,0.33191992673608994,0.27177424462778227,0.072950481582665816,0.076737667845682825,0.25305256633846845,0.39444903603621889,0.44550364136695864,0.43329967185854912,0.37653575837612152,0.290401938415709,0.23898728026284111,0.22409235019432872,0.163138788412599,0.11416212189942598,0.051146638786627188,-0.0020449342827002209,-0.0768867198910032,-0.13582411408424377
0.24886785234723771,0.23777775466442108,0.27081667525427683,0.28988581044333322,0.28619443376859027,0.30856033166249591,0.29863732680678368,0.24426877924374171,0.23468998500279018,0.27987588569521904,0.27683108672499657,0.25486692637205122,0.2297554479704963,0.16437043497959772,0.072956099533117741,-0.022583270372706465,-0.0081666268901351615,0.22310560670765964,0.4619213342666626,0.64544685528828549,0.712324230670929,0.56798127417763078,0.44010484218597412,0.46506242318586871,0.36214341044425963,0.16436487116983958,0.11027190158212627,-0.053230988248417689,0.029084166442906415,0.31876146105619579,0.57013566472700661,0.52902985811233516,0.46456795434157055,0.385572483142217,0.2713252951701482,0.2070572248526982,0.18051403947174549,0.11986081106098075,0.056961850845254958,0.02301614235757905,0.0011442302972735727,-0.097470319597050548,-0.13453886285424233
0.22969452738761903,0.22684074938297272,0.26375342719256878,0.29351890087127686,0.31333936254183453,0.34145750477910042,0.32764087120691937,0.26655394211411476,0.24910143949091435,0.28109118938446043,0.25817631185054779,0.18839401432446071,0.13700070480505625,0.11572198507686456,0.042582596496989332,-0.0062634023061643044,0.10513692791573703,0.37598109543323516,0.54352517033878123,0.59749980594800867,0.63144545328049428,0.52514947525092537,0.44057967685736144,0.52565225958824158,0.32069466173648836,0.091204655356705189,-0.07314755185715123,-0.2383587601883658,-0.052720146249949688,0.35498466789722444,0.6550548519407,0.60339515990224379,0.479666827917099,0.37929718017578123,0.23319952254709991,0.14478335139297305,0.10992406718432904,0.043544703884981571,0.0066243191739838378,0.018778699313235635,-0.010839200469062608,-0.10233555547893047,-0.157443995986666
0.20583340227603914,0.23192715893189111,0.29413606723149616,0.34622220056397573,0.38765231200626921,0.38779902032443453,0.35369595289230349,0.28820315003395081,0.24233118551118033,0.22572997425283706,0.19657422602176666,0.1098597601056099,0.033417600626125935,0.037877172650769356,0.072156581454552143,0.1018540566166242,0.20850994260538192,0.42601564351250143,0.56022418439388277,0.60090069066394458,0.60876994848251342,0.54259305074810982,0.505683034658432,0.6340340281787672,0.39383714539664133,0.11903944999600451,-0.05736111490706982,-0.27108107805252074,-0.10226339074399542,0.39289327033541421,0.68235634035534332,0.60382456084092462,0.44827715716054362,0.323244432950842,0.18759203851222991,0.10045690445796303,0.056821839460595089,0.0031159386038449488,-0.03037319956895183,-0.031037892680615187,-0.0050379410347280405,-0.09784388355910778,-0.14952465253216879
0.213140320032835,0.24814046174287796,0.33658191189169884,0.41327737910406931,0.43406171600023907,0.42290148564747404,0.36961168547471362,0.29416559636592865,0.23413918415705362,0.17705430388450621,0.12006508452551705,0.048288505524396896,-0.0078497790731489655,0.019179877592250705,0.10189851094037294,0.12796598970890044,0.19082522764801979,0.37912893579119727,0.49412671625614168,0.50134274736046791,0.55617717901865638,0.56841095040241874,0.62278685880743934,0.73629237072808407,0.49716526716947557,0.21124342304688912,0.020976271301221389,-0.22321950341574848,-0.1340238634889829,0.33227759441834387,0.79820010947509545,0.61955356881732038,0.39623523284407225,0.27312371443057881,0.17609111845493317,0.095869479870254348,0.0364797018195057,-0.025214377860538661,-0.063529332892762289,-0.071751709370052111,-0.034053607727400959,-0.1059298717549869,-0.13322940158347288
0.2905641496181488,0.32721028725306195,0.41260934538311428,0.47544079025586444,0.46294371570859638,0.42987963060537976,0.37333930656313896,0.30776832501093548,0.22811512223311833,0.16086262464523315,0.088746754452586174,0.0041667020879685877,-0.013205127945790688,0.040878902674497418,0.10235365604360898,0.095894442871212959,0.17272507399320602,0.33490847547849018,0.39035599371966195,0.43123822978564669,0.54089156595560217,0.60875366045081092,0.65953137636184689,0.78846699517706165,0.61591131240129471,0.26355552157530415,0.045309409249706993,-0.049458621507228323,0.060233492778577639,0.087548337886397987,0.6442794765722244,0.53020570760077623,0.35489308578627449,0.24912185768286388,0.16859301069268473,0.088419457181141928,0.051422890120496355,-0.029165222984738649,-0.096188248800379891,-0.11703962244485554,-0.092905573766021168,-0.13779558012118706,-0.15154867122570673
0.40062155202031136,0.44091024994850159,0.4989244242509206,0.5257492562135061,0.49723869136401583,0.44665522376696271,0.37945645302534103,0.29058297617094858,0.21542463451623917,0.13118075486272574,0.055819818439582981,-0.0053925080380092067,-0.023825305824478466,0.018857441376894712,0.05905079717437426,0.11455720228453477,0.22028590853397662,0.31681641585686626,0.32036327984597945,0.38816153719311669,0.50073090454806457,0.59574277947346366,0.67301857912981955,0.76145835085348645,0.62708505446260621,0.38737509626409283,0.22325048569057668,0.26799808851172846,0.45291505613416994,0.094767713291424041,0.10972204486594125,0.4099228106763052,0.36491721868515015,0.25512619828805327,0.16423617303371429,0.083364683444853177,0.08444722706363314,-0.010297799495068224,-0.1063507677693116,-0.13377453486124674,-0.12270953406890234,-0.17523142397403718,-0.18307463576396307
0.4482030655656542,0.47276058793067932,0.510787833482027,0.52756704390048981,0.48674714068571728,0.41559814661741257,0.32875775794188183,0.24101706345876059,0.15798138678073884,0.089471878856420523,0.024124990527828533,-0.00045088003389537334,-0.000483078823890537,0.029230461145440739,0.023444828391075135,0.071694545617157768,0.15467529048522313,0.18634553601344425,0.2471556469798088,0.41433096528053281,0.49459868355801229,0.50441169874234637,0.57209999203681949,0.63514757844117975,0.59282450114979468,0.41045559265396814,0.29999652983886854,0.28668247952180748,0.30207216800475606,0.16377864760378824,0.0719338904281019,0.2706522226751763,0.46149808514949886,0.29023606899906607,0.17951948894187808,0.083106213177625954,0.087692077393117157,0.024686527343212882,-0.093347484804689879,-0.12703450893362364,-0.147727663628757,-0.19153168338995713,-0.20148267935622821
0.42699502195630756,0.44393824679510935,0.47731584807236987,0.484111670936857,0.43610164523124695,0.34760717054208118,0.27843279143174487,0.20705557242035866,0.15446207299828529,0.090197211752335235,0.033104113303124905,0.011543044936843216,0.021490085776895283,0.034320824313908815,0.00063732480630278592,-0.00023644186439923941,0.078741257163611328,0.13553318782494619,0.27919353544712067,0.48611096399171011,0.51382132687351922,0.43581557544794952,0.48202208236411764,0.48998079061508176,0.48764725360605454,0.41801233245776248,0.31369918744478908,0.19881539182229477,0.15520651940078961,0.1084779762107158,0.037561879738780626,0.1209246816438143,0.44054409092472446,0.25280566513538361,0.14022694453597068,0.10562118759443021,0.087105588366587952,0.051095332484692335,-0.05985786160454154,-0.09783261248634921,-0.13750145671998754,-0.19098000113780683,-0.20341549136421896
0.39652721796716961,0.42589059472084045,0.45468301858220783,0.45925981998443605,0.39750283105032785,0.33352055294173105,0.29222765564918518,0.23266022120203292,0.17840034365653992,0.11112432430187862,0.038318219905098282,0.013859682623296976,0.018943215534090996,0.026498383609578013,-0.039168277522549033,-0.063121326267719269,0.061912883832216416,0.1722466153177348,0.28409394522507986,0.4685870177216,0.57590964287519453,0.44380265863045404,0.4269852236561153,0.42060227109038312,0.40357999379436177,0.37598351998762652,0.36806127429008484,0.35796990431845188,0.1291590896047031,0.09875074071143379,0.28009793483729784,-0.15239262235391995,0.29692717683765124,0.20389016375348373,0.10323544358834624,0.09142486511596612,0.077060307376086712,0.056500729004090484,0.027163724217098208,-0.038412463755401617,-0.10699609986373357,-0.15450658152500787,-0.17902938615192066
0.41863423585891724,0.43513894081115723,0.4409918338060379,0.4215729704924992,0.38297899067401886,0.35802023112773895,0.34487845301628112,0.28648157119750978,0.21553411654063634,0.1420006424188614,0.071461407095193857,0.02808772921562195,0.021704331661264103,0.00039044308941811324,-0.10311788134276867,-0.14954902678728105,-0.066976141051522317,0.13150384124707093,0.24466733847345626,0.38029166354852562,0.61547081811087467,0.48097638015089361,0.39373469482297485,0.38395014405250549,0.39596214890480042,0.40505872964859008,0.408590725783644,0.44449317269027233,0.27948643954511249,0.02281500190669665,0.12923931481876994,0.013586527902243918,0.19498900687971779,0.18227081858750546,0.1400239589313666,0.12522116188819593,0.10012161699326141,0.081702092573756269,0.0872770692957075,0.034147639264119789,-0.04942460326856235,-0.091211217588612017,-0.12752329226997164
0.46389868855476379,0.44940034548441571,0.42439508438110352,0.38854491284915377,0.36770759820938109,0.37398810187975567,0.37621786338942392,0.30905205607414243,0.22251108884811402,0.14138186164200306,0.059473604429513216,0.031992161646485329,0.034628186374902725,0.015853674896061421,-0.062585365492850542,-0.19563275948166847,-0.15665903439124426,0.042064984639485679,0.19489292587552751,0.3024483997570841,0.51143970301276764,0.51736805470366232,0.41896756649017336,0.32459039037877863,0.31289904402649921,0.34691636429892647,0.42361950432812728,0.45721138487843904,0.4698584623634815,0.28427873692727823,0.077747963353107546,0.12781368907954957,0.19025762081146241,0.22144126453820398,0.21445803184594428,0.16445414666776304,0.1286427229642868,0.11655090820221674,0.1016555048880123,0.046961606754099619,-0.010001770102202759,-0.052077462151646617,-0.091121316576997444
0.48390414885112215,0.445746386051178,0.4081543445587158,0.38577335576216382,0.36520789066950482,0.38065644502639773,0.37112154960632326,0.30961905419826508,0.19958239793777466,0.10815088748931885,0.044462080299854281,0.029145503044128419,0.051131024956703186,0.033614903998871647,-0.037927737925201654,-0.14995232596993446,-0.16491686925292015,0.014775194413959979,0.14067273357739815,0.20519000730093787,0.33768113950888318,0.496182404066387,0.47129704002980832,0.35425330374551856,0.2667084563346136,0.24983755126595497,0.33931291848421097,0.44806717549051556,0.48657199901503484,0.44751436937422978,0.27751172391267925,0.15572718199756411,0.24542339507377509,0.29335000971332192,0.27509127557277679,0.2330671570919178,0.17884503508155997,0.16553085261867159,0.13649829516285345,0.068990493658930063,-0.0034471192237106154,-0.0635093655437231,-0.0838157751343467
0.48484073579311371,0.43832574486732484,0.41452552874883014,0.41012710332870483,0.375458163022995,0.36235746145248415,0.35191626350084942,0.26952420175075531,0.183671273291111,0.081484893957773849,0.035085956566035748,0.037833905468384423,0.045193703224261604,0.012302538193762303,-0.02652316028252244,-0.078738553449511528,-0.056726725026965144,0.054462337121367457,0.13558708450623921,0.16174425622996161,0.18302167914807796,0.36860102228820324,0.40073227767760938,0.32297482132911681,0.28593094292141141,0.22025882825255394,0.20665346086025238,0.37963700705561143,0.48075541655222576,0.47718824796816883,0.34671271767686396,0.22931224387139082,0.28581123438573652,0.38136435725859236,0.34405709902445475,0.29218218172038041,0.24274078011512756,0.21533624331156412,0.18607086837291717,0.11323016858659685,0.036054758205344636,-0.026482224070395414,-0.0647705866334339
0.45164460688829422,0.41215133241244722,0.41325888534386951,0.40372640391190845,0.35922606786092121,0.326662798722585,0.29816187024116514,0.21910148113965988,0.12097632139921188,0.0455648402372996,0.036747375503182411,0.042384696503480278,0.027095296420156956,0.0084277204150566831,0.027551824925467372,0.088292814046144488,0.12332818967600663,0.11736948622597589,0.10679127104007281,0.13501529826929695,0.084719895229985312,0.13525311384815722,0.2946254727633103,0.30604946364959079,0.32917849553955925,0.35707488854726155,0.20781084944804509,0.25170610947855587,0.37620994001626967,0.37638461047952826,0.36758943881307332,0.33774464763700962,0.34604151733219624,0.49493844368878531,0.40618409812450407,0.32347653865814208,0.28149892389774323,0.24089709195223721,0.20944868577154061,0.13779312496383986,0.069774848408997059,0.018160199094563723,-0.042659414932131767
0.39099906086921693,0.37645638982454938,0.38953284919261932,0.36549243927001951,0.330831503868103,0.28038062900304794,0.21700685222943625,0.16508132219314575,0.086728209629654884,0.0341946966946125,0.016895967070013285,0.032253553625196218,0.028604581486433744,0.055369307054206729,0.17150660852591196,0.35154437422752383,0.33879559569888645,0.1913227467582776,0.096018352491014147,0.14674292191078789,0.11998392431996763,0.00024413394902904445,0.1672382566181046,0.29796090138995129,0.473317867765824,0.59004741134466954,0.49674041249922346,0.39164032554253936,0.3273969564367743,0.25963770116076751,0.35543283017782062,0.4034981534287736,0.40598850531710517,0.41309305256412876,0.41365608672300974,0.39971847406455446,0.340775728225708,0.26070192881992887,0.20305686337607248,0.14050817696584594,0.0678974320491155,0.019050723011605441,-0.029236506774193712
0.35477292537689209,0.36219115257263185,0.37240113317966461,0.36145423352718353,0.31022271513938904,0.2478550523519516,0.17182771861553192,0.12399599701166153,0.083467589691281319,0.044855904299765825,0.027636033793290455,0.03789856508374214,0.076372327903906509,0.15355966240167618,0.40563177069028217,0.559583788116773,0.51732925935225049,0.28583570676190512,0.12963073569185593,0.20546086728572846,0.22288857332684778,0.023638410648951929,-0.026729557942599059,0.1475791115872562,0.4519508988768966,0.77659165859222412,0.88058220744133,0.76062062382698059,0.63313470567975727,0.23651292733848095,0.24824801325163942,0.43021105876508747,0.450137807967815,0.39595737829804423,0.38474274706095457,0.38843482732772827,0.33253584195066382,0.24626819789409638,0.18773607909679413,0.12282922118902206,0.06625977770558425,0.02934388630092144,-0.0087586288922466334
0.36787119507789612,0.373593345284462,0.37526138126850128,0.37043276429176331,0.31707397600015,0.2268325462937355,0.16801012754440309,0.13903393348058066,0.11025653406977654,0.065351009368896484,0.05456925556063652,0.09732561931014061,0.14272632263600826,0.25213108584284782,0.48242846131324768,0.69817782938480377,0.57165537097237329,0.30977603334646958,0.13824245966970922,0.19774978057197903,0.23925285206900704,0.056556312832981348,-0.086289489895782681,0.02583850288647227,0.2577076944853029,0.64658750944277821,1.036608532496861,0.87231523765100016,0.742146773918255,0.44031812180764973,0.028848068949945987,0.47121649169518304,0.48125663656612921,0.38589681371262197,0.322395920753479,0.30170216083526613,0.27929335832595825,0.24709514731710608,0.20949421213431793,0.12077578157186508,0.081241725012660027,0.062675752084363587,0.024504554518249018
