SouthSea_Web/demo/jsonfile/2017-12-15-06.json
{"header": {"parameterUnit":"m.s-1","parameterNumber":2,"dx":0.1,"dy":0.1,"parameterNumberName":"Eastward current","la1":29.0,"la2":12.0,"parameterCategory":2,"lo2":131.0,"nx":250,"ny":171,"refTime":"2017-12-15T06:00:00","lo1":106.0}, "data":
[rows 152 to 170 of 171, columns 84 to 125 of 250]
0.17915046215057373,0.14523732662200928,0.14056366185347238,0.12586729973554611,0.11276470124721527,0.10902621597051621,0.096503511071205139,0.0831463411450386,0.082697339355945587,0.062465781345963478,0.04845225065946579,0.051937736570835114,0.047255231067538261,0.056838527321815491,0.081391196697950363,0.10749293863773346,0.14889205992221832,0.148600235581398,0.19378200173377991,0.20248545706272125,0.23959118127822876,0.27787047624588013,0.28289505839347839,0.29976283013820648,0.0,0.29215866327285767,0.25787858664989471,0.0,0.19781577587127686,0.13779208064079285,0.10396234691143036,0.07976309210062027,0.068041812628507614,0.06237700954079628,0.048304816707968712,0.033669650554656982,0.032162211835384369,0.023718231357634068,0.020069606602191925,0.01466010045260191,0.022498616948723793,0.016661345958709717
0.1707477793097496,0.1498691588640213,0.12951992824673653,0.10141978412866592,0.10574412345886231,0.088524732738733292,0.077166013419628143,0.070808917284011841,0.067738667130470276,0.0,0.053371425718069077,0.03852364793419838,0.046913772821426392,0.046980291604995728,0.0718495100736618,0.089137788861989975,0.10683359950780869,0.1533360630273819,0.0,0.18957541882991791,0.2395060807466507,0.23596394062042236,0.27554658055305481,0.29697567224502563,0.27770981192588806,0.27189961075782776,0.0,0.21504168212413788,0.14295849204063416,0.0,0.078123465180397034,0.04863111674785614,0.029531437903642654,0.0013271227944642305,0.0032796000596135855,0.004478928167372942,-0.0057052598567679524,-0.01273712795227766,-0.0089985600207000971,-0.010012405924499035,-0.017882674932479858,-0.033714574761688709
0.16698157787322998,0.15330299735069275,0.13401316851377487,0.11720667406916618,0.071184158325195312,0.064268883317708969,0.055538035929203033,0.041954981163144112,0.040162548422813416,0.042276464402675629,0.040182031691074371,0.0,0.026777401100844145,0.02524392306804657,0.0,0.042293289676308632,0.083997495472431183,0.10589262843132019,0.13610123097896576,0.0,0.18694044649600983,0.19170428812503815,0.0,0.21836122870445252,0.24668906629085541,0.21645621955394745,0.18449759483337402,0.18428084254264832,0.143654465675354,0.086816020309925079,0.031659002415835857,0.0,0.0064296179916709661,-0.023224396631121635,-0.0299069844186306,0.0,-0.035498585551977158,-0.036589782685041428,-0.042599575594067574,-0.056796977296471596,-0.080503359436988831,-0.099374826997518539
0.15678448975086212,0.14540213346481323,0.14024335145950317,0.0987582691013813,0.0,0.04244527593255043,0.011407661251723766,0.014827277278527618,0.014409764669835568,0.0073772091418504715,0.013989792205393314,0.0020260887686163187,0.004157431423664093,0.0,-0.004714401438832283,-0.0017351212445646524,0.0,0.027413535863161087,0.083556078374385834,0.067213654518127441,0.12311021238565445,0.0,0.16764892637729645,0.1248658150434494,0.0,0.1154915913939476,0.13066057860851288,0.0972282886505127,0.085255376994609833,0.058991905301809311,0.017415998503565788,-0.015955118462443352,-0.040370829403400421,0.0,-0.045727120712399483,-0.041263341903686523,-0.050184421241283417,0.0,-0.082109153270721436,-0.10483016818761826,-0.13336534053087235,-0.17360197007656097
0.16510555893182755,0.16246861219406128,0.13187539577484131,0.0,0.09190012514591217,0.0328767872415483,-0.0231881495565176,0.0,-0.0425989106297493,-0.044156625866889954,-0.0556146539747715,-0.049953848123550415,-0.033340130001306534,-0.054118137806653976,-0.041491411626338959,0.0,-0.049376938492059708,-0.049902379512786865,0.0,-0.029084756504744291,0.028388720005750656,-0.012141379527747631,0.056857474148273468,0.0,0.068504750728607178,0.015721295028924942,0.0,0.028894211165606976,0.036178115755319595,0.0014777615433558822,-0.01057277387008071,-0.027693860232830048,-0.050733432173728943,-0.055268228054046631,-0.044600408524274826,-0.048226173967123032,-0.044555727392435074,-0.066763823851943016,-0.133456289768219,-0.17362022399902344,-0.20114227384328842,-0.21551412343978882
0.1797078400850296,0.16669666767120361,0.144800566136837,0.12123991549015045,0.069324173033237457,0.0,0.015659112483263016,-0.012658493593335152,-0.11361866444349289,0.0,-0.12133254110813141,-0.11543963104486466,-0.13639761507511139,-0.11865980178117752,-0.095411814749240875,-0.11950119584798813,-0.10663489252328873,0.0,-0.12640833854675293,-0.1472974568605423,0.0,-0.12089291960000992,-0.11718598753213882,-0.11936724931001663,-0.025083815678954124,-0.062908008694648743,-0.011317248456180096,-0.03812766820192337,0.0,-0.017920803278684616,-0.040801895782351494,-0.054172035306692123,-0.050213385373353958,-0.056558236479759216,-0.040467232465744019,-0.032394338399171829,0.0,-0.054321885108947754,-0.11199754476547241,-0.19839596748352051,-0.2242061197757721,-0.24531333148479462
0.17546342313289642,0.0,0.14219626039266586,0.088257774710655212,0.0764070525765419,0.0085292472504079342,-0.047260239720344543,-0.070741806179285049,0.0,-0.11640036106109619,-0.13291485607624054,0.0,-0.20007829368114471,-0.1896941065788269,0.0,-0.19576446712017059,-0.18326443433761597,-0.21045812964439392,0.0,-0.20908913016319275,-0.18520399928092957,-0.27608698606491089,0.0,-0.21503324806690216,-0.19617760181427002,-0.17771030962467194,-0.077527225017547607,-0.11170527338981628,-0.064867682754993439,0.0,-0.074832312762737274,-0.061314139515161514,-0.060151670128107071,-0.030554540455341339,-0.030692672356963158,-0.01589227095246315,-0.018662720918655396,0.0,-0.085052542388439178,-0.15735690295696259,-0.19452637434005737,-0.20558028668165207
0.1748499870300293,0.15687514841556549,0.099254108965396881,0.0,0.014481795951724052,0.0,-0.075902126729488373,-0.14046132564544678,-0.15587563812732697,-0.2025928869843483,-0.2119780033826828,-0.21491746604442596,-0.21975721418857575,0.0,-0.2459983304142952,-0.28290462493896484,0.0,-0.29008820652961731,-0.31401768326759338,-0.34384661912918091,-0.29378557205200195,-0.33695104718208313,-0.31596639752388,0.0,-0.34416654706001282,-0.25099101662635803,-0.29288554191589355,-0.17056870460510254,-0.1645197793841362,-0.1627514511346817,0.0,-0.13392140716314316,-0.094390004873275757,0.0,-0.040969684720039368,-0.0050111426971852779,-0.022387242875993252,-0.057420216500759125,-0.10487943887710571,-0.2098688930273056,-0.25007134675979614,-0.2904636561870575
0.16380224376916885,0.15816158056259155,0.0,0.069220788776874542,-0.068323478102684021,-0.013126567006111145,-0.15662403404712677,0.0,-0.23267103731632233,-0.28570729494094849,-0.28267762064933777,-0.289578914642334,-0.28213822841644287,-0.29359951615333557,0.0,-0.30040028691291809,-0.30613800883293152,0.0,-0.398122638463974,-0.42532318830490112,-0.47347375750541687,-0.45572540163993835,-0.414571613073349,-0.44645699858665466,0.0,-0.37393063306808472,-0.4010632336139679,0.0,-0.363946795463562,-0.25602921843528748,-0.3185889720916748,-0.22749790549278259,0.0,-0.22297612577676773,0.0,-0.20977643132209778,-0.23113793879747391,-0.29425069689750671,-0.17195519804954529,-0.25156030058860779,-0.4895140677690506,0.0
0.11752576380968094,0.12581588327884674,0.054917559027671814,0.0075286198407411575,0.0,-0.10070072859525681,0.0,-0.17566724121570587,-0.28107474744319916,0.0,-0.35130631923675537,-0.36175194382667542,0.0,-0.36205244064331055,-0.36390800774097443,-0.3776039183139801,-0.3739398717880249,-0.40079900622367859,-0.44015929102897644,0.0,-0.53139799833297729,-0.54286980628967285,-0.59152412414550781,-0.53247863054275513,-0.525373712182045,-0.50971496105194092,0.0,-0.5025123655796051,0.0,-0.50626158714294434,-0.51072622835636139,-0.510617196559906,-0.40111777186393738,-0.46557134389877319,-0.35984760522842407,-0.77132785320281982,-0.75717383623123169,-0.82994747161865234,-0.71962231397628784,-0.73131412267684937,-0.76453334093093872,-0.74356979131698608
0.12518136948347092,0.017717353999614716,0.0,-0.070064030587673187,-0.12313085049390793,-0.18486566841602325,-0.24725919961929321,-0.27309256792068481,0.0,-0.332219660282135,-0.34655067324638367,0.0,-0.37884300947189331,-0.409170001745224,0.0,-0.43354576826095581,-0.44159895181655884,-0.46159589290618896,-0.49261966347694397,-0.52033036947250366,-0.57769215106964111,0.0,-0.6896631121635437,0.0,-0.70061898231506348,-0.70498436689376831,0.0,-0.71185773611068726,-0.62234067916870117,0.0,0.0,-0.80883687734603882,-0.81029176712036133,-0.87942129373550415,-0.79940259456634521,-0.86613661050796509,-0.85380405187606812,0.0,0.0,0.0,0.0,0.0
0.0,0.056332405656576157,-0.023934099823236465,0.0,0.0,-0.267625093460083,0.0,-0.33080781996250153,-0.36572155356407166,-0.36519402265548706,-0.38403654098510742,-0.36825534701347351,-0.37899431586265564,0.0,-0.39915898442268372,0.0,-0.4800947904586792,-0.5129438042640686,0.0,-0.57230320572853088,-0.65759950876235962,-0.66852021217346191,-0.77285069227218628,-0.78594827651977539,0.0,0.0,-0.92406129837036133,-0.91296029090881348,0.0,-0.87830451130867,-0.85959351062774658,0.0,-0.88068491220474243,0.0,0.0,0.0,0.0,0.0,0.0,0.0,0.0,0.0
-0.022992702201008797,-0.025491967797279358,-0.12310614436864853,-0.18598605692386627,-0.23213158547878265,0.0,-0.30989018082618713,0.0,0.0,-0.37987819314002991,0.0,-0.442778617143631,-0.415356308221817,-0.42837360501289368,-0.434506893157959,-0.46891549229621887,0.0,-0.52499014139175415,0.0,-0.58827096223831177,0.0,-0.669014573097229,-0.79006475210189819,0.0,-0.897284209728241,-0.95067441463470459,0.0,-0.96916884183883667,0.0,0.0,0.0,0.0,0.0,0.0,0.0,0.0,0.0,0.0,0.0,0.0,0.0,0.0
-0.032087404280900955,0.0,-0.15381737053394318,-0.31796637177467346,-0.35318461060523987,-0.35286656022071838,-0.36283114552497864,-0.36721783876419067,-0.35526108741760254,-0.32692152261734009,-0.35215106606483459,0.0,0.0,-0.36622670292854309,-0.42443528771400452,0.0,-0.48156985640525818,-0.49065029621124268,-0.53134781122207642,-0.5340917706489563,-0.567070484161377,0.0,0.0,0.0,0.0,0.0,0.0,0.0,0.0,0.0,0.0,0.0,0.0,0.0,0.0,0.0,0.0,0.0,0.0,0.0,0.0,0.0
-0.087518148124217987,0.0,-0.23457963764667511,0.0,0.0,-0.3917306661605835,0.0,-0.41469424962997437,0.0,-0.38015282154083252,0.0,-0.31020201742649078,-0.33647596836090088,0.0,-0.38321346044540405,0.0,-0.46353879570961,0.0,0.0,0.0,0.0,0.0,0.0,0.0,0.0,0.0,0.0,0.0,0.0,0.0,0.0,0.0,0.0,0.0,0.0,0.0,0.0,0.0,0.0,0.0,0.0,0.0
-0.33555465936660767,0.0,-0.37343235313892364,-0.39211505651474,-0.3936038613319397,0.0,-0.3902716338634491,0.0,-0.39076471328735352,0.0,-0.335107684135437,0.0,0.0,0.0,0.0,0.0,0.0,0.0,0.0,0.0,0.0,0.0,0.0,0.0,0.0,0.0,0.0,0.0,0.0,0.0,0.0,0.0,0.0,0.0,0.0,0.0,0.0,0.0,0.0,0.0,0.0,0.0
0.0,-0.351012647151947,0.0,0.0,0.0,0.0,0.0,0.0,0.0,0.0,0.0,0.0,0.0,0.0,0.0,0.0,0.0,0.0,0.0,0.0,0.0,0.0,0.0,0.0,0.0,0.0,0.0,0.0,0.0,0.0,0.0,0.0,0.0,0.0,0.0,0.0,0.0,0.0,0.0,0.0,0.0,0.0
0.0,0.0,0.0,0.0,0.0,0.0,0.0,0.0,0.0,0.0,0.0,0.0,0.0,0.0,0.0,0.0,0.0,0.0,0.0,0.0,0.0,0.0,0.0,0.0,0.0,0.0,0.0,0.0,0.0,0.0,0.0,0.0,0.0,0.0,0.0,0.0,0.0,0.0,0.0,0.0,0.0,0.0
0.0,0.0,0.0,0.0,0.0,0.0,0.0,0.0,0.0,0.0,0.0,0.0,0.0,0.0,0.0,0.0,0.0,0.0,0.0,0.0,0.0,0.0,0.0,0.0,0.0,0.0,0.0,0.0,0.0,0.0,0.0,0.0,0.0,0.0,0.0,0.0,0.0,0.0,0.0,0.0,0.0,0.0
