SouthSea_Web/demo/jsonfile/2017-12-15-14.json
{"header": {"parameterUnit":"m.s-1","parameterNumber":2,"dx":0.1,"dy":0.1,"parameterNumberName":"Eastward current","la1":29.0,"la2":12.0,"parameterCategory":2,"lo2":131.0,"nx":250,"ny":171,"refTime":"2017-12-15T13:58:07.5","lo1":106.0}, "data":
[rows 114 to 132 of 171, columns 84 to 125 of 250]
-0.16167141000429788,-0.14193451901276907,-0.11464994897445043,-0.10164566834767659,-0.085953327516714736,-0.079127443333466843,-0.11154208146035671,-0.13474827756484351,-0.14773625507950783,-0.15338112413883209,-0.13053116202354431,-0.10482052713632584,-0.054164132103323936,-0.03257173765450716,0.0097077945247292519,0.025476251418391865,0.042308621108531952,0.076925553381443024,0.0,0.095126179357369736,0.088283516466617584,0.056568475440144539,0.027452250942587852,0.0035903644748032093,0.0,0.0049499240703880787,-0.011246825568377972,-0.056689582765102386,-0.096787769347429276,-0.10717656463384628,0.0,-0.092369057238101959,-0.044681493192911148,0.0,-0.010013039223849773,0.001787766910638311,-0.0078945006825961173,-0.0086711618932895362,0.016012966632843018,0.015763223171234131,2.8658309020102024E-05,0.017890319228172302
-0.19179719686508179,-0.16185510158538818,-0.12378054608901341,-0.10082011421521504,-0.086790822446346283,-0.098837966099381447,-0.12665278613567352,-0.15851534605026246,-0.17490055163701376,-0.17240526378154755,-0.15086842477321624,-0.11371445904175441,-0.078102623422940567,-0.043357959017157555,-0.014264641795307398,0.010875437466893345,0.037786286324262619,0.067087320610880852,0.10072425752878189,0.11306402832269669,0.093490887433290482,0.064054481685161591,0.061736853793263435,0.035432025790214539,0.013340333476662636,0.012565108016133308,0.0,-0.011197136715054512,0.0,-0.084030061960220337,-0.10219655185937882,-0.07017817348241806,-0.047187870368361473,-0.028813507407903671,-0.0043486523209139705,0.0,0.010668965056538582,0.025902142748236656,0.045879855751991272,0.074122179299592972,0.046266885474324226,0.016605889424681664
-0.20711065828800201,-0.165147066116333,-0.12947561467687288,-0.1098383679986,-0.10202974379062653,-0.10542912632226945,-0.12112364731729031,-0.1474185436964035,-0.14984963238239288,-0.14604967460036278,-0.13033701106905937,-0.10925215110182762,-0.090238649398088455,-0.06725247651338577,-0.034151564352214336,-0.011718049878254533,0.030030284076929092,0.070374332368373871,0.10275585576891899,0.11214200407266617,0.099807776510715485,0.080258637666702271,0.0,0.054810602217912674,0.036929327994585037,0.02611538115888834,0.0036268120165914297,0.0,-0.038680650293827057,-0.053957190364599228,-0.057676970958709717,-0.0737905502319336,-0.036845099180936813,-0.022673818282783031,0.0013561766827479005,0.017194978892803192,0.044514542445540428,0.061141934245824814,0.074906554073095322,0.10394934192299843,0.095639228820800781,0.01327804324682802
-0.1987946629524231,-0.16085385531187058,-0.1322177896896998,-0.12067397683858872,-0.11167760441700618,-0.090254614129662514,-0.082110500335693365,-0.11075021624565125,-0.12741536200046538,-0.11781861819326878,-0.10214490319291751,-0.088873283937573433,-0.071097800135612482,-0.060319243619839348,-0.048973627388477325,-0.017618805170059204,0.02057236572727561,0.060684315860271454,0.063259812071919441,0.097477957606315613,0.093412905931472778,0.098872058093547821,0.08360358327627182,0.073576252907514572,0.0731029137969017,0.038745373487472534,0.026974624022841454,-0.0072482111863791943,-0.0053768602665513754,0.0,-0.025559785775840282,-0.034188251942396164,-0.047761004418134689,-0.012624994851648808,0.0,0.039198534563183784,0.0,0.081324942409992218,0.10243284329771996,0.10908873379230499,0.060806285589933395,-0.0048042004927992821
-0.18888286501169205,-0.17283086776733397,-0.15643455684185029,-0.1477105145653089,-0.12748741855223975,-0.090606190264225,-0.083544604480266571,-0.1048838198184967,-0.10893052630126476,-0.091170744970440865,-0.070952195674180984,-0.0587848462164402,-0.048921252600848675,-0.047572093084454536,-0.035765435546636581,-0.021829698234796524,-0.0089483745396137238,0.020725871436297894,0.0,0.060237191617488861,0.087401024997234344,0.0993836522102356,0.08790496364235878,0.0952734425663948,0.08658417314291,0.063598822802305222,0.063144102692604065,0.030115572735667229,0.014941883273422718,-0.0043197614140808582,0.0,-0.0052072461694478989,-0.01455684332177043,-0.025998501107096672,-0.0056806360371410847,0.037229142151772976,0.063028350472450256,0.074475400149822235,0.073589310050010681,0.086671710014343262,0.0459052212536335,-0.0058824429288506508
-0.20528366913398108,-0.21271748840808868,-0.21447525173425674,-0.17717190086841583,-0.13720507547259331,-0.10520557761192322,-0.078943702081839248,-0.068924123421311378,-0.067184959848721817,-0.050465450622141361,-0.042784539610147478,-0.031823926605284214,-0.029717538878321646,-0.032451868678132691,-0.029108365376790363,-0.02679409459233284,-0.021400210913270712,-0.012189127504825592,0.019404362887144089,0.0057576354593038559,0.04871528223156929,0.064934782683849335,0.0807793028652668,0.092204093933105469,0.0894225686788559,0.10286031663417816,0.0,0.059807537123560905,0.023629985749721527,0.019791722297668457,0.0017279111780226231,0.017323527485132217,0.008936009369790554,-0.0084500837838277221,-0.0032731825485825539,0.0,0.053424429148435593,0.10096915066242218,0.064885035157203674,0.063855931162834167,0.04629545658826828,0.018083849572576582
-0.23454339376517705,-0.23802714298168817,-0.21235767751932144,-0.17443873733282089,-0.13548225288589796,-0.089165442933638886,-0.040446210963030658,-0.020292439498007298,-0.020862229354679584,-0.023114028573036193,-0.016699612140655518,-0.013736255932599306,-0.017545980960130693,-0.020711667214830715,-0.022125638090074062,-0.029377616941928864,-0.031674653291702271,-0.027050354517996311,-0.022979063913226128,0.0020574170630425215,-0.0075403200462460518,0.032735629007220268,0.0,0.085847049951553345,0.099881831556558609,0.0985431931912899,0.091188676655292511,0.0,0.055884130299091339,0.04733963031321764,0.037784524261951447,0.035012904554605484,0.057404018938541412,0.020823299884796143,0.022615760564804077,0.02283874899148941,0.055090542882680893,0.083323344588279724,0.091956578195095062,0.069391075521707535,0.068042516708374023,0.076226823031902313
-0.19723983705043793,-0.20051992791039602,-0.20673258354266486,-0.21955109884341559,-0.20237457326480321,-0.16831074442182267,-0.10696505435875484,-0.054748389337744029,-0.024818352190777659,-0.016683456674218177,-0.0086997392587363723,-0.0081960441311821342,-0.00908914057072252,-0.012201293682058653,-0.012625823263078928,-0.015020211227238178,-0.029929942451417446,-0.03304758295416832,-0.032441715709865093,-0.031026370823383331,-0.020637083798646927,-0.017100952565670013,0.039980399422347546,0.0509425587952137,0.07088431715965271,0.089386530220508575,0.11243283003568649,0.10060472041368485,0.093547061085700989,0.061792407184839249,0.055537575855851173,0.060605067759752274,0.0,0.050717625766992569,0.0,0.040039259940385818,0.05389869399368763,0.08697674423456192,0.078178975731134415,0.089627370238304138,0.10854002088308334,0.10112708806991577
-0.21318148573239645,-0.22904393573602042,-0.23831145465373993,-0.22421848028898239,-0.17485744319856167,-0.15720157573620477,-0.14061834042270979,-0.096711006760597226,-0.057007643704613052,-0.032120807406802974,-0.013984828488901258,-0.0072768554091453552,-0.0023240554437506944,-0.00043020420707762241,0.0015555814219017823,-0.0027812330517917871,-0.01236384455114603,-0.026587208732962608,-0.034832388162612915,-0.034299060702323914,-0.039734911173582077,-0.022470615804195404,-0.029933443292975426,0.017802795395255089,0.061725471168756485,0.074952308088541031,0.10204299539327622,0.12791585922241211,0.0,0.0979374311864376,0.063361130654811859,0.06212533637881279,0.067936934530735016,0.0826949030160904,0.060222012922167778,0.0,0.05567542277276516,0.089132517576217651,0.0,0.092049449682235718,0.11788878962397575,0.13254715502262116
-0.29790085181593895,-0.29026364162564278,-0.26350870877504351,-0.22020295262336731,-0.19499638345506457,-0.17311665841511317,-0.16928296349942684,-0.1432806466306959,-0.10861854503552119,-0.064688957482576373,-0.033893087257941566,-0.006125392547498147,0.010517168557271361,0.014942872803658247,0.024897072464227676,0.019668807275593281,0.0042814165353775024,-0.013749675825238228,-0.02467664610594511,-0.037952616810798645,-0.02882666140794754,-0.031238969415426254,-0.020370578393340111,0.0,0.024351143278181553,0.0,0.10506712645292282,0.14641107618808746,0.12778591364622116,0.0,0.079952124506235123,0.0,0.061273574829101562,0.072851706296205521,0.0,0.065431175753474236,0.0,0.091298520565032959,0.10280760377645493,0.11639128997921944,0.13897828757762909,0.15097475051879883
-0.4111189643541972,-0.40323769233443518,-0.37803122997283933,-0.33014193448153412,-0.30661477314101326,-0.25115184982617694,-0.21026718989014626,-0.18703838996589184,-0.13929637521505356,-0.10902748443186283,-0.045816266909241676,-0.0076799900270998478,0.007117000874131918,0.030433795414865017,0.039540547877550125,0.037437977269291878,0.010195503011345863,-0.0072600613348186016,-0.031320180743932724,-0.015540990047156811,-0.036928918212652206,-0.0014603002928197384,-0.019481025636196136,-0.018574350513517857,0.0,0.0441041961312294,0.08926217257976532,0.1540982723236084,0.0,0.13357792422175407,0.094761393964290619,0.0,0.063946153968572617,0.085037589073181152,0.073472864925861359,0.081701889634132385,0.06755577027797699,0.0805269107222557,0.10304632037878037,0.15843650698661804,0.19832384586334229,0.19648401439189911
-0.51389865577220917,-0.53350945455687382,-0.52673439979553227,-0.46428658281053814,-0.39408937990665438,-0.32406163712342578,-0.25138828530907631,-0.19198532402515411,-0.14869662523269653,-0.082179588576157883,-0.037259676183263458,-0.011633174261078239,0.010278988513164222,0.046260325238108635,0.052754482254385948,0.0,0.03006705641746521,0.003895739559084177,-0.017877743113785982,0.0,-0.0017248440999537706,0.0,0.0026675043627619743,-0.011314468458294869,0.012592646991834045,0.0,0.10247556120157242,0.16056984663009644,0.0,0.14309313893318176,0.10418430715799332,0.085596993565559387,0.072399221360683441,0.0,0.084950394928455353,0.088699311017990112,0.080717369914054871,0.0,0.12751138210296631,0.15579140186309815,0.0,0.2317378968000412
-0.39711026151975,-0.48563556258495039,-0.62061029275258384,-0.59244672060012815,-0.46309468150138855,-0.33763416226093584,-0.24025891033502725,-0.1407973493138949,-0.0708122756332159,-0.012442855513654649,-0.00708871241658926,0.024431882115701836,0.033299080096185207,0.0,0.070420978590846062,0.06021026149392128,0.037921775132417679,0.0,0.0076751932501792908,-0.03172186017036438,0.0,-0.025973191484808922,0.0,0.010423170402646065,0.0061858613044023514,0.0874994769692421,0.082351721823215485,0.0,0.16093017160892487,0.15986417233943939,0.0,0.10481179505586624,0.079698901623487473,0.090284384787082672,0.0,0.0,0.10625282675027847,0.10273158550262451,0.12077542394399643,0.15829220414161682,0.18944624811410904,0.23148874938488007
-0.24161256162019876,-0.31493166940552847,-0.45705907898289816,-0.60895348233836033,-0.55282294948895772,-0.36143874270575388,-0.15005382948688098,0.005146365612745285,0.073755472937288388,0.07785109678904216,0.063626844435930252,0.051896963268518448,0.0670439824461937,0.081637009978294373,0.079185985028743744,0.0,0.074052101001143456,0.033156488090753555,-0.018860721960663795,-0.017834518104791641,-0.00034943278296850622,-0.012909193406812847,-0.011514767073094845,0.0,0.018736325204372406,0.061507437378168106,0.0,0.15009021759033203,0.0,0.16276697814464569,0.12564951181411743,0.0,0.095973938703536987,0.0,0.096531234681606293,0.10446634888648987,0.12003505975008011,0.13861115276813507,0.16792485117912293,0.0,0.21576893329620361,0.23041912913322449
-0.28441924601793289,-0.32250078235353741,-0.34835763390247637,-0.389154484638801,-0.37702197262219023,-0.22782416322401591,0.023505304075245346,0.20397154589494068,0.19827576658942483,0.13455186358519963,0.097558041413625077,0.078690212219953537,0.09316122904419899,0.11261782050132752,0.12103086709976196,0.10960536077618599,0.0,0.071589654311537743,0.0,0.0078699616715312,0.0,-0.0036608290392905474,0.0,-0.0044529573060572147,-0.011685104109346867,0.0,0.059791117906570435,0.12297716736793518,0.0,0.15098273754119873,0.0,0.13138651847839356,0.11498023569583893,0.0,0.10501701384782791,0.0,0.11870007216930389,0.0,0.16824018210172653,0.18422089517116547,0.21624244749546051,0.23499508202075958
-0.19622637381156285,-0.20812773225562914,-0.26743569855506605,-0.28341389695803326,-0.28820114869337815,-0.16716739209368825,0.13933518582156726,0.2097659667332967,0.20151087310579088,0.15798964351415634,0.12334897617499034,0.10213765998681386,0.11292841285467148,0.12295463681221008,0.13607713580131531,0.13424009084701538,0.12737300992012024,0.0,0.051361933350563049,0.0,0.010832596570253372,-0.00078617240069434047,-0.016145879402756691,0.0,0.01501326821744442,0.028584953397512436,0.0,0.10108986496925354,0.0,0.15362109243869782,0.11812547594308853,0.0,0.0,0.12638020515441895,0.11310172826051712,0.0,0.12702733278274536,0.15225286781787872,0.0,0.18913349509239197,0.21888749301433563,0.22900838404893875
-0.16039855831435748,-0.10405429612312998,-0.14000150002539158,-0.1169825588086886,-0.1177310569328256,0.024437930403898158,0.16323006496979639,0.17031752169132233,0.15402917563915253,0.15077538192272186,0.13100991398096085,0.10194304212927818,0.097386382520198822,0.11249008029699326,0.12768346816301346,0.1367153525352478,0.12903619185090065,0.0,0.059674810618162155,0.062426973134279251,0.0,0.025664361193776131,0.014673902653157711,0.011337324976921082,0.0,0.0,0.046420779079198837,0.069669321179389954,0.10623466223478317,0.0,0.0,0.13178820908069611,0.11860297620296478,0.0,0.0,0.11396882683038712,0.1286456435918808,0.16317301988601685,0.17572060972452164,0.20531964302062988,0.20974829792976379,0.22958225011825562
-0.15381308804665292,-0.13907594659498759,-0.051603344408795236,0.16944205504842103,0.11142049852060154,0.23125840150392973,0.19775631030400595,0.17282119989395142,0.13672117590904237,0.1241417999068896,0.10074089467525482,0.082999013364315033,0.09466119110584259,0.10593712329864502,0.11716541647911072,0.0,0.11885340139269829,0.1189604252576828,0.11827630549669266,0.05579352006316185,0.089152708649635315,0.0,0.042363051325082779,0.0,0.051419265568256378,0.055009651929140091,0.0,0.06593148410320282,0.0,0.10596349835395813,0.0,0.10008639842271805,0.1112593337893486,0.11517968773841858,0.11245493590831757,0.12627062201499939,0.13031128793954849,0.0,0.18364325165748596,0.22598710656166077,0.24683612585067749,0.2364477813243866
-0.10033184146651855,-0.092934234916944719,-0.051337358728051188,0.18210820605357489,0.30870250825371059,0.29884014565211076,0.21292086193958917,0.167114386955897,0.13282614573836327,0.097768127918243408,0.085566047579050064,0.0,0.067891895771026611,0.071690462529659271,0.089820358902215958,0.0992661714553833,0.0,0.1117841973900795,0.10994301736354828,0.0,0.10963617265224457,0.0,0.077136591076850891,0.09373849630355835,0.0,0.060590926557779312,0.0,0.090767174959182739,0.0,0.0,0.10335344076156616,0.083009473979473114,0.0,0.0,0.11505509167909622,0.10816440731287003,0.13953490555286408,0.16447319090366364,0.19113101810216904,0.23840007185935974,0.26295098662376404,0.26927351951599121
