SouthSea_Web/demo/jsonfile/2017-12-15-20.json
{"header": {"parameterUnit":"m.s-1","parameterNumber":3,"dx":0.1,"dy":0.1,"parameterNumberName":"Northward current","la1":29.0,"la2":12.0,"parameterCategory":2,"lo2":131.0,"nx":250,"ny":171,"refTime":"2017-12-15T19:58:07.5","lo1":106.0}, "data":
[rows 114 to 132 of 171, columns 0 to 42 of 250]
0.0,0.0,0.0,0.0,0.0,-0.21946130568782488,-0.29796915778091976,-0.37620625297228494,-0.4831761130780885,-0.51874672089304241,-0.44688165022267234,-0.341593599319458,-0.25963430106639862,-0.20841904977957407,-0.17175173759460449,-0.14825340360403061,-0.10960891842842102,-0.044992978374163307,0.013553416240029037,0.076660215854644775,0.10006880263487498,0.10649082809686661,0.10524412492911021,0.083998756483197212,0.071818500757217407,0.046698382869362828,0.06252362802624703,0.078149824868887663,0.043438749853521585,0.030493142704168957,0.0027493884699651971,-0.053332779556512833,-0.11810044944286346,-0.089299732198317841,-0.055835465590159096,-0.019130113162100316,-0.068901087290474353,-0.14696690589189529,-0.21768332852257621,-0.23152997172795808,-0.20347484615114,-0.23623882169308869,-0.25272311601373887
0.0,0.0,0.0,0.0,0.0,0.0,-0.20253706302263597,-0.30625242647463385,-0.37428433612241585,-0.45200014220816748,-0.49390271712433209,-0.37127898534139,-0.28355846140119767,-0.21810188591480256,-0.18538317581017813,-0.14658121764659882,-0.097248010337352753,-0.045242702588438988,0.025278695859014988,0.085964832454919815,0.10693102702498436,0.10910751670598984,0.10538548380136489,0.10613913089036942,0.083426412940025327,0.072225643694400793,0.082774669996329722,0.12905839209755263,0.092670921236276627,0.039749036232630409,-0.006030413854335036,-0.0558548322878778,-0.05886651730785767,-0.026963971462100743,-0.041659475490450862,-0.042590458877384663,-0.075918985530734062,-0.12307253479957581,-0.18737718015909194,-0.27101249992847443,-0.29546581705411273,-0.21440341430050985,-0.17543285814198581
0.0,0.0,0.0,0.0,0.0,0.0,-0.014133130588258306,-0.23111386168962236,-0.299822692669207,-0.33874488463907532,-0.3826632620323272,-0.42331480234861374,-0.33915308117866516,-0.25806577077933718,-0.19796205631324224,-0.15258402129014334,-0.10570652633905411,-0.06116096768528223,-0.0034041175968013704,0.048383116722106934,0.089321155101060867,0.095573308567206069,0.0871971994638443,0.083817365268866226,0.097563469161589936,0.079156519845128059,0.10486452728509903,0.13898845016956329,0.12814910802990198,0.021374129224568605,-0.023449358607952792,-0.02731492215146621,0.0036326437257230282,0.024466704577207565,-0.032384889014065263,-0.10793996304273605,-0.15588648120562235,-0.24918789863586427,-0.311204169690609,-0.26334140111099591,-0.20959690399467945,-0.17620197460055351,-0.15952945727369058
0.0,0.0,0.0,0.0,0.0,0.0,0.0,0.0,-0.22395511216496769,-0.2740124710432188,-0.31537140653683587,-0.37833123728632928,-0.357145756483078,-0.30721810956796008,-0.24805210199620989,-0.18416783958673477,-0.10705558359622955,-0.0633929433921973,-0.027670305590921391,0.032044279078642525,0.06077059730887413,0.060607230911652245,0.061426636762917042,0.063341154158115393,0.08877458920081456,0.098594377934932712,0.13442479570706686,0.15738323579231897,0.12370124012231827,0.011717978598816055,-0.040173093167444072,-0.039841672778129576,-0.0059833700236465249,0.011338324926327914,-0.030510383332148193,-0.12332741046945255,-0.15920901050170264,-0.21550291611088646,-0.28309501856565478,-0.23127561119886544,-0.13928319182660845,-0.086945016123354438,-0.075177445858716968
0.0,0.0,0.0,0.0,0.0,0.0,0.0,0.0,0.0,-0.21943866768304041,-0.24509565402632175,-0.25798684714192693,-0.31858184793964028,-0.39810340987010434,-0.3210219276302001,-0.29251974672079084,-0.12506156694144011,-0.086026910692453384,-0.077329812571406364,-0.032404832541942596,0.010457896782706181,0.025071906546751659,0.021207753568887711,0.016204621118959039,0.049769027531147,0.086532807598511383,0.12601712346076965,0.17395180463790894,0.13719422866900763,0.046945501807689048,-0.042892051860690117,-0.030661271419376135,0.03728840329373876,0.027043429436162114,-0.053015073615824804,-0.1258521725734075,-0.174144304224423,-0.18227238394320011,-0.136630157855424,-0.095900012490650013,-0.058609190500444837,-0.034971315332728882,-0.021985743932115536
0.0,0.0,0.0,0.0,0.0,0.0,0.0,0.0,0.0,0.0,-0.16263929009437561,-0.26670537488674051,-0.32479455086092152,-0.37093883021311325,-0.23127358203584497,-0.24311114251613616,-0.093290251162317067,-0.10440749973058701,-0.13652347587049007,-0.098534979547063514,-0.015801244240719825,-0.010129028116352856,-0.012237363494932652,-0.00240181710687466,0.020849062595516443,0.064688543975353244,0.10245950222015381,0.14085483302672705,0.11959598089257877,0.043474539823364466,-0.033275777846574782,-0.00825608428567648,0.10483863018453121,0.11466833452383678,-0.047309254917005696,-0.1601594090461731,-0.20894722143809,-0.12028889854749043,-0.05117125203832984,-0.02027301762427669,-0.013644984700595554,-0.031342747388407588,-0.059548860272535913
0.0,0.0,0.0,0.0,0.0,0.0,0.0,0.0,0.0,0.0,0.0,-0.10423312423593521,-0.1658053084462881,-0.20293324338762384,-0.19051958050797968,-0.18014507916043787,-0.051509027727521382,-0.093089006502519958,-0.20329916663467884,-0.18366977075735727,-0.066699409857392311,-0.040418080985546112,-0.023881640285253525,-0.012613501865416765,0.003929625358432531,0.0465123176574707,0.0869256096581618,0.09778528511524201,0.057969799265265465,0.018746624749231462,-0.01727425679564476,0.019887958154348389,0.14217864473660788,0.14848867803812027,-0.030698230053531006,-0.17292641848325729,-0.19539217319753435,-0.093763253092765814,-0.068255819380283356,-0.06780321875380145,-0.0693174918803076,-0.0774472623091677,-0.092809927578155815
0.0,0.0,0.0,0.0,0.0,0.0,0.0,0.0,0.0,0.0,0.0,0.0,-0.096471135491608739,-0.14312101534740654,-0.15878816694021225,-0.17298054153268988,-0.10462175698383995,-0.12419568711803072,-0.22429143211671285,-0.25911346905761296,-0.14553614612668753,-0.078445795923471451,-0.0541098952293396,-0.041126800080140434,-0.0038686409534420818,0.035189357586205006,0.052999620884656908,0.060925988852977751,0.030726998268316191,0.0024727268707162389,0.023847685389531154,0.10092668384313583,0.16202797740697861,0.15905406077702841,-0.027907116604702815,-0.18156733922660351,-0.13871614221069548,-0.081322282552719116,-0.086310666054487228,-0.11836314980279315,-0.10511414965857631,-0.095721556720408524,-0.082136330660432577
0.0,0.0,0.0,0.0,0.0,0.0,0.0,0.0,0.0,0.0,0.0,0.0,0.0,-0.10292521361261606,-0.10570446874576005,-0.12048683037697258,-0.12470361692648307,-0.13416823893785476,-0.16141977432099255,-0.26089360912640891,-0.22207402970109666,-0.1366078145802021,-0.093798020056315837,-0.075810227543115616,-0.022773522456797462,0.011114011917795454,0.027284201899809495,0.015977762065761323,0.0051035697251791134,0.0052736597925624141,0.040459689606601991,0.097368214279413223,0.12722574621438981,0.0651553824676999,-0.074035310119922676,-0.11075216407577197,-0.06115717557258904,-0.032074737440173827,-0.059636234771460295,-0.092311730608344078,-0.071052836626768118,-0.034580866625118584,0.0086980930396488732
0.0,0.0,0.0,0.0,0.0,0.0,0.0,0.0,0.0,0.0,0.0,0.0,0.0,0.0,-0.10034950724557827,-0.092618889306615659,-0.07199211833732469,-0.078730871720660123,-0.1035512381366321,-0.21253985592297145,-0.279216331243515,-0.21780232898890972,-0.14758432718614736,-0.13014502610479081,-0.078790134191513067,-0.018198709136673381,0.011331605647380153,-0.0010513582577308018,-0.0084192400342241545,0.012990834598895162,0.046828845515847206,0.06962159276008606,0.072767254710197446,0.022968915104866029,-0.028552251851319203,-0.035806115846046142,-0.026712769125070836,-0.034734116308391093,-0.060422107204794885,-0.05894883841808353,-0.017293925345738363,0.016955259084865889,0.063058774526181971
0.0,0.0,0.0,0.0,0.0,0.0,0.0,0.0,0.0,0.0,0.0,0.0,0.0,0.0,0.0,-0.10937340060869853,-0.075240164268307569,-0.080478030754482913,-0.088197577341988284,-0.14205775906642279,-0.24189140796661376,-0.2796223945915699,-0.22193199594815571,-0.1673600050536069,-0.13947844979437915,-0.056911271404136314,-0.00613855608066337,-0.010315761843230575,0.0039929888185320627,0.03470776900649071,0.0397371289630731,0.042917748913168907,0.028144382685422898,-0.0037697992520406842,-0.010034844124068817,0.0087474794906613942,-0.029977655452158716,-0.065278227906674147,-0.07859801575541496,-0.041701026066827275,0.033994305646046996,0.058277897303923964,0.0579434908926487
0.0,0.0,0.0,0.0,0.0,0.0,0.0,0.0,0.0,0.0,0.0,0.0,0.0,0.0,0.0,0.0,0.0,-0.10521109835353008,-0.093971278573627831,-0.0811139344735894,-0.15392601764515826,-0.26792871501556664,-0.28574606900413829,-0.22461018828969254,-0.20702434380849202,-0.12380291578861383,-0.058487200966248147,-0.036920246016234157,-0.0088466055904063978,0.02468672636896372,0.012933298945426941,0.013513591829299307,0.022952714003622532,-0.011254209093749523,0.003969255936681293,-0.0052247568091843277,-0.049873818177729845,-0.088701007266839341,-0.095577227572600051,-0.037036607833579184,0.032006132649257779,0.056676093222839494,0.049368119984865191
0.0,0.0,0.0,0.0,0.0,0.0,0.0,0.0,0.0,0.0,0.0,0.0,0.0,0.0,0.0,0.0,0.0,0.0,-0.10802602271238963,-0.081730437638430756,-0.068830778202391224,-0.17387426153142402,-0.27890365472379719,-0.3008574906623725,-0.2772712955872218,-0.21402972439924875,-0.10654656482594353,-0.064339667558670044,-0.047608141088858247,-0.0065148620342370123,-0.000818748093609299,0.005571019253693521,-0.0067779868841171265,-0.024800694361329079,0.0052400189063822227,-0.043414909392595291,-0.086730922106653452,-0.1067756162956357,-0.099701521652085442,-0.056796017335727811,-0.011119104519655759,-0.0017592873297293079,0.00373092686127433
0.0,0.0,0.0,0.0,0.0,0.0,0.0,0.0,0.0,0.0,0.0,0.0,0.0,0.0,0.0,0.0,0.0,0.0,0.0,-0.033833120794345937,-0.044453314427396674,-0.10974060835573694,-0.18851956513290311,-0.32838223273715667,-0.34578491632754987,-0.32336603325826152,-0.20025106306586946,-0.11982474538187186,-0.083256050944328308,-0.027357927057892084,-0.0032435494857574148,-0.012703232932835817,-0.032170303538441657,-0.044416263078649841,-0.014029583020601422,-0.025083010615263548,-0.090445980429649353,-0.11310818897826332,-0.0964527577161789,-0.067701861727982759,-0.063576815442906484,-0.055752619241292663,-0.054586737727125488
0.0,0.0,0.0,0.0,0.0,0.0,0.0,0.0,0.0,0.0,0.0,0.0,0.0,0.0,0.0,0.0,0.0,0.0,0.0,0.0,0.0,-0.017476340101405884,-0.063298010484548445,-0.19001460604369641,-0.35732827749517226,-0.40296036005020142,-0.32409248530864715,-0.19557004235684872,-0.13672058976122312,-0.058633777623375259,-0.017896017292514443,-0.028016031409303348,-0.045247047208249569,-0.0709872084359328,-0.034296303242444995,-0.019782305927947164,-0.07296631423135598,-0.094854390621185308,-0.090239492058753965,-0.10209121108055115,-0.10004155668947432,-0.086021419614553452,-0.071086181497032
0.0,0.0,0.0,0.0,0.0,0.0,0.0,0.0,0.0,0.0,0.0,0.0,0.0,0.0,0.0,0.0,0.0,0.0,0.0,0.0,0.0,0.006751512384895856,0.005993489852713774,-0.015533787402401163,-0.25286874627950146,-0.44486157000064852,-0.44790353402495386,-0.28262174777362659,-0.189371074621494,-0.10981892851682809,-0.037400691104786735,-0.0490878163171666,-0.059319831430912018,-0.071647744625806808,-0.069689815863966942,-0.05072262673638761,-0.074805067231257752,-0.091605983674526215,-0.10529022912184398,-0.14043598373730978,-0.15481367210547128,-0.1153018232434988,-0.078784745525230057
0.0,0.0,0.0,0.0,0.0,0.0,0.0,0.0,0.0,0.0,0.0,0.0,0.0,0.0,0.0,0.0,0.0,0.0,0.0,0.0,0.0,0.0,0.0,0.067263229022742871,-0.17474871214125409,-0.26744306009698093,-0.50622361721378739,-0.44444614897171658,-0.25020055998774138,-0.16838343212237725,-0.0906271453608166,-0.093809723854064941,-0.082793497170011207,-0.070425562560558319,-0.095280199001232788,-0.072467385232448583,-0.083497376181185246,-0.11160947680473328,-0.14429814368486404,-0.18649382516741753,-0.20376852651437125,-0.15811895579099655,-0.11513458357916938
0.0,0.0,0.0,0.0,0.0,0.0,0.0,0.0,0.0,0.0,0.0,0.0,0.0,0.0,0.0,0.0,0.0,0.0,0.0,0.0,0.0,0.0,0.0,0.026489125539363292,-0.11929825419950833,-0.149155365586048,-0.4707321589734374,-0.58933758176863194,-0.37726114615797995,-0.23416361026465893,-0.16711761988699436,-0.14480605189289367,-0.10698041971772909,-0.0890440543492635,-0.11896846815943718,-0.098893742263317111,-0.10260856002569199,-0.12934756092727184,-0.17873569329579672,-0.2248285710811615,-0.23070628444353739,-0.18703359613815943,-0.16048003733158112
0.0,0.0,0.0,0.0,0.0,0.0,0.0,0.0,0.0,0.0,0.0,0.0,0.0,0.0,0.0,0.0,0.0,0.0,0.0,0.0,0.0,0.0,0.0,0.0,-0.1109653894431316,-0.081309388491014642,-0.36766684099809449,-0.63798849383989975,-0.52486128287930645,-0.30046170949935913,-0.24797275786598524,-0.23074237595904956,-0.15702507738023996,-0.11880500316619873,-0.15992958098649979,-0.16340754926204681,-0.15668703317642213,-0.17621248534747533,-0.19543828070163727,-0.24435163140296937,-0.25664716213941574,-0.22795853763818741,-0.1918141096830368
