SouthSea_Web/demo/jsonfile/2017-12-16-04.json
{"header": {"parameterUnit":"m.s-1","parameterNumber":2,"dx":0.1,"dy":0.1,"parameterNumberName":"Eastward current","la1":29.0,"la2":12.0,"parameterCategory":2,"lo2":131.0,"nx":250,"ny":171,"refTime":"2017-12-16T04:01:52.5","lo1":106.0}, "data":
[rows 133 to 151 of 171, columns 42 to 83 of 250]
-0.17033505812287331,-0.24083933447088515,-0.28055522590875626,-0.338601291179657,-0.28185092977115084,-0.30618387034961153,-0.32721737839958887,-0.30089648813009262,-0.3822162477743058,-0.41422912573560755,-0.525175177204756,-0.51740353931201977,-0.44549300092639343,-0.41349196732044219,-0.33474984921907125,-0.3045218288898468,-0.30895816534757614,-0.28317565823856156,-0.28105964220088459,-0.38081972065724823,-0.50916224420070644,-0.51369647243443661,-0.5007045678794384,-0.47408442199230194,-0.41362669070561725,-0.38262320309877396,-0.38262263685464859,-0.3826299061377843,-0.37106410662333172,-0.36350156863530475,-0.35312010844548541,-0.34161720531327383,-0.33123271995120579,-0.35539405391766477,-0.36962517537176609,-0.34048181559358326,-0.2962323267545019,-0.28124172183183521,-0.30240078057561603,-0.28770762402564287,-0.44220769206682842,-0.53800307558133054
-0.16455156505107879,-0.26966207793780733,-0.31658704578876495,-0.33433514833450317,-0.28359567693301607,-0.31517741829156876,-0.32740496397018432,-0.29789566993713379,-0.38443956896662712,-0.43213314047226536,-0.49445591419935225,-0.49086868390440941,-0.42425984144210815,-0.35889764265580609,-0.28652584782013524,-0.27603120356798172,-0.29182979923028213,-0.25479603707790377,-0.25724297336169649,-0.36312596797943114,-0.43181772828102111,-0.45793979962666831,-0.4701300925678677,-0.43894591927528381,-0.3986827220235552,-0.38182626026017324,-0.37730371356010439,-0.37021089792251588,-0.34936622281869251,-0.33375250697135928,-0.33820500473181409,-0.31786817014217378,-0.31113927279199871,-0.28326031352792469,-0.27558417503650373,-0.1966894784798989,-0.25031696259975433,-0.29649216185013455,-0.27672372758388519,-0.28641972970217466,-0.42948096564837862,-0.33047054601567133
-0.20479143783450127,-0.27369415760040283,-0.285086989402771,-0.27725987434387206,-0.26127587258815765,-0.29574583768844603,-0.33995843678712845,-0.35814975202083588,-0.41031378880143166,-0.45673148546900066,-0.492053110152483,-0.47023084461688996,-0.37594865635037422,-0.30030256509780884,-0.29129631817340851,-0.33151756227016449,-0.32287348942323163,-0.287291862747886,-0.28148753367937529,-0.356466809908549,-0.4014740152792497,-0.4234826895925734,-0.43601057595676845,-0.38926579271044048,-0.34069614609082538,-0.33886460587382317,-0.341888427734375,-0.32872888445854187,-0.30042844414711,-0.27014950662851334,-0.28240640248571125,-0.26645978220871519,-0.25327816605567932,-0.20356423159440359,-0.14582877295712629,-0.0632493185500304,-0.054056882758491805,-0.14034059030168197,-0.20186698723297852,-0.1863114724734,-0.22659225035458802,-0.13078915507843097
-0.20717866967121759,-0.2529657818377018,-0.25867161154747009,-0.26559504121541977,-0.27836181223392487,-0.32440207004547117,-0.37070792317390444,-0.38597844243049623,-0.42406914383172989,-0.45486317276954652,-0.4719565138220787,-0.43391581045256722,-0.33369625732302666,-0.29896101686689591,-0.34785256286462146,-0.3772414435039867,-0.36201022565364838,-0.34563994109630586,-0.340883769094944,-0.32894023981961334,-0.32619405910372734,-0.34533197681109112,-0.35722967609763145,-0.31933613866567612,-0.27918872237205505,-0.280212938785553,-0.27728707194328306,-0.271178845848356,-0.25212901333967846,-0.19635130216677985,-0.16859306146701178,-0.16368047573736735,-0.16491208331925528,-0.1472548907622695,-0.10790680619803342,-0.066506082812945053,-0.033108828434099756,-0.014813333309055972,0.0010796288261190057,0.10464951442554593,0.17971752770245075,0.080837671511939588
-0.20251209139823914,-0.21936821440855661,-0.22758692502975464,-0.25804907083511353,-0.30318354368209838,-0.35708342492580414,-0.3729370951652527,-0.38343748024531771,-0.40497843282563345,-0.42262843847274778,-0.42162230983376503,-0.3919832780957222,-0.3479364812374115,-0.34368131648410449,-0.37628400656912064,-0.40605428543957794,-0.39152102172374725,-0.39330234948326559,-0.38610090812047321,-0.34649825096130371,-0.32597310202462332,-0.31520809978246689,-0.29217825333277386,-0.24186346679925919,-0.2219000980257988,-0.2164947067697843,-0.2131749838590622,-0.18660272061824798,-0.19134609401226044,-0.15542171895503998,-0.10924357051650684,-0.0756598130932876,-0.071703873574733734,-0.064718957990407944,-0.044592992402613163,-0.037899905815720558,-0.023033489473164082,-0.010074539575725794,0.048641892615705729,0.12411713848511378,0.1710198869307836,0.10596701502799988
-0.17207790352404118,-0.19284315407276154,-0.23183929175138474,-0.2774730793067387,-0.32156924903392792,-0.36903054018815357,-0.371995210647583,-0.36475189030170441,-0.35575621326764423,-0.37320503166743685,-0.38997744396328926,-0.40514352066176279,-0.40628544158405727,-0.38587073385715487,-0.38951482872168225,-0.39215537110964455,-0.4042617314391666,-0.46593363320126252,-0.41639387421309948,-0.34777637819449109,-0.31447362899780273,-0.28452998896439868,-0.23215857893228531,-0.184868972748518,-0.15866722805159433,-0.15808193137248358,-0.13720934987068176,-0.12191733345389366,-0.10376981794834136,-0.090413697808980939,-0.060199038790805,-0.036355168248216309,-0.024222582079736248,-0.012333472715302682,0.0019880664379646382,0.0079501240106765181,0.006571757677011192,0.0099630270463724937,0.029078310045103233,0.066910284260908767,0.0805412232875824,0.056856654956936835
-0.16769689694046974,-0.19996547698974609,-0.25854435563087463,-0.29653044541676837,-0.32492485642433167,-0.37440319856007892,-0.36712644994258881,-0.33888280391693115,-0.30937767028808594,-0.33499718829989433,-0.37858757376670837,-0.40863116724150522,-0.41502451002597807,-0.3937080681324005,-0.39276386201381686,-0.37060770019888878,-0.37083520740270615,-0.40736650861799717,-0.38793238600095115,-0.30505162146356368,-0.27592155337333679,-0.24479947611689568,-0.1890518546104431,-0.1370178833603859,-0.10862523596733809,-0.091330376764138535,-0.074362229555845261,-0.069622272998094564,-0.041789664886891842,-0.014164511094956348,-0.015151905920356512,-0.0020447204782006643,0.020227594533935189,0.02889508381485939,0.032468970865011215,0.037163799628615379,0.03229311046501001,0.025617377832531929,0.013512689620256424,0.0080193683970719576,0.0095040990660587941,-0.0021746385609731078
-0.18814556896686555,-0.20760049174229303,-0.27223720649878186,-0.30056664943695066,-0.32468324303627016,-0.371018722653389,-0.36373096704483032,-0.30435865265982492,-0.27310841282208759,-0.29256650805473328,-0.32968276739120483,-0.34836931029955548,-0.35453386391912189,-0.35484538806809318,-0.36217624197403592,-0.32732542604207993,-0.31230804324150085,-0.31090986728668213,-0.28643300632635754,-0.25215841167502934,-0.23665412664413452,-0.19880474110444388,-0.14503876492381096,-0.12077461183071137,-0.10962432473897935,-0.083785019814968109,-0.052076264284551144,-0.025839330550904076,0.011895931325852871,0.035742665641009808,0.03742961616565784,0.034997907653450969,0.041028924286365509,0.040520695969462395,0.0338772046379745,0.033388862013816835,0.034173264726996423,0.028348376508802176,0.0069952238700352609,-0.017918317345902324,-0.033297540154308081,-0.048653290917476021
-0.20577423647046089,-0.23488075286149979,-0.27785396079222363,-0.31056910753250122,-0.32931564450263978,-0.35156268378098804,-0.3398911476135254,-0.28490248819192249,-0.24773174524307251,-0.26075454552968341,-0.24833963252604008,-0.25550048798322678,-0.27847306802868843,-0.30863270660241443,-0.34551803767681122,-0.33800173550844193,-0.27396663278341293,-0.23799427184793684,-0.22100267745554447,-0.19371367990970612,-0.16229318933827536,-0.14857533760368824,-0.12293783389031887,-0.11444877237081527,-0.10980427886048953,-0.0867558903992176,-0.046942802146077156,0.0098818283877335489,0.0517897525181373,0.063889350742101669,0.0459812231361866,0.048453001677989958,0.055573517829179762,0.051212080754339695,0.042491701990365983,0.033250792324543,0.027643842622637749,0.024930806830525398,0.0100335067108972,-0.018265535123646259,-0.048038497567176819,-0.0638370830565691
-0.25716827437281609,-0.28507077097892763,-0.3002246965964635,-0.30730331689119339,-0.308978796005249,-0.3172316700220108,-0.3264270467417581,-0.2791046755654471,-0.24421145766973496,-0.2238758087158203,-0.19221886566707067,-0.2137416178981463,-0.23301192621390024,-0.25854989886283875,-0.28861123157872093,-0.30337137977282208,-0.24950939842632838,-0.1823348424264363,-0.16968708336353303,-0.14286971943719046,-0.13892384937831334,-0.11430410146713257,-0.085621337592601779,-0.076481735599892478,-0.075132186214129135,-0.062555706501007086,-0.030791543734570343,0.015051047113956884,0.057787678204476833,0.071252380808194474,0.0502192722633481,0.034257370047271252,0.0572222851216793,0.06337801665067673,0.060687189921736717,0.061266186336676277,0.046061920622984566,0.027254513775308926,0.02113724375764529,-0.0073104322267075377,-0.037608349074920021,-0.0562053807079792
-0.3167346715927124,-0.32925655245780944,-0.32526902109384537,-0.31613926589488983,-0.29766076207160952,-0.28538134197394055,-0.29809326926867169,-0.28638264536857605,-0.27698987722396851,-0.23041708270708719,-0.19605355560779572,-0.19997093677520753,-0.20980959492070334,-0.21264391073158809,-0.21099296510219573,-0.20324798921744028,-0.16902013548782893,-0.13569327257573605,-0.12010739743709564,-0.10214112911905561,-0.11041692085564137,-0.078305916239817933,-0.036787634094556175,-0.0042574037991774576,-0.0078536105575039983,-0.0015158031601458788,0.011478248238563537,0.027392608672380449,0.050854849318663277,0.078306600451469421,0.071889013983309269,0.058763305035730205,0.063311565667390823,0.066794678568840027,0.0746995322406292,0.090487465262413025,0.093469416101773575,0.046650081872940063,0.0453002518042922,0.031550439074635506,0.00023173913359642029,-0.029858211986720562
-0.35093022386233014,-0.38344802856445315,-0.35172822078069049,-0.32479511201381683,-0.29136736690998077,-0.25853499273459118,-0.26669551928838092,-0.287796688079834,-0.29359636306762693,-0.26732877890268963,-0.22775907069444656,-0.21216577788194022,-0.1940697468817234,-0.17955741782983145,-0.16535661617914835,-0.12983683745066324,-0.097355237230658531,-0.081928079326947525,-0.066507023448745414,-0.058862140402197838,-0.06113555903236071,-0.036048050969839096,0.00073394955446322763,0.033830506727099419,0.036605543146530785,0.029621168039739132,0.027987582143396139,0.029272660613059998,0.04389511700719595,0.07491297647356987,0.099131276831030846,0.10245854655901591,0.0984978328148524,0.098581670473019287,0.10856832191348076,0.1293348204344511,0.12839232136805853,0.10647092908620834,0.09948272816836834,0.083063950141270951,0.0479421429336071,0.024452686848235317
-0.39570197463035583,-0.37664926548798877,-0.32859717806180316,-0.28182579825321835,-0.24768282969792685,-0.21282361447811127,-0.24014239864689962,-0.27670310934384662,-0.29032818973064423,-0.28451166301965714,-0.24344956626494727,-0.20818615208069483,-0.16872066259384155,-0.11132497191429139,-0.088202526792883873,-0.053863505646586415,-0.042824296280741692,-0.0044190820772200823,0.012951487745158374,0.0085672216179470215,-0.0038609449402429163,-0.0023490361636504531,0.0200291252695024,0.0436854213476181,0.047185136936604977,0.0330558605492115,0.028138595943649609,0.02503306120634079,0.040842968039214611,0.06899387389421463,0.09957230463624,0.1195761501789093,0.13109190203249455,0.14740346372127533,0.14915850261847177,0.14954541996121407,0.1576179526746273,0.16276027262210846,0.14994276687502861,0.13163383677601814,0.12292779733737309,0.086159877479076386
-0.33791322708129884,-0.29820227126280469,-0.25559091866016387,-0.20046703219413758,-0.20242348313331604,-0.21039950599273047,-0.25088626146316528,-0.28107618292172748,-0.2977422873179118,-0.28316959142684939,-0.22184998542070389,-0.17360282689332962,-0.11320771276950836,-0.0530657023191452,-0.010131502174772322,0.024983609560877085,0.021941212937235832,0.050640226528048518,0.084513624509175614,0.067218221724033356,0.03039487823843956,0.0085097919218242168,0.0044515033951029181,0.010205432772636414,0.019987905398011208,0.015243703220039605,0.010869811428710819,0.014502143138088286,0.027691536272565525,0.05825948864221573,0.095415744930505753,0.12287820875644684,0.15707562367121378,0.18168663481871286,0.18599194288253784,0.18426362176736197,0.18808132037520409,0.19695398211479187,0.21323322504758835,0.20106896758079529,0.19595371931791306,0.16113004585107169
-0.3019910256067912,-0.23230722919106484,-0.18586901823679605,-0.16259029259284338,-0.18168577551841736,-0.21221084467002324,-0.24731661379337311,-0.27056562900543213,-0.26587142546971637,-0.24619666635990142,-0.20018779113888741,-0.1302218332886696,-0.057871297001838684,-0.00028828686724106473,0.033584918361157179,0.076557888835668567,0.087368794716894627,0.087427269667387009,0.087660104036331177,0.048040564171969891,0.011004606882731119,-0.004777813250257168,-0.022027678787708282,-0.025430056266486645,-0.017830311669968069,-0.014722173723081747,-0.010592097571740547,-0.013659331714734435,-0.0030774607148487121,0.027642276758948963,0.074771367013454437,0.12089971577127774,0.16384635865688324,0.18320632353425026,0.19549080729484558,0.2046161045630773,0.22215643028418222,0.240767240524292,0.24974754949410757,0.24651369949181876,0.20883883535861969,0.204880028963089
-0.27716026902198793,-0.21305640339851378,-0.15603560847895487,-0.16057353466749191,-0.19069445729255677,-0.2271697036921978,-0.25007042661309242,-0.24858372658491135,-0.23334215953946114,-0.21153221726417543,-0.15042838205893835,-0.092543147504329681,-0.028855226857558591,0.033878857037052512,0.080954434971014663,0.10822336127360661,0.10895684212446213,0.078099831193685534,0.046608828008174896,0.01250913692638278,-0.019063397124409676,-0.020321492726604145,-0.029136816039681435,-0.044674578122794628,-0.053067179396748543,-0.047525818645954135,-0.041763111203908923,-0.037667750070492424,-0.024000276578590274,0.0081428123715644087,0.063577679544687266,0.11967545996109645,0.15297852456569672,0.1757003515958786,0.18428667386372885,0.20776128023862839,0.23120135068893433,0.24360432475805283,0.25274933874607086,0.25642802317937213,0.24530214816331863,0.24255881458520889
-0.25582595417896908,-0.19378546178340911,-0.17764595150947571,-0.18336642682552337,-0.20161834657192229,-0.213259257376194,-0.22861351370811461,-0.20616543292999268,-0.18851616233587265,-0.14832994714379311,-0.1167421576877435,-0.064605273306369781,-0.014547911705449224,0.043857980985194445,0.094508835673332209,0.11140702664852142,0.0975969632466634,0.063443848242362336,0.00703032617457211,-0.033483517821878195,-0.068897395394742489,-0.047729338208834328,-0.048391678370535374,-0.060869279503822329,-0.076696299016475677,-0.080235818400979042,-0.071477731689810753,-0.055855948477983475,-0.0256321519613266,0.021583226043730974,0.063895054161548614,0.10869168490171433,0.13184802482525507,0.14954781532287598,0.17091525718569756,0.18590241670608521,0.21298310160636902,0.22644798457622528,0.23588484525680542,0.24688530713319778,0.2548014024893443,0.25238183885812759
-0.21477123846610388,-0.20114790151516596,-0.18964693248271941,-0.18583014234900475,-0.18264731466770173,-0.19587310776114464,-0.19297368576129279,-0.17375250160694122,-0.14296620897948742,-0.10575793186823528,-0.063421881943941119,-0.036461134813725947,0.014494318515062332,0.075517571531236172,0.10377976049979527,0.10644301275412242,0.0878405999392271,0.053675615042448041,-0.01297407690435648,-0.07019309078653653,-0.10688913054764271,-0.09272416085004806,-0.0883793756365776,-0.088950792327523232,-0.097637082139650985,-0.097022943198680878,-0.0899580828845501,-0.065766915678977966,-0.010865097213536502,0.030495605897158384,0.062629730751117066,0.086646324023604393,0.10359418764710426,0.12460489869117737,0.13501374423503876,0.15722236533959708,0.17395191639661789,0.18860936164855957,0.19652563333511353,0.21140275150537491,0.23463051021099091,0.24843501299619675
-0.17752810070912042,-0.17408275107542673,-0.16728348533312479,-0.16322829077641168,-0.15339254587888718,-0.16308261454105377,-0.15682868659496307,-0.13165986351668835,-0.097686778008937838,-0.06006531727810701,-0.02969306583205859,0.0066067335040618973,0.054189517473181091,0.091069485992193222,0.1133481040596962,0.10526449605822563,0.085526118054986,0.046685148030519485,-0.02220042934641242,-0.10267102345824242,-0.14090799689292907,-0.13867499430974326,-0.13954583182930946,-0.11631561567385991,-0.10613593310117722,-0.095390205581982926,-0.088910609483718872,-0.049753211438655853,-2.0833225183499355E-05,0.032208791933953762,0.057161948084831236,0.076746480166912073,0.086685776710510254,0.0965295173227787,0.11586743344863255,0.12564843520522118,0.11041783913969994,0.13509824126958847,0.14208205789327622,0.17047291000684103,0.21912945061922073,0.22541561722755432
