SouthSea_Web/demo/jsonfile/2017-12-14-02.json
{"header": {"parameterUnit":"m.s-1","parameterNumber":3,"dx":0.1,"dy":0.1,"parameterNumberName":"Northward current","la1":29.0,"la2":12.0,"parameterCategory":2,"lo2":131.0,"nx":250,"ny":171,"refTime":"2017-12-14T01:58:07.5","lo1":106.0}, "data":
[rows 76 to 94 of 171, columns 172 to 214 of 250]
-0.16603539071299814,-0.18331584334373474,-0.19812235070599449,-0.21016897686890193,-0.21949489663044611,-0.21245605604989187,-0.16774499416351318,-0.15325989325841269,-0.16215783953666688,-0.18690050641695657,-0.18650619188944498,-0.16889589031537375,-0.098922360688447952,-0.024696666747331619,0.0054404425900429487,0.01913012471050024,0.032129248604178429,0.047753501683473587,0.0773378349840641,0.097007431089878082,0.11794253687063853,0.14015540480613709,0.14267222583293915,0.13251771032810211,0.12692804634571075,0.11069285497069359,0.11200573667883873,0.10111008211970329,0.11300646886229515,0.12767027691006661,0.1141807995736599,0.10498378425836563,0.0,0.083782210946083069,0.088698066771030426,0.12000690028071404,0.13768897950649262,0.13820277154445648,0.14278718829154968,0.16359007358551025,0.15091632306575775,0.20142932236194611,0.21661290526390076
-0.1594183404337276,-0.184368374672803,-0.18978486768901348,-0.18420161555210748,-0.18309032320976257,-0.17721691940511977,-0.16082090139389038,-0.1484567771355311,-0.15782048553228378,-0.16175363212823868,-0.13978415727615356,-0.1193002313375473,-0.047012012451887131,-0.0075682626144650085,0.0094569479115307331,0.026856739073991776,0.04560677707195282,0.061722313985228539,0.086508188396692276,0.10205262899398804,0.10919793943564098,0.13677685707807541,0.13706836104393005,0.13384015113115311,0.12235129997134209,0.12169454619288445,0.12905140221118927,0.1228129044175148,0.14130844175815582,0.13001325726509094,0.12321547418832779,0.11184743791818619,0.089997280389070511,0.090957239270210266,0.10595856979489327,0.15335316956043243,0.15929260849952698,0.16141839325428009,0.0,0.13510333746671677,0.14188370108604431,0.1622532457113266,0.19815459847450256
-0.16640636200706163,-0.19418284483253956,-0.1952558234333992,-0.17833246539036432,-0.17190739512443543,-0.17582902063926062,-0.16401862849791846,-0.1460235963265101,-0.13428797125816344,-0.1225154201189677,-0.084381312131881714,-0.0538532721499602,-0.011455696541815996,0.00049259040194253123,0.024662098847329617,0.045274073258042336,0.064607450738549232,0.078875266015529633,0.093773655593395233,0.099399406462907791,0.097750117381413773,0.12416914477944374,0.13573227077722549,0.13610903918743134,0.12994556128978729,0.13853549957275391,0.13653506338596344,0.15019920468330383,0.15754556655883789,0.15596258640289307,0.12476301938295364,0.0,0.096855886280536652,0.094446688890457153,0.108273446559906,0.14770504832267761,0.16537116467952728,0.16057075560092926,0.14442109316587448,0.11372001469135284,0.10778019577264786,0.14108626544475555,0.17179140448570252
-0.16311840862035751,-0.19295564591884612,-0.19957464747130871,-0.18775349482893944,-0.19020437300205231,-0.18969957530498505,-0.1645985891421636,-0.13292474548021951,-0.10135811865329743,-0.052731903269886971,-0.023041847860440612,-0.0038048637410004935,0.0056468935217708349,0.017457386789222557,0.04566466435790062,0.071875620633363724,0.090756554156541824,0.096024807542562485,0.097279760986566544,0.0960722267627716,0.096349465350310012,0.12167643383145332,0.13507059961557388,0.13347718119621277,0.13341079652309418,0.14778916537761688,0.15346307307481766,0.16324502974748611,0.14607729017734528,0.14836294949054718,0.12789974361658096,0.11477665603160858,0.10003940388560295,0.1077461913228035,0.12477944046258926,0.13946323096752167,0.14957911521196365,0.1510116308927536,0.12899928912520409,0.0,0.1103753075003624,0.11791671067476273,0.15756948292255402
-0.15771473646163942,-0.19773000180721284,-0.21635720133781433,-0.20865246440683091,-0.20509868860244751,-0.19895710796117783,-0.16532758126656214,-0.11568761244416237,-0.06465021800249815,-0.011790099553763866,0.011221470860618865,0.018885026996334393,0.026353564113378525,0.048860284189383187,0.073023036122322083,0.099374130368232727,0.10444615781307221,0.10108867287635803,0.093262877315282822,0.091974522918462753,0.094566978514194489,0.1255645714700222,0.12666993215680122,0.12881623581051827,0.13194262236356735,0.15459059178829193,0.1614491268992424,0.15863177925348282,0.15875449776649475,0.13859370350837708,0.0,0.12347650527954102,0.11467006802558899,0.12042994052171707,0.13643729686737061,0.13841196894645691,0.14595678448677063,0.12314996123313904,0.12451738864183426,0.11000097294648488,0.0,0.13491860777139664,0.13716559112071991
-0.1549713449044661,-0.20931394563780892,-0.22630959004163742,-0.21913248087678636,-0.21234771050512791,-0.20184115171432496,-0.15470580508311591,-0.095040254294872284,-0.03892452251166105,0.001654167356415807,0.018122379668056965,0.024592312673727672,0.046682544052600861,0.081584652264912919,0.0994388610124588,0.1097981333732605,0.0934218093752861,0.084619622677564621,0.084588848054409027,0.08753468468785286,0.099218097825845078,0.11472906544804573,0.0,0.12127397954463959,0.12917943671345711,0.14183029532432556,0.15661578625440598,0.13464058935642242,0.14099781960248947,0.12565454095602036,0.13361506164073944,0.12022104486823082,0.11872295290231705,0.13949397206306458,0.14215171337127686,0.13979516178369522,0.1338321715593338,0.13554856181144714,0.13019026070833206,0.12236864864826202,0.13301515951752663,0.16289626061916351,0.16345899552106857
-0.14153836037103945,-0.19610758312046528,-0.20950582250952721,-0.20560126379132271,-0.19597921768824259,-0.18560086935758591,-0.13975900784134865,-0.083227209746837616,-0.046531001105904579,-0.021913812961429358,-0.005242547020316124,0.016864854066322248,0.056745216250419617,0.10155600309371948,0.11162403970956802,0.10342340916395187,0.082021757960319519,0.07100890576839447,0.081067964434623718,0.088730014860630035,0.096172437071800232,0.098652847111225128,0.11072359979152679,0.11135184019804001,0.12051958963274956,0.14109023660421372,0.14565867185592651,0.1593567281961441,0.12380530685186386,0.11031410843133926,0.11278257891535759,0.1132449246942997,0.1311243548989296,0.1467767059803009,0.15529747307300568,0.14272399246692658,0.15019822120666504,0.15159474313259125,0.0,0.14561945199966431,0.15193603932857513,0.18595625460147858,0.20928503572940826
-0.12225130423903466,-0.17009222176339892,-0.17812608395304,-0.16263697445392608,-0.17148810625076294,-0.17780441343784331,-0.1435683456559976,-0.10613615065813065,-0.072388524810473129,-0.036879856139421463,-0.024210793276627857,0.0096427553799003363,0.069035065670808152,0.11058527603745461,0.11278180405497551,0.0967232957482338,0.076747741550207138,0.074050217866897583,0.081538870930671692,0.093521418670813247,0.091991297900676727,0.092944536358118057,0.096860878169536591,0.10516485944390297,0.11084938049316406,0.1247456967830658,0.11978049948811531,0.12632253766059876,0.099375586956739426,0.0,0.10184155404567719,0.10886519402265549,0.13956312835216522,0.15963336080312729,0.16073880344629288,0.16078734397888184,0.17110168933868408,0.17561078071594238,0.19311250746250153,0.18355057388544083,0.18933829665184021,0.2044203132390976,0.24013827741146088
-0.1087866731815868,-0.13826222717761993,-0.14479984492063522,-0.15491552154223123,-0.17139242291450502,-0.17081825435161591,-0.15077712759375572,-0.11947817541658878,-0.085020614787936211,-0.047697191437085472,-0.025921874990065891,0.0042653335258364677,0.069150415559609726,0.1075444296002388,0.10714931786060333,0.090762011706829071,0.077157959342002869,0.074133526533842087,0.085215959697961807,0.099110968410968781,0.0959727056324482,0.10648951679468155,0.10252701118588448,0.11231157183647156,0.11171258240938187,0.10509827733039856,0.0,0.096714358776807785,0.077824883162975311,0.079836204648017883,0.089412599802017212,0.11208133772015572,0.14481129497289658,0.18080355226993561,0.19357295334339142,0.19125677645206451,0.0,0.2083476260304451,0.23228715360164642,0.25391849875450134,0.239286869764328,0.2495410144329071,0.27283933013677597
-0.10129993815313686,-0.126727313734591,-0.14490840051855361,-0.15602021770817892,-0.16335384051005045,-0.15151905119419099,-0.14118854328989983,-0.11624242514371871,-0.0746292695403099,-0.042295952327549458,-0.0096266721763337646,0.022589878179132938,0.067873705178499222,0.098578669130802155,0.10917148739099503,0.097870323807001114,0.080682612955570221,0.080510415136814117,0.090346965938806534,0.11122890065113704,0.11473501846194267,0.0,0.12323877587914467,0.1180814690887928,0.10470199584960938,0.080187492072582245,0.086031932383775711,0.064133681356906891,0.059925366193056107,0.068558342754840851,0.07670111209154129,0.12187279760837555,0.16135826706886292,0.19649237394332886,0.0,0.22597844153642654,0.20245365798473358,0.24481983482837677,0.25074636936187744,0.0,0.297878623008728,0.30038276314735413,0.2947022020816803
-0.13167304769158364,-0.14573988484011757,-0.150064817070961,-0.14679063856601715,-0.13841977529227734,-0.12753417640924453,-0.12855239585042,-0.10849679758151372,-0.073303478769958019,-0.030650465749204159,0.0057762122014537454,0.033809412270784378,0.05919599781433741,0.099310226738452911,0.12429718673229218,0.11254287511110306,0.093655899167060852,0.091905470937490463,0.10086803510785103,0.11893301084637642,0.13334611803293228,0.1307116411626339,0.12933316454291344,0.0978078618645668,0.0889643058180809,0.0546454731374979,0.055450534448027611,0.040825050324201584,0.04366145096719265,0.051042171195149422,0.075905140489339828,0.12514429911971092,0.17084828019142151,0.21484434604644775,0.23051866888999939,0.24950091540813446,0.25815394520759583,0.28812004625797272,0.30096709728240967,0.31233224272727966,0.35781234502792358,0.34904783964157104,0.34417690336704254
-0.16565600173039871,-0.16082157525751326,-0.15307227522134781,-0.1482024316986402,-0.13007010643680891,-0.12298250198364258,-0.1121899202466011,-0.0925748199224472,-0.059395571239292622,-0.0339841041713953,-0.000179482934375604,0.01730015439291795,0.044594656676054,0.10034484912951787,0.12603528797626495,0.13254383951425552,0.11765719950199127,0.10954916849732399,0.11401589587330818,0.12109234556555748,0.12892683843771616,0.13190983980894089,0.10949725657701492,0.11527615040540695,0.0664841067045927,0.0,0.038335707038640976,0.035827293992042542,0.043495714664459229,0.049528410658240318,0.086132753640413284,0.12253734469413757,0.18630611151456833,0.23243185877799988,0.25666266679763794,0.27422410249710083,0.30669602751731873,0.32875698804855347,0.36228688061237335,0.37648844718933105,0.0,0.39008520543575287,0.39528459310531616
-0.17334075768788657,-0.16681702621281147,-0.15971009992063046,-0.16237854212522507,-0.14424232393503189,-0.11296706274151802,-0.084078418711821243,-0.057507586479187009,-0.047446114321549736,-0.028502867557108402,-0.013728727586567402,0.0085664337190488968,0.057109728455543518,0.11994300534327824,0.14530082046985626,0.15155515074729919,0.13728196173906326,0.12432098388671875,0.12098929286003113,0.11768823117017746,0.11637094616889954,0.10720814516146977,0.087447568774223328,0.08306208997964859,0.061961155384778976,0.043029025197029114,0.040382692590355873,0.041239466518163681,0.045271551236510277,0.044415529817342758,0.10427935421466827,0.14106247574090958,0.19977022707462311,0.23591597378253937,0.2677425742149353,0.29704996943473816,0.0,0.36009441316127777,0.41207963228225708,0.43400925397872925,0.44370266795158386,0.0,0.43929016590118408
-0.17044370993971825,-0.17051212063857488,-0.16299763570229212,-0.15999309718608856,-0.13210377991199493,-0.081212063878774637,-0.051875478774309161,-0.02240281521032254,-0.020618890101710956,-0.013584190979599953,-0.0080867636715993285,0.014630964957177639,0.082589175552129745,0.15512585639953613,0.15571988373994827,0.15567575395107269,0.14672417938709259,0.13305272161960602,0.12244375050067902,0.11814336478710175,0.10341127961874008,0.086206436157226562,0.086521543562412262,0.07512606680393219,0.065986823290586472,0.054531015455722809,0.061948219314217567,0.0690806657075882,0.067124415189027786,0.073959056288003922,0.099118985235691071,0.1560419574379921,0.19745078682899475,0.23763103783130646,0.30331867933273315,0.33248332142829895,0.37944936752319336,0.42276516556739807,0.0,0.51262854039669037,0.497254878282547,0.52391332387924194,0.49237938225269318
-0.15529449946350521,-0.15289363078773022,-0.13865318801254034,-0.12168594556195396,-0.084103385359048849,-0.039240245893597606,-0.011083252634853125,0.0037558950134553015,0.0054589967476204038,0.0013251212949398905,0.012460074620321393,0.038335551197330155,0.11389821767807007,0.14817256232102713,0.1581663116812706,0.14673371613025665,0.13977710902690888,0.13926179707050324,0.13076149672269821,0.12529547140002251,0.11034277826547623,0.089795850217342377,0.083782155066728592,0.07968536764383316,0.072151876986026764,0.07988816499710083,0.077683925628662109,0.10264423489570618,0.085877232253551483,0.087243907153606415,0.10614854842424393,0.0,0.20206723362207413,0.0,0.285224050283432,0.35429283976554871,0.3945288360118866,0.456181138753891,0.50444793701171875,0.58374696969985962,0.0,0.57178997993469238,0.55355077981948853
-0.102381670339541,-0.11003199070692063,-0.10334044322371483,-0.065678724646568293,-0.021209721267223359,0.021187281119637191,0.025670389505103232,0.0277899457141757,0.016050797576705616,0.013762422216435274,0.031384176574647427,0.072766607006390885,0.14217512309551239,0.16527709364891052,0.15450197458267212,0.13525669276714325,0.12630880624055862,0.12999491393566132,0.13440853357315064,0.13637544214725494,0.11704856902360916,0.11039445921778679,0.10263775289058685,0.0929848700761795,0.083080772310495377,0.085891816765069962,0.10370814800262451,0.11130458116531372,0.10321036726236343,0.096068941056728363,0.1208888441324234,0.16998361051082611,0.0,0.24873541295528412,0.32631957530975342,0.40174767374992371,0.0,0.50890687108039856,0.54555654525756836,0.590241014957428,0.63080435991287231,0.0,0.61213040351867676
-0.041145731694996357,-0.048124267533421514,-0.057069471105933189,-0.018187497276812792,0.036938904784619808,0.07320879325270653,0.072493992124994591,0.059097159653902054,0.03189072385430336,0.021780053153634071,0.037855138381322227,0.090854244927565261,0.15178627520799637,0.17470216006040573,0.15995147327582041,0.13223562389612198,0.12558889389038086,0.12909742444753647,0.14166828244924545,0.15474589169025421,0.14461842924356461,0.14701897650957108,0.12724393606185913,0.11286693811416626,0.097991850227117538,0.091880515217781067,0.10676226392388344,0.11693527922034264,0.10785742849111557,0.10090091452002525,0.140034019947052,0.15871220827102661,0.20614728331565857,0.28066533803939819,0.33818855881690979,0.39050498604774475,0.479579359292984,0.0,0.58588746190071106,0.6294102668762207,0.651668906211853,0.65090349316596985,0.0
0.010914716485422105,0.013003715430386365,0.012863191982938184,0.051754064465058036,0.092362523078918457,0.11662106774747372,0.11201311647891998,0.091071054339408875,0.059192816416422524,0.037999864667654037,0.059126760810613632,0.09435436874628067,0.14373447000980377,0.17197046428918839,0.16428589324156442,0.14702817052602768,0.14515431970357895,0.14250054955482483,0.16008539497852325,0.17837472259998322,0.18248490989208221,0.17449134588241577,0.15228524804115295,0.13897772133350372,0.10684704780578613,0.094393089413642883,0.10045713186264038,0.10282746702432632,0.10092806816101074,0.10406237840652466,0.0,0.13571129739284515,0.21376994252204895,0.0,0.34364534914493561,0.40613240003585815,0.46577808260917664,0.55577847361564636,0.0,0.639556348323822,0.66718077659606934,0.668048620223999,0.61246448755264282
0.060357159748673436,0.0775938156992197,0.085765971905655325,0.10109307616949081,0.11722094416618348,0.131670480966568,0.13532891869544983,0.11521175503730774,0.097277559340000153,0.082487843930721283,0.091646809130907059,0.11008846014738083,0.14982815831899643,0.1656358540058136,0.17449553310871124,0.17487847805023193,0.1754935085773468,0.17473059147596359,0.18278791010379791,0.20423482358455658,0.22245074808597565,0.20971622318029404,0.18448548763990402,0.15426800400018692,0.12024183943867683,0.095514010637998581,0.084406252950429916,0.0856441780924797,0.088158063590526581,0.080784160643816,0.11636924371123314,0.14070679247379303,0.21509325504302979,0.29193229973316193,0.38872808218002319,0.45442500710487366,0.48686563968658447,0.53787344694137573,0.6130671501159668,0.66220170259475708,0.67905360460281372,0.65707141160964966,0.61971643567085266
