SouthSea_Web/demo/jsonfile/2017-12-16-03.json
{"header": {"parameterUnit":"m.s-1","parameterNumber":3,"dx":0.1,"dy":0.1,"parameterNumberName":"Northward current","la1":29.0,"la2":12.0,"parameterCategory":2,"lo2":131.0,"nx":250,"ny":171,"refTime":"2017-12-16T03:00:00","lo1":106.0}, "data":
[rows 0 to 18 of 171, columns 168 to 209 of 250]
-0.380201174877584,-0.35628691501915455,-0.3526893364531653,-0.27162924466224819,-0.28161828793012178,-0.27772658415462659,-0.304294228553772,-0.29531600929441904,-0.30326953665776685,-0.31775804726701035,-0.30753434697786969,-0.26848137937486172,-0.25418109578244824,-0.2666368881861369,-0.25515976548194885,-0.27244367599487307,-0.30150636844336987,-0.33791385591030121,-0.35288558474608828,-0.3406464196741581,-0.29347496728102368,-0.27205833792686462,0.0,0.0,0.0,0.0,0.0,0.0,0.0,0.0,0.0,0.0,0.0,0.0,0.0,0.0,0.0,0.0,0.0,0.0,0.0,0.0
-0.37830188032239676,-0.36078362273318426,-0.320463703679187,-0.257956612855196,-0.32843914752205211,-0.32602781057357788,-0.35256630311841552,-0.3482324353286198,-0.31761560385877435,-0.2690392665565014,-0.25644979351445246,-0.27298718252602744,-0.27578024566173553,-0.2856433168053627,-0.27293145656585693,-0.29890521988272667,-0.29928569123148918,-0.26712003151575725,-0.24585529665152231,-0.21785145572253636,-0.22199630737304688,-0.24235401302576065,-0.28872311115264893,-0.3265949956008366,-0.32380862534046173,0.0,0.0,0.0,0.0,0.0,0.0,0.0,0.0,0.0,0.0,0.0,0.0,0.0,0.0,0.0,0.0,0.0
-0.38786588521564708,-0.3959105333377575,-0.30749458350517134,-0.3259606771171093,-0.38492881298065185,-0.371993486000144,-0.38491316288709643,-0.37245447862715947,-0.29115673237376744,-0.27752373814582826,-0.29286721505616842,-0.27144167241122985,-0.24368850141763687,-0.26008856710460448,-0.29116920288652182,-0.28395526856184006,-0.27052400392644543,-0.276156884431839,-0.26363707085450488,-0.24813178288085119,-0.25397098685304326,-0.23922422954014369,-0.23252088682992117,-0.23479380551725626,-0.27610174738443816,-0.28316448330879213,-0.34406433254480362,0.0,0.0,0.0,0.0,0.0,0.0,0.0,0.0,0.0,0.0,0.0,0.0,0.0,0.0,0.0
-0.38634283378206452,-0.37184622472730178,-0.34092790576127857,-0.38130908489227294,-0.41949193762696307,-0.39246006309986114,-0.41415312737226484,-0.42089291052384808,-0.33769459316605016,-0.28579219579696657,-0.2575167930788464,-0.24122512105264163,-0.26365676708519459,-0.25723534822463989,-0.25561040540536245,-0.26712586265057325,-0.24833293817937374,-0.27346871420741081,-0.25950395862261455,-0.24972490221261978,-0.25337355158158709,-0.22791184804269246,-0.20037482120096684,-0.2192174643278122,-0.22534417573894774,-0.22671077801631048,-0.26516321645333218,-0.27966933984022874,-0.27477258940537769,-0.27629772573709488,0.0,0.0,0.0,0.0,0.0,0.0,0.0,0.0,0.0,0.0,0.0,0.0
-0.382482773065567,-0.38701128746782032,-0.40455854626802296,-0.46259730665580084,-0.39720543101429939,-0.36177111142560053,-0.35163421857924687,-0.37078359852666443,-0.33528348397124896,-0.2656330427056865,-0.26270257402211428,-0.24362519540284811,-0.27817957599957782,-0.26685085892677307,-0.25262387655675411,-0.29520139429304337,-0.25377341707547507,-0.2569469044605891,-0.25384766301688028,-0.24849463626742363,-0.22145441747628725,-0.23895811289548874,-0.22844566060946539,-0.22546408497370207,-0.19035163657231766,-0.19969185238534754,-0.23106864343086878,-0.25002896289030713,-0.23808888792991639,-0.23953739851713179,-0.25943365506827831,-0.31018581986427307,0.0,0.0,0.0,0.0,0.0,0.0,0.0,0.0,0.0,0.0
-0.38099493682384489,-0.41394685260180769,-0.45571570681489032,-0.47604675396629004,-0.40973185273734009,-0.3548205310390109,-0.36799598995007965,-0.3277957015915921,-0.3243609760936938,-0.31274961548693042,-0.27776898443698883,-0.27199796806363497,-0.27857558242976665,-0.23399584591388703,-0.2366246986720297,-0.2760681863874197,-0.23264269903302193,-0.25783369317650795,-0.25521821621805429,-0.25678395193356734,-0.22899710174117768,-0.24055663834918628,-0.24253462627530098,-0.24330328218638897,-0.20210961997509003,-0.22335822880268097,-0.22272011451423168,-0.21732195280492306,-0.22155415266752243,-0.22481488287448884,-0.24002902751619165,-0.2520793229341507,-0.29533668539740821,-0.27051439881324768,-0.2638866975903511,0.0,0.0,0.0,0.0,0.0,0.0,0.0
-0.40968199228418284,-0.42700489059738489,-0.46400605954907159,-0.44459881101335796,-0.45477424207187833,-0.37370607107877729,-0.31765279349158793,-0.31371142519147771,-0.30699082463979721,-0.3149338286173971,-0.3214837786029367,-0.30475516319274903,-0.26275311147465424,-0.19673349658648173,-0.29498388059437275,-0.31385129690170288,-0.26235039811581373,-0.223765030503273,-0.25058555404345195,-0.25693213301045553,-0.23159685387061194,-0.24135917883652908,-0.25183119811117649,-0.2463418822735548,-0.23621810972690582,-0.24490269273519516,-0.22123273462057114,-0.2093518704175949,-0.22472469011942545,-0.22085443139076233,-0.23527274467051029,-0.26120376315983856,-0.27955187179825525,-0.25549056990580127,-0.23690866882150824,-0.1746527072456148,-0.12196933291852474,0.0,0.0,0.0,0.0,0.0
-0.42585250870748,-0.43480279134667438,-0.44251411611383612,-0.42019007964567706,-0.41666165307948466,-0.38487271101851211,-0.35664468219405726,-0.34730194608370463,-0.34587020152493525,-0.32780291967921787,-0.29550332017242908,-0.28826863765716554,-0.27170159220695494,-0.25532307010143995,-0.3044026643037796,-0.27061964571475983,-0.22954726394485026,-0.2142698993285497,-0.22703300043940544,-0.26029037137826283,-0.24876793989768395,-0.24363904785026203,-0.25391031503677369,-0.24364914165602791,-0.2483090055840356,-0.24335664883255959,-0.21951728810866675,-0.2107367217540741,-0.23316376209259032,-0.22955398013194403,-0.2618646278977394,-0.2814567029476166,-0.2294849470257759,-0.2056192085146904,-0.17629943449388852,-0.13597366857257756,-0.10452455438207835,-0.022583268168899748,0.049029699939031467,0.0,0.0,0.0
-0.44415038824081421,-0.43431423604488373,-0.43433625499407452,-0.42002344982964651,-0.40189861550050621,-0.37131688495477039,-0.38578712567687035,-0.35218043294217849,-0.35006097485037413,-0.33335365168750286,-0.31352655852542205,-0.29069074349743979,-0.313231619199117,-0.30916209618250529,-0.28747432722764854,-0.26553289911576677,-0.24031245069844381,-0.23734601959586144,-0.26186074431125933,-0.281046524643898,-0.25694589614868163,-0.23564806133508681,-0.20296712517738341,-0.22974690794944763,-0.23762074361244837,-0.23962528631091118,-0.23979978859424592,-0.2181905098259449,-0.20519972273281642,-0.20375485345721245,-0.19455838762223721,-0.19140383414924145,-0.11878784952892198,-0.08841054344719107,-0.071511106938123709,-0.038992212988281004,0.039894883540303759,0.06598665436299947,0.10534485284652975,0.19280263160665831,0.300838366150856,0.0
-0.46200997630755108,-0.45969107300043105,-0.43764423578977585,-0.414731093143162,-0.40649473998281693,-0.40561151690781116,-0.41837683506309986,-0.34800541587173939,-0.31990508039792381,-0.29168931047121682,-0.26146192053953804,-0.28382510840892794,-0.34270877710410524,-0.31529304186503093,-0.2772218119353056,-0.25309730263856739,-0.25785425847226923,-0.23662526905536652,-0.27035369475682575,-0.25608276575803757,-0.23846672028303145,-0.2064902964565489,-0.21163235273626116,-0.2358222327062062,-0.24484789584364211,-0.24238555630048117,-0.22887299458185831,-0.16956690698862076,-0.1487813244263331,-0.11154973072310288,-0.056015633046627045,-0.050451945513486862,-0.037594489380717279,-0.039434453902336269,-0.040147091417262949,-0.064105018197248384,-0.0629560099556469,-0.039911892684176567,0.033451315862211312,0.328476068648425,0.42771605319446987,0.35748567804694176
-0.47815081634019552,-0.46287578509913552,-0.44734183781676823,-0.41147628426551819,-0.39957979779977065,-0.38034368306398392,-0.37012625671923161,-0.33671987482479643,-0.30612516030669212,-0.27615245878696443,-0.28241937955220542,-0.33539000841287464,-0.34727862477302551,-0.2972889244556427,-0.30091126476015362,-0.27421434521675109,-0.26414325145574719,-0.26483294119437534,-0.2858414902136876,-0.27245496511459349,-0.23907357667173659,-0.22318449430167675,-0.24956498614379338,-0.25603670094694408,-0.25512135028839111,-0.24370705708861351,-0.1974585528175036,-0.13373919948935509,-0.075066445395350456,-0.0405486843415669,-0.059284950140863657,-0.081092819198966021,-0.084775657393038273,-0.087085601281036026,-0.11180503952961701,-0.11279241527829852,-0.11250099406710692,0.0031794861424714327,0.26489233032155496,0.3274861243036058,0.31510083874066669,0.263257493575414
-0.46215903602148356,-0.44545997679233551,-0.44865568420466256,-0.40723013877868652,-0.39992138370871544,-0.36316378300006574,-0.35585375768797739,-0.36085440644196104,-0.31941964370863779,-0.22931520541508993,-0.32801527868617664,-0.31549305869982791,-0.29657188516396743,-0.30962811708450316,-0.28993508792840517,-0.27833845963080722,-0.28914039002524483,-0.29681266248226168,-0.26972611993551254,-0.24593913720713723,-0.25987547423158375,-0.24038841256073543,-0.24874880909919739,-0.27892606953779858,-0.25462048649787905,-0.22525525518826076,-0.14701234797636667,-0.086213347635098872,-0.057894296944141388,-0.12574897919382369,-0.16101788729429245,-0.16397093236446381,-0.12730176746845245,-0.13713994373877844,-0.14392140880227089,-0.12869120713394994,0.056193920118468146,0.22954925780112928,0.28132274995247525,0.282958522439003,0.26156429946422577,0.2125590592622757
-0.44267539417042451,-0.42665410041809082,-0.41328400373458862,-0.36283216797388518,-0.34473443627357481,-0.33569925526777905,-0.32827446858088177,-0.34259556807004488,-0.31025178053162317,-0.29238181389295137,-0.35231173783540726,-0.32775508273731579,-0.31874598698182538,-0.32888945341110232,-0.25732246499795181,-0.27828088733885026,-0.28619581460952759,-0.2677025894323985,-0.25615637376904488,-0.25631197728216648,-0.28685387969017029,-0.25444648414850235,-0.24825439602136612,-0.28467675546805066,-0.27394798398017883,-0.22772330542405447,-0.11530240944453649,-0.096333314975102738,-0.15651994074384371,-0.22171390222178566,-0.16923402084244621,-0.071072609577741891,-0.021596126168823011,-0.019909680883366882,-0.00569247397860246,0.12140372338203284,0.21238618964950243,0.27131265172591579,0.29686244780367071,0.28990707049767178,0.25454559177160263,0.19566802815957504
-0.43870266220148874,-0.42123652100563047,-0.34826871156692507,-0.28955909839043248,-0.27925655787641351,-0.27063403106652772,-0.293325092111315,-0.2830326163343021,-0.32295594161207025,-0.33484408259391785,-0.37846123874187471,-0.39537679900725681,-0.40469264984130859,-0.32756910026073455,-0.29490573538674247,-0.28293703330887687,-0.26828971836302018,-0.28208423778414726,-0.28042710820833844,-0.28130306942122324,-0.30314537286758425,-0.27552698850631713,-0.26773180961608889,-0.31494006017843884,-0.32012228369712831,-0.21351034194231033,-0.12955367565155029,-0.12925561765829721,-0.20915088223086464,-0.20680619403719902,-0.075487805530428886,0.037544448251047961,0.098668786076207951,0.13075095663468042,0.17351133908544267,0.21963037337575639,0.27273483689014727,0.326724370320638,0.33786024038608259,0.31804574682162357,0.24244485646486283,0.16386217962611804
-0.3796006162961324,-0.34362590542206395,-0.2889857464111768,-0.23472081248958907,-0.25105482712388039,-0.26995526750882465,-0.277491620182991,-0.27312407791614535,-0.35231075286865232,-0.39161387898705224,-0.42123607695102694,-0.4229658842086792,-0.377886500954628,-0.34007589022318524,-0.28531759480635327,-0.24218735471367836,-0.26181678473949432,-0.28971121708552044,-0.29122326203754972,-0.2761216014623642,-0.28776573283331736,-0.29151100516319273,-0.29959031939506531,-0.34510679841041564,-0.339260995388031,-0.22575294226408005,-0.13333320298365184,-0.12529236078262329,-0.19389206022024155,-0.18114007196643137,-0.05715859572337649,0.0929926373064518,0.19521729747454325,0.19546509640557425,0.24012070487846027,0.28471108010182011,0.35050841669241589,0.37977210604227507,0.3612781936923663,0.2940984625707973,0.21229447768284723,0.165400821183409
-0.36485192605427336,-0.3049022065741675,-0.27597173777493561,-0.24341496147892691,-0.23986377442876497,-0.27548163980245588,-0.29704628719223869,-0.30035441741347313,-0.36250622272491456,-0.40568057596683504,-0.39723951369524,-0.35751794874668119,-0.30773453041911125,-0.29805681109428406,-0.2566609248518944,-0.25806347812925068,-0.299270232518514,-0.30475036303202313,-0.30215424299240112,-0.27412942051887512,-0.28287505358457565,-0.301551878452301,-0.3245142052570979,-0.36074190835158032,-0.31831351915995282,-0.20912654139101505,-0.13741545379161835,-0.164802435785532,-0.20746608823537827,-0.13972051153806123,0.036744235845452007,0.19677379876375198,0.22606836060682933,0.23234281837940216,0.284386830670493,0.36701253056526184,0.42720812807480496,0.4233816655782553,0.36279148608446121,0.27776167790095013,0.22032152116298676,0.24647805782464835
-0.32758126904567081,-0.25129611293474835,-0.23551424660465933,-0.22235244140028954,-0.19283634126186372,-0.2739378958940506,-0.279552411288023,-0.277855820953846,-0.32148448377847672,-0.3272363506257534,-0.352317214012146,-0.30184696614742279,-0.299383325709237,-0.33642523203577313,-0.34988392889499664,-0.33315920829772949,-0.38574371859431267,-0.35105695575475693,-0.32079395651817322,-0.2806211054325104,-0.27157880862553913,-0.294960950811704,-0.31396819353103639,-0.35137671604752541,-0.34292596951127052,-0.23686851374804974,-0.2200600884177468,-0.22967024445533751,-0.1230542774058201,0.03591651486402208,0.16985651076986238,0.23056521798883164,0.22264825495389792,0.32324460607308608,0.37764649093151093,0.43975015099232012,0.48039255291223526,0.44535401250634876,0.35326519379248988,0.28790418505668641,0.27762908612688381,0.3103192150592804
-0.2746632562743293,-0.23619053661823272,-0.258878951271375,-0.22557940520346165,-0.23306291736662388,-0.27362934499979019,-0.25779071946938831,-0.28950346012910205,-0.33227717131376266,-0.31454311949866159,-0.36779589454332989,-0.34545370510646273,-0.32065753638744354,-0.34513002634048462,-0.37227647999922436,-0.413120299577713,-0.44764789938926697,-0.3716654419898987,-0.31215380430221557,-0.27771827152797152,-0.22755705565214157,-0.26748974834169659,-0.314789001430784,-0.35658735036849976,-0.3565470464527607,-0.26299783161708284,-0.18458345863554213,-0.13101997361941772,0.069080814098318413,0.16470868614586917,0.15447048408289751,0.1559503028790156,0.27561594545841217,0.38399801651636761,0.43605435093243916,0.47137333567325884,0.48209945609172183,0.42211274164063589,0.33452591758507949,0.30295936124665396,0.31918753110445464,0.30738758582335252
-0.27732913196086884,-0.26389379054307938,-0.29602178931236267,-0.23863072054726736,-0.26459955743380953,-0.26991411617824007,-0.27128629684448241,-0.28628898859024049,-0.30213540196418764,-0.26743932068347931,-0.27903092758996145,-0.27700336490358624,-0.27012484893202782,-0.35005313903093338,-0.4244129274572645,-0.4933629184961319,-0.43544299900531769,-0.31391185522079468,-0.28375392655531567,-0.29220733294884366,-0.21312974393367767,-0.23567400624354681,-0.3090633936226368,-0.33458102345466612,-0.29039947092533114,-0.21782438186081973,-0.13409914821386337,-0.0037404964889653706,0.13238973305983978,0.085277853820186392,0.09657186212447974,0.18033150136470794,0.29921691318353016,0.38627470334370934,0.41962437196211383,0.4239689516169684,0.40803276499112445,0.34415277590354282,0.25878727436065674,0.24665024255712828,0.28158438205718994,0.24833258134978159
