SouthSea_Web/demo/jsonfile/2017-12-15-10.json
{"header": {"parameterUnit":"m.s-1","parameterNumber":3,"dx":0.1,"dy":0.1,"parameterNumberName":"Northward current","la1":29.0,"la2":12.0,"parameterCategory":2,"lo2":131.0,"nx":250,"ny":171,"refTime":"2017-12-15T10:01:52.5","lo1":106.0}, "data":
[rows 152 to 170 of 171, columns 43 to 85 of 250]
-0.41789408666746958,-0.39229115347067517,-0.38864852984746295,-0.36784840126832324,-0.33791961769262951,-0.30664054552714032,-0.28428990393877029,-0.26787823438644409,-0.25347763299942017,-0.23617341816425325,-0.1933470219373703,-0.14000523587067923,-0.06674372851848602,0.027523883618414402,0.1140935371319453,0.19952297583222389,0.24146537979443869,0.2750345915555954,0.29701037208239239,0.31687736511230469,0.32464858889579773,0.33402179181575775,0.3197789192199707,0.29819115996360779,0.2749537006020546,0.26021412909030917,0.26341203600168228,0.28837525844573975,0.3204663296540578,0.3514658510684967,0.36113564173380536,0.34780460596084595,0.31012396514415741,0.26482108235359192,0.2043517529964447,0.15369347482919693,0.098281423250834152,0.075267951935529709,0.0,0.07578914364178975,0.083510927855968475,0.09401996061205864,0.11275347322225571
-0.4341664254665375,-0.42852673679590225,-0.41881419420242311,-0.38261032849550247,-0.34199011921882627,-0.30458087722460431,-0.28103043437004088,-0.26379273335138959,-0.24817020694414774,-0.22619710117578507,-0.18531401455402374,-0.11019740626215935,-0.03818020380276721,0.034716659400146455,0.11144683137536049,0.1425897628068924,0.1999516561627388,0.23166274279356003,0.27304690331220627,0.29331778734922409,0.30467530091603595,0.30147402485211688,0.27750821113586427,0.23999976217746735,0.21863906582196555,0.22646582871675491,0.2552265077829361,0.294743812084198,0.331168457865715,0.35921555012464523,0.36165006458759308,0.3504774421453476,0.315416119992733,0.26017322391271591,0.20560012012720108,0.14948963125546774,0.0,0.10897128283977509,0.10564324632287026,0.11218824982643127,0.10668866336345673,0.11867588385939598,0.12537917494773865
-0.45483129719893139,-0.4465917110443115,-0.43041130155324936,-0.39444686770439147,-0.34503143280744553,-0.31131651997566223,-0.28720606863498688,-0.25719285011291504,-0.22705500821272531,-0.19955635815858841,-0.15697658558686575,-0.088831884786486626,-0.012866302703817686,0.038089884910732508,0.072881917158762619,0.09270411916077137,0.1362525001168251,0.17950582504272461,0.21290215551853181,0.2421790361404419,0.26082153916358947,0.27065212279558182,0.25322828814387321,0.22464928030967712,0.21039940913518271,0.22033644715944925,0.25807517468929292,0.29744030038515729,0.32632897794246674,0.3443478584289551,0.33860214054584503,0.3270166739821434,0.28932105004787445,0.23871813217798868,0.1837209090590477,0.15655715763568878,0.13883022218942642,0.14077497025330862,0.13370843231678009,0.14311912655830383,0.12726106494665146,0.12365255504846573,0.12536555528640747
-0.46750171184539796,-0.44853808979193371,-0.4260248641173045,-0.39469821453094484,-0.34438469409942629,-0.30071219056844711,-0.272468497355779,-0.23750643134117128,-0.19415388405323028,-0.14887857437133789,-0.1046508364379406,-0.05897098034620285,-0.0095572464633733034,0.0265569385762016,0.046929052099585533,0.052594879642128944,0.077440039254724979,0.13292059302330017,0.16680964827537537,0.20234906300902367,0.2337534079949061,0.24493311842282614,0.23851577937602997,0.22381981710592905,0.2133818194270134,0.22258084416389465,0.25053577125072479,0.28002180159091949,0.30753771215677261,0.31536481777826947,0.30744536717732746,0.2935032993555069,0.26383735736211139,0.21297985315322876,0.18115592747926712,0.16771402955055237,0.15632952749729157,0.1541375070810318,0.15111172944307327,0.14428099244832993,0.12775180488824844,0.11274302005767822,0.10579870641231537
-0.47217796742916107,-0.44451265335083007,-0.41904380917549133,-0.3844284787774086,-0.33233102162679035,-0.28609581291675568,-0.23946032524108887,-0.18608237057924271,-0.15642939507961273,-0.11987645427385966,-0.07481752087672551,-0.041037242859601974,-0.010633823403622955,0.0057705982277790708,0.016965661042680342,0.018070055404677987,0.059551200829446316,0.10926936815182368,0.15275644262631735,0.18010777235031128,0.21198221668601036,0.22761204466223717,0.20953136309981346,0.20524608716368675,0.1995651125907898,0.22110855579376221,0.24160046378771463,0.26177219549814862,0.27687773108482361,0.29000936448574066,0.28100926429033279,0.26139672100543976,0.23856201767921448,0.19982846081256867,0.17389251291751862,0.16304662078619003,0.16185795515775681,0.168906070291996,0.16404225677251816,0.14560085535049439,0.12146396189928055,0.10330644994974136,0.073503471910953522
-0.46958137055238086,-0.43752041459083557,-0.41229986548423769,-0.37132433652877805,-0.3187185674905777,-0.25838107367356616,-0.20319436490535736,-0.13873536512255669,-0.09835778673489888,-0.062756153289228678,-0.0391372200101614,-0.021584075565139454,-0.011587952729314566,-0.0090921680675819516,-0.0031150868649092445,0.021790433985491593,0.052991872653365135,0.098125393688678744,0.14922620728611946,0.18546611070632935,0.20164765417575836,0.20334332063794136,0.18082883208990097,0.18207060396671296,0.20335838695367178,0.22845073416829109,0.25501422584056854,0.27747649947802228,0.28953278064727783,0.27494651079177856,0.25583814084529877,0.23663104325532913,0.21689406782388687,0.17431826889514923,0.15943782776594162,0.1637926921248436,0.1731235608458519,0.18014527857303619,0.17715364694595337,0.15737217664718628,0.11321576684713364,0.083668917417526245,0.064818672835826874
-0.46734043210744858,-0.42940646409988403,-0.39901612202326459,-0.3556484580039978,-0.28254090994596481,-0.21527144312858582,-0.15971928834915161,-0.1198824867606163,-0.05461510457098484,-0.026431034755660221,0.0022256865631788969,0.0037677525542676449,0.0016059737342099349,0.0026077661896124482,0.0079081259512652959,0.037235269943873085,0.058252129703760147,0.10008068134387334,0.143651831895113,0.17069767415523529,0.18732216954231262,0.18213609755039215,0.18040765821933746,0.21453826874494553,0.23650743067264557,0.26538766548037529,0.30874344706535339,0.31752248853445053,0.31311393976211549,0.26915168762207031,0.23913108557462692,0.19755175709724426,0.16824893653392792,0.14266082644462585,0.15750241279602051,0.15903080999851227,0.19578900188207626,0.20350621640682221,0.183223657310009,0.0,0.14064563810825348,0.074661768972873688,0.0
-0.44692541360855104,-0.40683245658874512,-0.35827676951885223,-0.30135499686002731,-0.24718799442052841,-0.18758054574330649,-0.10073354244232177,-0.037139993781844773,0.0085931282956153154,0.025342742912471294,0.033556877635419369,0.03299829363822937,0.035107702016830444,0.032627516891807318,0.034837841987609863,0.0538903521373868,0.069555873051285744,0.090470649302005768,0.12678873911499977,0.14153581609328589,0.16552691161632538,0.17315998673439026,0.21469514071941376,0.26043890416622162,0.31417098045349123,0.34057005246480304,0.35019786655902863,0.34403423964977264,0.32487913966178894,0.27777300029993057,0.22179841995239258,0.18450603634119034,0.15380598604679108,0.14684509485960007,0.167946457862854,0.0,0.21285691857337952,0.21356114745140076,0.19843640923500061,0.172978974878788,0.0,0.098417125642299652,-0.0078098373487591743
-0.4417254701256752,-0.37067751288414,-0.31078683584928513,-0.25324207544326782,-0.18612033426761626,-0.10656411200761795,-0.039894739165902138,0.019913535565137863,0.053937435150146484,0.0693192295730114,0.07019759466250737,0.057021363327900566,0.048647587498029075,0.055873511359095573,0.062488794326782227,0.066366729636987046,0.065271221101284027,0.069547163943449661,0.095129450162251786,0.0995160210877657,0.12788612954318523,0.17715592682361603,0.24330154558022818,0.29836356639862061,0.34186893701553345,0.36976076662540436,0.35895489156246185,0.35206305980682373,0.32081590592861176,0.27066868543624878,0.21767117083072662,0.15913084149360657,0.1292286217212677,0.14384354650974274,0.18708105385303497,0.2180970162153244,0.23351478576660156,0.22457696497440338,0.20283304899930954,0.15090864896774292,0.13254207372665405,0.061769671738147736,0.0072786370292305946
-0.40457552671432495,-0.32751838366190594,-0.25924953818321228,-0.20072835187117258,-0.1371987983584404,-0.06906072484950225,0.01044656957189242,0.0710202232003212,0.10037674009799957,0.11316332469383876,0.098255366086959839,0.072259590029716492,0.052632266034682594,0.050973962992429733,0.062082807223002114,0.065238968779643372,0.057562553882598878,0.05079385731369257,0.03682419192045927,0.043102727582057319,0.070410814136266708,0.14687252044677734,0.20361130436261496,0.27306139469146729,0.32920794188976288,0.35748755931854248,0.35087808966636658,0.35957580804824829,0.32128240168094635,0.260325163602829,0.19770713150501251,0.14195562899112701,0.14826041460037231,0.163090318441391,0.18640843033790588,0.23118437826633453,0.2222544401884079,0.22826647758483887,0.19112353026866913,0.0,0.10736143589019775,0.00029982315027154982,-0.062194429337978363
-0.38187338908513385,-0.2930017312367757,-0.20260567466417948,-0.1136784665286541,-0.029413322277832776,0.02092410740442574,0.068636298179626465,0.10766049474477768,0.12557810544967651,0.13604003936052322,0.1179923489689827,0.079517776767412826,0.057589668780565262,0.041905412450432777,0.041144069284200668,0.046276450157165527,0.027315572214623291,-0.00068470872938632967,-0.023154141381382942,-0.0080661885440349579,0.034364039078354836,0.10659535725911458,0.2005152553319931,0.23402181267738342,0.30764873325824738,0.32345455884933472,0.3472367525100708,0.3375956267118454,0.26462709903717041,0.0,0.19810229539871216,0.1463058739900589,0.14690330624580383,0.17749828845262528,0.20951668918132782,0.24995017051696777,0.23073957860469818,0.0,0.1995280385017395,0.13139873743057251,0.0,-0.00043594744056463242,-0.1477091908454895
-0.32156779368718463,-0.23359435300032297,-0.11354252845048904,-0.010877790860831738,0.0494823157787323,0.091941379010677338,0.11921285837888718,0.13589310646057129,0.14626683791478476,0.14112057536840439,0.11021249741315842,0.076746284961700439,0.048058187589049339,0.021338405087590218,0.013020568837722143,-0.004665364138782024,-0.033593677915632725,-0.065893463790416718,-0.074961535632610321,-0.058455530554056168,0.0040252367422605557,0.047973356209695339,0.12842166796326637,0.20143014192581177,0.2643490731716156,0.30723540484905243,0.33792315423488617,0.32362622022628784,0.29207658767700195,0.20518516004085541,0.0,0.12263056635856628,0.14050622284412384,0.0,0.19807177782058716,0.2663557231426239,0.24419347941875458,0.23374815285205841,0.16813980042934418,0.10108485072851181,-0.0041795508004724979,0.0,-0.11891449242830277
-0.23900529742240906,-0.11888524889945984,-0.015327091328799725,0.0531315584667027,0.11958959326148033,0.16645319759845734,0.1791641041636467,0.16393665969371796,0.18261262774467468,0.15940900146961212,0.15007714927196503,0.10979558154940605,0.052350079640746117,-0.014613556442782283,-0.039359600748866796,-0.084103364497423172,-0.082418665289878845,-0.10508594289422035,-0.10908066481351852,-0.078179337084293365,-0.021782970987260342,0.063840931281447411,0.16241039335727692,0.0,0.27784021198749542,0.320167601108551,0.35901707410812378,0.3426688015460968,0.30497917532920837,0.22911477833986282,0.12526622414588928,0.0,0.11421389877796173,0.17614263296127319,0.0,0.25150756537914276,0.2257172018289566,0.0,0.1312355101108551,0.0,-0.0194989163428545,-0.16744941473007202,-0.17945697903633118
-0.22523586452007294,-0.062888436019420624,0.06316550076007843,0.16587458550930023,0.23223976045846939,0.24310858547687531,0.26829104125499725,0.256509006023407,0.23597884178161621,0.19951353222131729,0.13639698922634125,0.0,0.0845603346824646,-0.018895963672548532,-0.10398867353796959,-0.12276262293259303,-0.15183043479919434,-0.14501874521374703,-0.1216842532157898,-0.068987682461738586,-0.0018180385231971741,0.11659859120845795,0.0,0.21305781602859497,0.30015712976455688,0.0,0.35787332057952881,0.35455876588821411,0.0,0.24433918297290802,0.11691918224096298,0.056205548346042633,0.084391914308071136,0.14447474479675293,0.24490047991275787,0.0,0.25459122657775879,0.19635459780693054,0.0,0.047803942114114761,0.0,-0.13140766322612763,0.0
-0.18572752177715302,-0.0054373219609260559,0.16265438497066498,0.27113399654626846,0.31057310104370117,0.35457992553710938,0.36166280508041382,0.32341676950454712,0.27495682239532471,0.21684148162603378,0.15199476480484009,0.12285973876714706,0.038959943223744631,-0.055513191968202591,-0.15610744804143906,-0.188319593667984,-0.19890079647302628,-0.15824750065803528,-0.0721288500353694,-0.021710749715566635,0.061721280217170715,0.11270924657583237,0.18906095623970032,0.25582217425107956,0.0,0.38121175765991211,0.0,0.40225398540496826,0.31406193971633911,0.0,0.12251465767621994,0.0,-0.042008638381958008,0.0,0.1826038658618927,0.21532341837882996,0.13471804559230804,0.18108966946601868,0.14366653561592102,0.061530083417892456,-0.051517128944396973,-0.30727303028106689,0.0
-0.12550801411271095,0.061733479145914316,0.23025459796190262,0.30179992318153381,0.3754734992980957,0.34575964510440826,0.2671409547328949,0.27843582630157471,0.26273676753044128,0.14373739063739777,0.16428838670253754,0.0,0.048060130327939987,-0.1146075651049614,0.0,-0.18655948340892792,-0.15180255472660065,0.0,0.036230605095624924,0.0,0.13961489498615265,0.20372334122657776,0.17206466197967529,0.30425852537155151,0.28659754991531372,0.33811479806900024,0.40469092130661011,0.268810898065567,0.32080397009849548,0.1014188751578331,0.0,-0.064398050308227539,0.13073693215847015,0.0,0.19890263676643372,0.0,0.0,0.0,0.0,-0.14970837533473969,0.0,-0.30299064517021179,0.0
-0.20741906762123108,-0.089237812906503677,-0.0024539323057979345,0.064572103321552277,0.10045262426137924,0.085738532245159149,0.0,0.040248725563287735,-0.051711440086364746,0.0,-0.16547444462776184,0.072279736399650574,-0.041657671332359314,0.0,-0.16606302559375763,-0.1926107257604599,0.0,-0.074683934450149536,0.0,0.031974725425243378,0.073679931461811066,0.0,0.0,0.12603361904621124,0.0,0.10543829947710037,-0.02361699566245079,0.0,-0.12865990400314331,0.0,-0.21309275925159454,0.0,-0.074847042560577393,0.0,0.023176542483270168,0.020356694236397743,0.011167458258569241,0.013358128257095814,-0.022013111039996147,0.0,-0.20684331655502319,0.0,-0.35090246796607971
0.0,0.0,0.028873475268483162,0.082054629921913147,0.093182548880577087,0.0,0.07683514803647995,0.028947474434971809,0.0,-0.0709402784705162,0.0,-0.17993515729904175,-0.24988163262605667,-0.314044713973999,-0.33630895614624023,-0.3657313734292984,-0.3002784252166748,-0.27116626501083374,-0.16594128310680389,-0.13215859234333038,-0.011279431672392093,0.087788134813308716,0.091124862432479858,0.0,0.08174356073141098,0.050300657749176025,0.0,-0.086525991559028625,0.0,-0.17254643142223358,0.0,-0.15980015695095062,0.0,-0.032047733664512634,0.0,0.0,0.0,0.0,0.0,0.0,0.0,0.0,0.0
0.0,0.0,0.0,0.0,0.0,0.0,0.0,0.0,0.0,0.0,0.0,0.0,0.0,0.0,0.0,0.0,0.0,0.0,0.0,0.0,0.0,0.0,0.0,0.0,0.0,0.0,0.0,0.0,0.0,0.0,0.0,0.0,0.0,0.0,0.0,0.0,0.0,0.0,0.0,0.0,0.0,0.0,0.0
