SouthSea_Web/demo/jsonfile/2017-12-14-23.json
{"header": {"parameterUnit":"m.s-1","parameterNumber":3,"dx":0.1,"dy":0.1,"parameterNumberName":"Northward current","la1":29.0,"la2":12.0,"parameterCategory":2,"lo2":131.0,"nx":250,"ny":171,"refTime":"2017-12-14T22:58:07.5","lo1":106.0}, "data":
[rows 95 to 113 of 171, columns 43 to 85 of 250]
0.0,0.0,0.0,0.0,0.0,-0.0071527387996354061,-0.10751604148936167,-0.16366727918791932,-0.18745873628676624,-0.20135725965866677,-0.20459619056094777,-0.18634263829638562,-0.13442290104216054,-0.047731374623253942,0.019240770693586179,-0.025413701320192904,0.0025782759527347107,0.078592031204607338,0.22744398820213974,0.27873053137333165,0.21203097756952047,-0.056646146497223528,-0.16283305297637807,-0.11265650615096093,-0.068428286109809527,-0.016598010873261453,0.0898225176303337,0.27399521267839838,0.32167394638061525,0.27372397535613607,0.24418953185280165,0.21848452587922415,0.19116295625766119,0.17836916127375194,0.14960378822353151,0.20217907839807972,0.16794047145931809,0.125432460215585,0.098379601939366415,0.095500490699823082,0.11393087511432581,0.14883490592241289,0.13743568648552074
0.0,0.0,0.0,0.0,-0.032111306914563119,-0.097828108527056576,-0.12789555673076902,-0.19370933540631086,-0.2208465915983138,-0.2319908766713861,-0.22367737347429448,-0.19169438719749452,-0.09143057002008638,0.014760538778500632,0.035764404902389892,0.0579612545000437,0.0380700705190975,0.14861455412976671,0.239836627917905,0.21866368676225345,-0.010072949775976354,-0.14522906213998796,-0.10702542907425336,-0.081127315511306128,-0.054420003736460651,0.10385252395644784,0.24235770825682015,0.30761087206857546,0.21357089501840096,0.17354824393987656,0.22159566923424048,0.22285825873796755,0.18968422379758623,0.19742230325937271,0.17359504562157851,0.16955900854534572,0.13661264398923287,0.11721108046670754,0.10475828097416805,0.10515303670295648,0.1003519735402531,0.11102895521455342,0.10859764808857883
0.0,0.0,0.0,-0.057566507761789995,-0.0792322777857657,-0.10842964136400703,-0.15268459530560286,-0.1975952157920057,-0.26013221662668956,-0.28018137966008749,-0.22854266067345938,-0.19006376123676697,-0.11382078370926055,-0.016195013370764042,0.068591802272685742,0.034651946382258429,0.039458454939137612,0.15092741591589792,0.20510963449875513,0.026055569790544048,-0.22492125683597156,-0.16676189502080283,-0.10958307814495318,-0.037573065835333964,0.095070076773741422,0.17443351319123959,0.2633793320920732,0.21602772069828852,0.15961278312736088,0.19988636246749333,0.24340144738003058,0.18664646787302835,0.16950448549219541,0.19473276197910308,0.18367620640330845,0.18020895066169593,0.15813267550298146,0.14824551035617961,0.14150115475058556,0.10874481857926757,0.059810015731132947,0.065350243688694062,0.073974527142666
0.0,0.0,0.0,-0.10399246219377448,-0.12660657674214751,-0.1120213262496456,-0.148770847727382,-0.20339112743735313,-0.2283972021411447,-0.22310062870383263,-0.1499196659507496,-0.090762694473736555,-0.048164531310745093,-0.026351463697032958,0.0092847942767155071,0.1117173998306195,0.20132695734500886,0.18187890434637666,0.086916381204179646,-0.1270740304607898,-0.083412776636923175,-0.010085285416450995,0.035349834296438426,0.10415852765335926,0.13754996976682118,0.22647014579602651,0.22900997315134322,0.174544931604312,0.18644848189972066,0.1942265188055379,0.19029707461595535,0.18348268579159463,0.16950291726324293,0.17971441149711609,0.16130930288084622,0.16788096210131279,0.18097932493457428,0.18982358455657958,0.18366109420146262,0.13260092641468402,0.059111965627505862,0.037503815470979765,0.034742676392197608
0.0,0.0,0.0,-0.13902026403549256,-0.13938286879131098,-0.18309342517302588,-0.19210785503188768,-0.22345956057930985,-0.21778467481399511,-0.21688358338785843,-0.182986098776261,-0.10678213321584829,-0.048878042918215389,0.049259553368135194,0.13352852079429126,0.1619871525388015,0.1987362475164475,0.078729693715771043,-0.10786543052756425,-0.035261736904841759,0.081525492448625822,0.09619753000636895,0.14357026692094474,0.12934719826336261,0.22002534825226355,0.22333680314046364,0.18218780170988153,0.20606978403197396,0.23455091086881502,0.26180239713617731,0.21313004016876222,0.17894962043673904,0.18655895973954881,0.23036143294087164,0.22722352564334869,0.22721437513828277,0.22285861149430275,0.20900219732097217,0.18938878956048386,0.14941748949112715,0.09763687677108325,0.0567587659909175,0.029179267456819272
0.0,0.0,-0.13418950268200466,-0.19581847700417182,-0.14988982526025152,-0.201063340459321,-0.22296766791128575,-0.23698290328956345,-0.22230003857985139,-0.15478770908984271,-0.13560869014607027,-0.069249589208756457,0.11155521302587457,0.12851246752035925,0.090724038645728589,0.050230082314115979,-0.022547727404504687,-0.0031611775458954714,0.0695049746202365,0.11070878298154899,0.11251528048887849,0.12428642490080424,0.087361976504325867,0.16946635343905153,0.209711858859429,0.16446870966599539,0.18173838513238089,0.20807981147215918,0.22796667505193641,0.22835847841841833,0.20135396833603197,0.16761389800480434,0.20796377736109276,0.24823962418096407,0.23629858374595641,0.21903716800389467,0.22019107926350373,0.19605745547092879,0.16253170743584633,0.12655357301235198,0.10277862789539191,0.0723671346370663,0.061837366280647427
0.0,0.0,-0.22370453391415188,-0.23865533202991518,-0.18160814930904168,-0.16229681624099612,-0.13574274020890395,-0.17095062650233797,-0.22659141971886931,-0.26020484967873647,-0.20615997107005588,-0.058433144029391849,0.069428101831743888,0.12702099699527025,0.10014318845101765,0.074296718879945975,0.1247999392675631,0.17858688894546393,0.12796244792865985,0.13554660763059342,0.1234674636008484,0.072049775347113612,0.096989305689930916,0.17621879169234522,0.16182682556765421,0.17128751373716764,0.16812883849654878,0.21266340357916697,0.23621036226932818,0.197203963443085,0.13645423490267533,0.13789048524839537,0.18008439719676972,0.20310591037074724,0.20186993708977333,0.17393282399727747,0.15538487468774503,0.16409073173999786,0.14060333399818495,0.11181069795901959,0.0833201790228486,0.055729592889547347,0.060816721131022163
0.0,0.0,-0.22766891957974811,-0.39278944571011348,-0.20594846760785138,-0.22487010407357161,-0.218754938017163,-0.198659453784751,-0.21538703077578847,-0.11702458512322125,-0.09135923623107374,-0.056741592601280318,0.015202942684194759,0.11982437384289664,0.12019719800778798,0.11074257539264087,0.13216941989958286,0.094311587911631384,0.13341083484036581,0.16508621482976846,0.0725386684228267,0.11152393483955946,0.18886537583810942,0.20679360021043708,0.2053739290546488,0.19847433588334493,0.18649031049930132,0.19919328570365905,0.22092231169894891,0.18000704369374684,0.14164040625095367,0.14923695116131394,0.19165476411581039,0.21213134803942271,0.21244616868595281,0.18247841126643694,0.14353611707687378,0.13180132403417869,0.12208219587802888,0.10273416500006403,0.056939134241214821,0.023122862279415131,0.023563893010409977
-0.0019590186812295119,-0.10285416710786663,-0.13655777521011261,-0.18602477373209542,-0.19313193276486435,-0.22253408073617595,-0.18202128691336839,-0.12914615781516384,-0.12916350002224381,-0.081193887789187763,0.01158033882578214,-0.035947239043463655,-0.017449150083675272,0.066185719641526378,0.089364340923952332,0.068325185616101541,0.12706458123941575,0.18675367765385528,0.15905785427561828,0.14966974700135843,0.18793638050556183,0.18059541450606453,0.19076164177170507,0.24654623923393396,0.25186866177962375,0.24924760639667512,0.17180097794958524,0.13292449823132269,0.17161367058753968,0.21235293370706063,0.16701937549644047,0.15732855235154813,0.17940117716789245,0.17940591213603815,0.18731331646442415,0.17629697632331115,0.14792964579882445,0.12305899202823639,0.099901195881622176,0.084448199408749744,0.049064841199045382,0.022634054068475962,0.010736773270764388
0.030520203261938911,-0.099976220966445081,-0.200469285492443,-0.16131492794463129,-0.16874835211783648,-0.12971892094128804,-0.058336785158883832,-0.065964219361561743,-0.097337685897946363,-0.0326351474549693,0.00678523523998188,0.0020230866242567764,0.015945965814513758,0.032145338249392807,0.11745349377874405,0.148088140084463,0.16448968391993951,0.17359986954501697,0.18028792259948595,0.14432365778419706,0.15443338347332819,0.23132399221261343,0.22078218338666139,0.21982900321483612,0.24433097615838051,0.21069409010502008,0.14725617663218424,0.10696641413065103,0.14970305029835021,0.17253853315892426,0.17016635770383087,0.14737363045032209,0.16349360512362587,0.17910021007061006,0.18353114962577821,0.16472025990486144,0.15064394154718944,0.13176350737059558,0.09239275722453992,0.070253205299377439,0.04410893151847025,0.030362893413338397,0.01110415398919334
-0.051662162470671062,-0.13947248838376253,-0.18366193888234159,-0.16842646353425236,-0.1438504512493427,-0.066507930076513871,-0.052868662620514643,-0.060972089833942138,0.0031824196688830853,0.013085298801871792,0.045775316689708613,0.0804348994578634,0.087270379415713251,0.10870778392399511,0.11534297778721779,0.15059705900734868,0.15774787110941752,0.15737178602388927,0.13919958525470325,0.1234017022781902,0.11666593203941982,0.1789834602521016,0.20298204433034967,0.18901380724631822,0.20439855381846428,0.17683612478190455,0.12298685215089632,0.090535742817101653,0.12830049401292434,0.10264038853347302,0.10948763071344449,0.1129959065605093,0.13744940379491219,0.1331682875752449,0.12924196541309357,0.14632926329418464,0.16589108044686524,0.14975194575694892,0.10514186046741626,0.063539346591347745,0.031874665012583139,0.012168840426431201,-0.0003691145917400718
-0.10775185257664155,-0.19007817853493558,-0.15697714841994076,-0.15748819011139731,-0.10989030653105021,-0.046439416220446256,-0.018122240157756753,0.020922716901507935,0.010971962317573624,0.055438834675696005,0.08729141424683963,0.10024015046656132,0.10552922430737265,0.11447586427474844,0.12512692010828427,0.11653864915881838,0.14110608205751138,0.11550819581108433,0.09872805934261393,0.10842994434965982,0.10774561017751694,0.13713277352076989,0.13470193922519683,0.15198466697564492,0.15131699155878137,0.12752357956308585,0.10679699728886287,0.086894098669290543,0.085632755636022642,0.05054108515057875,0.070891097601917058,0.099149919748306281,0.0875818344950676,0.069580818216005966,0.073449140345608746,0.1052592508494854,0.11357961566402362,0.12215001195669174,0.10693292282521724,0.072663113474845886,0.03432369188716014,2.2537863432345066E-05,-0.030916836245783737
-0.21478563008682375,-0.17672816491373511,-0.10357486344687107,-0.070506225084385893,-0.075882006967129517,-0.040748560039358991,0.01945885313199262,0.089097431053717938,0.082320448828906545,0.075494078298409775,0.076094673946499825,0.0994451115173953,0.11374322042382996,0.12643033180099267,0.11537605732679367,0.096445321738719947,0.084540694419826784,0.072138215681271892,0.068266190588474274,0.074963604548463111,0.079680140795452256,0.094197862446308137,0.093885773482422039,0.086252930041934767,0.10900628535697858,0.11068159937858582,0.082538617631563768,0.052265603095293045,0.045318072948318258,0.062497583031654355,0.10051784032712811,0.093298742473125459,0.068783758673816919,0.059017814695835114,0.060404726769775152,0.053288589434131332,0.035357704089785162,0.049133548841756934,0.06358367552359899,0.055034550172942023,0.030046333403637011,-0.0021742000112267719,-0.042208529742700715
-0.16836985899297158,-0.11333615002584382,-0.08660206112189818,-0.066072437707308793,-0.031802589714184266,0.016498080075446828,0.044709333110417068,0.078549437390433421,0.066344401985406878,0.040919664886689952,0.05422669627632086,0.082629344253628348,0.10473571300506591,0.11675285175442696,0.11239472955465317,0.097845214903354641,0.087350593948805774,0.068358432352542881,0.057074518014605231,0.050361097479859986,0.042424867502771892,0.062562539863089725,0.0694272594096569,0.04830846883356571,0.0683169021892051,0.071314163644004752,0.046435704454779625,0.0426637901365757,0.083934110673991119,0.12749842696246647,0.13062482469138645,0.10860312208533288,0.09402794241905213,0.084480413049459455,0.051582202511398417,0.034273751627872974,0.022762035622316247,0.0071160865093891816,0.011463714904883611,0.014493914417331465,0.015655425610020757,0.0068724397569894791,-0.012981162872165442
-0.097848205571228336,-0.073855426169086427,-0.053396679123939382,-0.041876334123619692,-0.048431696546630876,0.039716063420014387,0.082939834353771613,0.072032026414360323,0.049275350377515507,0.038206311091780659,0.054760140100760121,0.061242027351489432,0.083019271217010637,0.099723594263195992,0.11220412169184003,0.11778660544327327,0.091968277469277382,0.063000754381601631,0.038308658432215453,0.020718432762178367,0.016528720197339471,0.014818991757929325,0.013894778815133927,0.0022843050982919522,0.012220630854995839,0.014226379034959751,0.025709993043995422,0.055467848581346596,0.0763599890328589,0.10403568223118782,0.14779856316745282,0.14227859009253352,0.13181954896763751,0.12301919050514698,0.086302824784070253,0.063757398564900675,0.041078234215577443,0.016236107602405053,-0.0056053275426772116,-0.013250095886178315,-0.00081333308480679989,0.012645991585616554,0.015837361104786396
-0.084271497507956941,-0.16544792672366271,-0.1141717195020837,-0.043082854943349957,-0.010109000719829646,0.062812389785216916,0.07821699435060675,0.05506745430416074,0.024089485551739925,0.0057428505172504593,0.0084477755361669037,0.019256548907864709,0.054057991664324491,0.089627245973263464,0.11080008213009153,0.11608967830737432,0.0781583356271897,0.036457761689754467,-0.012220206527452884,-0.031967804964201957,-0.029480275814421475,-0.029521724060177803,-0.019363233686557839,-0.014475365594515333,-0.033329040432969727,-0.029737817550388474,0.0012699579820036888,0.02896934552561669,0.062331005342696845,0.12530004940927028,0.18662484269589186,0.16223944898913889,0.15110107231885195,0.15079968869686128,0.11035204976797104,0.066908547798028364,0.031332976371049884,0.017514202743768692,0.01357476445264183,0.0072128628879519442,0.010670003607325876,0.0238271351903677,0.034882675390690565
-0.22353560517889909,-0.16632930317173039,-0.048161963152476041,0.028924933426554032,0.04816938454128239,0.088726504938676953,0.078570068020511558,0.048703529227238432,0.0098015624395114947,-0.022050780340515334,-0.02840937940137727,-0.016788998711423052,0.025805769255384803,0.071476534970345035,0.1106154341250658,0.12527142104602629,0.065065250314515211,-0.001435301011247981,-0.049364606046984935,-0.064843834191560742,-0.060214440696514569,-0.050332370480256419,-0.01975657609498874,-0.01621368372841971,-0.051851640045642855,-0.041377072829915131,0.00065706676243627,0.0316921639300528,0.064370558450096538,0.10304149906886251,0.13895423809687296,0.13006987712449497,0.1266513972410134,0.10978076656659444,0.077007848148544625,0.057025050913745705,0.03337447971782901,0.029429669491946697,0.038653396602187841,0.031968967722994943,0.016615556863447029,0.02195211611688137,0.035388729721307757
-0.12712343229499998,-0.054985959368490579,0.035973549792644284,0.063145867841584338,0.056818033729133938,0.07967376664280891,0.060623885994708096,0.041429750288703611,0.011704467422658064,-0.00369485994076146,-0.0078823535687065332,0.014916802171265354,0.048080935538040867,0.078839359748544113,0.11832248675636947,0.11500719642719708,0.04740821948331414,-0.025667690477954846,-0.049687320761608353,-0.043309466913342476,-0.042506668998888046,-0.036202915912044456,-0.0068745809739680381,-0.00440950366072894,-0.028016507768860228,-0.025977403247019366,0.031150279852723048,0.061505865305662155,0.063206713291860755,0.075020146017011846,0.10758093046024442,0.088649402239492955,0.07925206209932055,0.076039657569848568,0.0775347501039505,0.081958063624121932,0.070639449275202215,0.048748614266514778,0.029993616310613497,0.020739904418587685,0.0064723377581685781,0.009895315277390182,0.020798938348889351
-0.055056021608678361,0.018290154788909215,0.025648555369116366,-0.0006045924577241143,0.032168595069099234,0.033385849383194,0.020156294163488957,-0.0045850096192831796,-0.032748753335908987,-0.018511480802450988,0.00085898725107351,0.020475399134946722,0.072590738534927368,0.088401665715010541,0.074473895398633819,0.043890428988056049,0.012103271730666165,-0.030442224092487442,-0.029221744953908703,-0.00794843266316269,0.0067879495443776252,0.0068022047518752514,-0.0017588054997131936,-0.00480351918875905,0.0051195725995617416,0.013531969237821894,0.073381637409329417,0.0877122398879793,0.048694315832108259,0.048077502184444,0.0879239450312323,0.080569499234358466,0.067389745838367016,0.066490269181403244,0.06674662940204143,0.06861254945397377,0.06308461642927593,0.043216329688827194,0.015626341570168734,0.00907188580216219,0.010599781526252627,0.011222825571894645,0.015386525541543961
