SouthSea_Web/demo/jsonfile/2017-12-15-18.json
{"header": {"parameterUnit":"m.s-1","parameterNumber":3,"dx":0.1,"dy":0.1,"parameterNumberName":"Northward current","la1":29.0,"la2":12.0,"parameterCategory":2,"lo2":131.0,"nx":250,"ny":171,"refTime":"2017-12-15T18:00:00","lo1":106.0}, "data":
[rows 76 to 94 of 171, columns 43 to 85 of 250]
0.0,-0.082572998817671425,0.0,-0.066253670932430966,-0.13555300835054368,-0.073896174560789785,-0.021314468110916963,-0.032437937943032014,-0.13710173090061029,-0.16444302534816102,0.003114129592467714,-0.013236123595356411,-0.036978840132554369,-0.059515834628389434,-0.069241377966184361,-0.096231827344440052,-0.16306199021637441,-0.17550807214174113,-0.2419847681902457,-0.21810631831487021,-0.16023605697684817,-0.19936818520674546,-0.23483393891997959,-0.2725004705098959,-0.23707297833553,-0.16324456478806509,-0.097669266049678516,-0.090072779345416257,-0.0772800933001405,-0.12861745514101902,-0.2205232467691777,-0.21902338595225893,-0.17598520522400485,-0.14481411356542071,-0.1140709595133861,-0.12067563047534541,-0.15595201819629992,-0.17283792287111283,-0.14496262390644121,-0.10919409897178412,-0.12185193970799446,-0.081240017020276611,-0.037832765149530663
0.0,-0.17192761455534969,0.00497188937601591,-0.27011994072434881,-0.064931331125582678,-0.062761500482518356,-0.0588167292430349,-0.0964525616210368,-0.15422337085282037,-0.12291764220869055,-0.04966567685561521,-0.041175152208389978,-0.076475919783115381,-0.14166724926135579,-0.17309254646431982,-0.040841491881006046,-0.19940980744816489,-0.27473569829617778,-0.24502358864992857,-0.23730014768593452,-0.14331835668001855,-0.14008711989630351,-0.13090114061956976,-0.12704240063489494,-0.11395381150337366,-0.10455951956100762,-0.0947109087080252,-0.1168067824156558,-0.14481754588584106,-0.15353196807976427,-0.20423349166909854,-0.2423408113952194,-0.22098108963532881,-0.16544695024689038,-0.13088479380194956,-0.10681143083742686,-0.094801102799397921,-0.080599318630993372,-0.080625304538342685,-0.091610051931873451,-0.0803271548758293,-0.083604184703694448,-0.08131100781835042
0.0,-0.22189646202400581,-0.10352901531977608,-0.090486275335940364,-0.08810105645972971,-0.057085168505595488,-0.12328268167503337,-0.15452266829088329,-0.14802944132914911,-0.11329620604713758,-0.085702712514570775,-0.11902395648260912,-0.12103492458318842,-0.21672888895717718,-0.24366110298902757,-0.14897574882568984,-0.12033990091614184,-0.21799425234397252,-0.20990075938629382,-0.1873549340201206,-0.17616808459614264,-0.15371598035562784,-0.15871018779774507,-0.10941898613645319,-0.11291395072583799,-0.12919188779397089,-0.11377359656938191,-0.15391599151648974,-0.14655907325825449,-0.19391213992127665,-0.18060466394109545,-0.19694283690590125,-0.21237621779711741,-0.16905005408657922,-0.11847903163627137,-0.098460488580167288,-0.097702377148576686,-0.082562059070914989,-0.058909618310750492,-0.051921270954023512,-0.074984576921754822,-0.10302356362342835,-0.078840016126632689
-0.1524258911895231,-0.099679611253883,-0.19073410187811815,-0.033645984257519662,-0.0396827619157644,-0.11687444357408418,-0.15642677405566879,-0.17387952036776785,-0.15354604614993272,-0.14400111290357881,-0.14774936710794767,-0.1967128803164272,-0.20793992999408925,-0.15585204453340598,-0.17241497286434832,-0.14689100670317809,-0.147036807735761,-0.15710143183098466,-0.13646864274452472,-0.15494102190752498,-0.16486627968220874,-0.15322792757365664,-0.16128830302436398,-0.14521114812655883,-0.1233083220391438,-0.11924762644295422,-0.12998913257167891,-0.11397290857983571,-0.13368466749787331,-0.15363093627535779,-0.15408794316980573,-0.1536482117879085,-0.17281887531280518,-0.14995051962988718,-0.12257719609667273,-0.093085144731131469,-0.062937644099996942,-0.015530644462379659,-0.011735172739876858,-0.027636087861739926,-0.04766832354653161,-0.05087384685873985,-0.0652846020114209
-0.3395672153070336,-0.20096572976577662,-0.05736114162585286,0.00058542863957376941,-0.13629458998056018,-0.19142091003331271,-0.18638224694235572,-0.18282084846705721,-0.1966278621200788,-0.19980973058513232,-0.23335703424477983,-0.21560171911759035,-0.16701700731560035,-0.181135251629548,-0.16792148804025991,-0.16133049887711884,-0.15552053562665391,-0.14974750528732936,-0.14282272857124523,-0.15220625724258094,-0.13774568707283055,-0.16357649395278856,-0.15923477709293366,-0.15710934510697489,-0.15666451755651209,-0.13080695039696164,-0.112358045340939,-0.12792178332096055,-0.10791371259838342,-0.13984309646644091,-0.15170133527782229,-0.13945352242273443,-0.13214290142059326,-0.13103399618018058,-0.099469906435563013,-0.069609791439558782,-0.072623955945555985,-0.050491879521696655,-0.050140184923433341,-0.074350568017473931,-0.089578182436525822,-0.0636322484537959,-0.034925181334256192
-0.093289017407725772,-0.22025927977671114,-0.21109233887898174,0.1619990821340058,-0.11783621793106329,-0.22430290148726531,-0.20258991263414683,-0.20774857034640654,-0.29682832249140334,-0.2618235039003825,-0.20747980278617931,-0.19013597763010434,-0.16064800444196481,-0.18310559797903586,-0.17145067304372788,-0.14450815908218684,-0.13946928083896637,-0.15190127178242333,-0.1428946600121967,-0.10828643579754912,-0.14530123250102098,-0.13348024804145098,-0.1647004107279437,-0.17915242108014914,-0.1318546896310229,-0.13398246074977674,-0.12147961263403748,-0.11540626553264824,-0.10656043187235341,-0.10046888305805624,-0.13480108045041561,-0.13025665051978211,-0.12459105281875683,-0.11369658128491469,-0.10825576633214951,-0.078638274300222591,-0.066222498479944,-0.064098593399480541,-0.045244594609054424,0.021776271963832326,0.039743336349991817,0.030904405349348154,-0.0080982328822406437
-0.14963092530767122,-0.10539208424035172,-0.27414584946225989,-0.26724375683483093,-0.093889118503092936,-0.26679931332667667,-0.23239294998347759,-0.23866968884550291,-0.35083707156827892,-0.29966896669618015,-0.21513648331165314,-0.18740226101067106,-0.18418406463902573,-0.15416383023063343,-0.14720937402711976,-0.1649058805457477,-0.16622616919604213,-0.1371550891134474,-0.1298239437757798,-0.13643107973799415,-0.099540197978849,-0.11897413050517058,-0.15408109596797398,-0.14959673145238092,-0.13995099383773227,-0.12849698689850894,-0.0992614184365128,-0.10031684637069702,-0.091392553238957022,-0.09605227576361762,-0.097050263147268973,-0.11165564937087205,-0.13728927627757745,-0.14218531192644782,-0.12420137723286946,-0.13393453537271574,-0.098076148405671124,0.012585851746345205,0.048146142456680537,0.0039621158042185316,-0.013862880237596712,-0.051088737285075091,-0.10266654136089179
0.020140257683378029,0.19719722936978151,-0.050446561831312159,-0.19269800931215286,-0.20013720407372429,-0.34675752459946324,-0.31155785332833019,-0.30511889907351714,-0.35493226554887047,-0.28731737576298794,-0.24604092358515181,-0.19179635385020835,-0.15082593105341258,-0.15838381222316197,-0.159644715487957,-0.14144004909497387,-0.14958519099847131,-0.13731381868900255,-0.11270390450954437,-0.11775999090501241,-0.10170254900174983,-0.11166905069893057,-0.15002664583069938,-0.15216930905977885,-0.14115515127778053,-0.15441093568144174,-0.156499067000274,-0.12024182853875337,-0.1061322926901854,-0.10415290181453411,-0.11174198891967535,-0.10911751857825688,-0.12455061995066129,-0.12819342888318575,-0.085331735163927072,-0.022843964805360883,0.0080995074173328113,0.01020534103944166,0.00096382078266254176,-0.02950164697204645,-0.079021588933688616,-0.086032577145558134,-0.10073406063020229
0.0,-0.046985136704691961,-0.025210637117668348,-0.15002437408547847,-0.25057616413343609,-0.39707214928962087,-0.42496200820855928,-0.37176382939020791,-0.3408286028331326,-0.29539982461538472,-0.24533984091198235,-0.1924816174087701,-0.16482533514499664,-0.140636056214571,-0.14343068500359854,-0.14593475808699927,-0.14060532932098097,-0.14392040421565375,-0.13883999900685418,-0.11762331313256061,-0.097357390869048335,-0.10512977735749607,-0.12318777106702328,-0.13387367821165494,-0.12352682539710293,-0.11824667155742645,-0.12242479163866776,-0.13903660900317705,-0.11484107203208484,-0.11904573985017262,-0.14069873409775588,-0.15191694752623638,-0.15121661589063448,-0.15756416177520385,-0.088011494766061127,-0.042713605082378939,-0.061504523158073428,-0.078756396425887942,-0.10859682873405259,-0.081740712613931718,-0.086792011745274067,-0.065008023960722819,-0.032526235023397021
0.0,0.0,-0.17493178423804542,-0.2515359903307266,-0.37727299157310934,-0.39276251407584761,-0.51298431149670776,-0.45037064148533729,-0.38042645925475704,-0.31220263189503122,-0.25423642303104754,-0.18313471516784358,-0.15449090267336646,-0.13396700079503812,-0.12010547870563136,-0.14737635367625468,-0.13143695326465549,-0.15308816268526274,-0.14320228197451296,-0.10208860536416371,-0.11364545314400285,-0.11912894592835353,-0.13401953302896941,-0.15423614352941514,-0.12603288430434007,-0.11056050228384826,-0.12564622312784196,-0.13071439931025872,-0.16885991275310516,-0.18405550489058861,-0.19366318445939285,-0.19085613179665345,-0.14645969343406182,-0.083728863499485523,-0.085857922832171127,-0.13354304570842673,-0.15558124919022834,-0.16117651981336098,-0.16056712888754332,-0.11454414097326142,-0.057222260153918923,0.045481471827120652,0.077044778902615824
0.0,0.0,-0.28339281148434459,-0.29083610668997556,-0.39385883875793831,-0.31480393575521204,-0.46449432351503028,-0.4670570249358813,-0.41157390033045121,-0.32384241951836479,-0.26538439398562469,-0.18407413939183409,-0.14080563113093375,-0.13884504904088221,-0.16240409693934702,-0.13810968423883122,-0.14106438882075822,-0.17593111576778547,-0.13524129076136482,-0.097060503748555974,-0.0857830448448658,-0.079799852733101168,-0.072981872810767248,-0.087628769929762235,-0.11311206042766571,-0.14379475830957808,-0.1723789440897795,-0.17512053509171194,-0.13147570468761302,-0.1006173170529879,-0.068890890930421084,-0.044311878892282643,-0.069145627181839059,-0.13777767760413034,-0.21147201776504518,-0.25582827848416789,-0.24735062110882539,-0.18702757800066913,-0.12020532761154504,-0.12171513183663289,-0.052750950446352363,0.091875294223427773,0.11346256972423621
-0.12664171378931094,-0.25962587505240331,-0.33098352094491323,-0.2862350816180656,-0.11704651935382143,-0.20763638263535819,-0.1369577555870114,-0.33950546573078821,-0.36010640859603882,-0.34251526573248076,-0.26779844626492144,-0.189942771480197,-0.14051510649068014,-0.13590208465053189,-0.13720106247525948,-0.14496302821983895,-0.14394736455546486,-0.1366383473460491,-0.14150738114347825,-0.11275551015777248,-0.11407438579660195,-0.14379787631332874,-0.13837666779756547,-0.093954898416996,-0.0901283448934555,-0.15906152460310194,-0.17305494679345024,-0.089741085682852342,-0.023844225253705425,-0.024790250316814141,-0.064666705671697855,-0.11041854336857795,-0.1883263559295581,-0.25741102317204845,-0.29732534608670641,-0.32877558928269607,-0.26305342493233858,-0.16213126957416535,-0.0687800289356503,0.04894374366159792,0.088280567923432279,0.0856779108941555,-0.0182146908424329
-0.0938039317975215,-0.036497543999633078,-0.037303627775717128,-0.11125726134238405,0.12071209601177596,0.25106676426056085,0.08455665233447468,-0.18147914331467424,-0.25222452400160617,-0.25350842624902725,-0.24057617491366817,-0.20365129682150754,-0.18604973343110853,-0.14191979583766726,-0.13701491597397575,-0.16274130630951661,-0.17215851225234843,-0.15604626304573482,-0.12301252506397388,-0.11501818398634593,-0.10420059951554452,-0.089241217123344541,-0.089453632216900586,-0.11034386260090051,-0.14691647035734995,-0.15515176786316764,-0.0864660430413026,0.00610297217132972,0.0088584029165628773,-0.025126807239408102,-0.11972022001390104,-0.21090367767545912,-0.23829751323770593,-0.236110246291867,-0.19776532977819442,-0.20006612559844708,-0.12724540993571282,-0.02155530581647461,0.036951288410152,0.0560792343905912,0.020041474860940631,-0.046878658064330621,-0.0881646365783776
-0.0077106184354583411,-0.0065828777010774348,-0.014158750054642844,0.012859068267466177,0.27734650540930617,0.24156259299304925,0.098355941825592125,-0.0726666478558554,-0.20665814535271737,-0.24394956710083143,-0.24705475497813451,-0.21863891136261723,-0.19797824599124766,-0.18137560453679827,-0.16057081233996612,-0.18214847644170126,-0.14310370484987894,-0.12142521391312282,-0.12782396881708077,-0.08326753295425858,-0.027621041077913508,-0.018477323619923221,-0.060208057014928533,-0.12039776781090984,-0.18598464475228235,-0.15104360464546415,-0.0031830515815979904,0.042591773403378635,-0.0061688876384869218,-0.10315721941047482,-0.23001117314453479,-0.28782146309430784,-0.28356070456833676,-0.24653518199920654,-0.18764870900374192,-0.078437129408121115,-0.05707337319850922,-0.040223787786089815,-0.0389273999497728,-0.026154165156185627,0.041185409105050245,0.077353479244328782,0.1251193567360234
-0.00038384321516404221,-0.025734610855579376,0.0052897905591228842,0.11144903867874444,0.0,0.025398471717428612,0.011452613003215944,-0.066955041434128018,-0.21201262086629868,-0.25649441338398238,-0.28774169385433196,-0.22030183406812803,-0.20085912996104785,-0.19936762590493476,-0.16065241653343726,-0.14939119641123147,-0.14536856757155781,-0.10126872553393759,-0.041111072782298613,-0.032784234387455161,-0.066072942223399878,-0.11379654050387185,-0.15438896503586036,-0.16707392961814485,-0.16585256120768085,-0.020168575958383304,0.078170973807573318,-0.0065634784605835793,-0.14300621028702992,-0.2546264543025582,-0.29453857779502868,-0.33921892996187564,-0.34357974827289584,-0.25352922081947327,-0.11393401061219198,-0.061361122446564526,-0.027837904710655233,0.02431429243060174,0.06661396028680934,0.081653624027967456,0.14516008853912354,0.168847566900345,0.11128158087376505
0.0,0.0,0.0,0.014664234820412713,0.0,0.0,0.0,-0.19118048776598537,-0.30028226091103122,-0.28194447798388345,-0.24590823852590152,-0.23648407948868616,-0.20400176890965166,-0.17280234348389409,-0.14361698383634741,-0.14956673075045859,-0.10017722024912795,-0.018833579012217733,-0.032864474819908882,-0.0909502493410275,-0.13716715015470982,-0.16964104984487807,-0.20278036402117822,-0.14862594294741197,0.029702575053446569,0.073574087233282626,-0.017027380750872768,-0.18157748505473137,-0.26500254759082087,-0.27693832748466068,-0.366310085411425,-0.38483245174090069,-0.30832282453775406,-0.196897300103536,-0.027017784870882418,-0.009369639098790853,0.025364124964523529,0.028363331461903351,0.047585222348570821,0.089700576849281788,0.10966731175299614,0.10072683143828597,0.068133180029690266
0.0,0.0,0.0,0.0,0.0,0.0,0.0,-0.29901304402772116,-0.34040247350931169,-0.26185943186283112,-0.23753567039966583,-0.24512720806524158,-0.19883908918409637,-0.13184744236059487,-0.11778575662643678,-0.12947831326164305,-0.075099850715748193,-0.077677205847255112,-0.1150686473682009,-0.16201188531704247,-0.20273267811742321,-0.20367038937715384,-0.077027626352519876,0.043582707160600913,0.066337227301792825,-0.050260808832686521,-0.19982238805719785,-0.26759099428142818,-0.33051789265412551,-0.38054311488355907,-0.36581083387136459,-0.24667155466697835,-0.077224945433920736,-0.020902568310568179,-0.051968821436166761,-0.06192504076271093,-0.015355171069727632,0.018052531549795369,0.051167037938871694,0.072833418713084283,0.070406005062438826,0.084931227777685442,0.078301659888691366
0.0,0.0,0.0,0.0,0.0,0.0,0.0,-0.36130898802176764,-0.31506002470850947,-0.24977684382236365,-0.24178489779724793,-0.23316863984675021,-0.20565158523180904,-0.16080409723023573,-0.14043550763060064,-0.079020549834240228,-0.06097475573187694,-0.10056607096510775,-0.12542191353337517,-0.17274627041432164,-0.15594966123522869,0.0041701888850215691,0.0672423963531338,0.013914167018676246,-0.14552875850349664,-0.25493432634643148,-0.31406716395307471,-0.3329751193523407,-0.34124436401403868,-0.37568092677328324,-0.2735662172947611,-0.16728450964998315,-0.097552738725565941,-0.094796340498659343,-0.11558559536933899,-0.083869343996047979,-0.0039776071940583208,0.040309910731459106,0.054977815322302004,0.052567670466723268,0.040063905995339155,0.053492034046814359,0.047441510759569983
0.0,0.0,0.0,0.0,0.0,-0.13660489596156256,-0.0448503495984672,-0.12638126508163747,-0.27969343506771588,-0.25412616376974145,-0.2468918186167012,-0.21560392328878728,-0.18363404199481009,-0.13878887109458446,-0.11106119942116111,-0.068459770683308732,-0.071842404920607811,-0.11460446951718166,-0.1273427019516627,-0.16524707898497582,-0.001753988900842766,0.063576587227483591,-0.015987144938359659,-0.1242382727297289,-0.20997819801171622,-0.30577639969331877,-0.3814819499298378,-0.35975881453071323,-0.34150664232395311,-0.27998025256853837,-0.15332779673238595,-0.098297852091491222,-0.073207038383071243,-0.0657145485212095,-0.051839084797150763,-0.016163741975906306,0.05759210498244674,0.082299599768938844,0.057284372312755419,0.029793769139080092,0.023784709887372121,0.061347801238298416,0.091962363857489363
