SouthSea_Web/demo/jsonfile/2017-12-14-13.json
{"header": {"parameterUnit":"m.s-1","parameterNumber":3,"dx":0.1,"dy":0.1,"parameterNumberName":"Northward current","la1":29.0,"la2":12.0,"parameterCategory":2,"lo2":131.0,"nx":250,"ny":171,"refTime":"2017-12-14T13:01:52.5","lo1":106.0}, "data":
[rows 152 to 170 of 171, columns 86 to 128 of 250]
0.15286825597286224,0.16486424952745438,0.15279772877693176,0.15104414522647858,0.14795629680156708,0.14467753469944,0.14349624514579773,0.13334117829799652,0.14516061544418335,0.15101096034049988,0.18272244185209274,0.21585462987422943,0.24890397489070892,0.27532818913459778,0.30938637256622314,0.30219581723213196,0.32480758428573608,0.33044180274009705,0.32399258017539978,0.29497155547142029,0.27745610475540161,0.19911198318004608,0.0,0.067696027457714081,-0.024927697144448757,0.0,-0.096935898065567017,-0.15657468140125275,-0.18502554297447205,-0.20746338367462158,-0.22604165971279144,-0.24091669917106628,-0.2366572767496109,-0.22720451653003693,-0.20795334130525589,-0.192568339407444,-0.17869356274604797,-0.15351113677024841,-0.12767373397946358,-0.12694742530584335,-0.13275762647390366,-0.13465310633182526,-0.1399233490228653
0.17554670572280884,0.17448505759239197,0.16653411090373993,0.15216124057769775,0.14181753993034363,0.13412497937679291,0.12809446454048157,0.0,0.12090682610869408,0.12960746884346008,0.17219150066375732,0.19367463886737824,0.21628840267658234,0.24926555901765823,0.278452068567276,0.31467011570930481,0.0,0.32633259892463684,0.33450174331665039,0.33277404308319092,0.29017387330532074,0.22593832015991211,0.17459122836589813,0.07926110178232193,0.0,-0.052144955843687057,-0.11393155157566071,0.0,-0.15522369742393494,-0.19335451722145081,-0.22224317491054535,-0.22683237493038178,-0.23710639029741287,-0.22939212620258331,-0.21353021264076233,-0.19616545736789703,-0.1810716986656189,-0.1644391193985939,-0.14567230641841888,-0.14942441135644913,-0.15229855477809906,-0.15097375959157944,-0.1495810349782308
0.16988054662942886,0.17477457225322723,0.15996357798576355,0.13637895882129669,0.10944987088441849,0.10798570886254311,0.10844666510820389,0.096347913146018982,0.10520284622907639,0.0,0.126547209918499,0.15836302936077118,0.0,0.21843720972537994,0.25208115577697754,0.29249480366706848,0.32630652189254761,0.0,0.34218707680702209,0.34756442904472351,0.0,0.27636247873306274,0.20429801940917969,0.11095013469457626,0.032023951411247253,-0.028156131505966187,-0.058322016149759293,-0.12128034234046936,-0.14922665059566498,0.0,-0.18905403465032578,-0.21151959896087647,-0.22462619841098785,0.0,-0.19801981747150421,-0.17731606960296631,-0.17422137409448624,-0.17330828309059143,-0.17729595303535461,-0.16869661957025528,-0.16835178434848785,-0.16201496869325638,-0.15627636760473251
0.15727657079696655,0.1430613100528717,0.0,0.10739261656999588,0.0867810770869255,0.07221309095621109,0.057296566665172577,0.063224108889698982,0.074248112738132477,0.080117493867874146,0.13413672149181366,0.0,0.16331277042627335,0.19914449751377106,0.0,0.2871612161397934,0.31419858336448669,0.35008755326271057,0.3530963659286499,0.0,0.33040508627891541,0.25901240110397339,0.0,0.13409766182303429,0.044664490967988968,0.037705477327108383,-0.027100222185254097,-0.080579176545143127,-0.087801069021224976,-0.14146405458450317,-0.1733158677816391,0.0,-0.20583009719848633,-0.20093627274036408,-0.15685948729515076,0.0,-0.16277033090591431,-0.17395474016666412,-0.17623980343341827,-0.18311171978712082,-0.17807694524526596,-0.16176240891218185,-0.1421152874827385
0.13264557719230652,0.0,0.10709327459335327,0.058353830128908157,0.040080711245536804,0.0,0.029487352818250656,0.0074139507487416267,0.013339817523956299,0.053815528750419617,0.0880669578909874,0.12318357825279236,0.17577506601810455,0.0,0.22928689420223236,0.29910188913345337,0.0,0.36204069852828979,0.36295878887176514,0.37172317504882812,0.32256902754306793,0.0,0.21281275153160095,0.10366339236497879,0.0,0.057101065292954445,-0.0014988774200901389,0.0073032770305871964,-0.049719983711838722,-0.10132542252540588,-0.12259092181921005,-0.17499151825904846,-0.19057343900203705,-0.15044443309307098,-0.15109514445066452,-0.14612895250320435,-0.15534885227680206,-0.15059947967529297,-0.15878468751907349,-0.16976110637187958,-0.17450680583715439,-0.16192299127578735,-0.14473506808280945
0.094858180731534958,0.064098037779331207,0.054271066561341286,0.0,0.02626032754778862,0.014121843501925468,-0.023834250867366791,0.0,-0.014734044671058655,0.031213231384754181,0.057702481746673584,0.098629578948020935,0.14255790412425995,0.18336108326911926,0.26383388042449951,0.0,0.33091837167739868,0.36102807521820068,0.0,0.3522411584854126,0.32622870802879333,0.26712149381637573,0.18802022933959961,0.18349850177764893,0.12646397948265076,0.054113458842039108,0.0,0.011759743094444275,-0.00059140473604202271,-0.043154649436473846,-0.092492863535881042,-0.12676632031798363,-0.14469268918037415,-0.14437501132488251,0.0,-0.12737289071083069,-0.14028874039649963,-0.12279551476240158,-0.1093929335474968,-0.13067691773176193,-0.12663428485393524,-0.13502511382102966,-0.11378083378076553
0.053725688718259335,0.0382559709250927,-0.01221824437379837,-0.015238740132190287,-0.0462048277258873,-0.032034807489253581,0.0,-0.066410660743713379,-0.0092312050983309746,0.0,0.033927138894796371,0.091025665402412415,0.0,0.18308491259813309,0.23663640022277832,0.27989101409912109,0.0,0.354565292596817,0.386437326669693,0.32385474443435669,0.0,0.23666740953922272,0.19038479030132294,0.170985609292984,0.1015821099281311,0.1371854692697525,0.099967293441295624,0.0,0.02820269763469696,-0.024405069649219513,-0.0037359620910137892,-0.065346550196409225,-0.099560961127281189,-0.099805004894733429,-0.1044657826423645,0.0,-0.12569748982787132,-0.1062263660132885,-0.075410731136798859,-0.086211007088422775,-0.080643720924854279,-0.0804574005305767,-0.045501423941459507
0.020937945693731308,0.0,-0.03220391646027565,0.0,-0.093740891665220261,-0.094128504395484924,-0.13516733050346375,-0.0891452468931675,-0.027906598523259163,-0.0099015319719910622,0.06795143336057663,0.0,0.12881520017981529,0.18996365368366242,0.0,0.25353863835334778,0.30621501803398132,0.35031455755233765,0.35740527510643005,0.36728128790855408,0.32501071691513062,0.0,0.20729021728038788,0.14848117530345917,0.15886148810386658,0.11346858739852905,0.10274457186460495,0.10137150436639786,0.0,0.056588718667626381,0.030108580365777016,0.0,-0.00805311487056315,-0.0659322515130043,-0.10979807004332542,-0.10559368133544922,-0.094668261706829071,-0.059109032154083252,-0.010012957267463207,-0.031133309472352266,-0.036712106317281723,-0.074331760406494141,-0.074061252176761627
0.0,-0.042733035981655121,-0.13871049880981445,-0.090051695704460144,-0.17519479990005493,0.0,-0.17984089255332947,-0.11522522568702698,-0.083578512072563171,-0.0048651718534529209,0.056966375559568405,0.09929058700799942,0.0,0.164628267288208,0.22773028910160065,0.0,0.25822561979293823,0.32426273822784424,0.34099334478378296,0.34888899326324463,0.29756578803062439,0.29321750998497009,0.0,0.20651847124099731,0.14043460786342621,0.0,0.116702601313591,0.082434304058551788,0.11525457352399826,0.10373868048191071,0.0,0.070774678140878677,0.0,-0.036983862519264221,-0.091228794306516647,-0.10278849303722382,-0.080705724656581879,-0.087430320680141449,-0.24560676887631416,0.0,-0.42036543786525726,-0.43679559230804443,-0.44211387634277344
-0.0080686397850513458,-0.095522884279489517,0.0,-0.19490641355514526,0.0,-0.20460094511508942,-0.20645495504140854,0.0,-0.12119060009717941,0.0018779921811074019,0.0,0.089968323707580566,0.14956527948379517,0.19214946031570435,0.20576626062393189,0.22946615517139435,0.28390133380889893,0.0,0.32395848631858826,0.35531935095787048,0.33679059147834778,0.31789639592170715,0.26343540102243423,0.21425037086009979,0.0,0.15549540519714356,0.0,0.13605813682079315,0.097288306802511215,0.071715690195560455,0.098890170454978943,0.059176124632358551,0.0093308491632342339,-0.2739182710647583,-0.30298817157745361,-0.36694607138633728,-0.34048587083816528,-0.39848928153514862,-0.42130833864212036,-0.42162731289863586,0.0,0.0,0.0
0.0,-0.16949091851711273,-0.28519946336746216,-0.29925861954689026,-0.2988598644733429,-0.2998121976852417,0.0,-0.18216972053050995,-0.047462493181228638,0.0,0.046201352030038834,0.11755074560642242,0.0,0.16413837671279907,0.13657437264919281,0.17874227464199066,0.2396010160446167,0.23084750771522522,0.31199833750724792,0.0,0.31059208512306213,0.0,0.30211719870567322,0.23154928535223007,0.0,0.15631341934204102,0.091458410024642944,0.0,0.0,-0.11638119071722031,-0.174272820353508,-0.22326715290546417,-0.22877471148967743,-0.28452616930007935,-0.32752776145935059,0.0,0.0,0.0,0.0,0.0,0.0,0.0,0.0
-0.13013911247253418,0.0,0.0,-0.39727127552032471,0.0,-0.36845053732395172,-0.26888701319694519,-0.19424530863761902,-0.098498314619064331,-0.055142514407634735,0.067170843482017517,0.0,0.11887780576944351,0.0,0.054498091340065,0.09621109813451767,0.0,0.17613137513399124,0.26113179326057434,0.27043074369430542,0.31760773062705994,0.29923063516616821,0.0,0.0,0.20847134292125702,0.07688555121421814,0.0,-0.023647308582440019,-0.096480436623096466,0.0,-0.16684271395206451,0.0,0.0,0.0,0.0,0.0,0.0,0.0,0.0,0.0,0.0,0.0,0.0
-0.17755515873432159,-0.2548319399356842,-0.43237942457199097,0.0,-0.44351956248283386,0.0,0.0,-0.26680529117584229,0.0,-0.12746690213680267,-0.0056438934989273548,0.0046596112661063671,0.071037149988114834,0.12778289616107941,0.0,0.17876939475536346,0.0,0.25346630811691284,0.0,0.31636926531791687,0.31817930936813354,0.0,0.27874185144901276,0.22084479033946991,0.0,0.1336805671453476,0.0,0.0,0.0,0.0,0.0,0.0,0.0,0.0,0.0,0.0,0.0,0.0,0.0,0.0,0.0,0.0,0.0
-0.1217988058924675,-0.36954432725906372,-0.58384615182876587,-0.50556713342666626,-0.534632682800293,-0.40564832091331482,-0.33809566497802734,-0.23870651423931122,-0.15424373745918274,0.0,0.0,0.13671068847179413,0.24448467791080475,0.0,0.24656620621681213,0.27157905697822571,0.291936993598938,0.27346804738044739,0.25864818692207336,0.0,0.0,0.0,0.0,0.0,0.0,0.0,0.0,0.0,0.0,0.0,0.0,0.0,0.0,0.0,0.0,0.0,0.0,0.0,0.0,0.0,0.0,0.0,0.0
-0.31626319885253906,0.0,0.0,-0.28925403952598572,0.0,-0.18270695209503174,0.0,-0.15029595792293549,0.0,-0.080986816436052322,0.056975506246089935,0.0,0.23316578567028046,0.0,0.23042182624340057,0.0,0.0,0.0,0.0,0.0,0.0,0.0,0.0,0.0,0.0,0.0,0.0,0.0,0.0,0.0,0.0,0.0,0.0,0.0,0.0,0.0,0.0,0.0,0.0,0.0,0.0,0.0,0.0
-0.22939125448465347,-0.29582697153091431,-0.29711318016052246,0.0,-0.23790095746517181,0.0,-0.16941510140895844,0.0,-0.14668512344360352,0.0,0.0,0.0,0.0,0.0,0.0,0.0,0.0,0.0,0.0,0.0,0.0,0.0,0.0,0.0,0.0,0.0,0.0,0.0,0.0,0.0,0.0,0.0,0.0,0.0,0.0,0.0,0.0,0.0,0.0,0.0,0.0,0.0,0.0
0.0,0.0,0.0,0.0,0.0,0.0,0.0,0.0,0.0,0.0,0.0,0.0,0.0,0.0,0.0,0.0,0.0,0.0,0.0,0.0,0.0,0.0,0.0,0.0,0.0,0.0,0.0,0.0,0.0,0.0,0.0,0.0,0.0,0.0,0.0,0.0,0.0,0.0,0.0,0.0,0.0,0.0,0.0
0.0,0.0,0.0,0.0,0.0,0.0,0.0,0.0,0.0,0.0,0.0,0.0,0.0,0.0,0.0,0.0,0.0,0.0,0.0,0.0,0.0,0.0,0.0,0.0,0.0,0.0,0.0,0.0,0.0,0.0,0.0,0.0,0.0,0.0,0.0,0.0,0.0,0.0,0.0,0.0,0.0,0.0,0.0
0.0,0.0,0.0,0.0,0.0,0.0,0.0,0.0,0.0,0.0,0.0,0.0,0.0,0.0,0.0,0.0,0.0,0.0,0.0,0.0,0.0,0.0,0.0,0.0,0.0,0.0,0.0,0.0,0.0,0.0,0.0,0.0,0.0,0.0,0.0,0.0,0.0,0.0,0.0,0.0,0.0,0.0,0.0
