SouthSea_Web/demo/jsonfile/2017-12-15-04.json
{"header": {"parameterUnit":"m.s-1","parameterNumber":3,"dx":0.1,"dy":0.1,"parameterNumberName":"Northward current","la1":29.0,"la2":12.0,"parameterCategory":2,"lo2":131.0,"nx":250,"ny":171,"refTime":"2017-12-15T04:01:52.5","lo1":106.0}, "data":
[rows 57 to 75 of 171, columns 129 to 171 of 250]
-0.46406284996441433,-0.46470990857562505,-0.50950677379181508,-0.50939186281628079,-0.556060336806156,-0.76943771168589592,-0.55535666185660637,-0.41962798352424913,-0.53517298681868453,-0.2835267001184924,-0.29510337180561491,-0.54195589831705848,-0.49925114651178493,0.0,0.0,0.0,0.0,0.0,0.0,0.0,0.0,0.0,0.0,0.0,0.0,-0.030543726787005586,0.64205171243520454,0.97527245148806507,0.75974252165817635,0.59453098235591761,0.60562118142843246,0.609686845824832,0.68260156480889567,0.70578648977809477,0.65854351009641376,0.55338863765492163,0.4327277456011091,0.33518903516232967,0.24133467773596445,0.13607610712448756,0.054997603275946209,0.00090561235944430036,-0.0526295476903518
-0.61720427344827089,-0.67914990959940735,-0.55598870445700255,-0.5170083392310787,-0.431671699597722,-0.62128184794851427,-0.7903729488578024,-0.52491153308323446,-0.44210992271409316,-0.302333575758067,-0.26940825290796233,-0.57073942365798547,-0.57905186572164857,0.0,0.0,0.0,0.0,0.0,0.0,0.0,0.0,0.0,0.0,0.0,0.0,0.10234102042990603,0.84380332619772047,0.93067756639077115,0.6985932401248387,0.61206673472015949,0.578312231146771,0.62350865006446843,0.68481041703905376,0.671590831130743,0.61634081952712116,0.49352598828928812,0.36045756141344704,0.26349177154210895,0.18111466309603522,0.08280881866812706,0.017608151457702313,-0.016499961384882529,-0.055622462532483041
-1.0559848033148667,-1.1138903856277467,-0.97561448812484741,-0.70699167662653428,-0.6606940737477055,-0.54878611200385619,-0.47201693780494458,-0.45089375227689743,-0.41457068690886867,-0.24221352753894671,-0.2110459237944248,-0.581846376802741,-0.47577592730522156,0.0,0.0,0.0,0.0,0.0,0.0,0.0,0.0,0.0,0.0,0.0,-0.074009217321872711,0.4972015638130769,1.0340951704665233,0.84947881963517935,0.63022595994612751,0.626414431975438,0.57039266282861878,0.61771573722362516,0.65614078442255652,0.64237761894861856,0.58868349056977487,0.46335037265505108,0.32486190460622311,0.22471914497705606,0.14806805710707391,0.058084296411834657,0.0031155409856832455,0.0029645423528563697,-0.045667015264431635
-1.1305695642595706,-1.1793809277670724,-0.8616229915618896,-0.59834798723459248,-0.4330431050375888,-0.391834806650877,-0.42935205549001693,-0.3746883857708711,-0.3489716519480166,-0.26415490331473174,-0.1862752697406671,-0.30300878793343733,-0.23957144924550042,-0.23092682225008807,0.0,0.0,0.0,0.0,0.0,0.0,0.0,0.0,0.0,0.0,0.65748928844131471,0.85985979727939166,0.91840424578068625,0.71727085262537,0.58090532783951077,0.61430474122365319,0.56468545613081556,0.6137677536291235,0.62726624409357712,0.59934467077255249,0.55013239612946141,0.42776355147361755,0.28053140533821924,0.19568310429652533,0.12729958100960806,0.0477281520764033,0.016421684243071537,0.032125476251045865,-0.019882542737052842
-0.9195016622543335,-0.8990911350530737,-0.63817195045320607,-0.52516327053308487,-0.46577974781394005,-0.44266833277309642,-0.42236612031334325,-0.41421233472369967,-0.45358737309773761,-0.40547690568146882,-0.32789654939463642,-0.18203076471885046,-0.20938749181241104,-0.34109595198841658,0.0,0.0,0.0,0.0,0.0,0.0,0.0,0.0,0.0,0.41231843223795295,0.82203890610214891,0.91732381467949853,0.76533692816029419,0.47404688516178645,0.59050046073065865,0.600317874780068,0.59354450702667239,0.617233157157898,0.61268497308095293,0.55760693152745566,0.50030325991766789,0.39517969886461896,0.27395958027669359,0.18926403485238552,0.12346418787326131,0.053309346948351176,0.021413500922230575,0.028294117872913679,-0.0081254571476685154
-0.69312379402773716,-0.52680532519633949,-0.34359727054834366,-0.37756696343421936,-0.42679832237107412,-0.39583272486925125,-0.39636230799886918,-0.39063315228982404,-0.32123502790927888,-0.22498637470214264,-0.11837072969813432,0.010674763735182382,-0.11135072055780752,-0.25138682936286105,0.0,0.0,0.0,0.0,0.0,0.0,0.0,0.0,0.0,0.583351655357764,0.85524816916022506,0.77692217053028578,0.39439922396806959,0.44337939416489952,0.600736960288017,0.59126925716797507,0.64070835709571838,0.64868045970797539,0.6074617266654968,0.52054458061854048,0.43846164430890766,0.35188580623694826,0.24536895751953125,0.18407692827961661,0.12772294305838072,0.052252004419763881,0.0043149442135472782,0.0098939424225439627,-0.040138040351060528
-0.38583602839046055,-0.26852457101146382,-0.24660869755528189,-0.33595832098614087,-0.34675893400396618,-0.35727049848612619,-0.30778881441801786,-0.28388136838163647,-0.15085860104723411,-0.035741363090220031,0.035954118533670129,0.13135804471505039,0.22705941721796991,0.030468406070023775,-0.096756305259007677,0.0,0.0,0.0,0.0,0.0,0.0,0.19132648739549849,0.4028060387461147,0.616799693398115,0.67294868555935949,0.65709037021283179,0.19690154167962656,0.53981224582953891,0.55376456677913666,0.65262135614951455,0.7153032819430033,0.69232490857442219,0.60053815692663193,0.48180083235104881,0.40415098575445324,0.31529534550813526,0.20532198746999106,0.15382444113492966,0.11455785323466573,0.037283037456550767,0.0039927886578620276,0.00165325649924433,-0.070602378000815716
-0.24550680485036638,-0.17349061369895935,-0.20117108151316643,-0.21038875390182843,-0.23477380206951728,-0.21048691983406359,-0.18286507427692414,-0.0601947478717193,0.049286970088039249,0.0575598442228511,0.10123613462955863,0.17726181447505951,0.25398766675165724,0.15973074557676689,-0.01645311660229646,0.0,0.0,0.0,0.0,0.0,0.0,0.42654987010690903,0.59297083471423,0.59030676739556454,0.533235743109669,0.45976097460063,0.34257839012871649,0.50701377744024445,0.50671775279373954,0.67605153538964013,0.73878522352738818,0.719950195401907,0.62548432630651141,0.50252284911962652,0.41060051534857067,0.3105339350608679,0.17328710729877153,0.1197999215551785,0.087067412212491035,0.014183294633403421,-0.0026799220975269288,-0.017303089058259502,-0.09365657617648443
-0.20604685800416128,-0.17542541689342922,-0.15056049227714538,-0.14498985829678449,-0.1319294823333621,-0.14051032392308116,-0.070938342328493789,0.12833906841628692,0.13208108974827659,0.11742118644443425,0.12129789882380029,0.16614892416530186,0.15783356005946794,0.12538480108319702,0.047615429398513612,-0.10577178390693343,0.0,0.0,0.0,0.0,0.024672653526067734,0.48644343261485512,0.63415336183139259,0.53781987653403984,0.42276553092179475,0.42815191662588786,0.43811638471556874,0.3664179708276476,0.467943650704843,0.66313369572162628,0.70495864607038949,0.71029735866345856,0.6626456759192727,0.5722292874540601,0.45816505700349808,0.32354283829530078,0.16545777767896652,0.1125791072845459,0.0736868716776371,0.0043550291811698116,-0.014909371541922583,-0.033605249881345244,-0.11980518927940956
-0.21846225671470165,-0.15005571395158768,-0.0606107163346476,-0.0091931550807203173,0.0072936905950579485,0.016669684018080052,0.14150337651371955,0.16671669781208037,0.15896273404359818,0.13228412629926906,0.097039553458276,0.043095921802644925,-0.00054529626111223081,0.014177831119013717,-0.020955498692380975,-0.14382513064806768,-0.20660630690781984,-0.0890478217466311,0.0,0.0,0.30049349875612691,0.63459694295218494,0.60255442167583262,0.48683904608090717,0.43136865496635435,0.46381821291787284,0.45745968117433433,0.28613051821788155,0.4436392516925417,0.63787538042435277,0.66218747794628141,0.69157296068528118,0.66022105614344284,0.57279301881790157,0.479889533736489,0.3475201775630315,0.20066306911982024,0.13686871776978174,0.067055362061812326,0.00338824482293733,-0.015187091360400831,-0.048041350704928237,-0.13601753488183022
-0.124334790950848,0.03032090055057779,0.032011307098648766,0.0079558700817869976,0.025094419963716065,0.14804555972417197,0.20998610875436238,0.21334199820246017,0.15524644404649735,0.07696291500408399,0.016339103653860678,-0.025661374861374497,-0.044276679528411481,-0.011170461617068065,-0.13442766153271876,-0.13607810775500648,-0.12672933869515404,-0.084392295365427153,-0.072540700435638428,0.0,0.29096603291023759,0.672294305903571,0.61004123617621031,0.50259226560592651,0.47990321587113771,0.46536497937308419,0.31360219085687085,0.16313644172623754,0.43156574666500092,0.62598075389862062,0.64785337150096889,0.70038694143295288,0.652458115418752,0.52217497963171744,0.43884449601173403,0.34475269019603727,0.23829642257520131,0.17982794841130576,0.090133014206702888,0.01750671974538515,-0.0092879503842114523,-0.0565294216076533,-0.11262795861278262
0.013707979815080762,0.021848669974133372,0.0022098527341667148,0.060463782145895741,0.099437020719051361,0.17591257257895035,0.21790493031342825,0.18049904008706411,0.12622298832450593,0.070528466450540644,0.034174247499322519,0.052134940036289067,0.074512498260572033,0.072720093445645437,-0.0038405561461091428,-0.11499693941373329,-0.06688683117397301,-0.090705935932839141,-0.14490855661117369,0.0,0.26036016216856384,0.68345326987596655,0.71711239218711853,0.64330419270615824,0.59182851818891669,0.54481184553532369,0.23234265348929467,0.067136156844066042,0.49744793724629188,0.67093926209669852,0.690763791402181,0.71893455351100244,0.65004503726959229,0.47033419410387672,0.38465453932682675,0.32942278005860071,0.25943149427572887,0.18212457345082209,0.10792664844881404,0.047322807026406129,0.03805727567523718,-0.027120210851232212,-0.0949373017065227
0.1630405361453692,0.14024432169066536,0.15268740637434852,0.16275964975357055,0.1771380051970482,0.18215751979086134,0.16857334077358246,0.13270881501111118,0.092972197170768461,0.091519673665364579,0.088999543142946141,0.1002688936534382,0.10641514447828133,0.072772695283804617,-0.0010202605731021136,-0.066815004750554047,-0.1081601681516451,-0.084295000629329778,-0.20587158218392584,0.0,0.1824461358812205,0.82387949301771923,0.89367445125136269,0.793274545088047,0.74291269779205327,0.619414621964097,0.20303774032620586,0.14691561621618279,0.65691839241319228,0.73269098145621159,0.7421018669479772,0.74593446320957613,0.6699193790555,0.470852925380071,0.35400750545354992,0.30611151456832886,0.27168494233718288,0.18766268491744995,0.099917746793765291,0.035581657445679107,0.071365313480297718,0.030899109260644764,-0.066250408467437544
0.24855180457234383,0.23069348931312561,0.20838398672640324,0.18331520818173885,0.18394568562507629,0.14870667374796337,0.08212194181978702,0.053228040225803852,0.067087675382693612,0.10125465863026105,0.1073299650760258,0.11463863775134087,0.11313562914729118,0.060464030345125742,0.010248245559826804,-0.014147475300192395,-0.093542602658271787,-0.20702440268114994,-0.32184302577605617,-0.056431335319454469,0.11625597891853666,0.92528246019197546,0.94924092044432962,0.85311220304386037,0.82190442085266113,0.72099906070665876,0.46870263468361262,0.3904616253363552,0.72891436553582911,0.73052392899990082,0.77002185015451341,0.78384342193603518,0.68894686301549279,0.507512622154676,0.36253079084249645,0.28824949860572813,0.28050315167222706,0.21008141338825226,0.0912449590396136,0.013963700836309446,0.068519702802101776,0.036236364751433332,-0.068360485668693266
0.2145459670573473,0.21441690623760223,0.1786150336265564,0.15759994089603424,0.13513835240155458,0.097168587148189545,0.042594744078814986,0.039153044874017891,0.064656102600005955,0.062166913598775866,0.036802604528410096,0.066550825558164536,0.083796776210268334,0.02837929648914091,0.0025658657984119295,-0.06424760500069808,-0.17053996239389693,-0.29989909728368125,-0.35621624655218537,0.037456983133920076,0.11688157931578051,0.84860720749824281,0.81855268705458872,0.76775293575750814,0.77876251935958862,0.70507110937221629,0.63047015950793317,0.66772101205938006,0.64025508134793008,0.64671195241121149,0.76489776914769958,0.80705002476187315,0.69783571362495422,0.51062850866998943,0.3593569045717066,0.27416724960009259,0.25982896639750552,0.2049242750956462,0.0924945737102202,0.0021517501561902465,0.0485810452606529,0.0028397748657666587,-0.093990949381675043
0.13383339664765767,0.1380426988005638,0.11365933964649837,0.10284381235639255,0.075928113112847015,0.035117627470754087,0.024385843943390582,0.017827625898644329,0.0064986566236863537,-0.002819297750158092,-0.0032879765436518936,0.030357566152815707,0.05132394925587707,0.042284267799307905,0.032220232628539881,-0.034100523209889176,-0.14419703660532832,-0.22651486946591015,-0.29473308698144013,-0.080639704288649791,0.25112356764264404,0.64539009107733669,0.66363934523020041,0.69712162183390725,0.67090643280082274,0.58287306792206239,0.505073176489936,0.49316468103876654,0.48153330385684967,0.57166946058472,0.73079359779755271,0.80653958110248336,0.6677795818873814,0.49684777359167737,0.359706016878287,0.25324022876364843,0.1944291815161705,0.13779697051415077,0.040882384735596133,-0.020607679726227242,0.027751764063449466,-0.021557204185228329,-0.12307301561037699
0.10558509081602097,0.10468050558120012,0.081114979726927619,0.062295519347701757,0.046114444732666016,0.037818928766581744,0.029664471372962,-0.0018290417501702905,-0.034709351475943222,-0.037557829601260334,-0.012797260567402611,0.014853037669256861,0.07741893595084548,0.13903863158296137,0.15631958402015947,0.14564797427991164,0.11811845919971044,0.12069145917671566,0.10909978436379164,0.1984677440074237,0.51605742915374475,0.51926496624946594,0.57436977161301506,0.67684424115765485,0.64322415553033352,0.54310426695479286,0.4013254674880401,0.3419769400996821,0.35707572102546692,0.51848316550254825,0.70107230155364331,0.740995961077073,0.63346860408782957,0.48114830056826274,0.3648421878998096,0.2570345128575961,0.18307532866795859,0.12078440877107474,0.020914945618382523,-0.04983734933193773,-0.010756109498389479,-0.052181409175197285,-0.131900319563491
0.14257176220417023,0.12774503789842129,0.11176916087667148,0.084442142929349623,0.0785885038120406,0.068405533830324813,0.03435881963620583,-0.031400088531275593,-0.060176803916692737,-0.026121029206974941,0.0080561016996701564,0.03726613908432997,0.10989492812326976,0.17637911811470985,0.25527126807719469,0.333993850009782,0.35023113517534166,0.37557368775208794,0.36449009992859582,0.37384384316067365,0.44626674125360888,0.496526894399098,0.61317721754312515,0.64971354405085247,0.66954830714634483,0.56774972604982776,0.36399465364714462,0.2411857848817652,0.22141904740904769,0.44262992540995277,0.6015707403421402,0.64382400295951148,0.59717114532695093,0.46583372950553892,0.38328652886243969,0.27803939878940581,0.17163049110344478,0.11954643577337265,0.035528960035127753,-0.059267231573661171,-0.031692383293476373,-0.06740141729824245,-0.12395290657877922
0.15123845211097173,0.14724597334861755,0.12555384263396263,0.10369183229548591,0.061858881797109334,0.034033849602565169,-0.010206271561660938,-0.06156130088493228,-0.055292949390908085,0.013133884221315385,0.056501123681664468,0.0816774270073934,0.14685445172446116,0.22074554115533829,0.29434623320897418,0.39841086613504512,0.41144159165295685,0.36043657018588138,0.27232661470770836,0.34436236601322889,0.3140408473484444,0.42725337579332551,0.5246513290651913,0.57788476656223164,0.6643307708924816,0.55221182204061936,0.34173734371478742,0.23772823189695677,0.14226530051152958,0.32344301044940948,0.46658532206828779,0.56782046291563248,0.57845371610978069,0.45306584764929381,0.358444090684255,0.28478564023971559,0.17706150079474731,0.11020862749394249,0.045023261781727129,-0.069707445451058447,-0.086609067860990763,-0.088196105190685811,-0.12109709932253911
