SouthSea_Web/demo/jsonfile/2017-12-14-15.json
{"header": {"parameterUnit":"m.s-1","parameterNumber":3,"dx":0.1,"dy":0.1,"parameterNumberName":"Northward current","la1":29.0,"la2":12.0,"parameterCategory":2,"lo2":131.0,"nx":250,"ny":171,"refTime":"2017-12-14T15:00:00","lo1":106.0}, "data":
[rows 38 to 56 of 171, columns 172 to 214 of 250]
0.078757119675477341,0.068095147875802856,0.088860371615737677,0.14869106429464676,0.17020784411579371,0.18172559241453806,0.22245708803335826,0.24621552508324385,0.20390813797712326,0.16188817252131069,0.130885725574834,0.13737246533855796,0.16841251589357853,0.17999094192470824,0.15613744955729036,0.120289692034324,0.17265390823869145,0.15684095112716451,0.14711080660874193,0.15095005249199661,0.084016355268734813,-0.041546953021593037,0.022132980288006365,0.019384315415906409,-0.028915631441542737,-0.13901819263895351,-0.23456241616180965,-0.2019382432103157,-0.06376621694388715,0.063444477599114174,0.08758781188064152,0.13823477365076542,0.10678576119244099,0.1093055424945695,0.10502721475703376,0.097253419458866119,0.079504448388304033,0.0252282604148301,0.024989664399375517,0.056048852391541004,0.071820409968495369,0.061900151893496513,0.045335019628206887
0.12996017589018896,0.11185691943939995,0.097075188066810369,0.14710025371689545,0.1688537606421639,0.16098844539374113,0.20070028205712637,0.2262872438877821,0.20917109506470816,0.18851501920393535,0.1580606596544385,0.14367828021446863,0.11861909819500786,0.095256986761731763,0.11132831349968911,0.16139991674572229,0.14870592413677108,0.0889737616832319,0.1313727440742346,0.12858417685385104,0.13365427007967676,-0.076472855035077641,-0.090086425899675013,0.016127664993024048,-8.75936821103096E-05,-0.038776062178210571,-0.052237427435242213,-0.051285945950075983,0.035386723910712382,0.10227722674608231,0.15932892858982087,0.13915419299155474,0.0667118625715375,0.085639908909797668,0.10286972884620939,0.10287614290912946,0.073775570839643478,0.0064041662650803728,-0.00032214758296807605,0.044396527421971164,0.058135691285133365,0.047228109091520309,0.039550029486417768
0.14658168191090226,0.10511567443609238,0.088341410614942245,0.14523036515011506,0.20509619358927012,0.24972282262409434,0.28878625947982073,0.25954461759991115,0.20826463745190546,0.17457026056945324,0.13375252006309374,0.076589300351984357,0.04139484704605171,-0.016278349969070405,0.12266213819384575,0.17295220322333849,0.058505244669504464,0.075991039598276,0.11274871447434028,0.12199097087508753,0.036042765542135938,-0.223628144338727,-0.22266255978208321,-0.017491233651526272,0.034784679766744375,0.054580789431929587,0.067913411185145378,0.062498276587575674,0.091620249301195139,0.14397032484412192,0.16838661332925162,0.11021095088550023,0.068933475762605667,0.083525112697056356,0.10676585882902145,0.10253671184182167,0.078239309911926583,0.0031241925898939371,-0.0084900133078917861,0.023761519417166709,0.033311747014522552,0.025820854119956493,0.041136716182033219
0.15942203551530837,0.10721293130987569,0.10957386826767641,0.18136821161298192,0.26400817765129936,0.31099677085876465,0.31979634563128151,0.25883442560831704,0.18018134814851425,0.11018965244293213,0.069689841511157841,0.021355781438095228,-0.05362388864159584,-0.00839496652285258,0.11778418318583415,0.056884021724936944,-0.096248906678878338,0.0022301745445777971,0.098371106701401562,0.058778282204318952,-0.036089115530355938,-0.273079186984121,-0.24929534766550471,-0.0030542551063593814,-0.0039252495755338008,0.033802309472646029,0.0885945398892675,0.080188455370565251,0.11581976380613115,0.13461594060063362,0.11839246128996213,0.091984877362847328,0.086272446438670158,0.096208316584428147,0.083174483850598335,0.078940629959106445,0.063982001195351287,0.013948140200227499,-0.0022172344877617435,0.0037637133694564304,0.00050661092003186547,-0.0080557088367640972,0.013415318448096514
0.11501523935132557,0.11557665355503559,0.18026188366553364,0.27467657377322513,0.33313086827596028,0.33582775294780731,0.3225262059884913,0.22066163818041484,0.10469322938185471,0.046761340275406835,0.045304682823552864,-0.045633908647757307,-0.080183670297265058,0.0093566241363684331,0.092477192976870209,-0.096978924961553678,-0.23816874871651331,-0.098617189750075343,-0.023470824400551225,-0.1695587131522458,-0.19846682835613255,-0.19507738862885163,-0.19814236206459066,-0.12059067014755832,-0.1035749185597524,0.08501177656580694,0.10890091783725299,0.10748898486296336,0.1225369967520237,0.10471983916229671,0.11063120017449062,0.10211747263868649,0.10610967253645261,0.09708693126837413,0.0684378944337368,0.049995159109433494,0.054464198648929596,0.050922110055883728,0.029890216886997223,0.0012055006809532642,-0.028271030634641647,-0.033430793322622776,-0.034553004428744316
0.094077819788997818,0.15517882853746415,0.23305356585317189,0.32289480500751072,0.3603733281294505,0.36124199070036411,0.296919447183609,0.15110763162374497,0.071930345413940291,0.026996164349839091,-0.0097750127494621742,-0.0625642038342592,-0.058962141271747114,-0.0052796093680496725,-0.037815193102384605,-0.24721382657686869,-0.29942628528390614,-0.14089421354807341,-0.11210472175949499,-0.20834267647428947,-0.219617726083175,-0.045413975186574342,-0.15876384468918497,-0.22015280782361515,0.043342374857853756,0.13185757481389576,0.11425000535590309,0.12190637439489364,0.11606729278961818,0.11760805547237396,0.13157005395208085,0.12965589442423411,0.12820276742180189,0.10629651322960854,0.080551679432392123,0.060437434663375221,0.053581982851028442,0.064626935869455338,0.037633220354715981,-0.008515736010546485,-0.02936242086191972,-0.073041240374247238,-0.083968978375196457
0.16359054474603563,0.18912412133067846,0.19378846635421118,0.25867399485672221,0.29794255644083023,0.31815440456072491,0.11385406831395813,0.091375131016740427,0.030981891672126949,-0.004345243696921638,0.091636107675731188,0.054522565512784893,-0.065428848812977475,-0.0330935325473547,-0.10066960003626134,-0.23540582949364627,-0.28887142986059189,-0.12543593160808086,-0.10602809889958455,-0.053542775742243975,-0.048893203548884587,0.025502739485264533,0.069994038148295315,0.075932773516366361,0.10127557482984331,0.13267858953852402,0.13768161833286285,0.145789779149569,0.13701719707912868,0.13476291511740005,0.12642364310366766,0.12529390553633371,0.13385134935379028,0.12871390953660011,0.0984616403778394,0.079202723999818161,0.080743161961436272,0.057340776547789574,0.014150209492072463,-0.02202983945608139,-0.071928199380636215,-0.11321566253900528,-0.1206374354660511
0.17586075564225515,0.18293133676052092,0.16747085656970739,0.17777674574227559,0.18968957879891,0.22874546920259795,0.016987331028628563,-0.014841324658941869,0.0011928083205764945,0.0643001679508459,0.035987140874013952,-0.14509084558238483,-0.15425255420533093,-0.040473073615099893,-0.079055661956469223,-0.091547765769064426,-0.063289806619286543,-0.081916486701140032,-0.004075619358835476,0.05377308995677875,0.041959457223614056,0.044228585703032355,0.046125468611717221,0.069541988025108969,0.10813751587500939,0.13453647322379625,0.1669024427731832,0.17473677359521389,0.16473266109824181,0.14407836752278463,0.13449054211378098,0.12622513373692831,0.1339841807881991,0.13038055102030435,0.12347632050514221,0.10202273726463318,0.071097927788893386,0.037833965693910919,-0.019660483434563503,-0.078721195459365845,-0.10905592391888301,-0.14454836398363113,-0.1388092041015625
0.052116029348005265,0.065512252658663783,0.045825853507267311,0.013624517211650053,0.0308850745927414,0.010908328307171663,-0.089500400218169268,-0.021287295142161277,-0.0078652822400671341,-0.055076291338751478,0.0,-0.1776203504548623,-0.14952048493756187,-0.056033404233555,-0.03559099968212346,-0.029259803653177287,-0.047398788685148414,-0.07702824510633946,0.0043941490395809522,0.071055854111909872,0.074711409898904652,0.073657892954846219,0.0858503303357533,0.094780914485454559,0.11846944757483223,0.13548302799463272,0.16117030195891857,0.1732210349291563,0.174864632387956,0.16644362111886343,0.15613840520381928,0.13204415887594223,0.13159207813441753,0.15254363045096397,0.15116667374968529,0.11189962675174077,0.062288012355566025,0.0063575940827528639,-0.061349309980869293,-0.12156927213072777,-0.14698285857836405,-0.15403404831886292,-0.14449859410524368
-0.020487192655256128,-0.048210334590882718,-0.11066055714207537,-0.14548997933927335,-0.19266988994444118,-0.1205005719119476,-0.030565195716917515,-0.1733445127878489,-0.23305994893501822,-0.25059504248201847,-0.19262718923251937,-0.061730612642489947,0.042336277833039108,0.032041980838403109,0.020653284281830896,0.00042415456846356392,-0.052516940642486916,-0.10287053273482756,-0.0046464208280667663,0.063726748029390975,0.089208021759986877,0.10837260633707047,0.11770188808441162,0.11544367836581336,0.12436506317721473,0.12866480648517609,0.14550457066959804,0.15961105624834696,0.16714227795600892,0.16968649327754976,0.16383622214198113,0.1472728133201599,0.1307569295167923,0.15386029332876205,0.12585989385843277,0.095223523676395416,0.01854188647121191,-0.0288886409252882,-0.11059681574503581,-0.15522373467683792,-0.16686785717805228,-0.16522442549467087,-0.14866631478071213
-0.046205132895220928,-0.13381561461616964,-0.21439811959862709,-0.17463460392676866,-0.15309865334454706,-0.16060622036457062,-0.0717356523188452,-0.073422810880658343,-0.095396662731805151,-0.064353139687548661,0.043259496428072454,0.13200550691948998,0.094008678363429174,0.059290111064910889,0.027680983254685997,-0.01393771952845984,-0.06644871667958796,-0.08187112708886464,-0.017844022351450155,0.028233848046511412,0.0666877424551381,0.091002151370048523,0.095110774040222168,0.10525997448712587,0.13005136325955391,0.17260368727147579,0.17525479756295681,0.15911821524302164,0.15148391723632812,0.15419721603393555,0.14823316037654877,0.13466134667396545,0.14958397671580315,0.13968108097712198,0.12382954110701878,0.0752546638250351,0.0036812995870908103,-0.0654417984187603,-0.1142604872584343,-0.141556017100811,-0.15269040316343308,-0.15244064728418985,-0.13788546621799469
-0.089969431981444359,-0.19153371453285217,-0.24234988689422607,-0.27012388293559736,-0.20886468440294265,-0.15611698007897326,-0.048914852172601969,-0.065698604037364328,0.016834894519309852,0.1001973111803333,0.13548306562006474,0.1061841913244941,0.080581699311733243,0.062951020896434784,0.011874797884956934,-0.047808139026165007,-0.081876864035924271,-0.070883973900760927,-0.025556024396792054,0.01650366306421347,0.05516363369921843,0.074477286078035831,0.072144147008657455,0.106184887389342,0.14466147373119989,0.21883234133323035,0.2074409524599711,0.17311035841703415,0.16596246063709258,0.14843935767809549,0.15063464641571045,0.15818201750516892,0.14394485950469971,0.14174840847651163,0.064622826874256134,0.034976810216903687,-0.010285601058664421,-0.062856969734032944,-0.090635351836681366,-0.1122986376285553,-0.12317556887865067,-0.1345590353012085,-0.13786075015862784
-0.059866813011467457,-0.1465103899439176,-0.19052780351855539,-0.23238782584667206,-0.24963489299019179,-0.23658941984176635,-0.16828198999166488,-0.062733432994439051,0.0017588136769417259,0.07246971242129803,0.065812904801633626,0.039989996980875728,0.051227367296814916,0.046003525843843818,-0.0048174206633120773,-0.062277868922267644,-0.087288532938276014,-0.068364473525434732,-0.021047331326242005,0.014055142411962152,0.034589499980211255,0.047189591452479362,0.070451632142066956,0.12588558966914812,0.18471958637237548,0.21485387906432152,0.20700535178184509,0.18576518297195435,0.17264916499455771,0.16572378575801849,0.14832080279787382,0.15279215574264526,0.16420584917068481,0.12628427520394325,0.066120369359850883,0.01492379178913931,-0.030285534759362538,-0.058257156983017921,-0.078523483127355576,-0.084715496748685837,-0.10082871094346046,-0.12291683504978816,-0.15540197491645813
-0.05445908919836466,-0.09635162105162938,-0.14022725476668432,-0.1891020696896773,-0.23899870490034422,-0.25034747458994389,-0.18851302970539441,-0.07129960025971134,0.021773827727884054,0.01572346987668425,-0.0048259909316483475,-0.024285444975248538,-0.016870286816265435,0.00537977384738042,-0.029639393889478276,-0.081120658665895462,-0.087890864349901676,-0.040846709161996841,-0.012413482048681803,0.018375341221690177,0.044580236077308655,0.0776268258690834,0.13327210210263729,0.19683006107807161,0.23426242669423422,0.21932660539944968,0.20544017851352692,0.16432904452085495,0.13838793088992438,0.1130458228290081,0.12895691146453223,0.14420790473620096,0.12162544950842857,0.098312962800264359,0.05084589496254921,0.017619506572373211,-0.01782942027784884,-0.040535517036914825,-0.060831899444262184,-0.073570467531681061,-0.090086854994297028,-0.11541710048913956,-0.14263713359832764
-0.053299309623738127,-0.10874579896529515,-0.13544776004094344,-0.17415646184235811,-0.22645414744814238,-0.2386864458139126,-0.19757123979238364,-0.15713147480379452,-0.068373432890935379,-0.045249941060319543,-0.062443585727702484,-0.075768607668578625,-0.057959637915094696,-0.057853735517710447,-0.0707964576780796,-0.0976946825782458,-0.07340498907225472,-0.026179998740553857,0.0036854957696050407,0.035533571615815163,0.062637173570692539,0.11694487929344177,0.18637301623821259,0.21482966840267181,0.20231619477272034,0.19524452835321426,0.15581626072525978,0.13499315083026886,0.11352616796890895,0.10456937178969383,0.10562113672494888,0.11664142832159996,0.11000822484493256,0.1012611910700798,0.0769716848929723,0.040916010737419128,0.0037789791822433472,-0.021642080197731655,-0.054354008287191391,-0.072128389030694962,-0.091170899569988251,-0.12168802320957184,-0.14655561745166779
-0.058550655469298364,-0.10879928389420876,-0.13882363121956587,-0.1612439125776291,-0.21936478838324547,-0.22780597458283106,-0.17907769108812013,-0.17335997223854066,-0.12260432044665019,-0.086784724484790451,-0.096719171106815341,-0.093248076736927032,-0.078135405977567032,-0.10098456094662349,-0.10192987074454625,-0.10470285415649414,-0.056848542764782906,-0.0095872286707162861,0.021387327535194345,0.065196894109249115,0.10229716077446938,0.131556960940361,0.1480261335770289,0.16395687311887741,0.14677923917770386,0.10707565148671468,0.11219233026107152,0.11654932548602422,0.090634461492300034,0.081993552545706436,0.10291142265001933,0.11825591574112575,0.11907591422398885,0.11654369533061981,0.10199133555094402,0.063299261033535,0.031607766635715961,0.01657862588763237,-0.036316320300102234,-0.05935640881458918,-0.0904664620757103,-0.1064724363386631,-0.13981542736291885
-0.059763943605745835,-0.11707221015411265,-0.13338713254779577,-0.18494315338986261,-0.21448106719897345,-0.20069882770379385,-0.17978885645667711,-0.17631272971630096,-0.14512321166694164,-0.10639954441123539,-0.08855542788902919,-0.07990751202617373,-0.084731191396713257,-0.1120356097817421,-0.12891777902841567,-0.11300403624773026,-0.046900783106684683,0.0076572753799458342,0.027261301254232723,0.079657825641334057,0.10019564442336559,0.092486150562763214,0.096728612979253129,0.11819332279264927,0.10230956971645355,0.092558626085519791,0.0887555293738842,0.10853213568528493,0.096932839602231979,0.11646537110209465,0.13440349698066711,0.13810978829860687,0.14048604667186737,0.13761706153551737,0.12639039009809494,0.10769370570778847,0.077411532402038574,0.025882877293042839,-0.013317825068952516,-0.02689061127603054,-0.060144985094666481,-0.088870201259851456,-0.12235593050718308
-0.011238507509594509,-0.088625923331294737,-0.12018900846733767,-0.14598604738712312,-0.18819657526910305,-0.18994045164436102,-0.19886827667554219,-0.18972571619919368,-0.15306556059254539,-0.12357536144554615,-0.08572592266968318,-0.077353204290072128,-0.092266818881034857,-0.11802743126948674,-0.13268886009852091,-0.10636208330591519,-0.0385601669549942,-0.014081541914492846,0.037397414795123041,0.05637897364795208,0.063891049474477768,0.039678946137428284,0.044941399246454239,0.065887656062841415,0.071534357964992523,0.077076677232980728,0.1132633276283741,0.10905585065484047,0.13939932733774185,0.14558220406373343,0.16180337965488434,0.15162418782711029,0.14988595247268677,0.1460142582654953,0.15286032855510712,0.13252714276313782,0.1069139875471592,0.061107035726308823,0.020724295638501644,-0.015217227395623922,-0.050771534442901611,-0.0741957239806652,-0.10657836124300957
-0.012104404458243932,-0.0842030166703112,-0.13104578267250741,-0.16835338303021022,-0.20357745091120402,-0.23145526074446166,-0.22173075697251729,-0.19588156586343591,-0.17359120957553387,-0.13795433299882071,-0.10789715126156807,-0.11325146108865739,-0.13532975316047669,-0.13901505619287491,-0.12532235185305277,-0.10378723219037056,-0.061847366392612457,-0.03340254041055838,-0.022668178503712017,0.011852312833070755,0.0036329594586277381,0.0070405653677880764,0.025819375179708004,0.044747037813067436,0.058308178558945656,0.075990738968054458,0.0997602641582489,0.13710884253184,0.178657998641332,0.19447912275791168,0.18960751593112946,0.16968675702810288,0.15826552361249924,0.16327508290608725,0.16970887780189514,0.15386123955249786,0.12136233970522881,0.07261580228805542,0.030847134999930859,-0.0028156328480690718,-0.020075010368600488,-0.032592471688985825,-0.06657775491476059
