SouthSea_Web/demo/jsonfile/2017-12-16-04.json
{"header": {"parameterUnit":"m.s-1","parameterNumber":3,"dx":0.1,"dy":0.1,"parameterNumberName":"Northward current","la1":29.0,"la2":12.0,"parameterCategory":2,"lo2":131.0,"nx":250,"ny":171,"refTime":"2017-12-16T04:01:52.5","lo1":106.0}, "data":
[rows 114 to 132 of 171, columns 126 to 167 of 250]
-0.12931577861309052,-0.022189233684912324,0.032788373529911041,0.0081005431711673737,0.061287365853786469,0.11324993645151456,0.19327054545283318,0.26950686531407492,0.31143400498798918,0.3537084199488163,0.36706036600199615,0.3326817498757289,0.31348301825069247,0.28264321969903033,0.256311107140321,0.24269399833348063,0.30887745959418161,0.24397933673163927,0.0043172826990485191,0.0,0.0,0.0,0.0,0.0,0.0,0.0,0.0,0.0,0.0,0.0,0.0,0.0,0.0,0.0,0.0,0.0,-0.728613899674958,-0.561734948511962,-0.073373308394854855,0.4465061737081179,0.87750185387475155,0.80549477128421554
0.0,-0.12839091569185257,-0.038811185397207737,0.011329552158713341,0.040183820354286581,0.10991018762191136,0.1776506096124649,0.30890285472075146,0.33958259721597034,0.36335963436535429,0.37390867248177528,0.36040038665135704,0.34138646438008263,0.29358103098692717,0.25377124001582463,0.21539466036483645,0.24290758664054529,0.11574101691340925,-0.11641032907100628,0.0,0.0,0.0,0.0,0.0,0.0,0.0,0.0,0.0,0.0,0.0,0.0,0.0,0.0,0.0,0.0,0.0,-0.4737791479372781,-0.49219491134715987,-0.17149363496169753,0.34481885741380131,0.90507679036323063,0.849021441595895
-0.20363707840442658,-0.2136974036693573,-0.12757508456707,-0.054556552320718765,-0.016518187398711841,0.09110412995020549,0.15597651600837709,0.25743498156468075,0.28878667099135263,0.31577565521001816,0.32675356485626916,0.3335452953974406,0.32475194605914032,0.2925568883833678,0.20266391158103944,0.11025481983538597,0.1430701469866241,0.088947910437914168,-0.11405503324002121,-0.0928293266607558,0.0,0.0,0.0,0.0,0.0,0.0,0.0,0.0,0.0,0.0,0.0,0.0,0.0,0.0,0.0,0.0,-0.177719056240416,-0.23421615012226377,-0.3067147420076406,0.26130429155367252,1.0053862164605338,0.90507099032402039
-0.22414912283420563,0.0,-0.18143158406019211,-0.107579472164313,-0.0209409783128649,0.049572042111928262,0.11660076230764389,0.17872311671574911,0.21100415076528276,0.24330788105726242,0.24636705858366831,0.2571208079655965,0.25401480942964555,0.24989913133057681,0.18915171828120947,0.0979827860226998,0.13347181013307055,0.091733737734326151,-0.10992914134834428,0.0,0.0,0.0,0.0,0.0,0.0,0.0,0.0,0.0,0.0,0.0,0.0,0.0,0.0,0.0,0.0,0.0,0.0,-0.03665096744468125,-0.17189748085796228,0.20939851109108001,1.1080140109922065,0.93184735212061143
-0.21951516717672348,-0.20688576996326447,-0.14895904809236527,-0.11789859334627788,-0.0833971972266833,-0.046200469446678959,0.041061281226575375,0.12120644599199296,0.15404822358063289,0.17791577614843845,0.1783079244196415,0.19133094822367033,0.18856872618198395,0.1752133309841156,0.16300914271010292,0.1166521618989381,0.15152957170240342,0.12329053108890851,-0.0029187369897651174,0.0,0.0,0.0,0.0,0.0,0.0,0.0,0.0,0.0,0.0,0.0,0.0,0.0,0.0,0.0,0.0,0.0,0.0,0.0,-0.19338333448490166,0.10469999717559643,1.1012686182712685,0.89235819087309
0.0,-0.15367364138364792,-0.089931517839431763,-0.089080573990941048,-0.0942092090845108,-0.0658428049646318,-0.0024636753369122744,0.074898680299520487,0.12544639656941095,0.14529986927906671,0.15993726005156836,0.16516140848398209,0.18081325478851795,0.15861022141244677,0.16226123770078024,0.15678294114768504,0.14834099669348111,0.1194602915396293,0.090250715147703886,0.0,0.0,0.0,0.0,0.0,0.0,0.0,0.0,0.0,0.0,0.0,0.0,0.0,0.0,0.0,0.0,0.0,0.0,0.0,-0.12240565142128616,0.07332013660411843,1.0000397058633657,0.78136508773874358
-0.18568711479504904,-0.11163487285375595,-0.0664143618196249,-0.046684016784032188,-0.0306871822103858,-0.00039452795560161274,0.017820916914691527,0.052122451364994049,0.097114434199673791,0.13664534874260426,0.16343312604086741,0.18977723802839006,0.21022692157162559,0.19055324345827102,0.20975831421938809,0.2096629204118953,0.13725026358257642,0.090173145586794068,0.11501791807157653,0.0,0.0,0.0,0.0,0.0,0.0,0.0,0.0,0.0,0.0,0.0,0.0,0.0,0.0,0.0,0.0,0.0,0.0,0.0,0.0,0.59876851524625507,0.79398386925458908,0.65026335790753365
-0.12744971364736557,-0.074628891423344612,-0.029886025935411453,-0.01864281203597784,0.0359392079214255,0.066375801339745522,0.072163677774369717,0.074507699348032475,0.097201736271381373,0.14353897273540497,0.18935923278331757,0.2200096994638443,0.25558939789022717,0.23877954185009004,0.22156621515750885,0.19054526622806275,0.11446751623104016,0.013557928206864744,0.0088695655576884747,0.0,0.0,0.0,0.0,0.0,0.0,0.0,0.0,0.0,0.0,0.0,0.0,0.0,0.0,0.0,0.0,0.0,0.0,0.0,0.0,0.60790420770645137,0.6893475705927069,0.54939672946929929
-0.072494972497224808,-0.041199967265129089,-0.014858677672843138,0.023410179652273655,0.061487400904297829,0.090751489003499344,0.10863024368882179,0.11990731954574585,0.15365477949380874,0.17331583797931671,0.21234674379229546,0.25167040526866913,0.26613170760018484,0.23921205916187979,0.21108390225304496,0.1704769010345141,0.071754486591089517,0.002611873576825019,0.0,0.0,0.0,0.0,0.0,0.0,0.0,0.0,0.0,0.0,0.0,0.0,0.0,0.0,0.0,0.0,0.0,0.0,0.0,0.0,0.49209739764531452,0.6344956689410739,0.64905912601030791,0.47098280787467955
-0.058643130585551262,-0.026152906473726034,0.010601965710520744,0.022498772479593754,0.037794480100274086,0.0719398632645607,0.089683623611927027,0.13988887944391795,0.18877262473106385,0.21818908410412924,0.23830808947483698,0.25602563284337521,0.25422348247634041,0.20729719433519575,0.16232350799772474,0.0926364040510221,0.00046798327405537875,-0.060817656639431207,0.0,0.0,0.0,0.0,0.0,0.0,0.0,0.0,0.0,0.0,0.0,0.0,0.0,0.0,0.0,0.0,0.0,0.0,0.0,0.0,0.5092242998736245,0.68677419424057007,0.58008782400025261,0.37833176255226136
0.0,-0.024404650554060936,-0.0015131489490158856,0.023535703308880329,0.051083409537871681,0.076883109907309219,0.093830650406224389,0.136328464107854,0.19743022508919239,0.24806426678385055,0.27821241484747994,0.27265313598844743,0.21372513898781367,0.14680762961506844,0.077638964075595146,-0.0025097070118555655,-0.0511783037945861,-0.032683276107827959,0.0,0.0,0.0,0.0,0.0,0.0,0.0,0.0,0.0,0.0,0.0,0.0,0.0,0.0,0.0,0.0,0.0,0.0,0.0,0.33814242482185364,0.54451532165209449,0.61736485113700235,0.46412044167518618,0.28329444097148049
-0.041420850902795792,-0.016794267692603171,0.00961137586273253,0.0023305816187833748,0.029953545518219472,0.070668581873178482,0.10832485649734736,0.14034287072718144,0.21066859178245068,0.28084844350814819,0.31782882809638979,0.29896384477615356,0.17258353345096111,0.061361706582829356,-0.031442030850383967,-0.038473580860429339,-0.0086018711978492011,0.011331925550217016,0.0,0.0,0.0,0.0,0.0,0.0,0.0,0.0,0.0,0.0,0.0,0.0,0.0,0.0,0.0,0.0,0.0,0.0,0.038124512881040573,0.35208406831536976,0.59044029766863038,0.53077894449234009,0.38023917542563546,0.23776261260112128
-0.01669576158747077,0.029637299478054047,0.040882483435173832,0.041835859417915344,0.046784207224845886,0.061632488987275531,0.10736409667879343,0.15356682240962982,0.21474319861994851,0.29601827689579557,0.35153020421663922,0.372318759560585,0.27950885643561679,0.083202876150608063,-0.10966103772322337,-0.059599221477078065,0.0020758799801114947,0.028233714712162811,0.0,0.0,0.0,0.0,0.0,0.0,0.0,0.0,0.0,0.0,0.0,0.0,0.0,0.0,0.0,0.0,0.0,0.0,0.067920923233032227,0.53767348419536243,0.6143276343743006,0.46059923171997069,0.31441589783538471,0.19147035750475797
-0.017600309103727341,-0.00023233567480929196,0.044062531242767967,0.077841669321060181,0.093025604262948036,0.090851629773775741,0.11479897714323467,0.14627029640333994,0.20146987669997746,0.2807054115193231,0.31666782924107145,0.33551210165023804,0.48825964331626892,0.0,-0.092832041283448533,-0.028134822645889863,-0.0097786832549091839,-0.033627860248088837,0.0,0.0,0.0,0.0,0.0,0.0,0.0,0.0,0.0,0.0,0.0,0.0,0.0,0.0,0.0,0.0,0.0,0.0,0.3381662623025477,0.61069630583127343,0.53113666176795959,0.38122603297233582,0.27321497350931168,0.17004861533641816
-0.042760185897350311,-0.0073174531571567059,0.018689065123908222,0.048130312468856573,0.06320903599262237,0.077695191837847233,0.097649767994880676,0.11525332704186439,0.13696197792887688,0.179610975086689,0.19386454352310725,0.18269142974168062,0.0,0.0,0.0,0.00801392230205238,0.0046341244342329446,-0.03690113158275684,-0.058057183399796486,0.0,0.0,0.0,0.0,0.0,0.0,0.0,0.0,0.0,0.0,0.0,0.0,0.0,0.0,0.0,-0.11695539206266403,0.0312669612467289,0.45690038800239563,0.573983895778656,0.4129953748650021,0.32381365001201629,0.26071121543645859,0.15860212501138449
-0.062795987352728844,-0.036768897747000061,-0.026540566002950072,0.0037862054305151105,0.006025549878055851,0.0040913190071781473,0.041121871624555856,0.064967870339751238,0.053371966816484928,0.058020997961813751,0.066822386346757412,0.029687221627682447,0.0,0.0,0.0,0.00983270762177805,-0.0017039005664022018,-0.039127322069058813,-0.061538856476545334,0.0,0.0,0.0,0.0,0.0,0.0,0.0,0.0,0.0,0.0,0.0,0.0,0.0,-0.063929395750164986,-0.11399330198764801,-0.10805520255650793,0.20569699350744486,0.40535093678368461,0.40173899796273971,0.29834885398546857,0.26379444748163222,0.24359060823917389,0.13964921422302723
-0.071191251277923584,-0.0808023711045583,-0.069751380632321044,-0.059403075836598873,-0.051406759768724442,-0.064851965755224228,-0.042615245096385479,-0.0078064559260383245,-0.016897389490623027,0.0026187460964799607,-0.012964180437847972,-0.073782399762421846,0.0,0.0,0.0,0.0,0.0,0.0,0.0,0.0,0.0,0.0,0.0,0.0,0.0,0.0,0.0,0.0,0.0,0.0,0.0,-0.067785678431391716,-0.083176466822624209,-0.1316287460821596,0.005768778151832521,0.2839445864612406,0.298102468252182,0.23971378356218337,0.18603852577507496,0.18850310146808624,0.18256485648453236,0.085353820351883769
-0.054651509970426559,-0.096097086866696671,-0.10052571694056194,-0.10981364548206329,-0.09694899246096611,-0.0855923986860684,-0.064480701088905329,-0.05214391052722931,-0.0673104515299201,-0.040667052070299782,-0.038634497815599807,-0.070447408678856765,-0.0894866319722496,-0.17559103295207024,0.0,0.0,0.0,0.0,0.0,0.0,0.0,0.0,0.0,0.0,0.0,0.0,0.0,0.0,0.0,0.0,-0.13307671124736467,-0.037842479860410096,0.016325067728757858,0.12199216801673174,0.18960874676704406,0.19513224336234006,0.17466641142964362,0.12495272937748167,0.10017530545592308,0.095177427399903536,0.076789572834968567,0.02650909119984135
-0.066766133531928062,-0.079587186376253768,-0.085929065942764282,-0.10539965517818928,-0.10325462495287259,-0.08010214460747582,-0.063833454251289362,-0.05793345868587494,-0.064506225753575563,-0.036715777963399886,-0.022073699627071619,-0.056317541216100962,-0.12967339184667384,-0.16477479881194251,0.0,0.0,0.0,0.0,0.0,0.0,0.0,0.0,0.0,0.0,0.0,0.0,0.0,0.0,0.0,0.0,-0.062139055187193058,0.081151046684350484,0.1818805754184723,0.22670537680387498,0.18778121539137579,0.11524001847613942,0.072236892208457,0.035280972728893779,0.021194772303311363,0.010204717620379396,0.011554895027074963,0.0049874241667566821
