SouthSea_Web/demo/jsonfile/2017-12-16-01.json
{"header": {"parameterUnit":"m.s-1","parameterNumber":2,"dx":0.1,"dy":0.1,"parameterNumberName":"Eastward current","la1":29.0,"la2":12.0,"parameterCategory":2,"lo2":131.0,"nx":250,"ny":171,"refTime":"2017-12-16T01:01:52.5","lo1":106.0}, "data":
[rows 76 to 94 of 171, columns 43 to 85 of 250]
0.0,-0.0091092331250282859,0.0,-0.0031169227126826484,0.031670132311410269,-0.022217204175632981,-0.094632776410773736,-0.07526518333703279,-0.066129242597025129,-0.070837206713124753,-0.051389273121645769,-0.028088597928396832,-0.031040967746327322,-0.068539623371683636,-0.11837636763148271,-0.1917471174707972,-0.19516539797186852,-0.14067344062152457,-0.20912022780681003,-0.23747798979282378,-0.39965980682108138,-0.412957913085316,-0.42723299670910492,-0.43256087303161622,-0.34171462136862885,-0.23061333035213361,-0.16385671427616708,-0.15480566709753005,-0.13902710441310526,-0.14515488316952172,-0.18722607776270075,-0.218829076094874,-0.22708062751818511,-0.22107451952109902,-0.18888504753510158,-0.14457583989490541,-0.096319244953535374,-0.092506929188966747,-0.06688304904561776,-0.046081215186859481,-0.065544461850227123,-0.080223873112949415,-0.10193053401749709
0.0,0.012980365956073376,0.025007343102201544,0.014581680855191579,-0.075720226600828014,-0.0920993237174707,-0.087655477420143457,-0.0827262952785801,-0.0883831128888174,-0.084216088968880318,-0.073430332435028889,-0.070828265310930352,-0.10282814571013053,-0.13800434865912453,-0.116127437274707,-0.35754069258443644,-0.36331147081771137,-0.20146108887368633,-0.12591760256327689,-0.095920731231351114,-0.16142047981598548,-0.18788324793179831,-0.16894452118161898,-0.14013903247097792,-0.11578840808226512,-0.10532551154028624,-0.1076165675872662,-0.13033383901490539,-0.17976354559262595,-0.1848915003497025,-0.20469808752338092,-0.2447240272802966,-0.26361430043523965,-0.24684736927350362,-0.21937441166776878,-0.18032990316195147,-0.13224616508792947,-0.0857568590901792,-0.044568780137019023,-0.011838271098601963,0.016536479886091346,0.018940550357068854,-0.052615743775207266
0.0,0.079492530420604154,0.052005108064836124,-0.10688925029483526,-0.11295907813659374,-0.083844238993796436,-0.090033512800297838,-0.094021852035075432,-0.10675339939502569,-0.10977905715505282,-0.12160460464656353,-0.14208179898560047,-0.29261108539227781,-0.27731063608395851,-0.14582340869932406,-0.16602006541757747,-0.32454202780800478,-0.29713105907042819,-0.22205459529703314,-0.16087744641499441,-0.12318654476918957,-0.16425947565585375,-0.18967382162809371,-0.16828630367914835,-0.15296481798092523,-0.13361836664500784,-0.11429028367174082,-0.15420033900361313,-0.1671179674439511,-0.21279580339237494,-0.16522794399621352,-0.15570139684356177,-0.18018544240380233,-0.19023210373189714,-0.17881437581638957,-0.1722506545484066,-0.15104794784172163,-0.12960358063379923,-0.09034737175510775,-0.038680760755336711,-0.022185995539378684,-0.041384782344102859,-0.04556631825864315
0.12384959482927418,-0.064437000061213778,-0.10503035871789866,-0.17428942854813714,-0.12622363330462041,-0.10732326043976678,-0.10214938347538312,-0.11543225661172706,-0.12302447034645889,-0.14776435835381685,-0.16395599097013475,-0.17241831490043866,-0.11549357045441866,-0.237003999629191,-0.24430358307114963,-0.20586556270718576,-0.20779898936549823,-0.20834102469389557,-0.1866589093516613,-0.15828047179784932,-0.1422824669500877,-0.15421570938522533,-0.1789367360607633,-0.17511407570405441,-0.16586254382955618,-0.15489573551798766,-0.15267420029984072,-0.14297495314887926,-0.15216462284326554,-0.15525466721990835,-0.16265389687485166,-0.10260154937322323,-0.11372099909931421,-0.10697150507143566,-0.1147384058464976,-0.10502276659914941,-0.09159108876220641,-0.072531065421885463,-0.077246025543321259,-0.082095857019777646,-0.066483517763791258,-0.0516438377648592,-0.055894142349383662
0.31661778213456271,-0.15705958533205786,-0.068371187345903431,-0.19288568585818888,-0.14782446491367676,-0.12639011499105077,-0.12648832219941864,-0.14685304136129848,-0.15313155039892359,-0.21454266724841936,-0.1823353591864392,-0.15926512397293532,-0.19462305086630363,-0.20413606015385175,-0.23147713818720409,-0.25159465509359952,-0.24109583815275612,-0.22654720470309259,-0.20429115275205192,-0.1896098728837638,-0.15031017655772822,-0.1265895832695213,-0.13316746071932165,-0.15657273291245752,-0.167909040354019,-0.17154842052194808,-0.16162709485400806,-0.1738228705667314,-0.14329300485551358,-0.14990571180456563,-0.16921915900376108,-0.12739924209959366,-0.11411543286615802,-0.099910050149886839,-0.080993535713507578,-0.086500545963644981,-0.11088236650595298,-0.12072471722408577,-0.12591960710974839,-0.1412197861958433,-0.12996930225441852,-0.0916643925011158,-0.046168007031083105
-0.50658462333912946,-0.48240768574604781,-0.34768892214027136,-0.28573379035388091,-0.1824648332242903,-0.13748458932553018,-0.15924420103169323,-0.18014007620513439,-0.15164378815788335,-0.17896167757147449,-0.21468172854972337,-0.21878593867378576,-0.21860020033648756,-0.23724676386035723,-0.24090962161620458,-0.24038319655677728,-0.24173575322159002,-0.22021936403031936,-0.2119867579411652,-0.18629846159826247,-0.16361946992154391,-0.13419749836126962,-0.12805355535376639,-0.16109537772643259,-0.148945441763652,-0.16576903783961347,-0.17218879632877582,-0.18465893252475843,-0.16986363945585309,-0.14995441725477576,-0.1604390530847013,-0.14427336485221468,-0.12668051112156648,-0.1237767825701407,-0.11928928422707098,-0.10262906396140654,-0.135034163410847,-0.15679857272792747,-0.13403264656662942,-0.0845640691427084,-0.065183322078415332,-0.094662510824424242,-0.11494530622775738
-0.22913376821411979,-0.28542413152562279,-0.41795948684215545,-0.47867713541908058,-0.30825048983097075,-0.15051370412111281,-0.17690594387905939,-0.20974733500645079,-0.15943112918886088,-0.13972302770306325,-0.17764726554354032,-0.20548308880652411,-0.22944295175116639,-0.23351296534140906,-0.22197685942605691,-0.24069941275078674,-0.23878073448484594,-0.21704876754018995,-0.20237106703362376,-0.19800873708968259,-0.16558394807836283,-0.16202573363597578,-0.1338067929659571,-0.15778276192791321,-0.16350971613869522,-0.16488472710956226,-0.17004506560889157,-0.17446457346280417,-0.17199147299483972,-0.1677103395815249,-0.15857299576912606,-0.16019808443693015,-0.16386504581681005,-0.15344299537980038,-0.18235462020944665,-0.20268787844822958,-0.16488357305526732,-0.095682246876614432,-0.10770647346973419,-0.16989739425480366,-0.16601715816391838,-0.20717131539627356,-0.23387120320246771
-0.057206714829716961,-0.17729847261255469,-0.24452747785965071,-0.30006247682542336,-0.27718850863831385,-0.14380997255191966,-0.13553345269922698,-0.21644353343729386,-0.1718355843733097,-0.17840307572130429,-0.1867576500978963,-0.20078264250129949,-0.21026972642070368,-0.23413907789758273,-0.22968160094959395,-0.20359063373421724,-0.22000344162401947,-0.21094632391319718,-0.20659499433305528,-0.20974192413545789,-0.19302763877546086,-0.19157938884966302,-0.19104947916099002,-0.19359090924263,-0.20242469608783723,-0.22376463331025223,-0.22436676354243837,-0.19469858374860552,-0.18675532306616122,-0.19147708095037019,-0.19115110797186694,-0.17346818958009994,-0.17479907320095942,-0.20210959074588922,-0.19291792988777159,-0.16935849877504203,-0.15824135335592124,-0.17123706958123616,-0.16765080668308116,-0.22698241300307787,-0.24962390462557474,-0.25361694624790776,-0.26246222640786854
0.0,0.0039132239830605249,-0.12042582271147438,-0.0075608173799688906,0.099233534374992965,0.12990316974881697,-0.0049636177182516179,-0.11122208551581328,-0.14446953107272426,-0.19206743137758287,-0.20511909822622934,-0.20027855894079916,-0.2115594959921307,-0.20104982435703278,-0.22081075211366016,-0.22228268356550307,-0.22355957749562386,-0.2349763752685653,-0.22571482592158848,-0.21991019447644553,-0.21266464360298648,-0.21336132031062555,-0.21209071789469039,-0.21887282814298356,-0.22122429863170343,-0.21901646256446838,-0.23629243270708963,-0.23744151225456825,-0.21750593643922073,-0.21759551534285912,-0.22415405626480395,-0.21910633395115534,-0.21772531137384218,-0.21220799764761558,-0.17503223338952431,-0.1958150789141655,-0.222791548371315,-0.25433690287172794,-0.25603223463584635,-0.26280642992683817,-0.25126220605203081,-0.20994196445853622,-0.18715016233424345
0.0,0.0,-0.020291212942942768,0.16517548105128208,0.25711221968316855,0.46642139764747237,0.31000146542636442,0.081308037964552035,-0.11202205615418573,-0.16729399295789854,-0.20462712231609556,-0.20500855634407122,-0.20857342488543931,-0.19433271335928062,-0.22678925924830967,-0.23620893141707858,-0.23558149419047617,-0.24262946433034435,-0.24083591535173612,-0.25215828142784258,-0.25959344539377427,-0.25305706377212817,-0.25519964442803311,-0.25511347472667695,-0.22338043841031882,-0.22317609935998917,-0.22749068617820739,-0.26170119528587049,-0.28314115703105924,-0.27519863614669215,-0.26641600177838254,-0.24052867407982165,-0.18554323663314185,-0.14073844569233748,-0.16412038383660493,-0.22213802679821296,-0.27874951703207834,-0.30947342846128678,-0.31474740917866045,-0.27618449021662983,-0.1758263683212655,-0.0948189374591623,-0.13286906800099782
0.0,0.0,0.20281759429384361,0.26055918235112641,0.54913210238823118,0.65101320276389252,0.61191224764628582,0.33636725974890092,-0.045435187175884961,-0.11266529098862693,-0.15891521203297157,-0.16940873861312866,-0.18366517499089241,-0.22335413176762431,-0.24864069214372925,-0.23288190464178721,-0.25963847683026242,-0.27143467962741852,-0.25438650725064454,-0.24577518304189047,-0.23237448036670685,-0.21589999166982515,-0.20784483735377973,-0.224667994512452,-0.23662818849086761,-0.24691262276008211,-0.29293792293621945,-0.28379785670683932,-0.24268146411136346,-0.1993831516458438,-0.1415434694634034,-0.11955399121399279,-0.14360531005594465,-0.17897930102688925,-0.23848698258399964,-0.31106704252737538,-0.326213069833242,-0.288418749416316,-0.26134043777811117,-0.18952481107165417,-0.16585878974625043,-0.12214044854044914,-0.14398968246366298
0.16074478520273133,0.53067451427606016,0.72856110860904055,0.83227594504198,0.79792894664056158,0.73276803126701939,0.68981197342444,0.37437844110859764,0.017544528379665403,-0.076154499200352457,-0.11916469738763921,-0.15015045216395742,-0.1802607306412288,-0.2146598490015153,-0.23192496081957451,-0.2535295995573203,-0.25348522983215471,-0.27341777888628155,-0.27125328779220581,-0.27167997775333269,-0.27289074716659695,-0.26265156854476246,-0.23266019999980928,-0.20924588706758288,-0.25432056128978731,-0.30909409898298756,-0.26650880829051687,-0.18984074890613556,-0.15443852874967787,-0.16943967673513624,-0.19655483961105347,-0.21165501415729524,-0.27830092035807097,-0.33120132638857913,-0.3955167702266148,-0.37745446081344897,-0.29004606549386625,-0.19288491785526277,-0.12520297179962026,-0.1121074049561112,-0.1789067336197557,-0.23036316573619842,-0.30497464587291084
0.84058996436804756,0.95179969929402175,0.97034238448399979,0.9692547432837948,0.9493285225853868,0.93233480991669071,0.78705630552124328,0.32891594997194945,0.068407036142698566,-0.00659855397168064,-0.092182041602391823,-0.14377052156311093,-0.19721448661819582,-0.20386069847477806,-0.2534274957303343,-0.28296262713579029,-0.29497055212656659,-0.27814225797299985,-0.26486601376975022,-0.27984024860240797,-0.26011504286101889,-0.22776936101061956,-0.21950145781040192,-0.24635439283317989,-0.29262720633830341,-0.27416627164240237,-0.18619706882880285,-0.15059350541344396,-0.15772338956594467,-0.17973513213487771,-0.27800124497325335,-0.3431767468099241,-0.4240514746418706,-0.453841264601107,-0.39174299240112304,-0.29117852141117229,-0.19329401493072509,-0.17774067432792098,-0.2108174055814743,-0.24052503934273353,-0.26835683790537029,-0.256017758945624,-0.19595044691647803
0.50198989628942381,0.37151370904108216,0.16597749241606491,0.20735050124373325,0.14070395559870771,0.27268030906194135,0.42756610131654582,0.28593876629562703,0.076377216065602924,-0.028686376290612055,-0.095682202882709955,-0.13989756520717375,-0.20939778840100323,-0.2302151498971162,-0.29560345755173612,-0.32695410097086869,-0.31799544592698414,-0.3177678706469359,-0.28701512941292356,-0.25123715081385206,-0.22161903756636162,-0.21268483198114804,-0.2289730847946235,-0.28267365197340649,-0.32487742832073796,-0.2144028745867588,-0.11431723695110392,-0.10660346798025645,-0.13555088609457017,-0.24889726404632842,-0.37542810594594039,-0.42982556842840636,-0.44954523135875835,-0.42970322989500487,-0.36794214294506955,-0.31383196761210758,-0.237451930642128,-0.27458090507067168,-0.17250514133223172,-0.12722962664870116,-0.12229058971362454,-0.16085208155985536,-0.2553598803502542
-0.036529455286973531,-0.0482867993414402,-0.061857063283628604,-0.034777773911040852,0.0,0.13307155782699978,0.31196433712135663,0.18377706899292887,0.078698243161197751,-0.05609099349980666,-0.11534291867698943,-0.1416712629475764,-0.219438980200461,-0.2475310963179384,-0.26052505086208211,-0.29536541371509945,-0.30286269249587222,-0.25800731161545065,-0.24268883980553727,-0.25973082251018947,-0.29553859148706707,-0.31227231642295572,-0.32438661845830769,-0.32556737599701718,-0.22539756626918397,-0.1271839710297408,-0.10279337454725195,-0.1270668994763802,-0.24859915702388838,-0.36868660317526925,-0.45520943880081177,-0.526024384631051,-0.46639128029346466,-0.38113548320073348,-0.30564689691419955,-0.32594799193052143,-0.26607581919857431,-0.20665545375258834,-0.1964351843904566,-0.1543258304397265,-0.20527817845344543,-0.2610870897769928,-0.34728127624839544
0.0,0.0,0.0,-0.0038615085122054786,0.0,0.0,0.0,0.08478045624260809,-0.050202593858226792,-0.10592073159558432,-0.15027942614895956,-0.17784467392734119,-0.21636263615098492,-0.23194434950428625,-0.2471771506649075,-0.25152014408792767,-0.217447881737063,-0.2315224547471319,-0.26578022590998945,-0.31372790912102011,-0.36860647584710804,-0.40249072121722357,-0.35932933515118015,-0.20683481433877238,-0.13499047349278742,-0.11619147791394166,-0.15954901106082475,-0.27331756584105954,-0.38900060565383349,-0.50082087847921586,-0.56520224500585481,-0.48980054038542287,-0.37322082051209043,-0.35232877502074611,-0.31150985722030911,-0.30654802918434143,-0.30636395194700788,-0.24830394520841795,-0.19537062048912049,-0.18810369074344635,-0.20633249080950214,-0.26440911686846186,-0.33795623055526186
0.0,0.0,0.0,0.0,0.0,0.0,0.0,0.0069034778280183673,-0.13984720793087035,-0.16000183272574628,-0.20161968171596528,-0.23215590696781874,-0.22756855776815704,-0.21945251571014524,-0.25887563151697957,-0.24956734199076891,-0.27190619141891087,-0.29490778158450948,-0.3192158618877674,-0.37381304334849119,-0.40457028664391614,-0.30800470480552089,-0.17509580908283109,-0.14024205147116273,-0.1226139474246237,-0.22221009664494415,-0.35139346442052294,-0.39813636775527683,-0.525018559052394,-0.5874241462775639,-0.47832087959562031,-0.35303166508674622,-0.32155833420930086,-0.40978075067202252,-0.45331925988197325,-0.40589544588121873,-0.35434798022796365,-0.31968319004979628,-0.27741736077493234,-0.23301108926534653,-0.23396281290937354,-0.27495216737900463,-0.30970010602915726
0.0,0.0,0.0,0.0,0.0,0.0,0.0,0.009808169303299941,-0.17634109224309214,-0.22509189220992,-0.24855437436524561,-0.27360517350403041,-0.26759162413723331,-0.26721365915404427,-0.2857469719122438,-0.26840204745531082,-0.31922091729938984,-0.3640425029922934,-0.3760559795231655,-0.3928601203426238,-0.24065143281015858,-0.19168855352648373,-0.15836496959472524,-0.19379550825666497,-0.30593690276145935,-0.38879682017224176,-0.4476890034145779,-0.54904354764864993,-0.6078456915341891,-0.50623980716422756,-0.40215721407106947,-0.384731384339156,-0.38806542754173279,-0.44529856465480944,-0.48668187084021391,-0.40474484920501708,-0.35186511498910411,-0.37046845422850716,-0.34664968318409389,-0.2991756664382087,-0.3009349267397608,-0.31188506299051744,-0.3200591372119056
0.0,0.0,0.0,0.0,0.0,-0.015349992330359111,-0.0791291539486944,-0.22048152873471175,-0.27715678189111792,-0.28048985497075685,-0.28223023142503656,-0.30158756564303141,-0.28489628583192828,-0.29366714581847192,-0.30465362338643326,-0.29778104494599733,-0.35993886419704985,-0.39360238868614722,-0.42811347742875416,-0.30788874346762896,-0.18531813050309817,-0.17625471254189809,-0.25888338188330334,-0.30400967278650831,-0.40233711302280428,-0.50664675022874561,-0.53856062668341176,-0.57044900528022224,-0.51815811682630464,-0.40005130836596858,-0.3303951968749364,-0.36931926881273586,-0.35873660903710586,-0.40725275516510012,-0.4101364364226659,-0.33952084183692932,-0.288730185340952,-0.34186900765807543,-0.36549429338553857,-0.32358461503799146,-0.31993614081983213,-0.32316609578473227,-0.33265888920197118
