SouthSea_Web/demo/jsonfile/2017-12-15-09.json
{"header": {"parameterUnit":"m.s-1","parameterNumber":3,"dx":0.1,"dy":0.1,"parameterNumberName":"Northward current","la1":29.0,"la2":12.0,"parameterCategory":2,"lo2":131.0,"nx":250,"ny":171,"refTime":"2017-12-15T09:00:00","lo1":106.0}, "data":
[rows 19 to 37 of 171, columns 172 to 214 of 250]
0.32607980966567995,0.33317852616310117,0.32450358072916669,0.32029751688241959,0.3084452822804451,0.30844948291778562,0.29822918772697449,0.29230149984359743,0.26140429675579069,0.19479676584402719,0.11105930556853612,0.14192519783973695,0.22141338884830475,0.28476202487945557,0.16185431679089865,0.2002797139187654,0.355412807315588,0.27434739896229338,0.15297395239273706,0.3157156016677618,0.36588499546051023,0.42322626980868255,0.4819224344359504,0.43982301787896588,0.41252263585726417,0.42841324210166931,0.49712762236595154,0.56804282848651588,0.63771249353885651,0.69485704256938052,0.691370597252479,0.579968837591318,0.42706794738769532,0.25598142009515029,0.21518220007419586,0.27666474534915042,0.30446752692971912,0.21247845315016234,0.28511491119861604,0.32098458409309388,0.19908287127812704,0.18354270034111464,0.13364117390786609
0.27694607079029082,0.30656427145004272,0.31884286403656004,0.32630242109298707,0.34464914883886066,0.344724677503109,0.35618463655312854,0.33208579421043394,0.31372741858164471,0.22420762181282045,0.14808914065361023,0.10107360482215881,0.12055997674663861,0.1915745117834636,0.053991508537105153,0.21929408444298637,0.333643981388637,0.26551697961986065,0.30492664426565169,0.43204764193958706,0.42545622316273773,0.42941792805989581,0.40520358830690384,0.35436029846851641,0.33211378114564077,0.42693710540022167,0.54956557282379692,0.59977286137067354,0.69904960053307674,0.70677938244559546,0.66787024959921837,0.558191808561484,0.37497761050860084,0.27065848062435788,0.28280216280151815,0.34347666914646441,0.32041971087455751,0.25056556784189665,0.37084711285737842,0.37835960434033322,0.29399643093347549,0.20921023488044738,0.074203780064216032
0.24941185712814332,0.28473801414171857,0.31087430715560915,0.36520813703536986,0.42782833675543469,0.4519849419593811,0.469458954674857,0.38138766884803771,0.28899188712239265,0.21441338658332826,0.15507343113422395,0.10145248472690582,0.1145675852894783,0.11971050221472979,-0.033360138535499573,0.22855058033019304,0.27127731094757718,0.204891406676986,0.38983819972385059,0.37207285066445667,0.39728219234026396,0.38152638971805575,0.33328135447068646,0.3352276065519878,0.43839115301767984,0.543698576780466,0.56684726902416771,0.62717702755561244,0.67515315328325542,0.6181263373448298,0.60322432120641067,0.47603263954321545,0.33019021382698643,0.2714388858940866,0.344434954226017,0.3613124955445528,0.265042068866583,0.21775377448648214,0.29897663914240324,0.33556138385425915,0.3197798864407973,0.22859417714855887,0.13861770089715719
0.25278797497351962,0.29777996242046356,0.36087240491594585,0.43264748156070709,0.47765399515628815,0.51304993629455564,0.51092796921730044,0.37862164378166197,0.2188601940870285,0.18092283010482788,0.18480071744748525,0.23077050099770227,0.094424796407110989,-0.012557547007288252,-0.033025761558250946,0.30462694466114043,0.17687378766445014,0.31708491421662843,0.37539154787858325,0.38096094402399933,0.39947956800460815,0.3190001308917999,0.30678710527718067,0.35927990078926086,0.48056061140128542,0.54856105787413456,0.57174429985193109,0.65650189839876616,0.5690750852227211,0.51792241136233008,0.53428462743759153,0.39479299954005648,0.27557033766061068,0.24669746735266276,0.37407619357109068,0.33061740597089134,0.2056546788662672,0.18070821807934687,0.21322773626217476,0.285352961583571,0.30157250165939331,0.23763504748543105,0.17242665588855743
0.24123251189788184,0.28188610672950742,0.34816456692559378,0.42124920657702852,0.47718724608421326,0.52448344230651855,0.4685340736593519,0.33205477396647137,0.20968412111202875,0.14346538949757814,0.27142848819494247,0.25705814361572266,0.066577604273334146,-0.051966293049710136,0.14054345826364376,0.23763467845591632,0.19194719245036443,0.28294234024360776,0.34891944999496144,0.40649199272905079,0.37317380079856288,0.39424504588047665,0.43652957479159038,0.50452241760033822,0.54539923369884491,0.5313764373461406,0.6299534638722738,0.58179653968129841,0.48555336466857363,0.41990760217110318,0.46216068466504417,0.30816064675649008,0.19774143627056709,0.19643345516588953,0.33855102250450536,0.23483763459850759,0.17584770123163859,0.2149584534076544,0.1947255420188109,0.19540747106075287,0.17912011364331612,0.14852511820693812,0.10516418572515249
0.22900042235851287,0.28248757975442068,0.342305315392358,0.41792126372456551,0.48219920694828033,0.52038031816482544,0.42212056120236713,0.31625363230705261,0.22552181780338287,0.16878162324428558,0.15718264691531658,0.18340566754341126,0.12097517265514894,0.0033807623898610474,0.069016075460240245,0.22199400266011557,0.17525551042386464,0.14893535753855339,0.22799243076759226,0.3184343469994409,0.381089985370636,0.40699060686997007,0.50120699405670166,0.51427415471810556,0.54932747142655514,0.57931664784749348,0.585139342716762,0.51845503541139459,0.41276472348433274,0.36581914214526906,0.39825291931629181,0.25150139033794405,0.1141229273849412,0.20378491852213354,0.30421816143724656,0.15476026370500526,0.17327714097850464,0.2507696066583906,0.22361543923616409,0.11398564678217683,-0.0073198481778880319,0.044779562391340733,0.026177612412720919
0.21083797727312362,0.27422152832150459,0.315871258576711,0.42649897560477257,0.477149954863957,0.50755106977054054,0.4665919803082943,0.30825168266892433,0.23816917277872562,0.22399309426546096,0.15378457307815552,0.13713405653834343,0.17065158672630787,0.020207839811013803,0.12905657051929406,0.21922977907317026,0.15305935963988304,0.18162132675449053,0.29289536078770956,0.35353664840970722,0.3499749738436479,0.4480742055636186,0.50642811854680381,0.54877528777489293,0.53166588892539346,0.53685149550437927,0.51158447265625,0.44152454687998843,0.34580624103546143,0.31218298811178941,0.34221172683379231,0.19736445182934403,0.061843534383703679,0.21117289045027324,0.27039542615413664,0.081948697853546873,0.18381026759743691,0.27536097566286721,0.25628197044134138,0.15896821225231345,0.049394257483072579,0.0562297935382678,0.02576124553369092
0.14950267970561981,0.1949494613541497,0.25514391250908375,0.34815245121717453,0.43142480320400661,0.46176857873797417,0.47691574692726135,0.32739022374153137,0.25260288877920672,0.1804450438781218,0.18965051198999086,0.19024851769208909,0.12165674045681954,0.15336891206411216,0.16773531450466675,0.14420924122844422,0.16725376301578113,0.26012232030431431,0.23670942087968191,0.2554431167932657,0.38013247343210071,0.54833623766899109,0.58786187966664627,0.507606403394179,0.48678586116203892,0.50368527279180642,0.45726107557614643,0.39099008115855133,0.29462204341377529,0.27842578788598377,0.32305768132209778,0.17777068869155996,0.022314557021385746,0.17583139666489192,0.26884707397428054,0.10412749833693462,0.16263056468839446,0.2195157359043757,0.17697199892539245,0.142581174770991,0.17548150298270313,0.15245230021801862,-0.0058674861634658146
0.09837570124202305,0.126577061911424,0.18295130630334219,0.29355183541774749,0.39309820234775544,0.41443108518918353,0.44607052206993103,0.37103437632322311,0.27197834518220687,0.21118193988998732,0.14783806651830672,0.22480106218294663,0.099178684642538428,0.042142703134838179,0.071708315486709279,0.11600480787456036,0.26360817360026495,0.30207421949931551,0.39299175568989347,0.52580208437783382,0.60681785299227786,0.63761693239212036,0.519010511537393,0.42396329556192669,0.49523990200116086,0.49426066279411318,0.43745571800640654,0.36118289828300476,0.26144046802073717,0.2608026871457696,0.28489072182599234,0.13512442540377379,-0.016560715800886482,0.10111015089429341,0.19760095299436495,0.16047876561060548,-0.024888683356610791,0.03955758110220943,0.12737886464366546,0.22498253326524387,0.32068872337157911,0.20968618853525681,0.060023750533888996
0.14905675128102303,0.18259271031076257,0.23866929445001814,0.31305355131626128,0.35731390714645384,0.3775763213634491,0.39746735244989395,0.353444462785354,0.24956944371972764,0.21904942507927233,0.22325997398449823,0.18295963605244955,0.1108726798914946,-0.049775523785501721,-0.00080530545009034019,0.29009482363859812,0.33096536596616111,0.37983597176415579,0.54098424563805259,0.619310329357783,0.65543500866208759,0.58925320093448341,0.41612721340996878,0.43996437467061555,0.5126688102881114,0.47773307065169018,0.41439439143453327,0.32977594009467531,0.27309506237506864,0.27065334965785343,0.24039589043925791,0.11464245617389679,-0.0081789608383061076,0.059421417458603777,0.054336771368980408,0.13221423824628195,0.16600386165082454,0.24757196083664895,0.28334597604615347,0.28641800880432128,0.39436344355344771,0.13667399657424539,0.18012382549932227
0.2538300260901451,0.24532785117626191,0.25113509967923164,0.2798328860239549,0.28620835055004468,0.28643239289522171,0.29643526266921649,0.28685634411298311,0.19633061610735381,0.21492248276869455,0.20977250952273607,0.19355361784497896,0.1319026563848768,0.079780097728451863,0.10489010123106149,0.20762429237365723,0.30029661036454713,0.49750228903510352,0.59302023282417882,0.60634656747182214,0.63364128632978955,0.50912143103778362,0.3413696126504378,0.46000375971198082,0.50057293900421684,0.45630443493525186,0.410729495378641,0.33468568325042725,0.30137309233347576,0.25977334953271425,0.20721170656821308,0.068650586640133571,-0.0052464200749195045,0.056099930545315146,0.039544049774607022,0.12650566501542926,0.24854307062923908,0.28057868205584013,0.27808578064044315,0.25275633898046279,0.34124530213219778,0.09551889404996694,0.054365337153689727
0.2975543315211932,0.2729662629691037,0.28742462938482111,0.25477639337380725,0.23491914421319962,0.2145788905521234,0.30524696816097607,0.287763137370348,0.17685591578483581,0.15116746326287586,0.13344654097006872,0.1504410167535146,0.13174210240443549,0.046978273196145892,0.10903956075864178,0.16710559278726578,0.36279104879269231,0.54039834737777714,0.55631509652504552,0.55592683951059974,0.57980204267161228,0.3825159986813863,0.31008327351166654,0.47995017894676756,0.51085300929844379,0.46073423751762937,0.39327653391020639,0.31347915317331043,0.27581761876742045,0.22655323048432668,0.14088865627463049,0.067898493198057019,0.077570241813858354,0.084925452868143722,0.069639871429119787,0.16776290650551134,0.27489571002396668,0.27346647869456897,0.22008737027645112,0.11803156551387575,0.12786627459255132,0.10847836519990649,0.12756674194877798
0.40084056212351871,0.35162761265581305,0.28851858675479891,0.17864766120910644,0.15111752280167171,0.14473797443012396,0.21864430340273039,0.16922925183406243,0.17024426301941276,0.1302368812263012,0.15502755000041082,0.12901698425412178,0.14005466736853123,0.10103313711782297,0.20231795196349806,0.30283607084017533,0.4607427487006554,0.48761203289031985,0.45914003940728992,0.50370706617832184,0.48239233493804934,0.27061041792233786,0.31613720208406448,0.5023195326328278,0.508734615785735,0.44513209164142609,0.35342001489230562,0.276432861884435,0.24643088451453618,0.15222152951173484,0.044722661949121036,0.12071917951107025,0.13438372584906491,0.094667593638102218,0.133459210395813,0.23850188461633828,0.294128480553627,0.26326551040013629,0.23321569710969925,0.15469274195757779,0.1166200615465641,0.16475694179534911,0.16961092054843902
0.30370482695954187,0.25821643273035683,0.16454127977291744,0.09270220200220744,0.094535468944481435,0.082552839070558548,0.10230270586907864,0.12541835622063705,0.11111536335486633,0.093253009952604771,0.09368479823072752,0.15981361456215382,0.22942081888516744,0.29879760856811816,0.33547871879168917,0.37283223668734233,0.3838423490524292,0.36633212225777761,0.41179916901247843,0.4285351037979126,0.36262616940907072,0.18398613163403102,0.32722928055695127,0.46704241633415222,0.45164545252919197,0.38471421599388123,0.27628457546234131,0.20767602231353521,0.15664525489721978,0.04754961348537888,0.050623732184370357,0.1106637968466832,0.1127800729412299,0.10992790826342323,0.18803647781411806,0.25907969309224022,0.307974097403613,0.28262883289293811,0.2760406682888667,0.21781306527554989,0.11653979942202568,0.13829865720536974,0.075727335410192609
0.359465765101569,0.3560188313325246,0.30272113057700073,0.26961306695427212,0.1870882511138916,0.16928827464580537,0.15006019522746403,0.15721461709056581,0.18093073647469282,0.17575498123963673,0.1711480696996053,0.22028538234093609,0.24518212217551011,0.277460332427706,0.31148923834164938,0.32142937183380127,0.30938085516293845,0.32197402914365131,0.39336626066101921,0.39657155275344846,0.28041641910870868,0.18442789912223817,0.3740808645884196,0.4143523138303023,0.38713446046624866,0.31558783631771803,0.19189510742823282,0.14076042175292969,0.083837988475958511,0.07532571877042453,0.11435183386007945,0.13935580849647522,0.12632949029405913,0.12159954309463501,0.15971196939547858,0.24109026247804816,0.31153529286384585,0.27253726976258413,0.27027731140454608,0.17587929964065552,0.11313131617175208,0.10975033996833696,0.027084753091912717
0.2826209674278895,0.26010575775916761,0.26233233418315649,0.24514649595533097,0.27183660957962275,0.27933540481787461,0.26267883280913035,0.2391946444908778,0.20774630270898342,0.17295670828648976,0.1627190003792445,0.15144270410140356,0.19571010768413544,0.26987054571509361,0.27002193871885538,0.27140632096458883,0.28116908898720372,0.36712057143449783,0.45464436824505144,0.34050995111465454,0.23937312832900456,0.31837336625903845,0.37395017594099045,0.39186326414346695,0.30984385013580323,0.24435660342375437,0.16040448729808515,0.061323643817255892,0.058694254490546882,0.1026148647069931,0.16600127411740168,0.16846310570836068,0.11710405349731445,0.088980652391910553,0.10460208439164692,0.20544423659642538,0.22438637084431118,0.20501993809427535,0.22984862824281058,0.12061240943148732,0.11198305090268453,0.081568937216486254,0.062367672366755347
0.21260804732640584,0.17171653998749598,0.18371382169425488,0.25194099148114524,0.295946858326594,0.3018477899687631,0.255754078073161,0.23755096892515817,0.20897919152464187,0.14182798843830824,0.12333413532802037,0.13301829447348912,0.18763947274003709,0.21347136451647833,0.21600918751209974,0.2576232045888901,0.30294134616851809,0.42122926190495491,0.31979452073574066,0.30082924995157456,0.34192549481111412,0.33647537827491758,0.35271438956260681,0.35397720336914062,0.22131687204043071,0.16444762314067168,0.079278263108183936,-0.013735455066825334,0.063700749180637867,0.14360106465491382,0.32927031815052032,0.33709849552674725,0.24098657816648483,0.21519923706849417,0.24939146803485024,0.25553453713655472,0.1939313660065333,0.17281046882271767,0.15744704504807791,0.087482539005577564,0.11359553784132004,0.097180138741220751,0.054220919807751976
0.20863884221762419,0.21808250745137534,0.22352816049869245,0.21946068451954767,0.23494005890992972,0.2296309694647789,0.18216097620981081,0.17448108990987141,0.17665443420410157,0.12632425661597932,0.1085999108850956,0.098709695041179657,0.11011052131652832,0.14210124792797224,0.16552774310112,0.22863067785898844,0.32510487362742424,0.2799971213466243,0.27603013638187857,0.34352086981137592,0.33917883204089272,0.24832784253008225,0.35412514408429463,0.2837177699103075,0.2027572255049433,0.21727605278675372,0.058724115806398913,-0.013528510032651516,0.12690240641434988,0.25855636596679688,0.3557609292593869,0.29693370064099628,0.30256158444616532,0.367267119032996,0.36901899278163908,0.30002150684595108,0.20029511675238609,0.13567666113376617,0.10211320647171565,0.09965568408370018,0.12700884602963924,0.0866066113114357,0.044882218539714816
0.18594451160991893,0.21909997053444386,0.21108404972723552,0.18292521685361862,0.13894851754109064,0.10392622248484539,0.075505715111891428,0.073766235013802847,0.12142486550978252,0.13827399397268891,0.13499923199415206,0.10271431257327397,0.079661491726126,0.088396309929735517,0.11140264943242073,0.17485229057424209,0.23387015238404274,0.2511453383109149,0.2560947440240694,0.30069235644557257,0.24788946172465448,0.20762057267129422,0.30702287952105206,0.28643537362416588,0.21566082887789784,0.087603152944491461,-0.0683254209967951,-0.071244957068791762,0.21664994359016418,0.34639531103047455,0.2911126807332039,0.33708117753267286,0.39552406966686249,0.3598211258649826,0.32656283304095268,0.26066621925149647,0.17192614717142923,0.10301079228520393,0.070928150167067841,0.088700887747108936,0.099071239431699112,0.054813425987958908,0.018455731973517686
