SouthSea_Web/demo/jsonfile/2017-12-15-10.json
{"header": {"parameterUnit":"m.s-1","parameterNumber":2,"dx":0.1,"dy":0.1,"parameterNumberName":"Eastward current","la1":29.0,"la2":12.0,"parameterCategory":2,"lo2":131.0,"nx":250,"ny":171,"refTime":"2017-12-15T10:01:52.5","lo1":106.0}, "data":
[rows 95 to 113 of 171, columns 42 to 83 of 250]
0.0,0.0,0.0,0.0,0.0,0.0,-0.095475639467078779,-0.29687002576974919,-0.44353056217537445,-0.44133888750240718,-0.48839320494578436,-0.51432275934652849,-0.49257736715177697,-0.45614998042583466,-0.47904873207995768,-0.53620291749636328,-0.48666858350908432,-0.37199199024368734,-0.30530813988298178,-0.30557122267782688,-0.27669747414127471,-0.51347099244594574,-0.55063783327738447,-0.521485525986244,-0.44446103771527606,-0.34671498559139391,-0.23961760360619117,-0.2001834159096082,-0.25719966579760822,-0.34573701143264768,-0.33408068439790178,-0.36418340230981511,-0.40454197150689586,-0.44760252286990482,-0.48627371340990067,-0.520988526167693,-0.55090657082097283,-0.48040464299696461,-0.45725665935154619,-0.43172586881197417,-0.37433602947455186,-0.33751181692912663
0.0,0.0,0.0,0.0,0.0,-0.10338899803520964,-0.26202622736558251,-0.43114683032035828,-0.45811792998574674,-0.47401803991068964,-0.49598652246880204,-0.53818554282188413,-0.52851405799388884,-0.48735782165418973,-0.44809247404336927,-0.41052970952457851,-0.41316701968510944,-0.35414961911737919,-0.34449251944368536,-0.36659407231115526,-0.55728247861067459,-0.58654782895384161,-0.47694869518280031,-0.45994492407355991,-0.36322586139043173,-0.28612974727595292,-0.21096733378039467,-0.26819404548612136,-0.40132395390953335,-0.40703422603783784,-0.413601710328034,-0.36413896083831787,-0.35001505682101619,-0.396084067998109,-0.46819472933808964,-0.52629162027285648,-0.52756724092695451,-0.45718892033283526,-0.45330331722895306,-0.39375207401238954,-0.3374768208180155,-0.332531428999371
0.0,0.0,0.0,0.0,-0.043764794033698061,-0.21481079449957036,-0.39543559947493356,-0.46511104015203625,-0.50114102634516633,-0.52674454095817747,-0.53400273358120642,-0.51400006165107093,-0.47758253042896587,-0.42741710963574325,-0.41840281656810213,-0.43286611313043638,-0.36950324520920264,-0.30226069944245476,-0.31981605717114042,-0.47719194392363229,-0.61449052633777745,-0.46996380708047319,-0.42513564891285366,-0.34700905865636367,-0.2833526874227183,-0.23355144847716605,-0.23820882419060016,-0.33829237023989361,-0.40882165091378347,-0.40695783606281988,-0.40083462638514383,-0.37266935132167955,-0.34767982257264,-0.403477637895516,-0.47213428616523745,-0.50636794611259739,-0.47949340824897474,-0.42711461867604938,-0.39453221189564674,-0.35712083830283237,-0.28776614092014452,-0.27045059834535307
0.0,0.0,0.0,0.0,-0.13977643360849471,-0.31044300107882833,-0.40231999504950738,-0.47027417733555749,-0.53261401355266569,-0.52874654952217548,-0.50868509578354215,-0.5030292261924062,-0.4744424968957901,-0.45403978567231784,-0.37345813251123194,-0.30371261810934219,-0.25020337394542164,-0.26122892158372063,-0.39505432825535536,-0.47144337049845991,-0.40049711894243956,-0.39832167173254079,-0.3237666528800438,-0.26245844143408315,-0.20472729411618462,-0.20228333132607596,-0.2909644033227648,-0.31978719096098629,-0.31174401021920717,-0.33665760578932585,-0.31489105150103569,-0.30318217724561691,-0.30494441624198643,-0.400706739337356,-0.49467219798653211,-0.506918184716126,-0.4578248503116461,-0.43004280557999242,-0.38659988403320311,-0.33033357241324018,-0.25852361873344137,-0.22817320248176312
0.0,0.0,0.0,0.0,-0.222964541366616,-0.34647324310535449,-0.39737983181690556,-0.43545177529255547,-0.47682873718440533,-0.48446132339440384,-0.45750185427531392,-0.40940650800863904,-0.41780367797734785,-0.34514904240282568,-0.28458798149736914,-0.24526383688575343,-0.29605398719248016,-0.38990613914305167,-0.41353618502616885,-0.38572194901379669,-0.39291023150567084,-0.352731036820582,-0.24611334751049677,-0.16550021490146374,-0.12926042466251939,-0.22399862110614777,-0.26003167253953441,-0.1945681886540519,-0.22257009534924119,-0.20219018682837486,-0.18667936032371862,-0.20314412474632262,-0.28061929952215264,-0.38353277317115236,-0.44211081443009553,-0.41631993889808655,-0.36702932476997374,-0.33923362834112986,-0.32461571586983545,-0.31132815195166547,-0.25446409042234774,-0.19239837790911013
0.0,0.0,0.0,-0.11492207056643175,-0.27907549195044057,-0.37819984749080687,-0.43814245236886512,-0.46682543884542654,-0.48679655009103051,-0.46908195614814757,-0.49052509078473755,-0.46576305306874788,-0.36547921468382294,-0.25748779243893094,-0.20699690511593452,-0.27346953832440907,-0.39115725601873091,-0.35230540352709155,-0.345704370561768,-0.3799500859552814,-0.33802244492939543,-0.23382275877520442,-0.11522651716534581,-0.047053951770067215,-0.15693290120568768,-0.24955302763443726,-0.18017300161031577,-0.18592096439429692,-0.12545880259802708,-0.066217472983731165,-0.076519934859659,-0.12045248053394832,-0.19750690965780191,-0.28217489962224607,-0.33158045368535177,-0.34505046606063844,-0.34623303567921676,-0.34718947227184588,-0.30290891803227937,-0.26600036078265737,-0.22175305128097533,-0.14267649558874276
0.0,0.0,0.0,-0.18027371181793009,-0.29917377737206474,-0.40055612367592092,-0.46710306470250262,-0.50617018997669216,-0.51033285347003376,-0.45926895428013492,-0.38430133691200841,-0.33979891795738071,-0.26686994731426239,-0.290751225726549,-0.32263502031564711,-0.38511715190751211,-0.35564280105264562,-0.35175565788240143,-0.35186034531304333,-0.28388268026438629,-0.20031715823071344,-0.17253712032522475,-0.093843381293118,-0.092216236782925468,-0.17493620735627632,-0.14887844824365207,-0.15352525349174226,-0.13446376233228616,-0.074397052239094458,-0.026361347462695379,-0.014692302321135584,-0.033583418757189065,-0.081408584490418434,-0.16271484673023223,-0.24842679252227148,-0.31113893825274247,-0.34991676990802473,-0.36693331599235535,-0.33186466455459596,-0.2424608085017938,-0.17302604306202668,-0.10886493573586147
0.0,0.0,0.0,-0.063738827116371535,-0.321925228907155,-0.34516322533920329,-0.37495888729965732,-0.43161771992842357,-0.50022427222439059,-0.47798203101641012,-0.41138970700360961,-0.26932047843933105,-0.32419813492081384,-0.39185467989821182,-0.32935989708513824,-0.29818242788314819,-0.33591520580752143,-0.328347978182137,-0.30695865995117594,-0.25463546865752767,-0.19717426837555,-0.14081737931285585,-0.14414414843278273,-0.16039134136268071,-0.092801658505642856,-0.086955685444452147,-0.13261523390454905,-0.11532906758097503,-0.056614746004343033,-0.0098639133696754779,0.041427030340336,0.02755314253270626,-0.02747408971535387,-0.096707921045330852,-0.17529889621904918,-0.25968553250034648,-0.30192442811452425,-0.332199923992157,-0.33694627439534225,-0.2587376230955124,-0.16191557688372477,-0.098516580781766352
-0.047238953411579132,-0.0092300263651184291,-0.10362503389581186,-0.3136984881076203,-0.41052889168084022,-0.45015735546951097,-0.484427332007972,-0.46209234107906622,-0.49314144034998131,-0.37438803045330821,-0.30665557908600777,-0.28335438470045726,-0.27798419572958133,-0.30015117284797488,-0.28155345686020389,-0.26082823809349176,-0.25388134962746073,-0.2119937140134073,-0.17590287892982878,-0.15630276447960309,-0.14439839364162513,-0.14631611800619535,-0.14146825753980213,-0.11631072754109348,-0.075177069610128031,-0.096009103151468128,-0.11788198977708816,-0.120900406103049,-0.05477094422611925,0.015661874888464808,0.086678749157322779,0.063688375745658526,0.00065896372185446893,-0.070174996405839921,-0.13249668323745331,-0.20023926794528962,-0.25115394821533787,-0.27844145949240084,-0.29413453936576844,-0.24945575903568948,-0.15876510366797447,-0.090929484305282429
-0.023731568760367257,-0.095302624710298017,-0.29583200795142067,-0.3739042560790331,-0.3932771001695099,-0.4545348940624131,-0.46252543698013049,-0.45210426638000889,-0.37711850329510216,-0.32093359700271062,-0.31336167196814829,-0.33107593721813627,-0.25399940578561081,-0.26948862741975221,-0.2511908751912415,-0.22279005425591622,-0.20895945587578943,-0.19635059812973285,-0.18659818544983864,-0.13699174778802054,-0.17170323486681338,-0.14375622916434491,-0.076333152613154168,-0.068111559445107425,-0.067196658104658122,-0.085652392091495652,-0.0980796693609311,-0.10483863247701755,-0.014116813607800465,0.092968979584319253,0.16792836202227551,0.13084512365900952,0.03985014308888752,-0.03947444439486221,-0.094048828333616261,-0.16177989572286605,-0.20048440754413605,-0.21170076621430262,-0.20919332018604986,-0.1948122518757979,-0.15006069839000702,-0.087302365961174175
-0.113920748984379,-0.278314316572484,-0.38923911787569521,-0.38550273752680014,-0.38578973457627341,-0.41266403803458579,-0.38017366602153851,-0.39510333521498575,-0.28761990550491545,-0.36740200015214775,-0.3333976629168488,-0.32229713986559611,-0.24307528308459692,-0.19331992510706186,-0.18434484014588018,-0.19127391278743744,-0.16490130743076062,-0.14579100773802825,-0.11458411014505796,-0.11403514524655682,-0.081571470808099816,-0.06964656738219438,-0.059840386927065156,0.00067548534005052515,-0.010056300840985317,-0.0292412916799852,-0.040487940069930305,-0.018345518734270667,0.040242943291862808,0.11419442095435582,0.1559163715976935,0.14024470545924628,0.095920050309764013,0.022836154649177424,-0.059446547525348489,-0.1368220964074135,-0.16108027045373563,-0.16217349534449371,-0.17774640940702879,-0.18250814300996285,-0.15340738140401386,-0.10954490900039673
-0.28321738356759629,-0.38485698933923224,-0.4239842900834932,-0.42159332213424022,-0.40888499851860755,-0.35706287221661931,-0.37848793969575661,-0.31898093912877196,-0.36542312065257304,-0.33868375821755481,-0.29506221032419871,-0.23918643637615092,-0.18760657217353582,-0.14518674437342019,-0.10872107602912805,-0.082627673234258375,-0.091424550595028062,-0.077012166242908547,-0.042804496096713204,-0.023943989156072751,-0.020309020872917718,-0.020436581837622307,0.021433177628851909,0.065487552732229226,0.02433133379627879,0.0024621938387604635,-0.0023275147183225132,0.034505683639845637,0.10479232840813123,0.14467457108772719,0.13908866307009821,0.14517004732732419,0.14127160340547562,0.08355762578547,0.0025053617007668233,-0.073306978852660562,-0.099681445898918,-0.11901840223715855,-0.14506489574909209,-0.14924433678388596,-0.14159147879656622,-0.12450094521045685
-0.35558490200740533,-0.34842304020673354,-0.36322051609493322,-0.3796832367649734,-0.39736797581642669,-0.29129762628248762,-0.32194843765245668,-0.30490760491141733,-0.29440742582082746,-0.27489356442195612,-0.18979806430412061,-0.11957255005836487,-0.10301048095737185,-0.096202493227761365,-0.071921880285327255,-0.051977756917476657,-0.054766110032796862,-0.047842289520693679,-0.023915176213319813,-0.013129917727339836,-0.014301126805582532,-0.019419905363715122,-0.0012467758916318416,0.049214926858743034,0.054214755738420148,0.028595184305838,0.022183595895767211,0.04172965311087095,0.078631277317586151,0.10623873884861286,0.14532654732465744,0.17796207964420319,0.16421591460704804,0.10750632329533498,0.034354997153224591,-0.034650993116277583,-0.071703739626252136,-0.0844614448195154,-0.10742390418753904,-0.12626970907052357,-0.13268612644502095,-0.14424055938919386
-0.47687931862933125,-0.45192712098360061,-0.40224366662342376,-0.35834069039862032,-0.36922929361185619,-0.344527198229661,-0.30307860821485522,-0.28968551838901679,-0.24715149352947871,-0.12731843271425791,-0.076669085169992143,-0.07776995175159894,-0.088846408106662611,-0.080390098989009853,-0.083083462829773247,-0.0947545564174652,-0.086251414418220526,-0.056712751587231956,-0.034727549701929095,-0.030534020911615629,-0.032617863655711211,-0.034298191276880413,-0.011631430281947056,0.026877955085812852,0.036175234541296959,0.0097528266148098428,0.0078430933601878316,0.025363783098079941,0.054609725475311281,0.084174704483964233,0.10262607162197431,0.10098349178830783,0.07186671975068748,0.030747509037610143,-0.037799598020501438,-0.10150157346537239,-0.12211537580279742,-0.10266203915371615,-0.091025605301062268,-0.10581139954073089,-0.13177972745436889,-0.16022370010614395
-0.41587901473799838,-0.48914581666822021,-0.40197860687337023,-0.41205904396005377,-0.42459147074554537,-0.36524025255983528,-0.2684868547396782,-0.20045420670128883,-0.086917900187628613,-0.041926038692946789,-0.04846450328826904,-0.073905430201973238,-0.10771504818246915,-0.10758013167866955,-0.097041260184986253,-0.10477857983538083,-0.10148283333650657,-0.089438386527555327,-0.087867212983278126,-0.093552499860525135,-0.10221522108748041,-0.082109311022437542,-0.048853888511657714,-0.0068793827802157747,0.0033905869070440533,-0.024254629469436149,-0.018843720947979422,0.00068015573402669326,0.00887638548473743,0.0037497455764207103,0.022362653899472208,0.01935516237281263,0.00037740191481517335,-0.038628242444247007,-0.079106540186330676,-0.11977085564285517,-0.12312535409416471,-0.10543641348679861,-0.093490210051337883,-0.10192480993767579,-0.13036803342401981,-0.16698469966650009
-0.48144465696397437,-0.54523552159075683,-0.47376225257116089,-0.40933038786400194,-0.42256814133429871,-0.35603170700975367,-0.2055048902829488,-0.10772665725512938,-0.060557392136803986,-0.048203125447034839,-0.056614946849920134,-0.094568015209266124,-0.12848139168887302,-0.12981829339904444,-0.12373287975788117,-0.13362390255289419,-0.13671187038222948,-0.13477185102445738,-0.15381170010992459,-0.18228231062149181,-0.17440447096641248,-0.1398816132651908,-0.11123379051685334,-0.065442113737974844,-0.054302885399564453,-0.06831445312127471,-0.055958813056349754,-0.03552709604528817,-0.024414812968600364,0.0012455724859855284,0.022894903831183911,0.0038501378294313326,-0.02266853877945858,-0.057119249133393168,-0.072233530133962637,-0.081452652812004089,-0.086400030324092283,-0.084414331614971166,-0.1009018129358689,-0.11398421600461006,-0.12644803736891067,-0.16339142620563507
-0.51412449309811792,-0.5837275416377079,-0.50545637559716716,-0.40982362441718578,-0.361831965723208,-0.20608728257722633,-0.10265867388807237,-0.075626776726157571,-0.078128728299186781,-0.10187806848150033,-0.10252341319774759,-0.11199389823845454,-0.12484178002233859,-0.14152134858792828,-0.1618140979159263,-0.16182060074061155,-0.17129216944017717,-0.19455361828721804,-0.23523597419261932,-0.25667999530660696,-0.22180173844099044,-0.18189320942530265,-0.15526240691542625,-0.12193500360956898,-0.097794702947139739,-0.076021062135696413,-0.057751586579758186,-0.021873180965139044,0.019132139471669991,0.051569805725624689,0.057293367817213663,0.019497064982230465,-0.038237374482883349,-0.087114507598536353,-0.12776532918214797,-0.13381711393594742,-0.10986473817716945,-0.10237065702676773,-0.11385756265372038,-0.10826223237173897,-0.108427280826228,-0.14878211418787637
-0.3672480615476767,-0.42145110153761067,-0.38996846146053737,-0.31403305932231573,-0.17543842749936239,-0.10220664893758708,-0.098235932290554051,-0.10119781753531208,-0.12793337127992085,-0.15797358854063626,-0.1366752643258341,-0.11610219833152048,-0.12181420120838526,-0.14692427759820764,-0.17412140423601324,-0.19079635571688414,-0.23345883593365951,-0.27543298177646869,-0.28750264825242938,-0.26215391854445141,-0.21547127131259802,-0.163386064045357,-0.12684476812338008,-0.11393728595355461,-0.0896885718863744,-0.073096032755879253,-0.069296463969207939,-0.056587369604544205,-0.015574680375201362,0.020741581484409317,0.029488127360022383,-0.01825028206440038,-0.0555478861289365,-0.085464408887284141,-0.11066143329326923,-0.13345564563166013,-0.11569505049423738,-0.088983550667762756,-0.082485724240541458,-0.071113024971314845,-0.080034761130809789,-0.1201977476477623
-0.36463748756796122,-0.27958127047334397,-0.32100265281541007,-0.22726277112960816,-0.12017295608917872,-0.079133619196139843,-0.13521858967012829,-0.13958974679311118,-0.15931446353594461,-0.17688808077946305,-0.1536666413440424,-0.14929549685782856,-0.14061548795018877,-0.19012915695968427,-0.23174272556053965,-0.26378802316529409,-0.31362431661950219,-0.3372891498239417,-0.3033110648393631,-0.25579894040570117,-0.2265618097397589,-0.18923979500929514,-0.14914247617125512,-0.12012298276712155,-0.095704525975244384,-0.083580037722220793,-0.092239825771405146,-0.11163165234029293,-0.053423329152994685,-0.010143894352950156,-0.0073734753597010337,-0.045737739962836109,-0.044931388770540558,-0.032391511727697574,-0.036799371771683749,-0.054682638496160507,-0.057681501377373934,-0.047555862822466426,-0.046390904734532036,-0.051887598509589829,-0.060690237209200859,-0.089492088183760643
