SouthSea_Web/demo/jsonfile/2017-12-15-11.json
{"header": {"parameterUnit":"m.s-1","parameterNumber":3,"dx":0.1,"dy":0.1,"parameterNumberName":"Northward current","la1":29.0,"la2":12.0,"parameterCategory":2,"lo2":131.0,"nx":250,"ny":171,"refTime":"2017-12-15T10:58:07.5","lo1":106.0}, "data":
[rows 95 to 113 of 171, columns 172 to 214 of 250]
0.11241057018438976,0.0642995722591877,0.028695610351860523,0.0131729700951837,0.010843203868716955,-0.0052825750317424536,-0.042840282122294106,-0.074851312985022858,-0.076389456167817116,-0.063869228586554527,-0.026373104192316532,-0.018204276449978352,0.013071587309241295,0.050407035276293755,0.14888535191615424,0.23808952420949936,0.29768209159374237,0.34930554032325745,0.37074245512485504,0.36980430781841278,0.35963642597198486,0.35114885866642,0.33496540784835815,0.319851890206337,0.29819789528846741,0.26029704511165619,0.23047925531864166,0.18942904472351074,0.1982138454914093,0.0,0.21992787718772888,0.22245409339666367,0.24995488673448563,0.0,0.31329050660133362,0.33422136306762695,0.37477755546569824,0.37874817848205566,0.3741753101348877,0.410735160112381,0.44262117147445679,0.0,0.39012077450752258
0.13971613957123322,0.092466777021234681,0.056914642453193665,0.043933635163638324,0.027981183305382729,0.023315904103219508,-0.006107820974042018,-0.037847626488655806,-0.05186983197927475,-0.024608572634557884,0.0071561026852577925,0.022040927316993475,0.067769467830657959,0.1090766116976738,0.18908192962408066,0.22848204523324966,0.31625024974346161,0.35339955985546112,0.36700315773487091,0.35305100679397583,0.34453341364860535,0.33024100959300995,0.32402196526527405,0.30210384726524353,0.29619759321212769,0.23499782383441925,0.20876811444759369,0.18818457424640656,0.17050659656524658,0.18559837341308594,0.18904297053813934,0.18122249841690064,0.1902211606502533,0.23515660315752029,0.2837030291557312,0.3286445140838623,0.37207484245300293,0.42235058546066284,0.44886961579322815,0.44636869430541992,0.45936876535415649,0.424702987074852,0.0
0.13365498234828313,0.0880252629518509,0.081682944297790522,0.073981421068310738,0.045679587249954544,0.02780513372272253,0.017624659133919824,-0.0031057588445643582,-0.0037038615904748441,0.015800107580920059,0.047409569844603539,0.070341475307941437,0.12133049468199413,0.16444768011569977,0.23087960481643677,0.27416905760765076,0.3225678950548172,0.34560233354568481,0.34550940990448,0.3350009024143219,0.32772523164749146,0.31314319372177124,0.30863794684410095,0.29878140985965729,0.27266240119934082,0.2313791811466217,0.18850100040435791,0.16480740904808044,0.0,0.15413662046194077,0.16537174582481384,0.17099188268184662,0.16448192298412323,0.21229241788387299,0.29017040133476257,0.34415006637573242,0.0,0.44111296534538269,0.47124537825584412,0.47170254588127136,0.46702903509140015,0.43631190061569214,0.38537019491195679
0.14006067113950849,0.085611103102564812,0.093317809204260513,0.086819189999784746,0.059102580779128604,0.034794152049081664,0.02906022345026334,0.023850545100867749,0.036497247094909348,0.049348123371601105,0.076092708855867386,0.10784200082222621,0.15281336506207785,0.19863627851009369,0.25021330267190933,0.29134316245714825,0.30982816219329834,0.3245997428894043,0.31763382256031036,0.32265764474868774,0.30993840098381042,0.31084445118904114,0.29872998595237732,0.28137978911399841,0.25062812119722366,0.22429201006889343,0.0,0.15866521000862122,0.12727082520723343,0.12169744446873665,0.13595692813396454,0.13836935162544251,0.0,0.19645117223262787,0.28690385818481445,0.35991808772087097,0.41433341801166534,0.0,0.49382795393466949,0.4731954038143158,0.45051819086074829,0.43188047409057617,0.40428437292575836
0.17879835665225982,0.12145690806210041,0.098263402779897049,0.07829972108205159,0.06294981283800942,0.043995904425779976,0.037425597508748375,0.027178349904716015,0.035306930541992188,0.057147233746945858,0.083774760365486145,0.11647642776370049,0.15196314454078674,0.20527279376983643,0.25535053759813309,0.27967634797096252,0.29055143396059674,0.29861272871494293,0.28928907215595245,0.30046109855175018,0.30124661326408386,0.30627545714378357,0.28018006682395935,0.27177616953849792,0.0,0.21106251329183579,0.1716490238904953,0.12269303202629089,0.11494788527488709,0.098578236997127533,0.10862031579017639,0.12773165851831436,0.16076907515525818,0.25362569093704224,0.27420991659164429,0.37419813871383667,0.45178285241127014,0.48842567205429077,0.0,0.48835098743438721,0.45412606000900269,0.0,0.423279345035553
0.18195549491792917,0.12493709188241225,0.092902073805982421,0.069577747748957738,0.05926872470549175,0.0592444846406579,0.037804422434419394,0.02707214206457138,0.034995177760720253,0.055264899507164955,0.085875389476617173,0.12967365235090256,0.16170462220907211,0.21420527001221976,0.25353867560625076,0.26653623580932617,0.27315697073936462,0.27202820777893066,0.27393537759780884,0.28513814508914948,0.28972196578979492,0.28693766891956329,0.28333225846290588,0.25021422654390335,0.23725281655788422,0.18178175389766693,0.15936918556690216,0.12743493914604187,0.089479148387908936,0.0897904485464096,0.0,0.12210594862699509,0.16390383988618851,0.23899851739406586,0.36330068111419678,0.0,0.44883918762207031,0.48126828670501709,0.48748952150344849,0.47291404008865356,0.46448910236358643,0.43061304092407227,0.0
0.15602600714191794,0.096371229080592882,0.071676729754968124,0.06739594042301178,0.06177609869175487,0.047497921312848725,0.039951273550589882,0.050317597885926567,0.0562955637772878,0.069551480313142136,0.10999292135238648,0.15192920714616776,0.177504763007164,0.21514899283647537,0.24378015100955963,0.25349350273609161,0.25404263287782669,0.24630447228749594,0.26198050379753113,0.25995956857999164,0.27386149764060974,0.25778692960739136,0.2596164345741272,0.2366025447845459,0.20875410735607147,0.16650101542472839,0.13549631834030151,0.10599251091480255,0.0826113149523735,0.08286748081445694,0.10538101568818092,0.0,0.19536562263965607,0.26886054873466492,0.34429579973220825,0.42970335483551025,0.0,0.4692738950252533,0.47361558675765991,0.46862852573394775,0.4627290666103363,0.43802814185619354,0.42946246266365051
0.13728867610916495,0.0816131567253786,0.060906380148870606,0.063208792358636856,0.051082522741385868,0.044742680021694729,0.055679437704384327,0.077417753636837,0.10352686792612076,0.10745449177920818,0.14213385184605917,0.17938021570444107,0.20047880709171295,0.22763197124004364,0.24558063844839731,0.2390018105506897,0.231599360704422,0.236197367310524,0.2309337705373764,0.22093386948108673,0.24249082058668137,0.0,0.2398383691906929,0.22188110649585724,0.19990465044975281,0.16848404705524445,0.10671473294496536,0.08561958372592926,0.072600439190864563,0.073508627712726593,0.085467442870140076,0.14740058034658432,0.0,0.28487227857112885,0.35368022322654724,0.41532823443412781,0.46407616138458252,0.0,0.47368009388446808,0.46231788396835327,0.0,0.4374144971370697,0.41561031341552734
0.13236389177687027,0.085791986668482423,0.055345884757116437,0.05712730810046196,0.051093761809170246,0.068160517407315116,0.085132287016936717,0.10079567010203998,0.12339369704325993,0.14016075929005942,0.17684197798371315,0.19627612829208374,0.22375404834747315,0.23969507962465286,0.23631209880113602,0.22263796627521515,0.201913483440876,0.20237988233566284,0.20263704657554627,0.2316257506608963,0.21397000551223755,0.23141635954380035,0.22443094104528427,0.22755691409111023,0.20013955980539322,0.15887358039617539,0.11324867978692055,0.067868292331695557,0.06140393391251564,0.073710829019546509,0.087005257606506348,0.13053484261035919,0.214334174990654,0.31481102108955383,0.0,0.39532652497291565,0.44399410486221313,0.46459317207336426,0.0,0.468603253364563,0.43957895040512085,0.43438988924026489,0.42150032520294189
0.13536138720810415,0.120288947224617,0.095762774813920259,0.084227032214403155,0.079668609425425529,0.090233175882271352,0.0995088102562087,0.11877367893854778,0.13697851300239564,0.1615489274263382,0.18294999003410339,0.20986162622769675,0.2292499840259552,0.2333391085267067,0.21401004493236542,0.20690178871154785,0.1765885204076767,0.17777205258607864,0.1797206923365593,0.19739042222499847,0.19855344295501709,0.21405620872974396,0.21217408031225205,0.20796968042850494,0.19560837745666504,0.13405025005340576,0.086843319237232208,0.0809456929564476,0.0562552735209465,0.077230729162693024,0.12408068031072617,0.17516513913869858,0.23097197711467743,0.28885826468467712,0.367028146982193,0.0,0.41872182488441467,0.44216302037239075,0.45814630389213562,0.45260998606681824,0.44562116265296936,0.40313562750816345,0.0
0.1632270883572729,0.17988449884088417,0.13942132783787592,0.10588083256568227,0.09919279720634222,0.088204128046830491,0.09840063999096553,0.12373478896915913,0.14903946220874786,0.16096816956996918,0.17659657696882883,0.19876829783121744,0.21383834630250931,0.20807619392871857,0.18984988331794739,0.18365078419446945,0.16782176494598389,0.15781448284784952,0.16235364228487015,0.18097610771656036,0.18772797286510468,0.20132002234458923,0.20634664595127106,0.19415204226970673,0.17648890614509583,0.14544501155614853,0.10148096829652786,0.072533044964075088,0.0,0.084129810333251953,0.14006070792675018,0.20209068059921265,0.23845049738883972,0.2871100902557373,0.34311124682426453,0.40706393122673035,0.0,0.41665780544281006,0.43668001890182495,0.44055536389350891,0.43921798467636108,0.41061192750930786,0.40370100736618042
0.17539053942476,0.21580785978585482,0.14130775490775704,0.075932533879365244,0.074996245818005666,0.082692500948905942,0.10676549375057221,0.13992359985907873,0.1509348675608635,0.1433575451374054,0.15200254817803702,0.17089729507764181,0.18692360073328018,0.17764578014612198,0.15882708877325058,0.14913805574178696,0.14485574513673782,0.13577404618263245,0.13933277875185013,0.16136243442694345,0.17390881478786469,0.18600306659936905,0.18750445544719696,0.18261085450649262,0.16095742583274841,0.13224012777209282,0.10232529044151306,0.0902845561504364,0.091639310121536255,0.13514585793018341,0.16339603066444397,0.2062855064868927,0.2798885703086853,0.33040553331375122,0.34345099329948425,0.37698791921138763,0.41349324584007263,0.0,0.43716886639595032,0.0,0.40767696499824524,0.38930156826972961,0.0
0.14455346631653168,0.19432856317828684,0.13435752441485724,0.072028397654111564,0.070877932943403721,0.087928134202957156,0.11260058730840683,0.14621828496456146,0.15070999165376028,0.1235840804874897,0.11554275080561638,0.13407817234595618,0.15297451615333557,0.14516577124595642,0.14010629057884216,0.12415004149079323,0.12094541266560555,0.11509405076503754,0.12398304045200348,0.14047841727733612,0.16756892204284668,0.18352237343788147,0.19093847274780273,0.17797451466321945,0.1539875864982605,0.12039236724376679,0.10480943322181702,0.10301656275987625,0.10625298321247101,0.15012399852275848,0.20794868469238281,0.0,0.25285501033067703,0.321810781955719,0.0,0.35284870862960815,0.37955684959888458,0.408850759267807,0.40301817655563354,0.38940826058387756,0.37606063485145569,0.0,0.34236700832843781
0.14662214517593383,0.17717448715120554,0.14522406924515963,0.10216615547736486,0.10283161203066508,0.12262667384412554,0.13051821043094,0.15164451599121093,0.1418248750269413,0.11071435113747914,0.078554969280958176,0.092839484413464859,0.1154036708176136,0.11312741041183472,0.11799356713891029,0.10985822975635529,0.10909505933523178,0.097352452576160431,0.1046578660607338,0.13692747801542282,0.1566842794418335,0.17784123867750168,0.17492200434207916,0.14967174082994461,0.0,0.12149251252412796,0.11081326007843018,0.12517824769020081,0.14356154948472977,0.1771065890789032,0.21260230988264084,0.2375941276550293,0.0,0.291794091463089,0.34739691019058228,0.0,0.3588729202747345,0.38017261028289795,0.39634963870048523,0.36259737610816956,0.35117051005363464,0.33479514718055725,0.34055730700492859
0.17245422068395114,0.19658152908086776,0.17809613794088364,0.1370952966121527,0.15462305086354414,0.1747941579669714,0.16680718660354615,0.14769498705863954,0.12154485781987508,0.08396618440747261,0.04808881444235643,0.044524386525154114,0.071410519381364182,0.076944909989833832,0.091930665075778961,0.090970758348703384,0.077700603753328323,0.060432946309447289,0.072876740247011185,0.1311943419277668,0.15067122876644135,0.16525787115097046,0.15899315476417542,0.14381694793701172,0.12295888364315033,0.0,0.11291052028536797,0.12858642637729645,0.17103888094425201,0.19872163236141205,0.21058399975299835,0.23009366542100906,0.25483018159866333,0.27865895628929138,0.31317234039306641,0.38482823967933655,0.0,0.393685519695282,0.0,0.38045758008956909,0.36385330557823181,0.0,0.34201833605766296
0.22784283384680748,0.22357185360263376,0.2131864618923929,0.19888896544774373,0.21144709126515823,0.2192483279440138,0.1956173756292888,0.15297952045996985,0.10046683500210445,0.057073123753070831,0.031941879075020552,0.0049846202600747347,0.028275940256814163,0.036459161899983883,0.057982791215181351,0.054242271929979324,0.038606345653533936,0.033621303737163544,0.088525168597698212,0.11818521469831467,0.14492069184780121,0.13676901161670685,0.13612300902605057,0.13201278448104858,0.11821284890174866,0.11129546165466309,0.11778337880969048,0.0,0.14899849146604538,0.17664395272731781,0.0,0.22609882056713104,0.25901168584823608,0.27898764610290527,0.30036762356758118,0.35761214792728424,0.40390557050704956,0.38355976343154907,0.40520349144935608,0.0,0.37244853377342224,0.35498008131980896,0.34419345855712891
0.31321053504943847,0.28362371576459783,0.26806945748188915,0.25609779708525715,0.25539159774780273,0.23009160161018372,0.19264320656657219,0.14928929880261421,0.08921109139919281,0.044415587559342384,0.0087868564684564863,-0.021948124282062054,-0.013622299884445965,-0.0038286608178168535,0.020452931523323059,0.017563712317496538,0.013182140421122313,0.019644741201773286,0.073443558067083359,0.0,0.12482678890228272,0.13033530116081238,0.12225894629955292,0.11393063515424728,0.11001336947083473,0.10478566586971283,0.10570407658815384,0.13181212544441223,0.0,0.1678774356842041,0.20860074460506439,0.0,0.23607322573661804,0.26594874262809753,0.0,0.35916569828987122,0.0,0.40072888135910034,0.4074106365442276,0.40296670794487,0.38299950957298279,0.37053561210632324,0.0
0.36992461482683819,0.32999309371499452,0.30117384125204649,0.27829791693126454,0.24704501943455803,0.20008415119214493,0.16229246060053507,0.12965669669210911,0.085826885576049491,0.037768024951219559,-0.00084455831286807859,-0.042732872068881989,-0.056556850671768188,-0.045055417343974113,-0.0078220928553491831,-0.014267809223383665,-0.011012208822648972,0.0076265479438006878,0.051800645887851715,0.097325250506401062,0.11967830359935761,0.11529051512479782,0.12099243700504303,0.11074979230761528,0.10176482051610947,0.10572618991136551,0.10371778905391693,0.11763633787631989,0.14457285404205322,0.1528712809085846,0.17908856272697449,0.21919035911560059,0.0,0.23643565177917481,0.34523403644561768,0.0,0.42747114598751068,0.0,0.42982026934623718,0.0,0.41501224040985107,0.38909590244293213,0.373029887676239
0.38765387982130051,0.34622688591480255,0.30376460589468479,0.26641320011445452,0.2081766990678651,0.16160639307715677,0.13121605813503265,0.12402106076478958,0.086445520321528121,0.029644076712429523,-0.012041677924571559,-0.057537596672773361,-0.073892263074715928,-0.052971828728914261,-0.028444956056773663,-0.047902779653668404,-0.046254290267825127,-0.021539187058806419,0.020729562267661095,0.058300543576478958,0.09537120908498764,0.10307895392179489,0.0,0.088204056024551392,0.076925210654735565,0.0935402438044548,0.10353007912635803,0.10632462799549103,0.12356162443757057,0.14739653468132019,0.15625444054603577,0.16765116155147553,0.21822267770767212,0.2490178644657135,0.32431092858314514,0.38797818124294281,0.0,0.4533970057964325,0.0,0.42923653125762939,0.41318067908287048,0.0,0.0
