SouthSea_Web/demo/jsonfile/2017-12-14-01.json
{"header": {"parameterUnit":"m.s-1","parameterNumber":2,"dx":0.1,"dy":0.1,"parameterNumberName":"Eastward current","la1":29.0,"la2":12.0,"parameterCategory":2,"lo2":131.0,"nx":250,"ny":171,"refTime":"2017-12-14T01:01:52.5","lo1":106.0}, "data":
[rows 76 to 94 of 171, columns 0 to 41 of 250]
0.0,0.0,0.0,0.0,0.0,0.0,0.0,0.0,0.0,0.0,0.0,0.0,0.0,0.0,0.0,0.0,0.0030514742673923528,0.04908745798598229,0.089032076340884211,0.15055800922531284,0.23496219222715808,0.00087945335274395935,-0.075345570044148533,-0.14311783611774445,-0.18989747717525018,-0.22892890522877377,-0.22889272303416811,-0.19285604694197256,-0.17367914233888898,-0.1544814445078373,-0.075829744620143247,-0.014630989618516261,-0.045740912094818974,-0.04524785572404811,-0.11863054431946908,-0.19915770747880826,-0.16087142929100959,-0.28669142427489808,-0.26960503000199149,-0.12122148962536206,0.0,0.0
0.0,0.0,0.0,0.0,0.0,0.0,0.0,0.0,0.0,0.0,0.0,0.0,0.0,0.0,0.05623674394185494,0.15686026270653775,0.19789275243187635,0.1339142770446424,0.10517411470183183,0.037183011222469552,-0.048708884298005919,-0.11464791796330748,-0.19968220398381906,-0.25769757869697751,-0.29599278067287643,-0.30573288947343824,-0.29371748629369232,-0.28065739737616646,-0.26309520304203032,-0.24553747758978889,-0.22951160836964846,-0.20915073867548595,-0.21079121317182267,-0.22179840380946794,-0.22985468836881781,-0.324381870293134,-0.2626611264378812,-0.14832621892888306,-0.039538733171180777,0.0,0.0,0.0
0.0,0.0,0.0,0.0,0.0,0.0,0.0,0.0,0.0,0.0,0.0,0.0,0.0,0.0,0.0075769541961360825,0.16191930448219769,0.18335836631412544,0.11683532607791757,0.044333238190409095,0.0057651656415228817,-0.042030190925711711,-0.17151257061752781,-0.26123017134765786,-0.30413094947212621,-0.31302635236219928,-0.32114564627408981,-0.3303284555673599,-0.33808477358384564,-0.328030845948628,-0.31316186400020823,-0.345170951702378,-0.38376425793676666,-0.35869611144065855,-0.32273154954115552,-0.310476239385276,-0.27921522462713544,-0.24150562653731969,-0.17717282781584395,-0.060871692013836673,0.0,0.0,0.0
0.0,0.0,0.0,0.0,0.0,0.0,0.0,0.0,0.0,0.0,0.0,0.0,0.0,0.0,-0.097814841856879567,-0.0601880201682394,-0.015024100736681553,-0.12792614695931343,-0.059832836275536268,0.0098323476131317086,-0.213175639975816,-0.25221613732477027,-0.31175943260843103,-0.34309893660247326,-0.34628549218177795,-0.35403802990913391,-0.3643678937639509,-0.35941188676016672,-0.36654677135603769,-0.34342417333807262,-0.31654211692512035,-0.24930001015526437,-0.27609463781118393,-0.30168994125865756,-0.25137291186385685,-0.18997197016142309,-0.099935803295332276,-0.031274299879441969,0.0,0.0,0.0,0.0
0.0,0.0,0.0,0.0,0.0,0.0,0.0,0.0,0.0,0.0050085739140722941,0.0023260787611109534,-0.0053976702268081333,-0.12147860293208206,-0.22195361434152414,-0.14359344993283876,-0.087256399446492855,-0.052872798698886468,-0.1395833149603434,-0.099297915962979016,-0.18269313989828032,-0.28440870451075689,-0.33330169495414286,-0.37149541576703388,-0.35719840973615646,-0.33976964013917105,-0.32495511074860889,-0.32362504942076548,-0.31521931787331897,-0.3289422359731462,-0.34504886468251544,-0.31632400836263386,-0.16048875386798767,-0.25936172828078269,-0.27147328995523,-0.23022046685218811,-0.14720193898448578,-0.094618549841371455,-0.058744231529143529,0.0,0.0,0.0,0.0
0.0,0.0,0.0,0.0,0.0,0.0,0.0,0.8701950781047344,0.0802462372281904,-0.021856530183350362,-0.016691265517020663,0.001367321700387976,-0.057320810105125374,-0.071895760781200982,-0.014767383104201656,-0.069783500599943843,-0.14760023169257047,-0.20321801301491047,-0.3603728323335379,-0.38359541085458571,-0.35939941686742444,-0.38357213884592056,-0.37047183513641357,-0.35131995876630145,-0.32774762511253358,-0.30837942659854889,-0.30077859163284304,-0.29657211403052014,-0.29565184882708956,-0.31047029580388752,-0.34970682433673311,-0.37938449851104189,-0.33254242891615088,-0.29239617366539805,-0.23468796089291572,-0.14786812277703448,-0.06658661425940357,-0.0051448021466577688,0.0,0.0,0.0,0.0
0.0,0.0,0.0,0.0,0.0,0.0,0.0,0.0,0.065541641026667943,0.033154325534246853,0.0258406876098542,0.03727916986879011,-0.013876933303945514,-0.013970789397527975,-0.055279657426733471,-0.20311490213373296,-0.38909689399103325,-0.34896554841714744,-0.40155454050926936,-0.40384862820307416,-0.39984174370765685,-0.37405403852462771,-0.35648085922002792,-0.33528024951616925,-0.30618069171905515,-0.28818865120410919,-0.28154843449592593,-0.28014148984636578,-0.27395115792751312,-0.27319972713788349,-0.29483766481280327,-0.33883492946624755,-0.34728146592775982,-0.308424299582839,-0.24917320122844294,-0.16093666544731924,-0.062269630896694517,-0.031069055191778411,-0.012336948514196512,0.0,0.0,0.0
0.0,0.0,0.0,0.0,0.0,0.0,0.0,0.16268210514975393,-0.009477842939880167,-0.029208231677850045,-0.10192657661582992,-0.21915862342273546,-0.21774628398836488,-0.18631577727441884,-0.26882808652608103,-0.39602895051477449,-0.42829565655800605,-0.38669090895425706,-0.40104344735542935,-0.43580647640758091,-0.43039061427116393,-0.39472414851188659,-0.36296137173970539,-0.33384285370508832,-0.31683957576751709,-0.28185027837753296,-0.27155358791351319,-0.27593417962392169,-0.26116077601909637,-0.24736133217811585,-0.25146037898957729,-0.31378635764122009,-0.33189575947248018,-0.28624849570424932,-0.22539599736531576,-0.17451637155479854,-0.09501426275177248,-0.062960347154251847,-0.07758074265942784,0.0,0.0,0.0
0.0,0.0,0.0,0.0,0.0,0.0,-0.039885604421682985,-0.045654325725950511,-0.15513080845561786,-0.25477087306670654,-0.30150607162051729,-0.33793586598975317,-0.36529819208842057,-0.4301901136835416,-0.5122424717302676,-0.45261522220528644,-0.42599639627668595,-0.41561106406152248,-0.43617752856678432,-0.45390422429357258,-0.43098239600658417,-0.41721479594707489,-0.37521475553512573,-0.34238174557685852,-0.29949900507926941,-0.28178573648134869,-0.27561640739440918,-0.26735823849836987,-0.23845472931861877,-0.22457747800009592,-0.22823782861232758,-0.29027865082025528,-0.2943926950295766,-0.26043485477566719,-0.22088838782575396,-0.14798931120073094,-0.1149744912981987,-0.0965258591311015,-0.05829713565519426,0.0,0.0,0.0
0.0,0.0,0.0,0.0,0.0,0.0,-0.016505351716088249,-0.12295086204355198,-0.24972289029894204,-0.27717996358871461,-0.36632681022519653,-0.50437391117999431,-0.581493678689003,-0.54164967499673367,-0.45847184693112092,-0.40490350828451271,-0.39253456317461455,-0.38895754651589826,-0.40043213112013681,-0.41117624044418333,-0.38779420653978985,-0.37256248295307159,-0.34719637036323547,-0.32057416439056396,-0.31808198988437653,-0.30732257664203644,-0.28796713054180145,-0.26526628434658051,-0.21603534122308096,-0.20826524247725806,-0.21829079650342464,-0.24835492372512819,-0.26164008562381452,-0.24570786560836591,-0.20473013197382292,-0.17444028619390267,-0.093651563210307431,-0.095594184654476375,-0.094751255707470353,-0.071172325558344948,-0.013570255814836575,0.0
0.0,0.0,0.0,0.0,0.0,0.0,-0.034249112886755029,-0.13941665004719706,-0.28561951095859212,-0.30491212861878531,-0.39895444363355637,-0.51836181751319343,-0.60456316287700951,-0.59792010982831323,-0.5120057527508054,-0.44394874572753906,-0.39571425318717957,-0.39122717827558517,-0.39822048544883726,-0.3944347143173218,-0.38038353621959686,-0.35499970614910126,-0.34224805235862732,-0.32550211250782013,0.0,-0.32411417365074158,-0.29235795140266418,-0.249800443649292,-0.20602972060441971,-0.19529781639575958,-0.18523598015308379,-0.19711171767928384,-0.23701653590327815,-0.25803696310945917,-0.22724697400223126,-0.16496342891140989,-0.14385975698630016,-0.092448194293265645,-0.10556202803161882,-0.0769577772299301,-0.038741867398975685,0.0
0.0,0.0,0.0,0.0,0.0,0.34080960166951019,0.090162429119621926,-0.16411621244076421,-0.36757187396287916,-0.355355088527386,-0.40726956725120544,-0.49136250572545187,-0.53845267891883852,-0.55802592422280994,-0.49837602268565784,-0.45581828653812406,-0.42267093488148283,-0.40403137888227192,-0.38082213401794435,-0.36558593064546585,-0.36101081967353821,-0.34857945144176483,-0.33139568567276,-0.34022915363311768,-0.33680157363414764,-0.3098885913689931,-0.26747782528400421,-0.23143479724725088,-0.16928517222404479,-0.14618780546718174,-0.15037879691674158,-0.14440760565431496,-0.20890474147521532,-0.23148469768819355,-0.25718716414351211,-0.26848821384566168,-0.19872630219906567,-0.16659392116384375,-0.11722817294299602,-0.078923468690349677,-0.16990681533934549,-0.14875811338424683
0.0,0.0,0.0,-0.058367621153593063,-0.069028093479573727,-0.23442304922549814,-0.18531465160224256,-0.33266575891396094,-0.40644071733250337,-0.39234671195348103,-0.44278148045906651,-0.48600802638313989,-0.50788753231366479,-0.54343224896325,-0.51179832551214433,-0.47213944130473667,-0.43819333240389824,-0.38767612352967262,-0.36559499303499859,-0.37126344442367554,-0.36633065342903137,-0.35482704639434814,-0.34187273681163788,-0.33689074218273163,-0.3175925612449646,0.0,-0.27779703338940936,-0.2264123298227787,-0.18287946496691024,-0.14540552927388084,-0.13603908426704861,-0.12738435411894764,-0.22925341773677516,-0.28193445060704203,-0.25307126834112054,-0.26630114109227154,-0.31779609147076293,-0.25518526838949096,-0.21247496128082274,-0.34471208819405674,-0.2697609789199657,-0.21543924760176089
0.0,0.0,-0.013682221566947797,-0.096570321924838359,-0.24141219352619558,-0.52025618261479312,-0.61325755986300379,-0.44363187524405395,-0.41463859081268312,-0.42123933271928266,-0.46369501352310183,-0.46929739912350971,-0.49374646279546952,-0.46698145940899849,-0.47599229878849453,-0.42285219331582385,-0.38892395794391632,-0.3540436526139577,-0.36810105443000796,-0.38135036826133728,-0.35724934935569763,-0.35396039485931396,-0.34320162236690521,-0.32719229161739349,-0.30997499823570251,-0.28706420958042145,-0.24324145913124085,-0.21671219170093536,-0.18343393007914224,-0.14343620209317459,-0.12380492218114712,-0.14532000198960304,-0.24131469789051241,-0.327368388476881,-0.40756786935697725,-0.41555535883614514,-0.351036753662875,-0.25332498053709668,-0.25497444429673438,-0.27332109568920809,-0.27951584391447964,-0.26437825446619706
-0.026466203464611256,-0.073260111398028918,-0.095813168869770177,-0.27505934359722362,-0.52578507736325264,-0.62623988517693108,-0.4944448595245679,-0.41909322341283162,-0.40023956128529142,-0.41773756220936775,-0.45225004106760025,-0.456719234585762,-0.45857851207256317,-0.4056717412812369,-0.39425193411963327,-0.37551298240820569,-0.35330773890018463,-0.34373097618420917,-0.36490952968597412,-0.36797353625297546,-0.35560110211372375,-0.34592568874359131,-0.32100163400173187,-0.3012969046831131,-0.28773777186870575,-0.26066736876964569,-0.22400917857885361,-0.19576907654603323,-0.15853738997663772,-0.11693680969377358,-0.11513914036400177,-0.1688389367348439,-0.23203669231046331,-0.31032059769161413,-0.33734363721949712,-0.25825155885954992,-0.31340444706429066,-0.20975343785757578,-0.12902030969652109,-0.10582952214025178,-0.14151337006677911,-0.12554028511574839
-0.082498528418851552,-0.13031841412588624,-0.28787922973891622,-0.499443034115045,-0.50298009872436522,-0.4257595743983984,-0.383474991718928,-0.38299082084135577,-0.38478705883026121,-0.39876063995891148,-0.37264916300773621,-0.37759557863076526,-0.39268530692373005,-0.35601420913423809,-0.33475872278213503,-0.33715210855007172,-0.34188877542813617,-0.345520555973053,-0.36063934365908307,-0.359583040078481,-0.34743459522724152,-0.31554126739501953,-0.30087192356586456,-0.28283517062664032,-0.2510608583688736,-0.23387698084115982,-0.19917389750480652,-0.16589093208312988,-0.11439781760176022,-0.077543302932206321,-0.10424155879177545,-0.16871065569712834,-0.18826496892721184,-0.2353850537788689,-0.22407205530646937,-0.12009786784879648,0.0,0.0,0.0,-0.0076233015547936354,-0.058325955238008952,0.0
-0.1460626857713922,-0.30655073879226563,-0.42790399091999703,-0.40028724908828733,-0.35677717200347353,-0.36460648477077484,-0.3756486450632413,-0.39082167744636537,-0.40290332171652055,-0.34989116092522937,-0.3264895021915436,-0.29914723336696625,-0.29286188383897144,-0.308853879570961,-0.30638256669044495,-0.31758856773376465,-0.33909442524115246,-0.346713920434316,-0.34861849248409271,-0.33453423778216046,-0.30936750769615173,-0.30369947353998822,-0.27788504958152771,-0.26093794405460358,-0.22228577733039856,-0.19863694906234741,-0.166862390935421,-0.13019490614533424,-0.09413241657118003,-0.082699455828829246,-0.12050365341397432,-0.10999398215707125,-0.088898748660502777,-0.010259491646980964,0.0,-0.040611138683743775,0.0,0.0,0.0,0.0,0.0,0.0
-0.2236566128099666,-0.2819561998049418,-0.23475848424893159,-0.24634137749671936,-0.26341897142784937,-0.34025858640670775,-0.37929902805222404,-0.39483711785740322,-0.3607523689667384,-0.31670351823170978,-0.29256570339202881,-0.27680516242980957,-0.26563417911529541,-0.28299888372421267,-0.2964826375246048,-0.319516621530056,-0.30321916937828064,-0.32809721430142719,-0.31426338851451874,0.0,-0.2862187922000885,-0.25928622484207153,-0.2252345010638237,-0.23003166417280832,-0.20696177333593369,-0.17985227704048157,-0.14146215841174126,-0.11095260456204414,-0.09618321557839711,-0.14263917944010565,-0.14422452787035389,-0.0695017878014672,-0.018586093048351564,-0.012510279405603904,0.0,0.0,0.0,0.0,0.0,0.0,0.0,0.0
-0.29299971753475712,-0.32355886201063794,-0.31528346091508863,-0.3044377634158501,-0.27675160494717682,-0.35701874127754796,-0.36742769181728363,-0.32030670344829559,-0.32271660367647809,-0.29801387588183087,-0.27357453107833862,-0.26012618839740753,-0.26139910022417706,-0.27625559270381927,-0.29107338190078735,-0.29913260042667389,-0.30267757177352905,-0.29198057949543,-0.27830961346626282,-0.2718631774187088,-0.23949816823005676,-0.21893806755542755,-0.21680791676044464,-0.18509302288293839,-0.165002029389143,-0.14543479308485985,-0.097509576939046383,-0.084113854169845584,-0.0658772521253143,-0.047558345265038639,-0.071584364503475009,-0.072961305533445292,-0.00025909658870659769,0.0,0.0,0.0,0.0,0.0,0.0,0.0,0.0,0.0
