SouthSea_Web/demo/jsonfile/2017-12-16-02.json
{"header": {"parameterUnit":"m.s-1","parameterNumber":2,"dx":0.1,"dy":0.1,"parameterNumberName":"Eastward current","la1":29.0,"la2":12.0,"parameterCategory":2,"lo2":131.0,"nx":250,"ny":171,"refTime":"2017-12-16T01:58:07.5","lo1":106.0}, "data":
[rows 114 to 132 of 171, columns 0 to 41 of 250]
0.0,0.0,0.0,0.0,0.0,0.1510236511627833,0.11028000845440797,0.0998366579413414,0.141764079756809,0.251985123469716,0.18758473379744423,0.060105832262585562,0.02550476003671065,0.030845977365970612,0.035991145297884941,0.032478438690304756,0.020171051844954491,0.032703011607130371,0.04536120593547821,0.049715975299477577,0.082653770844141647,0.10121050973733266,0.13194841891527176,0.11938725784420967,0.05564254242926836,0.0058873976951872463,-0.03102600798010826,-0.055681506870314479,-0.065097030252218246,0.00082342637081940972,-0.015755307977087796,-0.14862648490816355,-0.21158676062311446,-0.22219454745451608,-0.23244815568129221,-0.26645168066024782,-0.31739205973488943,-0.34459053277969359,-0.36848962306976318,-0.4500318719790532,-0.59874380959404838,-0.74003251220868982
0.0,0.0,0.0,0.0,0.0,0.0,0.12372531268478822,0.13842656588467367,0.12750071994328904,0.20697777186121261,0.28690491278063168,0.16252485215663909,0.067825879901647568,0.064054483920335775,0.055311128497123718,0.046783413738012314,0.035930827260017395,0.049812732885281243,0.059208978898823261,0.061528215184807777,0.0840040985494852,0.082167148590087891,0.0897351324558258,0.075943298637866974,0.031679631769657136,-0.031114819226786494,-0.051513824079717906,-0.033678813061366476,-0.052228507585823536,-0.045935585163533688,-0.092637573501893458,-0.17078482545912266,-0.21545376628637314,-0.18890683054924012,-0.2097902089357376,-0.24397813528776169,-0.30108773211638135,-0.3479121267795563,-0.39183741807937622,-0.50740018983682,-0.52561796108881631,-0.523113218091783
0.0,0.0,0.0,0.0,0.0,0.0,-0.00302601659980913,0.15704276301394934,0.14828162886683019,0.17004264845992578,0.25320701265618917,0.25911028385162355,0.18796504413088164,0.13396431292806352,0.10212781599589757,0.067991570880015686,0.063388526439666748,0.069870715029537678,0.087553152814507484,0.067295769850413009,0.07597055658698082,0.063443552702665329,0.067233986221253872,0.052563636253277458,0.014180942671373487,-0.052555195055902004,-0.082102218270301813,-0.066787654533982277,-0.014068438002141193,-0.060224295593798161,-0.14204610511660576,-0.1734511082371076,-0.15806008130311966,-0.15381092471735819,-0.19674514830112458,-0.25156585276126864,-0.31639982263247174,-0.37566184997558594,-0.4449706017971039,-0.51113405823707581,-0.51005319133400917,-0.44376138746738436
0.0,0.0,0.0,0.0,0.0,0.0,0.0,0.0,0.20055613227903027,0.21696451717005003,0.22067690835549281,0.2696443647146225,0.296724671125412,0.23229419936736426,0.21773330039448208,0.10960743576288223,0.08785113543272019,0.10070548454920451,0.1109251653154691,0.067608455816904708,0.074606083333492279,0.061887515087922416,0.039466641377657652,0.018042238103225826,-0.034074823682506881,-0.0704868882894516,-0.12066389620304108,-0.14003043125073114,-0.11677411943674088,-0.14544363639184407,-0.21224308013916016,-0.19837746322154998,-0.16821591556072235,-0.16922734677791596,-0.19917813837528228,-0.27876773476600647,-0.324647252758344,-0.42256738411055672,-0.49827198982238768,-0.42308949277951169,-0.36585696207152474,-0.35107934176921846
0.0,0.0,0.0,0.0,0.0,0.0,0.0,0.0,0.0,0.22115785146460815,0.25422115533248241,0.2403079720044678,0.26518693752586842,0.27619005807421426,0.30252794439301772,0.19203521311283112,0.13502717204391956,0.14656518399715424,0.140901830047369,0.11009938269853592,0.062897146989901856,0.069947858651479081,0.026264869235455991,-0.0018634077932802029,-0.027629363164305688,-0.061127887417872749,-0.10157506487199239,-0.14538277809818587,-0.14927984277407327,-0.18656047433614731,-0.25247080127398175,-0.21972461541493735,-0.16888671616713205,-0.19669777154922485,-0.24234836399555207,-0.27745313942432404,-0.31757313864571707,-0.38699003309011459,-0.417092350396243,-0.3413007954756419,-0.30667234791649711,-0.3224441681219184
0.0,0.0,0.0,0.0,0.0,0.0,0.0,0.0,0.0,0.0,0.24851174381646243,0.27139071314230756,0.25808407701551916,0.23727997893636876,0.16901149668476798,0.17452074438333512,0.20356174806753793,0.21563448905944824,0.22022784128785133,0.16068507606784502,0.091387450695037842,0.0736669972538948,0.03676498169079423,-0.0061887592077255246,-0.011203674599528313,-0.0362127486616373,-0.0544258177280426,-0.11951412012179692,-0.15672596295674643,-0.22736276437838873,-0.29008079171180723,-0.22894728183746338,-0.14825943671166897,-0.17963984111944834,-0.28728748857975006,-0.30349694689114887,-0.3304690288172828,-0.33807980020840961,-0.28348923660814762,-0.25732178520411253,-0.282938222522321,-0.28283105293909711
0.0,0.0,0.0,0.0,0.0,0.0,0.0,0.0,0.0,0.0,0.0,-0.014770782972208237,0.115009347901796,0.20405916806898619,0.28146842516520443,0.29091448731282177,0.28522932987946731,0.32645011219111358,0.33005354180932045,0.23662095765272775,0.11303965374827385,0.089867746457457542,0.056837428361177444,0.032264937181025743,0.0090211841859854751,-0.0081300783902406686,-0.040652335155755281,-0.10335333943367005,-0.1694756249586741,-0.24221267054478327,-0.28003612160682678,-0.21164675695555552,-0.12245471775531769,-0.18433478474617004,-0.30677279457449913,-0.3204864114522934,-0.32651034990946454,-0.29625402092933656,-0.25247821112473806,-0.25554458383056855,-0.27385567377010983,-0.27481867437777313
0.0,0.0,0.0,0.0,0.0,0.0,0.0,0.0,0.0,0.0,0.0,0.0,0.097016114882986851,0.18248389670234955,0.27536262439356912,0.32314931262623181,0.3685791920060697,0.31551125077974229,0.34027804434299469,0.2929420504305098,0.18548754416406155,0.11248746812343598,0.083593772351741785,0.06673528688649337,0.032663342232505478,0.023873927071690559,0.0067082523135468365,-0.046245840005576612,-0.13643860568602881,-0.19524132212003073,-0.18500446279843649,-0.082727094739675516,-0.026203778455965221,-0.11051522754132748,-0.24421493709087372,-0.30377829819917679,-0.3164854844411214,-0.24986846496661505,-0.27756837968315395,-0.29791253940625623,-0.26368054164492566,-0.278353137048808
0.0,0.0,0.0,0.0,0.0,0.0,0.0,0.0,0.0,0.0,0.0,0.0,0.0,0.15699411304667593,0.1906105525660933,0.21233270582506211,0.2925770604142956,0.29825933107307978,0.26968094977465545,0.29938457012176511,0.25068064033985138,0.17161842932303748,0.10874980900968824,0.085064417549542012,0.04743044450879097,0.029883172363042831,0.032352127134799957,-0.0013015897046508534,-0.064543528715148568,-0.12771641037293843,-0.11400909597675006,-0.048990854993462563,0.0064636807888746265,-0.023540750012866089,-0.15659550790275847,-0.27590760836998623,-0.2599878367036581,-0.23189416776100794,-0.25705297663807869,-0.26935348970194656,-0.23019574955105782,-0.24216853413316938
0.0,0.0,0.0,0.0,0.0,0.0,0.0,0.0,0.0,0.0,0.0,0.0,0.0,0.0,0.18997594165174583,0.21268052532768889,0.2320990013224738,0.23261410430554422,0.238767266699246,0.27597494636263165,0.30420848727226257,0.24308369122445583,0.16709528428812823,0.12410369728292738,0.072628721967339521,0.027666728943586349,0.032420088640517659,0.02534965705126524,-0.026463616949816544,-0.059540001054604851,-0.069260888732969761,-0.049655756913125515,-0.0087823578156530861,-0.042562411818653348,-0.14146310836076736,-0.18479372395409477,-0.18662234147389731,-0.24848715215921402,-0.25001441091299059,-0.22260535614831106,-0.19204332986298731,-0.18620684041696436
0.0,0.0,0.0,0.0,0.0,0.0,0.0,0.0,0.0,0.0,0.0,0.0,0.0,0.0,0.0,0.18300630350907643,0.21069265690033998,0.24338689130054761,0.22704857527404218,0.24356459532723282,0.28271323293447492,0.3069583848118782,0.24900886813799542,0.14609845050356604,0.11779451505704359,0.056646093048832634,0.045990167806545891,0.042136774223763496,0.0032044634151841616,-0.013620240241289138,-0.027001151349395514,-0.0407272515197595,-0.03656461276113987,-0.067813339953621224,-0.097798882673184082,-0.096341488616807122,-0.16060607466432783,-0.2278909906744957,-0.22240086644887924,-0.18896246577302614,-0.13342066375272615,-0.1478574350476265
0.0,0.0,0.0,0.0,0.0,0.0,0.0,0.0,0.0,0.0,0.0,0.0,0.0,0.0,0.0,0.0,0.0,0.21269506112087605,0.21108194810372813,0.20459637738937556,0.22485899140960292,0.29441154834836031,0.31744350989659625,0.24676070872106051,0.18049197892347971,0.11379089607642247,0.063882077542635113,0.048849338665604591,0.042839460540562868,0.013214483857154846,-0.011330397785059176,-0.031748765148222446,-0.0389858684502542,-0.059945539385080335,-0.0631568394601345,-0.071338482666760683,-0.14446902461349964,-0.19911655452516344,-0.19861446155442131,-0.1398696444928646,-0.07172037085348909,-0.10712224138634545
0.0,0.0,0.0,0.0,0.0,0.0,0.0,0.0,0.0,0.0,0.0,0.0,0.0,0.0,0.0,0.0,0.0,0.0,0.16295588655131205,0.17216574431493364,0.24198390124365687,0.24743733063657233,0.31467447978145674,0.33673710082516528,0.24254938818159558,0.18265654146671295,0.10272539939199175,0.066108758815310212,0.058117541950196028,0.017644338688114658,-0.011296884955040045,-0.00470477034104988,-0.025825759023427965,-0.060420977324247359,-0.064960163086652756,-0.093609531720479325,-0.15459116734564304,-0.20327398739755154,-0.18434231196131026,-0.10900615248829126,-0.052727170627225532,-0.079869208349422974
0.0,0.0,0.0,0.0,0.0,0.0,0.0,0.0,0.0,0.0,0.0,0.0,0.0,0.0,0.0,0.0,0.0,0.0,0.0,0.2110487868388494,0.10437525256604299,0.099241270356789507,0.19473912070194879,0.34596467643014844,0.36204721148197466,0.28201685956230871,0.17346309444734029,0.10014070322116216,0.08517763763666153,0.02937862288672477,-0.01079195343689727,-0.00033915882886503823,-0.013785343524068594,-0.044018750699857868,-0.026985465723555535,-0.095641271935568914,-0.16063052415847778,-0.20589597523212433,-0.17384080837170282,-0.0984486136585474,-0.097508168054951563,-0.11220249820214051
0.0,0.0,0.0,0.0,0.0,0.0,0.0,0.0,0.0,0.0,0.0,0.0,0.0,0.0,0.0,0.0,0.0,0.0,0.0,0.0,0.0,0.0683581598231272,0.081564021462051037,0.22890789628028871,0.35348188214831883,0.36481732640947612,0.26595609784126284,0.13916176278144121,0.0826761999300548,0.027949040201848321,-0.003888984298100695,-0.010056650925738117,0.0043565147207118571,-0.001693432607377569,-0.00027448162436485293,-0.085590412840247154,-0.17160873611768088,-0.19742310643196107,-0.15734662413597106,-0.10031902194023132,-0.11710328194830152,-0.14729427099227904
0.0,0.0,0.0,0.0,0.0,0.0,0.0,0.0,0.0,0.0,0.0,0.0,0.0,0.0,0.0,0.0,0.0,0.0,0.0,0.0,0.0,-0.014270821765239816,-0.027940186377325118,0.037067463033305645,0.16807201429379776,0.37146781593561173,0.3729582980275154,0.21797267379968063,0.1020057424902916,0.015321556008599985,-0.016174844798765013,-0.045733773548688204,-0.011220359321062764,0.0432347284629941,0.01583456969819963,-0.08641106029972434,-0.16483506808678308,-0.1775040864944458,-0.15562436481316885,-0.11955298235019048,-0.12625693902373314,-0.14651340618729591
0.0,0.0,0.0,0.0,0.0,0.0,0.0,0.0,0.0,0.0,0.0,0.0,0.0,0.0,0.0,0.0,0.0,0.0,0.0,0.0,0.0,0.0,0.0,-0.039364158722297475,-0.022982494239779917,0.17433188595603208,0.37635691670498045,0.34080928936600685,0.13958610199830113,0.0151042323693848,-0.03447045800699429,-0.10521119212110837,-0.039310572203248739,0.052357654087245464,0.04193021279449264,-0.074971100687980657,-0.14468529261648655,-0.16071318686008454,-0.14840251952409744,-0.14948975667357445,-0.15520699818929037,-0.15285457670688629
0.0,0.0,0.0,0.0,0.0,0.0,0.0,0.0,0.0,0.0,0.0,0.0,0.0,0.0,0.0,0.0,0.0,0.0,0.0,0.0,0.0,0.0,0.0,-0.043429120676591992,0.0787595766372013,0.063073180115898145,0.18026777234382363,0.36057449597865343,0.20670221969485284,0.029120303443050943,-0.03955200496905794,-0.1377681451184409,-0.074809794430620968,0.040168085601180792,0.034256274346262217,-0.050732860341668129,-0.11838029772043228,-0.15217236056923866,-0.1542417456706365,-0.15975554784138998,-0.16573726634184519,-0.16453794886668524
0.0,0.0,0.0,0.0,0.0,0.0,0.0,0.0,0.0,0.0,0.0,0.0,0.0,0.0,0.0,0.0,0.0,0.0,0.0,0.0,0.0,0.0,0.0,0.0,0.098375446177445924,0.12890091434121132,0.080196390331569889,0.25299023774762947,0.26113959858494418,0.064804164994069754,-0.022606666539407645,-0.13885631954128092,-0.10345086315646768,0.015630690753459929,0.018848666610817116,-0.052272275649011136,-0.11501985639333726,-0.15008224759783065,-0.16061194986104965,-0.1644616425037384,-0.15246608108282089,-0.14489771798253059
