SouthSea_Web/demo/jsonfile/2017-12-14-22.json
{"header": {"parameterUnit":"m.s-1","parameterNumber":2,"dx":0.1,"dy":0.1,"parameterNumberName":"Eastward current","la1":29.0,"la2":12.0,"parameterCategory":2,"lo2":131.0,"nx":250,"ny":171,"refTime":"2017-12-14T22:01:52.5","lo1":106.0}, "data":
[rows 19 to 37 of 171, columns 126 to 167 of 250]
0.0,0.0,0.0,0.0,0.0,0.0,0.0,0.0,0.0,0.0,0.0,0.0,0.0,0.0,0.0,0.0,0.0,-0.17881663639918374,-0.28418876514102992,-0.42110168228824729,-0.525986632396435,-0.5894455141940359,-0.532309294740359,-0.54488824181637519,-0.51653640933575173,-0.43456303281709552,-0.3680539449392739,-0.30818179406617818,-0.31417931434584828,-0.30614286949557645,-0.317208983396229,-0.2885944406901087,-0.2395133410508816,-0.19264950975775719,-0.27104653824459424,-0.29109132977632374,-0.29547469566265744,-0.29695975780487061,-0.30656478603680931,-0.28613177056495959,-0.2628733217716217,-0.25364825688302517
0.0,0.0,0.0,0.0,0.0,0.0,0.0,0.0,0.0,0.0,0.0,0.0,0.0,0.0,0.0,0.0,-0.13566571559446553,-0.25754182348043486,-0.35800122504807869,-0.485739059935047,-0.57029978241493451,-0.44973525740206244,-0.53935971377151348,-0.51138909657796228,-0.46009715219013025,-0.3920279378692309,-0.36198500129911637,-0.329639024204678,-0.34448688784066367,-0.34645064581524243,-0.3584996722638607,-0.31971466999787551,-0.28678730817941517,-0.26220827888358722,-0.29010843485593796,-0.29213737944761914,-0.29857332011063892,-0.34771526257197061,-0.36376011073589326,-0.34778764098882675,-0.33174968510866165,-0.32994681171008516
0.0,0.0,0.0,0.0,0.0,0.0,0.0,0.0,0.0,0.0,0.0,0.0,-0.0044082000385969877,0.0,-0.073646091836659863,-0.25380767608092153,-0.31015180640242762,-0.36110721170216015,-0.45743884897319143,-0.5798899572342634,-0.55668707294710751,-0.62428764771606959,-0.56305827069700809,-0.47998162259658178,-0.43750234900927937,-0.40407100753350689,-0.34662895378741349,-0.30755747897284369,-0.2983245441207179,-0.29480962100483121,-0.33231315442493986,-0.33677016771756685,-0.30471014231443405,-0.26801914247599518,-0.28251954168081284,-0.31120201349258425,-0.32016892433166505,-0.34817350208759307,-0.35933329803603037,-0.370105783144633,-0.34220604598522186,-0.35745722481182646
0.0,0.0,0.0,0.0,0.0,0.0,0.0,0.0,0.0,0.0,-0.11541401277336814,-0.033254115390095478,0.13739742805151931,-0.035373323791039489,0.16601484751659523,-0.1271509578142547,-0.29691166620996357,-0.47595461830496788,-0.56909546658799459,-0.60725174063727971,-0.60997423048942323,-0.60491262629347031,-0.52174386937739481,-0.45280749852007085,-0.40885700391871588,-0.33126924478489422,-0.30651601826822433,-0.27938724575298174,-0.24046262904353763,-0.26840076321049738,-0.2962774914853713,-0.31270373555330128,-0.32653237240655081,-0.27726760837766862,-0.30792116249601048,-0.32891735103395248,-0.33036103844642639,-0.36425982043147087,-0.36418757339318591,-0.38176378182002474,-0.36594415903091432,-0.36557956039905548
0.0,0.0,0.0,0.0,0.0,0.0,0.0,0.0,0.0,0.0,-0.20729008882006708,-0.32327559308671372,-0.1817807085011573,0.1568633874027337,0.20359784648686075,-0.10200522560990066,-0.36297301389352332,-0.54051883384249266,-0.5767849946950937,-0.60520835407078266,-0.61479493081569669,-0.56450498826576,-0.48418150792519249,-0.39799661471925935,-0.32517204461274324,-0.27764111098855043,-0.26783970765995258,-0.26274427026510239,-0.25237486334074111,-0.32402631815742045,-0.31389749608933926,-0.3066985785961151,-0.28100574264923733,-0.30313164683488697,-0.36121871254660864,-0.34505882114171982,-0.34014531224966049,-0.36264956990877789,-0.36446757117907208,-0.37529806494712831,-0.37581372857093809,-0.37213209271430969
0.0,0.0,0.0,0.0,0.0,0.0,0.0,0.0,0.0,0.0,-0.28910078189330379,-0.51175952064139507,-0.031872003019323587,0.347489334504993,-0.48553328488036251,-0.52153674616363022,-0.4723560477057539,-0.50698059924023664,-0.64732373944700583,-0.618903297366518,-0.594056753381606,-0.5255036542812983,-0.44054612038390978,-0.39461876143669261,-0.36371788317742554,-0.44619701419557845,-0.38116766086646486,-0.37091946363449096,-0.30426811901005829,-0.37129028755075794,-0.35319089889526367,-0.40258186842714039,-0.35943371554215747,-0.31810558736324313,-0.29504351690411568,-0.27195448614656925,-0.2921716844042142,-0.3164099633693695,-0.3483295738697052,-0.33683422207832336,-0.35597239434719086,-0.3590331792831421
0.0,0.0,0.0,0.0,0.0,0.0,0.0,0.0,0.0,0.0,-0.10209879086024183,-0.24588678886547036,-0.4318786152650968,-0.60420544317995128,-0.49728807394686775,-0.55695030239596965,-0.634433691858486,-0.67613485133325735,-0.669778082300635,-0.62622482682529246,-0.56588169327680615,-0.50019200578812628,-0.4516925786075921,-0.41439788195551658,-0.39155734273103565,-0.51256677167756215,-0.50010575354099274,-0.53654132286707557,-0.4751479387283325,-0.33934448872293743,-0.37539511919021606,-0.41536375135183334,-0.35086148232221603,-0.23235034793615342,-0.19184804335236549,-0.16296076277891794,-0.19686485206087431,-0.2261393815279007,-0.26023498177528381,-0.25153220977102009,-0.30183832049369813,-0.30816689985139029
0.0,0.0,0.0,0.0,0.0,0.0,0.0,0.0,0.0,0.0,-0.048167318305266757,-0.27801981142971427,-0.35027034940086244,-0.37054800091005347,-0.45496829391722865,-0.57242266687431509,-0.73633458004111341,-0.64772246602703543,-0.6498683976229801,-0.489183371247468,-0.4418776604262265,-0.4594458905713899,-0.42866181135177611,-0.38831457287766213,-0.38842998031112885,-0.356429593761762,-0.47660959387818974,-0.46515333084833055,-0.53677605881410484,-0.43927808894830589,-0.39480818672613666,-0.33454815298318863,-0.24307856336236,-0.14508046675473452,-0.098044331052473607,-0.044390241848304868,-0.098224958404898643,-0.11493667339285214,-0.14972370490431786,-0.13025504797697068,-0.15201034929071153,-0.16256669412056604
0.0,0.0,0.0,0.0,0.0,0.0,0.0,0.0,0.0,0.0,-0.13933662263055643,-0.27948805838903007,-0.23957180523522881,-0.29359769068810859,-0.41392086223404634,-0.52731114688893443,-0.6361430867646749,-0.63310849024699289,-0.52174217317785532,-0.57342664095071649,-0.44575484184657826,-0.43212755663054331,-0.3913883221420375,-0.38941070851352477,-0.37855244947202277,-0.32338210015461361,-0.399232108484615,-0.467746996565869,-0.49097430519759655,-0.49279632568359377,-0.4335445483525594,-0.29614007025957106,-0.17690994963049889,-0.11965932821234067,-0.053762920200824738,-0.049034484289586545,-0.051528463761011757,-0.032162809185683726,-0.046643877401947975,-0.016172848118003458,-0.0035987045017204116,-0.0080866390942699387
0.0,0.0,0.0,0.0,0.0,0.0,0.0,0.0,0.0,0.0,-0.1875497137590014,-0.38145599102457456,-0.36764723497518104,-0.34430081994358408,-0.28715948667712243,-0.5006330335905792,-0.60261032460392383,-0.57030697844245215,-0.53650705888867378,-0.51696707954946552,-0.44765990972518921,-0.4064723634442618,-0.3930737831090626,-0.42053618186559433,-0.44087089542989377,-0.45420894485253555,-0.4966039156371897,-0.56180627779527148,-0.56301311184378233,-0.54798847862652367,-0.44125639475308931,-0.26035262942314147,-0.159039551561529,-0.13398848686899459,-0.1306108832359314,-0.12802212809522948,-0.067250849679112434,-0.010419585611089133,-0.0016400772146880627,0.010574034640740138,0.042730539804324508,0.082076210994273424
0.0,0.0,0.0,0.0,0.0,0.0,0.0,0.0,0.0,0.071082024428265528,-0.21259846786542477,-0.36080278005638011,-0.38888769625037006,-0.41254971362650394,-0.4558972159845639,-0.52563094262835341,-0.57169785339440871,-0.54202042818069462,-0.51992874979972836,-0.51687789166515519,-0.42841397855016922,-0.4048986151814461,-0.41644747026505008,-0.42722499576108208,-0.39296100982304277,-0.41152285163601238,-0.536159564148296,-0.54698384180665016,-0.52105994688140023,-0.49832049437931608,-0.370319922383015,-0.20557023470218366,-0.21391940542629787,-0.16452513635158539,-0.1945632298787435,-0.20733930383409774,-0.1428598016500473,-0.08858156986534596,-0.065829124301671982,-0.032618394028395413,0.019947116834704171,0.039032364631286606
0.0,0.0,0.0,0.0,0.0,0.0,0.0,0.0,0.0,-0.047905079131437975,-0.20851705738288515,-0.28365617771050894,-0.33332664734944351,-0.42538020425176215,-0.40436664638640007,-0.50053655838265143,-0.53072360350239667,-0.5274898946285248,-0.50811855768670844,-0.47182261071554044,-0.439117456972599,-0.44511109218001366,-0.43337159121737762,-0.42468572325176662,-0.43562795966863632,-0.47785445302724838,-0.53540523742374624,-0.51290362626314168,-0.481354229590472,-0.50852582923003609,-0.40072321593761445,-0.35170352086424828,-0.35671483874320986,-0.37828308343887329,-0.41681316494941711,-0.39084547509749729,-0.34232263962427772,-0.25487660169601439,-0.20721389217810196,-0.14524750187993049,-0.0948758799244057,-0.044392079310703346
0.0,0.0,0.0,0.0,0.0,0.0,0.0,0.0,0.0,0.0,-0.11216717295166923,-0.30552345241239559,-0.31953260928642852,-0.42463213747197931,-0.42691771339338558,-0.503169900354217,-0.48261141488629,-0.4687246663066057,-0.45769495103094315,-0.45483135432004929,-0.46691903393519552,-0.50095886761142361,-0.66819517879650514,-0.61113545199235275,-0.5161183315974015,-0.49250439057747525,-0.55632893976412323,-0.631549634039402,-0.58637092709541316,-0.639457864065965,-0.55858106662829721,-0.52609706350735252,-0.61925188700358069,-0.661559385061264,-0.6451483709471566,-0.56487013697624211,-0.50307037101851571,-0.44410570817334311,-0.37770570814609528,-0.32612475877006847,-0.2151864692568779,-0.13248249945732263
0.0,0.0,0.0,0.0,0.0,0.0,0.0,0.0,0.0,0.0,-0.072092532413080335,-0.24420890636045581,-0.32232908520501913,-0.40927999909373297,-0.44030569654244645,-0.50556695376123706,-0.47298298094232205,-0.43313300940725541,-0.42575541392285771,-0.50502780007153025,-0.52865480973913859,-0.43440485596656797,-0.46179724253457166,-0.49478223002873933,-0.5143100800258773,-0.56824220781740931,-0.66256360126578284,-0.79070445110923371,-0.75065098915781292,-0.72991712093353267,-0.68977553645769751,-0.64550146460533142,-0.68981358408927917,-0.67949499452815332,-0.64120846033096313,-0.64706507573525107,-0.75916303445895517,-0.70252211888631189,-0.53385520378748574,-0.372964267547314,-0.27423224747180941,-0.26470713202769941
0.0,0.0,0.0,0.0,0.0,0.0,0.0,0.0,0.0,-0.27118406568310049,-0.38324295118825086,-0.36537800555724015,-0.29280271425070065,-0.30125192147162227,-0.40542331510695856,-0.443993971232445,-0.44736512651046118,-0.44927244101251873,-0.44174093670315212,-0.41461762860417367,-0.45941419175692966,-0.41173129923203411,-0.46802487224340439,-0.50827298120216091,-0.53346781373023988,-0.64431744554768433,-0.76639475876634766,-0.92210185527801514,-0.87788834969202678,-0.88312869866689048,-0.7988298718745892,-0.77421219150225318,-0.91288363933563232,-0.93374727418025338,-0.92774644723305333,-0.87511886869158062,-0.72098774959643686,-0.56511569023132324,-0.464509729295969,-0.31258842349052429,-0.23132888786494732,-0.24134909132352242
0.0,0.0,0.0,0.0,0.0,0.0,0.0,0.0,0.0047900192439556122,-0.19093485278155475,-0.14132349915455059,-0.17274537659391961,-0.038389939418487735,-0.098964133722819245,-0.31283060637387361,-0.37886303525704607,-0.39056434077129032,-0.40996432023228341,-0.42039110820467879,-0.40583758269037518,-0.40995658561587334,-0.45223684112230939,-0.48369075923130428,-0.5974631969417844,-0.58081452608108519,-0.67976605176925664,-0.87803313732147215,-0.951229453086853,-1.0185277745837258,-1.0745837022276485,-0.99244479735692337,-0.91977872089906176,-1.0780640061085041,-1.1028478372664679,-0.88626083135604861,-0.59134729141774389,-0.55065005686548019,-0.4617737177759409,-0.341659073646252,-0.21124950796365738,-0.10217658778031667,-0.084169527515769
0.0,0.0,0.0,0.0,0.0,0.0,-0.16755595487457783,-0.027718409881575978,-0.042217051485946,0.02589110005646944,-0.013527125700765962,-0.0095008468197193,-0.13843282067563803,-0.27606026584218291,-0.33914469789575646,-0.36906399963230924,-0.38637541209237053,-0.39961137733560925,-0.41067933454746153,-0.41781636244720882,-0.44907030553528759,-0.45601405629089903,-0.52270388816084179,-0.53557325899600983,-0.61750600514588527,-0.74702632188797,-0.92043746893222511,-0.95654469480117166,-1.1469247822578137,-1.3818645193463279,-1.2097767534710111,-1.0538305955774643,-1.1556897610425949,-1.0813628762960434,-0.86260495583216346,-0.52333986901101615,-0.45228007270230186,-0.38707368572552997,-0.23377632929219139,-0.10892476042111715,-0.040179940556888193,-0.00870466820585231
0.0,0.0,0.0,0.0,0.0,-0.10264412267210182,-0.47867023485250831,-0.527092267658848,-0.31237704514137782,-0.21604506054618319,-0.062691298885631186,-0.21931544275405357,-0.43604657597292512,-0.46254790459221939,-0.36680408929075514,-0.374219108838588,-0.39862942163433346,-0.41838421190486236,-0.44416667364145579,-0.46395817206751916,-0.50544641190959561,-0.47683998713126552,-0.505855625638595,-0.55445628227858712,-0.58189247965812685,-0.66768852207395768,-0.822681018284389,-0.83217427309821634,-0.93389728351643209,-1.5374291303545931,-1.3659100500313011,-1.0216289514845067,-0.95544673096049915,-0.95811276073041174,-0.77755128300708276,-0.57284296017426706,-0.34573308229446409,-0.25695876980369742,-0.21648414668283963,-0.16716106586596546,-0.046818063669728446,0.026911691718851216
0.0,0.0,0.0,-0.10478357332647734,0.16829222883537132,0.0,-0.17383128545726789,-0.41934580111547426,-0.36985237908125079,-0.59187288031797358,-0.60715918578737516,-0.49111649737769852,-0.512169689390358,-0.381649930522127,-0.36097286501899362,-0.40985110654669293,-0.45056414661499172,-0.46455807712945069,-0.4529843781052566,-0.47877555797176974,-0.49606444338957467,-0.5098034275902642,-0.51899652790140227,-0.50674628615379336,-0.50648009777069092,-0.54701318548006173,-0.62309650095497693,-0.56659562497035321,-0.66476704291999344,-1.1282854273395484,-1.3712333042261213,-0.99672529676504307,-0.7617938580184147,-0.76730631820617179,-0.89050582448641458,-0.67909947236378987,-0.332729538778464,-0.12693737578336839,-0.10499355374347597,-0.17122906520962716,-0.1428394727408886,-0.0635453247361713
