SouthSea_Web/demo/jsonfile/2017-12-14-17.json
{"header": {"parameterUnit":"m.s-1","parameterNumber":3,"dx":0.1,"dy":0.1,"parameterNumberName":"Northward current","la1":29.0,"la2":12.0,"parameterCategory":2,"lo2":131.0,"nx":250,"ny":171,"refTime":"2017-12-14T16:58:07.5","lo1":106.0}, "data":
[rows 95 to 113 of 171, columns 43 to 85 of 250]
0.0,0.0,0.0,0.0,0.0,-0.15442389181006203,-0.17607804079489142,-0.25296489478779488,-0.29391563486778871,-0.30523143823330218,-0.309122665903785,-0.28997361194342375,-0.22126551149856477,-0.14936064399386706,-0.085704158314249726,-0.09669604988114254,-0.10541886902030777,-0.070535706239752471,-0.074483845615759492,0.028469270500805107,0.12263837860276301,0.17820219236115614,0.0074745148163417293,-0.19099414572119713,-0.17783472990548169,-0.19136733279145998,-0.22337224781513215,-0.24710728228092194,-0.18089410848915577,-0.060357235846043168,0.02118322207631233,0.10935139725053752,0.15352470893412828,0.14054859935172967,0.14418435317498665,0.15904977917671204,0.19492867202670486,0.19366813425360055,0.19194500033672041,0.20127335821206754,0.22086515149165845,0.30145339250564573,0.33231883624504355
0.0,0.0,0.0,0.0,-0.042877819406618653,-0.14455558377362432,-0.19458373423705819,-0.27430351939983666,-0.31155790291402652,-0.32504201547740258,-0.31637875654480674,-0.28218530386686325,-0.21123124472796917,-0.096543264601496051,-0.055290372453681708,-0.064275673710000827,-0.072556133382022381,-0.030099512596445329,0.066265157183572163,0.11809409906466802,0.16108154351341314,0.011163085815496743,-0.15483153584812368,-0.14003625810146331,-0.1492579695251253,-0.18036476219141925,-0.13779698838961535,-0.050845635672365982,0.066764672191951563,0.13656447202499425,0.1482380109804648,0.19070421904325485,0.22145358500657258,0.21042830869555473,0.16285663957779223,0.18014163993023061,0.21181376106463945,0.21867107786238194,0.21832616627216339,0.2068664218698229,0.21211607809419986,0.33869072132640415,0.36222645419615285
0.0,0.0,0.0,-0.051855054834794086,-0.12361490289571092,-0.1694878540808262,-0.23527149241287393,-0.27458383359692312,-0.33621894603683833,-0.3666496075251523,-0.31393465027213097,-0.25230705055097741,-0.18415154025635935,-0.095327107956455576,-0.057405184326303559,-0.032004567032510582,-0.00099591427050264815,0.0073051959442506946,0.05979918640029306,0.09067935989268365,0.0085011555472322333,-0.15072779460913605,-0.12059404726686149,-0.10113886424473353,-0.057994520025593896,-0.037907328606173719,-0.027420969649230957,0.067536095988803682,0.17064112645608406,0.17181912170989172,0.17540439301066929,0.23328057516898429,0.23826723332915986,0.18450629174709321,0.15820725703680957,0.16853567671317321,0.19168535087789809,0.20339061525361291,0.21308522786085421,0.22128329729592358,0.2238715268098391,0.28772089044962612,0.34000355667538112
0.0,0.0,0.0,-0.12641759017876919,-0.18399817471937188,-0.17501320810087265,-0.19871523408662706,-0.26773211151361465,-0.28373466379502238,-0.26774850575362935,-0.20773352735808917,-0.15822648801482642,-0.16075967929579996,-0.095289634515832333,-0.028887654019116953,0.0034959568761728909,-0.006992747075855732,-0.003572340599475865,0.038692814693384772,0.041602973971748725,-0.17244869894508658,-0.18450942352927965,-0.15667989022201961,-0.1074037790812295,-0.03381770696224911,-0.04570551844413525,0.0406124098226428,0.11735757583608994,0.13771715677446789,0.17392502086503164,0.21335964879164329,0.25552737499986378,0.19758876551080634,0.16545477288740654,0.16702736451708036,0.21406484567202055,0.25558050378010821,0.22403450906276703,0.22454700618982315,0.22047729790210724,0.20968078128222761,0.25502091703506619,0.30909886479377746
0.0,0.0,0.0,-0.20323581382102679,-0.17937255597285676,-0.21883514494850084,-0.24526860130329928,-0.24312389393647513,-0.24509727267862916,-0.22542071678269077,-0.22827683861056963,-0.18735539897972223,-0.078548412997184736,-0.073752124975549,-0.023620712791422482,-0.0088169901542929242,0.065551112946723736,0.089328644114236036,-0.04994452270947284,-0.24657591390273265,-0.20810623626623834,-0.1126545230547587,-0.071296934166858936,-0.03815802136934373,-0.06027788386262696,0.008730175982539853,0.083310078691553185,0.059030487995456765,0.089852858334779739,0.11324788709836346,0.17015590786933899,0.18563924122739722,0.14468404969998769,0.16225429541534847,0.22355777382850647,0.28943939447402955,0.28857582062482834,0.24159700742789678,0.2185244320527367,0.20418719064306329,0.19813437129442507,0.21764335552087197,0.25487099228234128
0.0,0.0,-0.16805565771314182,-0.26572898376794279,-0.20316482880493489,-0.23202764295242928,-0.25471625605920206,-0.27750468934045253,-0.23960431590676307,-0.17794018588734395,-0.19069037901667449,-0.16598077571910361,-0.099413853718174822,-0.00750690658027545,-0.025490282711365983,-0.0024921961369053008,0.028018865419332597,-0.10746086728485192,-0.19544035316474975,-0.16487121715077333,-0.053301416017347947,-0.032819746243019053,0.040836870877279177,-0.01978714909838063,-0.012689598334523348,0.072444553128801853,0.025826418813916723,0.034742244590933509,0.05012381125103544,0.10269226346697126,0.1616224073446714,0.16122457065752574,0.1722841638105887,0.23411489224859647,0.30622133255004885,0.3511475247365457,0.31784204680186051,0.25590499834372449,0.223787500922169,0.20704258382320404,0.17776789630834872,0.16874150772179877,0.20276907258308852
0.0,0.0,-0.27962752596702045,-0.28799535536115439,-0.19680384377911914,-0.16933977224960409,-0.17289645612239837,-0.21233685227852422,-0.24708855442412489,-0.27956706594962338,-0.25847108574474559,-0.13637904223540556,-0.049035231390599766,0.012111752439523116,-0.01301460677225675,-0.048152416561558643,-0.099334201069943839,-0.039627550670764213,-0.017137512793962025,0.0080924481070334363,0.029713038895611783,0.0816768976394087,0.038012399920262396,-0.00086662195691907852,0.054677762756390233,0.039108380575531294,0.0371498167514801,0.018353020065530603,0.049063462334183544,0.1038580236059648,0.14881434062352547,0.1659928523004055,0.18797848463058473,0.25724203512072563,0.341313966191732,0.38700332549902111,0.360306692811159,0.30121751189231871,0.23574373240654284,0.20652454174481905,0.18296438393493494,0.1468576681613922,0.16183802943963271
0.0,0.0,-0.25238972467978216,-0.39713192359686583,-0.22875812401374182,-0.2338815202277876,-0.25239192913803787,-0.2576445048657533,-0.22919942589500283,-0.17659316211938858,-0.11725534483790398,-0.11923888224092397,-0.11919369862267845,0.0095928223902749746,0.036446699100945674,0.021932867789191419,0.023773420980433002,0.032054062425491532,0.024659364016510414,0.075472745778305192,0.11594752328736442,0.079712288404282711,0.010680939761056964,0.040417997419825512,0.057140084742395965,0.053288022721452374,0.042494567326055124,0.022208739742636679,0.067868762546115458,0.11757902002760343,0.12542798399925231,0.13400049010912576,0.15458362320294747,0.196810994297266,0.29331743593017262,0.34933601549038518,0.34143818378448487,0.30280455505406417,0.23701076865196227,0.19238060446722166,0.164078344724008,0.13206729888916016,0.12185665907768103
-0.0088248903725606145,-0.14082402419484094,-0.18888686440627833,-0.20825487861554778,-0.22934470392401565,-0.28395216145219593,-0.2603380746440962,-0.15073255329914048,-0.11408814888548206,-0.1431795932866376,-0.12031259222163095,-0.11362940600005592,-0.042152839712798595,0.055989533707860015,0.088695298033681785,0.062402571152363508,0.076536392973315326,0.082939608343716331,0.076623714528977871,0.10107830459518093,0.059059914916620722,-0.0014707442476517623,0.029180075093689892,0.0529130250237918,0.06047826117047897,0.07315402165055275,0.077821054895009317,0.032205669278347934,0.0867620287835598,0.13750057143193703,0.12647387854478978,0.13133918837859079,0.16137013614177703,0.20900006343921027,0.2606064212322235,0.27681045062266862,0.26020992519678893,0.24310526132583618,0.20165187865495682,0.16004768200218678,0.12958921616276106,0.10976912195865925,0.10454436639944713
0.014147394537226651,-0.1171320189312775,-0.2056543149801546,-0.1944779798043178,-0.20611522706846397,-0.20548706742689069,-0.13616798418132883,-0.10087787468456527,-0.17787387498787471,-0.19388413844773403,-0.095710527415697771,0.0094715447937089355,0.056321671850609538,0.10088159318547696,0.0999535120302631,0.0734675713979146,0.0643214260324322,0.077728017432881255,0.10608608621571745,0.092501877910561026,0.097975077373640876,0.086307790958219111,0.043826122319808709,0.06591843694448471,0.10570816855345454,0.11649226999053589,0.10520839261320922,0.053319220216228411,0.06934710179588624,0.12072652092446452,0.15357536336650018,0.1565308588055464,0.18123866672869082,0.20070539653301239,0.22566873490810394,0.21551366329193114,0.20868972582476481,0.20480896146209152,0.16824938356876373,0.12595323085784912,0.089146108366549015,0.074170221678084791,0.065814361472924549
-0.045414759431757247,-0.14061363401124255,-0.1952011958694288,-0.23166917756609962,-0.18982432764310103,-0.14037595833130326,-0.12689496142168841,-0.13631569552752706,-0.11515986999640097,-0.067839832846508463,-0.03486170009255591,0.028410296158732046,0.055321023392025381,0.053616969335463741,0.0787547292007554,0.10294345458006037,0.11104624399117061,0.13234228454530239,0.14796989623989379,0.1120420981336523,0.09671317979141518,0.10889764903829648,0.11243863072660235,0.093492530859433681,0.12380043665568034,0.12271801844753068,0.071387579421634262,0.0493332441482279,0.07034248213928479,0.09940045069043453,0.13193814542431098,0.13586106923995195,0.17417045109547102,0.19245343296616166,0.18400079846382142,0.16711987555027008,0.17348217640234076,0.17638134555174753,0.14865723031538505,0.10520159524111521,0.070991885475814337,0.053280746235566979,0.038265348846713704
-0.1057860184359868,-0.188135657321656,-0.23957188206883298,-0.18985925446872767,-0.15198137526368272,-0.15203669436844478,-0.15377611271580871,-0.13044337522757205,-0.091875491735453785,-0.045963747816723445,-0.011101951713499147,0.0013104256352107768,0.011516441607141289,0.032184004783630371,0.061256479471921921,0.075790204373853545,0.10032935136998142,0.1122675673770053,0.14048169663658849,0.14377085533407,0.1057081136565942,0.12494624185341376,0.092535904049873358,0.09435175015376164,0.10292861334703586,0.098804213966314614,0.075611401211332391,0.04419904195058804,0.031205298307423409,0.033987674801407949,0.068859944947891771,0.11086826920509338,0.13101399511098863,0.14698092529067286,0.15790037921181432,0.16061307088686869,0.14648055342527536,0.14833010613918304,0.1324625201523304,0.10057984423988006,0.077678840359052023,0.059515045109120285,0.043440356584531922
-0.1918449649822597,-0.20922201999958126,-0.18588196074744862,-0.15484217018974539,-0.18474969687990675,-0.19090550362106856,-0.12496947855600771,-0.040489791116366781,-0.029464134083288473,-0.029884762554006142,-0.012949336634483189,-0.00214836562684338,-0.00116006207877192,0.038709654222027615,0.058361903131008148,0.062891141176223755,0.08843958404447351,0.098308912345341268,0.12006489293915885,0.127549157374435,0.11918355152010918,0.13067006975412368,0.10221874465545018,0.0660601065361074,0.072942430929591254,0.086040290892124172,0.061463129778320975,0.012893646408844254,-0.023365238323234595,-0.011645610691048206,0.0282456611495708,0.060829323083162308,0.073057397889594242,0.092335279692303054,0.12172455061227083,0.12563268581162329,0.10497180270877751,0.11817925817826215,0.12120146503051123,0.10391606816223689,0.089450106024742126,0.080444652248512619,0.070150558437619887
-0.14595592149772629,-0.18295480168201653,-0.19608576656398127,-0.21427149007089963,-0.16704478394633104,-0.084358781923850379,-0.056665037456952352,-0.0209136543278065,-0.011723015137769315,-0.014409549466724838,-0.013573382846796168,0.0069627116242406408,0.02912376692518592,0.053953094694476858,0.075363031625747687,0.088444384038448329,0.092205886763555026,0.0840915384888649,0.10885054933337066,0.12322936734805505,0.11206079475008525,0.12557034504910311,0.10912133237490287,0.068705208599567413,0.06821375759318471,0.0637064438175272,0.021456059188825417,-0.016866213269531728,-0.010690767304781317,0.021355287609843628,0.024084095798787616,0.0251001943834126,0.060148079134523871,0.094493198767304415,0.11933642625808716,0.14472373574972153,0.13540474193937638,0.11376082201798757,0.11061469944460052,0.099476222235422865,0.093694586306810379,0.0924441974077906,0.086119964718818665
-0.1539929188463999,-0.17775036497636043,-0.14346070752240892,-0.15654516370990609,-0.1497425712870829,-0.097424300578542247,-0.039251773202038827,-0.015412574727088213,0.00070993391118126623,0.0012968355854900437,0.018613113975983912,0.049381579200808816,0.073872736482708548,0.063410655861454349,0.070185621801231585,0.0865135094416993,0.091694676982504983,0.097881508274720266,0.11923172652721405,0.14040238744225994,0.130649134516716,0.11574082255363465,0.095933814174853832,0.060235452800989152,0.050177211670771889,0.028541425197466237,0.006198284406032737,0.0095232549250464545,0.030252441675180479,0.062395278923213483,0.0681528045795858,0.048407661581509991,0.06647085967032533,0.10619932226836681,0.13357109716162086,0.16649893671274185,0.15623381932576497,0.12137103453278542,0.088878359645605087,0.079888805747032166,0.079160754568874836,0.081796968621867042,0.088476517548163727
-0.1708931434060274,-0.19505254602358665,-0.24935341768486555,-0.19248258279285568,-0.17380783525673119,-0.091181031283405087,-0.029920342096099346,-0.0030196585094331412,0.01472496185451746,0.031446080240938395,0.05219679658434221,0.058590132486203622,0.0659574025443622,0.046998671389051845,0.0452406375801989,0.0865759052336216,0.10286641333784376,0.10574954003095627,0.11842913720114477,0.14125372870610312,0.12464074577604022,0.079837781935930247,0.050157299531357627,0.050811637030995407,0.030209082605627675,0.0043658502812225679,0.012473433797078376,0.03101793100081739,0.053894432751755962,0.093216043151915076,0.12208063807338476,0.10432613553369746,0.0933084487915039,0.11443911691506704,0.13184748937686283,0.14401361231620496,0.13643981888890266,0.094065089399615928,0.058248416520655155,0.060131720134190152,0.0632984700302283,0.071488776803016657,0.0856500044465065
-0.21559802366487951,-0.26858566668781919,-0.23363349835077921,-0.1834766421733158,-0.1240536107919937,-0.039458131330320612,-0.012728110533721014,0.021106987663258154,0.035451532198259465,0.023271089098576843,0.024967580983814384,0.022699674453448365,0.024997263966548826,0.022576644986627564,0.05233246524585411,0.10759938436169778,0.13287514730774122,0.13230050114854688,0.12336589447383223,0.12687654073039692,0.11542433672226392,0.084882964380085468,0.088651147981484726,0.11182896405458451,0.0730996835231781,0.023980802653924278,0.012987145311420872,-0.0016753843852451869,0.0056016674046220844,0.056481938220952689,0.10734149813652039,0.098085047470198736,0.084799015096255717,0.085217367112636569,0.094762496650218964,0.10205452686006372,0.098838134922764512,0.074643300846219063,0.054329665643828254,0.053772138165576119,0.0637091329942147,0.072097733616828918,0.08710024505853653
-0.22234847115688636,-0.23681221336678224,-0.14143110244818355,-0.06542984529265336,-0.013556853707494408,-0.0020193418802227827,-0.0037314227838241669,0.019621842224816128,0.011684923774988294,-0.0011047466072223841,-0.0046619314904593669,-0.00039959469427845468,0.017570786954214174,0.059365396585428352,0.11789184203371406,0.17938627624833906,0.18264758180488239,0.14676646346395667,0.13493119270512552,0.12808555974201721,0.11992754064726108,0.1018967042709219,0.11786353613795905,0.13511506697306266,0.092889001163152546,0.029664676015575726,0.017961751606146045,0.0024599262978881598,0.0046784220668043761,0.039000736696547585,0.061293356353417039,0.058609443849750927,0.058581745784197538,0.04750906074276337,0.05444050207734108,0.080246965993534439,0.076963847710026637,0.0751838767901063,0.065985503473452153,0.063334621489048,0.076467489451169962,0.090405788272619247,0.093659845491250351
-0.19256814015763146,-0.079667085834911888,-0.050292142977317177,-0.017057545153268922,0.013480921598294606,2.7326704218500742E-05,-0.0090834572889704115,-0.00364271043727058,-0.0048838437466542928,-0.019121521522559786,-0.017508083246260259,-0.0078524677581819045,0.031868471077790388,0.090204315848256417,0.18009829556658155,0.2536182701587677,0.23379917678080106,0.18159764456121544,0.15325752036138016,0.12486718643096186,0.11389272660017014,0.10231379146377245,0.11945445835590363,0.11207393131085805,0.074276971845672682,0.028449538235480968,0.020115097519010305,0.034975213516089648,0.0219915967900306,0.032373619369334646,0.044137070162428751,0.015458420299304028,0.0082214085671764147,0.012377730316736481,0.027878888975828887,0.06369335763156414,0.087468439506159887,0.08601735532283783,0.082808282226324081,0.080148901790380478,0.093961505219340324,0.10240051597356796,0.10612180083990097
