SouthSea_Web/demo/jsonfile/2017-12-15-12.json
{"header": {"parameterUnit":"m.s-1","parameterNumber":2,"dx":0.1,"dy":0.1,"parameterNumberName":"Eastward current","la1":29.0,"la2":12.0,"parameterCategory":2,"lo2":131.0,"nx":250,"ny":171,"refTime":"2017-12-15T12:00:00","lo1":106.0}, "data":
[rows 19 to 37 of 171, columns 168 to 209 of 250]
-0.05333131761290133,-0.056092619895935059,-0.054573421283358972,-0.050275721587240696,-0.053826680406928062,-0.041154719889163971,-0.020934563459983718,0.010647667339071631,0.04429133702069521,0.094154843688011164,0.12825995534658433,0.18597742021083832,0.22076447904109955,0.31927123665809631,0.45452142258485156,0.48752916455268858,0.42485715448856354,0.31301269680261612,0.31847878793875378,0.25165306280056637,0.17094295285642147,0.11384702367441994,0.1807999275624752,0.25640060566365719,0.35689706504344942,0.41092140837149188,0.45413377549913192,0.40661431171677331,0.32084052165349325,0.25193656342370169,0.28038336655923296,0.33384020282672,0.344316969315211,0.25206501438067508,0.22802390387425056,0.23899702842418963,0.22361944715181986,0.21504270686553076,0.14936275482177736,0.12297425591028653,0.12229870366198677,0.15716033600843871
-0.12707747519016266,-0.13491019180842809,-0.13223733007907867,-0.13036744110286236,-0.10752430707216262,-0.082883505150675774,-0.053908808156847954,-0.022174716647714376,0.041721415439886708,0.098353089764714241,0.17520411064227423,0.22606213390827179,0.24514030665159226,0.2367567926645279,0.32154781371355057,0.40072674751281739,0.41090548038482666,0.29972695452826364,0.31194224953651428,0.2187840309407976,0.19224663930279867,0.13797117117792368,0.15917369723320007,0.26395583649476367,0.31491835144433106,0.30672057593862218,0.313730388879776,0.28549018960732681,0.24411405729396002,0.29736293107271194,0.35777291229793,0.38454674069698042,0.32690347731113434,0.27476724169471045,0.22015322651714087,0.21996736278136572,0.22039933900038403,0.22677393505970636,0.16535464981023004,0.12501964775415567,0.11350736121336619,0.12344552289981109
-0.15871196426451206,-0.15860544741153718,-0.16299206018447876,-0.15593088567256927,-0.12157956659793853,-0.093641775349775955,-0.065347893536090856,-0.0038048378191888332,0.075626914078990623,0.13276550024747849,0.19466736699853623,0.21001909971237182,0.20157891884446144,0.12542931288480758,0.14744752198457717,0.18152635438101633,0.26091081649065018,0.21585121502478918,0.25443003575007123,0.16900809109210968,0.17152312646309534,0.12785045734860681,0.17599948021498593,0.18432402610778809,0.19755707222681779,0.21856810599565507,0.22507212785157291,0.22079859035355703,0.29506960511207581,0.34369567495125991,0.39868134898798807,0.37294233533052296,0.33245724013873507,0.24656810783422911,0.20470602413018543,0.19012557591001192,0.20853915008214805,0.20064599480893877,0.1544487283875545,0.11926835868507624,0.10048733279109001,0.044381193351000547
-0.12948412572344145,-0.14461012432972589,-0.15617240717013678,-0.13873381167650223,-0.10851276914278667,-0.0812419094145298,-0.028359937780935849,0.0078918469371274114,0.035528659956374518,0.055739295110106467,0.08527350053191185,0.072343093901872629,0.0954917607208093,0.073023577407002452,0.042180899913156669,0.026620672605834745,0.096857152646407485,0.1374569380921977,0.18028308180245486,0.10769391059875488,0.13949286307279879,0.18378841246549899,0.21710821489493051,0.22818425704132428,0.2051667204269996,0.16177770098050434,0.19710024911910296,0.239255624016126,0.3229424719299589,0.34881353165422169,0.37867017892690807,0.37602705909655643,0.27954095726211864,0.21636707683404285,0.16666901210943858,0.15926207176276616,0.20098812878131867,0.16550205115761077,0.10374450013041496,0.058149281765023868,0.043407176941400394,-0.05615475573218786
-0.074965913593769071,-0.096626495942473412,-0.12814870942384005,-0.12982612252235412,-0.11310666178663571,-0.090722239017486578,-0.059867797685520988,-0.040451885600175173,-0.038570743675033249,-0.022519712996048231,-0.014670364325866103,-0.081468242919072509,0.059015986742451787,0.0456267915724311,0.021585283800959587,-0.052288064733147621,0.046128733491059393,0.0029413889029196332,0.061778819696469742,0.0927444388243285,0.18589658538500467,0.14030035911127925,0.12904791755136102,0.21965610980987549,0.21219308215838212,0.26816153898835182,0.345181938012441,0.39088923656023467,0.33956192682186764,0.36905030409495038,0.38644948601722717,0.30709202268293928,0.23190302295344217,0.16541202490528426,0.12829713175694149,0.11472648829221725,0.14577062599934065,0.11924477459655868,0.041293620903927242,-0.0026989324251189828,-0.027401208908607564,-0.06807621797690025
0.043474213685840368,-0.00979745271615684,-0.03289274599713584,-0.0863417205400765,-0.10362983494997025,-0.07941208566938128,-0.063959206321409764,-0.059693542774766684,-0.054062040522694588,-0.065416936762630939,-0.032496466146161161,-0.028190995034362589,-0.098117655608803034,-0.0079615194505701457,0.052592023799661547,-0.068360656765954833,-0.050308762626214462,0.084394477689056654,0.043784840921337796,0.11951234253744285,0.13597313314676285,0.030106465081469372,0.0325113854590146,0.17494362060512816,0.21191111952066422,0.23323791793414525,0.31270751357078552,0.32538500428199768,0.3736000784805843,0.38208535909652708,0.32049744469778879,0.24433655578356522,0.16333630738350061,0.11226427335949506,0.089868879743984761,0.059408083061377209,0.086128799538863335,0.073186159243478488,0.013723425780578205,-0.025732921038676675,-0.066071230479899573,-0.057854261249303818
0.074391076075179238,0.038131456472910941,0.03161898534744978,-0.011127893114462495,-0.056226670209850581,-0.040588055038824677,-0.012823709170334041,-0.0058482225795160048,-0.015349825810907143,-0.02289089560508728,-0.024456100072711706,0.032250903255771846,0.074802336748689413,0.00906642721965909,-0.023465637660895784,0.037445533275604251,-0.04462180156406248,-0.02739857086756577,0.11161859692739588,0.13711848003523691,0.041405306330748966,-0.020901605428662151,0.057606020290404555,0.15399158905659402,0.1704713782438865,0.25989726758920229,0.35853147506713867,0.41268715950158924,0.37294130275646847,0.34042320648829144,0.2821638782819112,0.19750584776584917,0.11441250828405221,0.086480600329545826,0.066420442424714565,0.0071047927922336385,0.0664155195631525,0.039289432738552843,-0.039314382993616163,-0.044854498110138454,-0.076124555346640671,-0.050386616090933485
0.091054947581142187,0.072298227144139152,0.10452081169933081,0.078673775307834148,0.010635795809018115,0.024685391690582037,0.062055325135588646,0.042441501282155514,0.017848441351412073,0.026940702897263691,0.0061718732209151816,0.0084651616867631677,0.021938240176744082,0.09528953378850763,0.093716133385896683,0.10470979288220406,0.10149238254719724,0.060499123158828855,0.10350653639232571,0.002915684599429369,-0.031813555413724055,0.029992705288653571,0.096943832685550055,0.19707553088665009,0.29264944677169508,0.41389746161607593,0.46235359708468121,0.39860869808630511,0.35800668138724107,0.32226299538331871,0.25665942629178368,0.16247610341418872,0.082514478691986623,0.088325087726116178,0.076340239095900736,-0.0046897023280240216,0.051281659606550088,0.0014357053719106176,-0.13517884396273514,-0.063953999014172175,-0.027580571516106527,-0.062215818990288038
0.22696100175380707,0.1976890355348587,0.22707343846559525,0.21965868771076202,0.14407636804713142,0.12220288895898396,0.12757631329198679,0.14841120168566704,0.12169369533658028,0.099078449110190078,0.037872920231893661,-0.0071539206546731293,0.047735158354043961,0.0044560463090116782,0.05201218044385314,0.072063539854504852,0.11282600741833448,0.07622007381360163,-0.065704361659785118,-0.081903146712907729,0.010585598090463983,0.0846592118697507,0.21328586872134889,0.40660677424498964,0.50479571635906517,0.45492249268751878,0.40569545328617096,0.37991761096886228,0.35687129084880537,0.30387905438741047,0.22590221358197077,0.12979166954755783,0.063164020422846079,0.093328778631985188,0.043660721721072847,-0.013366958344704472,0.0500729812162095,0.0090596338089268934,-0.1386026473572621,-0.30888513806793427,-0.082646929581616346,0.0088875276867059119
0.37936578392982484,0.39069058949297125,0.39381606049007839,0.38232200013266671,0.32323898226022718,0.28419911861419678,0.29071788820955491,0.26054909080266953,0.22256350666284561,0.18745065182447435,0.11423151878019174,0.072920984230362446,-0.022159713919141462,0.00038901559757785156,-0.0038133118357039234,0.0066534726211102679,0.039156331967275873,0.10520382079606255,0.0055486346994127545,0.058784015507747728,0.12151726434628168,0.20922763698867389,0.33890341470638913,0.43067076305548352,0.47416811117104124,0.42077492062862104,0.370126622063773,0.36303215301953828,0.339407479763031,0.27568079903721809,0.21002612582274846,0.12251095314111028,0.096394827465216312,0.1012856736779213,0.039536965106997418,-0.0012644702090053922,0.060236963492475058,0.035489638816216029,-0.016272915527224541,-0.062175942636612386,-0.0446411939097743,0.033971429336816072
0.51495278875033057,0.56262161731719973,0.55536126006733288,0.53492512381993806,0.47483937144279481,0.4278562068939209,0.39217499891916913,0.3471186431971463,0.30398524349386041,0.22961318989594778,0.14768067882819611,0.093049421333349674,0.077087575426468477,0.021692654381816587,-0.020324588873336324,-0.016804322425741702,-0.032860024532835395,0.018904476928023193,0.079179609158577829,0.11210036476453146,0.19046573570141426,0.33963911912657996,0.43659018323971677,0.44391737778981527,0.44570251215587964,0.39091852307319641,0.35746228694915771,0.3572842963039875,0.32990514167717527,0.28500051697095236,0.21708610883125892,0.13700388769308727,0.091270146767298374,0.093431032047821924,0.036875575397382766,-0.017474204815431115,0.047801876440644264,0.046590204001404345,0.010030228667892516,0.011137708235764876,0.034903603522252524,0.033187137916684151
0.42127720876173541,0.50366963744163518,0.55402023096879327,0.57179956138134,0.52736442287762964,0.48466804623603821,0.44627213478088379,0.39852980524301529,0.33591399490833285,0.24821983526150385,0.17864911935546182,0.14063474908471108,0.14592725684245428,0.13507845147202413,0.053597638813348919,0.043200704408809541,0.091951993604501084,0.022984577426021651,0.10281967763356599,0.20932398470384733,0.30461177229881287,0.45491733749707541,0.44872805934685928,0.42526752998431522,0.43034650598253521,0.34733614524205525,0.34374254712691676,0.36613812616893221,0.33952365815639496,0.26747868848698481,0.1931737299476351,0.10409199419830527,0.040626081203420955,0.042193790897727013,-0.020834082665924843,-0.055260089536507927,0.011946880819353585,0.021124026631393161,0.025473175237753561,0.090149370523599476,0.11102220619266684,0.075255515223199676
0.23101851145426433,0.29602656637628871,0.34698977837195766,0.4043807898248945,0.47502233431889462,0.47398351539265027,0.42034176786740624,0.3953422963619232,0.32972619576113565,0.26211220026016235,0.21279680303164891,0.16383821574541238,0.17144145630300045,0.17862348407506942,0.2233611001418187,0.22144699189811945,0.24691418651491404,0.29224539796511334,0.37852272620567906,0.43042601071871245,0.46665095136715817,0.44812253514925637,0.39907134496248686,0.41816425137221813,0.37946405410766604,0.30836378335952758,0.34980023333004545,0.37183076143264771,0.31281347147056032,0.23154639825224876,0.13788029445069178,0.0065683221444487573,-0.10206445133579629,-0.124352743383497,-0.063648816771232158,-0.030161637648501816,0.0059754670523530376,0.017212265380900742,0.067509108948378041,0.14001175245413414,0.13514070138335227,0.08726416466136773
0.20935176738670894,0.29804464975992839,0.31285129487514496,0.24712353306157248,0.26295574648039682,0.27306861380736031,0.23577170471350353,0.23551888366540272,0.21941110811063222,0.23936314582824708,0.23250218374388559,0.29811011467661175,0.33279966276425582,0.26828144397586584,0.2937455733617147,0.32268217206001282,0.39006570180257161,0.46265790554193348,0.47120716954980579,0.47638821204503379,0.42252080440521239,0.36763066479137968,0.37480415829590391,0.38192456610062542,0.33840086417538778,0.27618420336927685,0.34478364246232168,0.34250975052515664,0.24850842170417309,0.1654668620654515,0.049276290213068327,-0.12696299608796835,-0.293840623327664,-0.28144168960196631,-0.17174852242072422,-0.14048617161237276,-0.075120286299632147,0.00460750199007717,0.095775147899985313,0.16876678665479025,0.14879860525781458,0.11094269562851299
0.3049185669847897,0.41661919768039996,0.43617928773164749,0.33096191585063933,0.359385860817773,0.34718314210573831,0.31736747514117847,0.34180673531123568,0.39807106960903516,0.43294605612754822,0.47460668484369911,0.49743294928755077,0.56541786529123783,0.51772122780481977,0.46865760485331215,0.44994176836574779,0.43576736175096953,0.42772051053387777,0.44554328322410586,0.41057117856465852,0.33960085511207583,0.31553253283103305,0.34528541068236035,0.34649137854576112,0.2390376478433609,0.26315665245056152,0.34918284018834433,0.2809693091190778,0.19107783639005252,0.10752847767435014,0.018510028704379997,-0.093564062212992988,-0.29627701441446941,-0.284044058372577,-0.20133507649103802,-0.13171655210581693,-0.069080582819879055,0.021080217091366649,0.12517892879744372,0.18548356538469141,0.18463212996721268,0.12112979378019061
0.28247314585106714,0.35850952991417478,0.49430888465472628,0.54274559250244725,0.50179892579714458,0.43165049873865569,0.32173880003392696,0.25929836715970722,0.30098886601626873,0.36833506364088792,0.45798656940460203,0.52709976434707639,0.55486960336565971,0.51347906887531281,0.47687466740608214,0.39418681959311169,0.35269736126065254,0.37702799588441849,0.3760948721319437,0.335767470738467,0.29287178012040943,0.31846026331186295,0.30407291994645047,0.19482493225265951,0.18732111688171113,0.28088667802512646,0.24427556339651346,0.18208945216611028,0.081991096078612227,0.0262735301318268,0.0081479864714380634,-0.09531181402659665,-0.29249559686734128,-0.26062522422183643,-0.12714232052011149,-0.094142278842628,-0.077661975100636479,0.00054432413625446236,0.080132287823491632,0.12001399571696918,0.16597692751222187,0.12104502746037074
0.21731205178158625,0.30559616684913637,0.44883902072906495,0.57384490966796875,0.620314073562622,0.57479633390903473,0.51859662309288979,0.46518377661705018,0.42860152522722877,0.35846801102161407,0.35145345755985807,0.38195373217264811,0.40565792151859831,0.39648217894136906,0.39732619907174793,0.38164868950843811,0.34772071455206188,0.33559103883229768,0.31252892874181271,0.28718398610750834,0.288540784517924,0.29504108428955078,0.19842548987695149,0.22442488455110127,0.25162069324184866,0.21136280000209809,0.14810903326553457,0.0711939584177274,0.02363540310955917,0.0059537765953470677,0.04677115952169212,-0.04270523847438968,-0.22342217541657961,-0.14176563791592012,0.055412999168038365,0.078829178120940924,0.016503486471871536,0.0564705686022838,0.14167104413112006,0.14328273944556713,0.10365281419621573,0.098317672498524189
0.076234142063185573,0.15628530991574127,0.31530927680432796,0.48263847231864931,0.57026787102222443,0.59336200157801311,0.59824880728354823,0.57455925758068382,0.51876744398703944,0.39637304842472076,0.30442905851772856,0.29629726807276408,0.29670178294181826,0.29476717114448547,0.30964350402355195,0.33452902848903948,0.34218826188760643,0.33354240017277853,0.30079117616017659,0.28251164952913921,0.28402555733919144,0.20839875544372358,0.2386966198682785,0.24376188466946283,0.19760672334167692,0.12077347627457451,0.074427027643347785,0.025089831502341172,0.028827388105647906,-0.011584394333812479,0.11075497634010389,0.15376001180937657,-0.020401894813403487,0.024721501912507746,0.12168133800679987,0.12659133060110939,0.13371123456292683,0.15893172366278513,0.15007161051034929,0.12597206141799688,0.079931097570806742,0.04129386879503727
-0.096013690838042426,-0.01252087984175887,0.15350122327605884,0.33147000521421432,0.450947584474788,0.53103514760732651,0.56204449704715187,0.536302400752902,0.46397153337796532,0.36448276959932768,0.30017899274826049,0.25876807173093158,0.23992589328970229,0.25716929882764816,0.28618067105611167,0.30007515350977582,0.31440166916166035,0.318009928745382,0.291510460632188,0.27060350951026468,0.24673559051007032,0.24205727612271027,0.20891555755034738,0.18642621487379074,0.11680954144052837,0.056817432249590641,-0.035142013052892357,-0.13186213821172715,-0.15134279462782777,-0.15324114320369867,-0.0018237344920635223,0.0962563265974705,0.092131680622696874,0.14343235032124954,0.15798539370298387,0.19815321713685991,0.16443705372512341,0.14425469314058623,0.12375252414494753,0.10335523102964674,0.058101358690432141,0.0084926883888935354
