SouthSea_Web/demo/jsonfile/2017-12-16-01.json
{"header": {"parameterUnit":"m.s-1","parameterNumber":2,"dx":0.1,"dy":0.1,"parameterNumberName":"Eastward current","la1":29.0,"la2":12.0,"parameterCategory":2,"lo2":131.0,"nx":250,"ny":171,"refTime":"2017-12-16T01:01:52.5","lo1":106.0}, "data":
[rows 76 to 94 of 171, columns 86 to 128 of 250]
-0.10693466001086766,-0.097442278707468952,-0.078179781990894093,-0.026149552705017134,0.04900338698644191,0.099376491650387089,0.08750580698251724,0.023829903470219245,-0.059316465946791977,-0.11319145663031216,-0.07536163879558444,-0.044523723334457505,-0.071491081322378969,0.093712944204786,-0.001783166626027148,-0.17307836944476152,-0.13701871863525847,-0.089265527925929247,-0.058412905458161343,0.035670358448502762,-0.059917095606403063,-0.26726223392920062,-0.37500644188660842,-0.1822985423107942,0.16214789517345976,0.41389625533571783,0.26345455026148556,-0.17142712025214796,-0.520859671490533,-0.67217431217432022,-0.57879382275765945,-0.29025629801409586,-0.092075484116440232,0.021649387649908338,0.12481805876545284,0.12900239745011696,0.082307910840762291,0.016827580955578014,-0.031397395229970031,-0.16196098585020413,-0.36597808111797681,-0.334950579064233,-0.21909323996967739
-0.084749331904782191,-0.106408349275589,-0.068623540547883347,0.00902666465629375,0.023616161901305464,-0.0070583459626128572,-0.0527085541652923,-0.11686235925714884,-0.154685496082229,-0.11627171072980454,-0.035785043136482793,-0.10066202398615354,-0.023235918650041439,0.005227251020140755,-0.039582658434731209,-0.2653975250820319,-0.18870484802806586,-0.10482107923697617,-0.03242896812298568,0.0018185631229300024,-0.088244450138381086,-0.15411491144676598,-0.350344255110439,-0.18792833107408513,0.099253626943497764,0.21101872265959779,0.065529214806254885,-0.17729652080000663,-0.51260453462600708,-0.75292818375996184,-0.47465521866275417,-0.25826734766877929,-0.11132789718417022,-0.0071141443533213949,0.0717740566842258,0.053917337484933714,-0.020038657005075254,-0.069219824159517884,-0.1170886302632945,-0.2792627536333524,-0.46218597226672703,-0.38027599453926086,-0.22375122085213661
-0.065914533101022244,-0.045692213629641071,-0.013259359211901781,-0.03890541319614621,-0.0997142302964268,-0.1635479349642992,-0.20956496099630992,-0.21932357499996821,-0.15015041191251047,-0.029653479352639282,0.009565204231287627,-0.0895279993613561,-0.0969069034449364,-0.10023165526004826,-0.22194998276730379,-0.349211119975035,-0.25248649858293082,-0.10084604309537472,-0.0649723197641452,-0.16054003459689506,-0.22216011125307816,-0.36461339346662969,-0.42537313273974825,-0.19394870571551881,-0.013546696415715182,-0.050915438939180026,-0.1510154863565483,-0.25884048400386689,-0.7454989457130432,-0.72023889422416687,-0.36905172993155089,-0.20357405443986257,-0.10805811413696834,-0.0715205968142702,-0.035814384828605085,-0.0588540807669051,-0.1172717571968124,-0.13187941453523105,-0.1573934598515431,-0.3713064504166444,-0.51297953453930945,-0.39469007775187492,-0.24991613957617018
-0.025284870285540818,0.0025882779642685178,-0.0439609244483738,-0.13272466096613142,-0.22169055896145956,-0.24350019395351411,-0.12651712097356033,-0.015758542279744971,0.041540128713035411,0.0039812652466935106,-0.031824167971434586,-0.15888555049896241,-0.21932360123504291,-0.252700630020588,-0.37870120154876336,-0.55422725167966658,-0.3437793658177058,-0.18987387180962462,-0.12309329918670384,-0.26194174128609737,-0.155035976630946,-0.42728773523764363,-0.42209302685384092,-0.005626054610384644,-0.1566229638179355,-0.1801675138086444,-0.24684182974425228,-0.37387339601033853,-0.92344138078522264,-0.70457184948819751,-0.31871049302188975,-0.1542624288371631,-0.13714210210101946,-0.14688104098396643,-0.13324914872646332,-0.15356152277925741,-0.19468307624692502,-0.17633308668931325,-0.19453673490456172,-0.426142726625715,-0.5085663706064224,-0.38189191371202469,-0.26016136631369591
-0.024199825669971427,-0.082483807471222609,-0.17280696525617881,-0.22209088610751288,-0.2105717177369765,-0.0599456443839396,0.042950868351204742,0.010926097718765959,-0.066567375841259491,-0.148621073759654,-0.1964690769846375,-0.28012404754394438,-0.35689575206942675,-0.49860071284430368,-0.64313072345473554,-0.666100457533082,-0.45797724353856056,-0.28801652763643837,-0.085364445877332953,-0.11752739117846117,-0.1608642204886391,-0.43476040822602968,-0.33579286305014222,0.049870281037057568,-0.20899581067175765,-0.24774279691602874,-0.21720620807866717,-0.47444013321753775,-1.0307472570618588,-0.6630013132095337,-0.33578282376615015,-0.15246453136205673,-0.16840387980143229,-0.2117220856822454,-0.21625162554638727,-0.26069659829139707,-0.30112930348044947,-0.22535298205912113,-0.22861078282197317,-0.43434068289670075,-0.43314568400382997,-0.335433766245842,-0.23483281396329403
-0.15354125753596978,-0.20207153928690944,-0.28617541917732786,-0.21638750843703747,-0.090876843904455509,-0.038200329130112162,-0.016862360367667861,-0.0690643641977541,-0.16380944060427802,-0.28803899969373431,-0.40249392547105489,-0.46392678985228908,-0.61076087472231488,-0.73723239071515145,-0.67274985677104882,-0.53129615124903229,-0.42141834491242963,-0.30016695857048037,-0.21855435582081753,-0.016271569219274487,-0.1764758375709149,-0.3192956997974824,-0.3602864768387925,-0.02015138878084843,-0.1236657815243549,-0.19297225612284835,-0.29265452700632588,-0.56736373109743,-0.84509076648636872,-0.6535276384265335,-0.4196831736622787,-0.2271078402797381,-0.20494971474011739,-0.26670485458992144,-0.31215802408181703,-0.35657543068130809,-0.34783020145014715,-0.25800562600294746,-0.29289270020448244,-0.42110669187137056,-0.35327684066512366,-0.27491883933544159,-0.20000545866787434
-0.26056893004311454,-0.25821351206728388,-0.194291549335633,-0.13409027000588755,-0.1225754698117574,-0.12804915259281793,-0.13856379117351025,-0.31145428143667453,-0.42758474981083588,-0.4659110350268228,-0.52035744958802277,-0.59808385726951419,-0.54731339481141827,-0.537929426540028,-0.52456215071299717,-0.48659965028501539,-0.38588580839774189,-0.30800777626862313,-0.28251116542301513,-0.091895083668793592,0.093132597422434057,0.0086411956478718525,-0.43913175823679396,-0.22778809889170684,-0.19551520142301079,-0.20051795864429581,-0.43361400977357639,-0.55046876509984333,-0.72064864978022958,-0.57972605115380782,-0.40557361666749164,-0.27280304006167821,-0.299550760176874,-0.3606952541861041,-0.40519255523880321,-0.43288767467374389,-0.3532738917403751,-0.28489154974619546,-0.39425796041121852,-0.44090681937005782,-0.32655749022960662,-0.24765778746869829,-0.16323264936606088
-0.21835870378547245,-0.11712710137168567,-0.15882534746612823,-0.2183229578980084,-0.15358104942173795,-0.22473415572728431,-0.38808052504763885,-0.4990648396553532,-0.56038387162344794,-0.58721305389662048,-0.58695263862609859,-0.44665646682614868,-0.40758351722489233,-0.47866179370412637,-0.53573838501207294,-0.51894200406968594,-0.38850941762183477,-0.29171418231960972,-0.19633662700653076,-0.1869142229145177,-0.0764413963196213,-0.00990915868451145,-0.2013132354227182,-0.24271065364325098,-0.32538251139414615,-0.42586260593455771,-0.5417227766707412,-0.63172230356699466,-0.6231181984660269,-0.45970337219157459,-0.31871721980183626,-0.29324156308875365,-0.37298657496770221,-0.45235138579651163,-0.50526426617915809,-0.49858318540182983,-0.38192361924383378,-0.34243070681889853,-0.4715174688742711,-0.47366218103302848,-0.32233600484000313,-0.20572320558130741,-0.11021825032574791
-0.20420195104984137,-0.17163120238826826,-0.24030977439495824,-0.22439093540112179,-0.23476331168785691,-0.42669055923338861,-0.51435773273309071,-0.47426388028896216,-0.56125149982316158,-0.59399111486143541,-0.47593815467859568,-0.411354825990956,-0.46111007573756768,-0.48591047139079485,-0.537195960207591,-0.43026008417731837,-0.30631731736539591,-0.20362317896839502,-0.27253526278904505,-0.34640516790336578,-0.27101538153523108,-0.24191840375247209,-0.32277195730199248,-0.27106350387027689,-0.35642812397774093,-0.450845792507514,-0.53452968544664636,-0.64457538601470321,-0.54562721310592277,-0.34954637575608033,-0.2818852168949027,-0.2781519355142818,-0.38458466016013049,-0.44861846932998073,-0.530353273336704,-0.51254941225051875,-0.42101870389545665,-0.43903646937438418,-0.54502245783805847,-0.4739019051194191,-0.29877640679478645,-0.1990094929933548,-0.12343676388263702
-0.19920623196022852,-0.22914954676077917,-0.2905217207247211,-0.28652858271681031,-0.38740651508172352,-0.45437244212988653,-0.52331047461313362,-0.58425150811672211,-0.5863417275249958,-0.50533218681812286,-0.44941960084132659,-0.47810903746028277,-0.45548630473406421,-0.45949534650118845,-0.4744099445384124,-0.32369066040280842,-0.25845443602951096,-0.27158129038447043,-0.3306888713125597,-0.25043218075174145,-0.14576333339453268,-0.20163212828338145,-0.34052714365616177,-0.41646354797082547,-0.49758258279754608,-0.503052068995191,-0.54795738712910114,-0.61263099565344337,-0.49668774138326233,-0.32270565629005432,-0.24714264508924985,-0.24801736325025559,-0.31682046631286886,-0.39081488869019915,-0.50789417055520147,-0.51407775117291343,-0.46501487692197163,-0.50891277790069578,-0.58235764503479,-0.47663466466797721,-0.31803903579711912,-0.23343093906130111,-0.1580398061445781
-0.25671245446128232,-0.27105180970553694,-0.24944496055444082,-0.39330529550026205,-0.44225607117017113,-0.51596078574657445,-0.581880001227061,-0.52079849712776416,-0.48874725153048831,-0.46563839571816579,-0.53473829820349406,-0.53825119428518342,-0.43881030761918355,-0.45007419896622497,-0.40820616954251338,-0.32318494175419665,-0.29882452533214909,-0.31826161365760003,-0.2697292515881976,-0.19976334223629896,-0.10833534328757148,-0.25909652403153188,-0.47880782725430338,-0.55626157235789608,-0.57481765486788017,-0.56573702759212918,-0.6155377306320049,-0.5827856416343361,-0.48054842726658964,-0.34610688402539208,-0.24357590327660242,-0.23508544602701742,-0.25857841030315115,-0.27667900145053864,-0.4121380334808713,-0.51079456245197974,-0.51458989580472314,-0.571759622830611,-0.60129866274920374,-0.49002966284751892,-0.35666178762912748,-0.29805786907672882,-0.23178013733455113
-0.25987307285821,-0.25867441534996033,-0.38426444530487058,-0.49774812106732969,-0.5715049306551615,-0.60686727003617724,-0.49928940043729897,-0.47967110167850147,-0.51831910593642128,-0.56104671373599913,-0.61765260845422743,-0.55015975963778607,-0.48035706037824805,-0.41383173879312007,-0.36805849683051017,-0.35252356940302354,-0.33329599584851949,-0.2651539531846841,-0.20474149316254228,-0.12537036326830275,-0.11335955638178559,-0.39744066329776939,-0.5102155828123609,-0.44027886891839518,-0.48135472713290034,-0.57693705466431633,-0.57238190664964561,-0.51300065198414757,-0.47353858338749927,-0.35678582695814282,-0.23984293043613433,-0.23277912057679276,-0.2264997890839974,-0.21997237611900677,-0.3693131033112021,-0.50199878428663525,-0.54011267423629761,-0.60651514265272355,-0.62050209194421768,-0.4873419776558876,-0.40837372626577106,-0.37189946430070059,-0.29083870102961856
-0.21239251270890236,-0.35422981431086858,-0.4792900564415114,-0.59626429888509935,-0.59457165747880936,-0.51844762861728666,-0.4485363556492713,-0.41735925059765577,-0.46494934053132031,-0.55212210820001717,-0.57226587258852446,-0.5489011771149106,-0.50323563388415748,-0.39637963797735132,-0.36296809494495391,-0.40592474203843337,-0.35679947890219144,-0.24872199041502816,-0.17223997861146928,-0.10252756821912723,-0.099698556250049961,-0.36175180934369566,-0.49200834105680652,-0.45235594236745241,-0.38953966301741061,-0.49371991462485737,-0.47133740828587456,-0.459662073602279,-0.46217921533082662,-0.34939555823802948,-0.23401970441999107,-0.19774217126162155,-0.1897435188293457,-0.2135668752921952,-0.36030528346697488,-0.47812433292468387,-0.53029145548741019,-0.62887712717056277,-0.63949506729841232,-0.49524837359786034,-0.40622556209564209,-0.39086001118024188,-0.32974947988986969
-0.35841946090970722,-0.45401275853315987,-0.55081519484519958,-0.551215120156606,-0.46418213844299316,-0.44722495447186861,-0.38715847929318747,-0.40628129802644253,-0.43992440808903088,-0.49590622527258738,-0.52250417981828967,-0.51211810353639964,-0.48042051239711481,-0.41593506719384876,-0.38474249442418418,-0.42315320422252017,-0.32817350990242428,-0.25641710079949476,-0.16930380055019934,-0.12294772297960438,-0.11615111814303832,-0.27062857802957296,-0.369515987136696,-0.35863800659591771,-0.34482299731327937,-0.38979758766659517,-0.39939036435551112,-0.41136292219161985,-0.39048993938109455,-0.31730608322790693,-0.2324684578180313,-0.16786068094813306,-0.14608130735509536,-0.19958753990275518,-0.32236376702785491,-0.44029734532038373,-0.49131315675648773,-0.60506979227066038,-0.64468297788075035,-0.50889494163649418,-0.39333097849573406,-0.37316917876402539,-0.32447896259171621
-0.41710962011263919,-0.47383870610169004,-0.51409910193511421,-0.4641052703062693,-0.40747201545485134,-0.40012086054374429,-0.37224248232263507,-0.42266000111897789,-0.48156051337718964,-0.49057698425124674,-0.52611295325415475,-0.50854733255174422,-0.47792289627564921,-0.45797476860193104,-0.44214599118346259,-0.41156514578087383,-0.3184254492322604,-0.24264058709144593,-0.15834220078858463,-0.12419035738067967,-0.16102440444131691,-0.21047840622755198,-0.24677172639677603,-0.26284785400021748,-0.29677695828549405,-0.35188711773265491,-0.35577597743586492,-0.34451410963254814,-0.31789663331261997,-0.27364862939486134,-0.21229071034626526,-0.14500018209218979,-0.12762903720140456,-0.18283867835998535,-0.27737986048062641,-0.37037388235330582,-0.43808996677398682,-0.54902946949005127,-0.58585739135742188,-0.4938201904296875,-0.3905840039253235,-0.35858985355922152,-0.33879979848861697
-0.41778770420286393,-0.4969378586473136,-0.496854977948325,-0.43009161127024681,-0.38521200110172404,-0.35681787544283372,-0.34548531579119818,-0.37618024602080835,-0.4154510498046875,-0.43640945034642376,-0.48481688779943127,-0.49054073521069119,-0.47429552674293518,-0.472118128505018,-0.4683099832083728,-0.38717108410458234,-0.30733889862895014,-0.24116983004780704,-0.15791543225447338,-0.10778287988393864,-0.13610676256939769,-0.17725312806989835,-0.18246923905351889,-0.19264510664201917,-0.24082314677354766,-0.30649957899004221,-0.32477807346731424,-0.32901913126309712,-0.30846166610717773,-0.25057437880472705,-0.18529088269261754,-0.13802360693613688,-0.14079543327291808,-0.18159062483093955,-0.24809647283770822,-0.33077656726042431,-0.37802665928999585,-0.44865726573126657,-0.50499708453814185,-0.48225619792938235,-0.38567954897880552,-0.34724525610605878,-0.33442524075508118
-0.38469582583223072,-0.46300780560289112,-0.45418382307578775,-0.39295878123354028,-0.35747377214760617,-0.33416998674792631,-0.31988158719293003,-0.33194948434829713,-0.36944798884853242,-0.39203283479136808,-0.43110013820908288,-0.46268074039150686,-0.45302561013137593,-0.42560859064798096,-0.40912764387972217,-0.33885107572014267,-0.26280007825085994,-0.18593486761901437,-0.13026893362402917,-0.12001587823033333,-0.10635327808558941,-0.12733033280819656,-0.13903850172128943,-0.13079009992735727,-0.20023042189352441,-0.28415780627366266,-0.313248804637364,-0.32038355112075806,-0.30520986992379895,-0.24164399426234395,-0.16601975541561842,-0.13456787033514542,-0.14176557145335458,-0.19043932027286953,-0.25580194166728426,-0.31801798442999524,-0.34738703568776447,-0.38056354011808124,-0.4230440378189087,-0.43355020284652712,-0.37929615378379822,-0.36541882654031116,-0.3582521378993988
-0.37624068815132666,-0.4348165158714567,-0.42317108039198248,-0.37794692317644757,-0.3307376144261196,-0.30129485825697583,-0.28348658631245294,-0.27973566601673761,-0.33039525747299192,-0.3710178454717,-0.40890598110854626,-0.44031470827758312,-0.42668605302319385,-0.38318444833611,-0.35456777144880858,-0.32267620984245748,-0.23617320011059442,-0.13796299499900719,-0.10254462394449446,-0.10690134801925758,-0.096168136596679693,-0.10109302614416395,-0.1129177903587168,-0.10436111491392641,-0.15841723329597904,-0.24418139085173607,-0.27458289781442058,-0.27418320661499385,-0.24925617246251358,-0.20405403418200357,-0.16500284923956946,-0.14639838039875031,-0.14656099251338414,-0.19874183833599091,-0.26894682858671459,-0.32312301297982532,-0.33636841603687834,-0.32960200309753418,-0.35598886013031006,-0.39734789729118347,-0.39698521792888641,-0.40267634888490039,-0.40145058929920197
-0.36365829021842394,-0.40258515322649918,-0.39497290705812388,-0.35273236249174389,-0.31315067112445832,-0.2793995175096724,-0.23544155061244965,-0.20316990464925766,-0.25151166011547221,-0.31079287009854473,-0.36241533160209655,-0.39766832513193928,-0.39689814746379853,-0.37523982104133158,-0.35630851171233435,-0.31702177599072456,-0.23761457117164836,-0.1561509519815445,-0.12015026875517586,-0.11110359919922692,-0.10253310622647405,-0.11044840491376817,-0.11850833846256137,-0.0912175967261709,-0.092667333781719208,-0.14205602556467056,-0.20085834355457968,-0.21761071019702488,-0.20087512754476988,-0.18091756353775659,-0.1588746402412653,-0.14288417167133755,-0.14821630077702658,-0.19843006559780665,-0.26974038779735565,-0.32420282959938052,-0.32284886240959165,-0.29290485978126524,-0.28962845355272293,-0.38104410767555236,-0.42123501002788544,-0.4395434558391571,-0.43671745806932449
