SouthSea_Web/demo/jsonfile/2017-12-16-09.json
{"header": {"parameterUnit":"m.s-1","parameterNumber":2,"dx":0.1,"dy":0.1,"parameterNumberName":"Eastward current","la1":29.0,"la2":12.0,"parameterCategory":2,"lo2":131.0,"nx":250,"ny":171,"refTime":"2017-12-16T09:00:00","lo1":106.0}, "data":
[rows 133 to 151 of 171, columns 126 to 167 of 250]
-0.047895943745970726,-0.041521151860555015,-0.030669330153614283,-0.022781535051763058,-0.023294877260923386,-0.013151041426075002,-0.0015310070302803069,0.005715128171935,0.020800883364346292,0.037521463094486132,0.023855627713991061,-0.013580256808871547,-0.041284679313486609,-0.0090017279358825791,0.0,0.0,0.0,0.0,0.0,0.0,0.0,0.0,0.0,0.0,0.0,0.0,0.0,0.0,0.0,0.0,0.10040137358009815,0.026223117570308121,0.0060118025343399491,-0.015556163573637604,-0.098803108765019312,-0.17894422449171543,-0.22439074218273164,-0.294816040330463,-0.36436658725142479,-0.40684189067946541,-0.484226830303669,-0.60901384552319848
-0.077469881623983383,-0.050828403482834496,-0.023904251555601757,0.0019045782585938771,0.0048376531873752055,0.0010826428333530203,0.034073238364524312,0.046470161527395248,0.040099517357620323,0.049600081010298294,0.03629494272172451,0.0069599168103498714,-0.0450904236308166,-0.030684629455208778,0.0,0.0,0.0,0.0,0.0,0.0,0.0,0.0,0.0,0.0,0.0,0.0,0.0,0.0,0.0,0.0,0.084865098528098315,-0.015296772461045872,-0.0092545812820187881,-0.0662568694149906,-0.18111436001279138,-0.24307930221160254,-0.27841768752444873,-0.32752626538276675,-0.37964280198017758,-0.40775841102004051,-0.4982862710952759,-0.62971898913383484
-0.063102316111326218,-0.025549950427375734,-0.0021012360230088234,0.022495601947108906,0.04823930561542511,0.063609911394970756,0.080041690419117614,0.071072423209746674,0.06046828834546937,0.0532789102031125,0.045775468150774636,0.022798261744901537,-0.026000573870260269,-0.03089181799441576,0.0,0.0,0.0,0.0,0.0,0.0,0.0,0.0,0.0,0.0,0.0,0.0,0.0,0.0,0.0,0.0511205387301743,-0.00997048212836186,-0.069106874721390862,-0.08403033458373764,-0.11110599421792561,-0.21024924516677856,-0.27627112377773633,-0.32241152392493355,-0.35777395591139793,-0.39229765832424163,-0.43863819291194278,-0.5317603126168251,-0.65020091086626053
0.01257020712364465,0.033822158351540565,0.039184342604130507,0.046899075619876385,0.069056210108101368,0.099700101651251316,0.11061209719628096,0.097710009250375957,0.073089404539628464,0.05546104204323557,0.036105616225136652,0.020483884448185562,-0.0078075850744628245,-0.01742963873160382,0.0,0.0,0.0,0.0,0.0,0.0,0.0,0.0,0.0,0.0,0.0,0.0,0.0,0.0,-0.055553752928972244,0.021306381840258837,-0.079180035274475813,-0.17828269004821779,-0.22792913478154403,-0.23608453944325447,-0.25925890935791862,-0.27432200312614441,-0.29461824081160803,-0.33699061653830786,-0.36677179402775234,-0.43307473063468932,-0.52619276112980318,-0.64489545226097111
0.049679938703775406,0.061049440254767738,0.058502043286959328,0.087874236702919009,0.11489970609545708,0.11900277329342705,0.12974335667159823,0.11590275261551142,0.084207050502300262,0.0633049163967371,0.047160341271332333,0.04831464503976432,0.029772844298609664,0.0085274398249263559,0.001023670774884522,0.0,0.0,0.0,0.0,0.0,0.0,0.0,0.0,0.0,0.0,0.0,0.0,0.0,-0.014181260135956109,0.028770879399962722,-0.063484668343638376,-0.23073604454596838,-0.30199675758679706,-0.33074771364529926,-0.33561604221661884,-0.30122106605105931,-0.27574916183948517,-0.323750419749154,-0.36110239028930663,-0.43338475227355955,-0.53371115028858185,-0.65198461214701331
0.070832695811986923,0.082473933696746826,0.079004958271980286,0.10188104957342148,0.14414823651313782,0.14706805845101675,0.13999196141958237,0.11435911208391189,0.092621331103146076,0.086166105233132839,0.076708015468385488,0.0865315580740571,0.078288808878925115,0.036251980520319194,0.0050453801639378073,0.0,0.0,0.0,0.0,0.0,0.0,0.0,0.0,0.0,0.0,0.0,0.0,0.0,0.043727762997150421,0.07857100346258708,0.030762665905058384,-0.1136602024946894,-0.18954349905252457,-0.26367781758308412,-0.32449299345413846,-0.31819954514503479,-0.31652456820011138,-0.36956504529172723,-0.42336475849151611,-0.48374883695082233,-0.58285827189683914,-0.69288061724768746
0.11328646540641785,0.11288639654715856,0.1207951232790947,0.14148080162703991,0.16212742328643798,0.16301003737109049,0.15036291256546974,0.11655186712741852,0.0858304500579834,0.086913067847490311,0.096240273253484207,0.10756501224305895,0.10454520796026502,0.085397967270442424,0.008858276453490058,0.0,0.0,0.0,0.0,0.0,0.0,0.0,0.0,0.0,0.0,0.0,0.0,0.0,0.0,0.054386528829733528,0.11357022159629399,0.095507953936855,0.031133789931320481,-0.024809846421703696,-0.17639851178973914,-0.274706324393099,-0.33140584230422976,-0.41296976059675217,-0.45640980303287504,-0.47792419791221619,-0.55688039792908561,-0.6511885464191437
0.15984702482819557,0.17043426136175791,0.17189276218414307,0.18184162676334381,0.19279703249533972,0.18924209049769811,0.16887566660131728,0.12816886510699987,0.10716727897524833,0.10272593051195145,0.11858228128403425,0.131718248128891,0.13207981958985329,0.10197243520191737,0.04820731992367655,0.0,0.0,0.0,0.0,0.0,0.0,0.0,0.0,0.0,0.0,0.0,0.0,0.0,0.0,0.0,0.044352521409746257,0.11410875957120549,0.028422069425384205,0.0,-0.050112332217395306,-0.066038502114159722,-0.16435795575380324,-0.2839177340269089,-0.31928180970928888,-0.39867259065310162,-0.47229821573604236,-0.55481583476066587
0.18545069545507431,0.21109840273857117,0.22009601593017578,0.2152109593153,0.22199785411357881,0.21951108922561011,0.20029810443520546,0.15968680381774902,0.14967998696698082,0.14367206022143364,0.1557136509153578,0.15896122323142159,0.13674346171319485,0.11310062896121632,0.066870229318737984,0.04872405156493187,0.00965449382783845,0.0,0.0,0.0,0.0,0.0,0.0,0.0,0.0,0.0,0.0,0.0,0.0,0.0,0.0012609598537286122,0.043139965922039537,0.069137412682175631,0.0,0.0,0.0,0.041352585703134534,-0.035381529305595905,-0.090749727375805375,-0.21223339355654186,-0.39118768003853882,-0.48936807811260224
0.19557046393553415,0.221942608555158,0.23197654883066812,0.22608615458011627,0.22431059181690216,0.22590236663818358,0.21051122461046493,0.19124102261331347,0.18179843574762344,0.1723359078168869,0.15657030194997787,0.14046520846230642,0.11179128289222717,0.0949728898704052,0.07950980878538555,0.098093343898653984,0.055372412316501141,0.055481357267126441,0.0,0.0,-0.0074529995520909624,0.0,0.0,0.0,0.0,0.0,0.0,0.0,0.0,0.0,-0.00538824126124382,-0.0072397936342491042,0.053570101875811814,0.069477578004201249,0.0047255298122763634,0.0642411846534482,0.095230937004089355,0.21537260189652444,0.2178059408130745,0.053020869754254817,-0.10781185532535649,-0.25892607359723613
0.1991371288895607,0.22473680600523949,0.22848157584667206,0.2210888092716535,0.21216892823576927,0.21732925623655319,0.21308163739740849,0.2016701117157936,0.19011569209396839,0.179462468624115,0.15560152530670166,0.13584279567003249,0.11909842770546675,0.1018837212274472,0.1108161211013794,0.1213064579801126,0.056097124769751518,0.0,0.0,0.0,0.02124417450686451,0.02414685407919543,0.041771063767373565,-0.0004008336691185832,0.0,0.0,0.0,0.0,0.0,0.0,0.13006108999252319,0.12598252615758351,0.0913189100370241,0.060643770894967017,0.10666255652904511,0.10655087300322273,0.14955191314220429,0.19082104166348776,0.20447608456015587,0.1265789181651438,0.059213019534945489,0.028245098914744124
0.21262355148792267,0.22403194010257721,0.21741211414337158,0.20563589036464691,0.20325036346912384,0.20942987253268561,0.19980072762284959,0.18701342195272447,0.1721720527857542,0.15992526113986968,0.14194788783788681,0.14073405601084232,0.14019847363233567,0.13428807920879787,0.14976042322814465,0.16716798543930053,0.12396525117484006,0.11130475252866745,0.026654928922653198,0.0,0.031754516375561558,0.026678580557927489,0.027273091477003287,0.0087777417618781321,-0.049524184316396713,0.0,0.0,0.0,0.0,0.0,0.023959771730005741,0.075328752812412053,0.10332251526415348,0.093589127436280256,0.0073552412330172958,0.028033687319192622,0.023341079835187305,0.0589609343248109,0.0081331966529515649,-0.025500934126532891,0.014178166551573668,0.034902254067775279
0.21502587199211121,0.21587060019373894,0.20233809451262155,0.19859693199396133,0.18926457315683365,0.189738929271698,0.18449146194117411,0.17250374290678236,0.15362417399883271,0.12652773741218779,0.1148630099164115,0.12295031547546387,0.13418406496445337,0.15395939648151397,0.16825195334174417,0.17711864080693987,0.12721633786956468,0.085690838181310236,0.041828101442661136,0.0,0.0070548579096794128,0.00063151656650006771,0.023591927407930296,0.043042721226811409,-0.013103562057949603,0.0,0.0,0.0,0.0,0.0,0.029447156935930252,-0.010977691842708737,-0.028032700361853295,-0.0036702842141191163,-0.04467229062522,-0.11687519773840904,-0.16755395630995432,-0.18164709061384202,-0.22212247848510741,-0.184083142131567,-0.13689610971645874,-0.097249044359407635
0.20335551351308823,0.20190460979938507,0.18340696891148886,0.16857560575008393,0.16628106310963631,0.1808193176984787,0.18698423107465109,0.17908279597759247,0.15693383249971601,0.12648315578699113,0.10117878392338753,0.10375441331416369,0.1147657490589402,0.12843766131184317,0.14192766018889166,0.15269168383545345,0.13842599342266718,0.11055094831519657,0.073344260919839144,0.083253283798694608,-0.013366162311285734,-0.0445764921605587,-0.0420313598588109,0.0,0.0,0.0,0.0,0.0,0.0,0.0,0.0,-0.067540473171642842,-0.10054439157247544,-0.087948656640946865,-0.12897275455973364,-0.19920248199592938,-0.24985466003417969,-0.30872944593429563,-0.34624803066253662,-0.31314084340225568,-0.25140567272901537,-0.20194825530052185
0.16619440913200378,0.16104711964726448,0.1639062762260437,0.1354469433426857,0.13724645078182221,0.15555108232157572,0.16631201654672623,0.16343251429498196,0.1492186740040779,0.132061418145895,0.10978239551186561,0.10666857050223784,0.099325268529355526,0.10342170907692476,0.094585123989317149,0.099599785425446244,0.12728174610270393,0.10979212261736393,0.030275004333816469,0.014302928362869553,0.014622813370078803,-0.0061906979729731875,0.0,0.0,0.0,0.0,0.0,0.0,0.0,0.0,0.0,-0.058356420136988163,-0.10615795079825653,-0.16699673235416412,-0.19349835271185095,-0.25722528621554375,-0.31291895359754562,-0.31349566578865051,-0.32582738809287548,-0.37387913465499878,-0.20783138275146484,-0.28633101657032967
0.11694739386439323,0.11827978119254112,0.11887343227863312,0.10705389082431793,0.11144831279913585,0.13140899315476418,0.14206323027610779,0.1447971420628684,0.14335960596799852,0.14000914163059658,0.12032041326165199,0.1020708324180709,0.077293459636469677,0.060912410262972116,0.057528049019830566,0.045328174125064506,0.05745647271925753,0.058163437164492078,-0.017333172365195222,-0.029069505373222962,-0.047068754211068153,0.0,0.0,0.0,0.0,0.0,0.0,0.0,0.0,0.0,0.0,0.0,-0.023062505611133845,-0.063842072786593984,-0.11138271788756053,-0.1489285503824552,-0.2316015362739563,-0.12634787095400193,0.0,0.0,0.0,0.0
0.10785697400569916,0.10750080272555351,0.10521798332532246,0.091979233548045158,0.086394761999448136,0.10231515889366467,0.12411353588104249,0.12512866873294115,0.13824854956732857,0.13978037403689492,0.11702890023589134,0.0719860054552555,0.034522359776828021,0.0017971383506217254,-0.010269398422678933,-0.020040231981381242,-0.040822384366765621,-0.016955707061032835,-0.049670935918887459,-0.021695226489100605,-0.01683509060239885,0.0,0.0,0.0,0.0,0.0,0.0,0.0,0.0,0.0,0.0,0.0,0.042852632235735655,0.016234179672954433,0.039745938451960686,0.013796667009592057,-0.0033914317609742284,0.041763681918382645,0.0,0.0,0.0,0.0
0.11194325238466263,0.11629068106412888,0.11330871656537056,0.099380470812320709,0.087473089496294662,0.09916740283370018,0.12126883268356323,0.11122200318745204,0.11222490561859948,0.097465115785598758,0.056817678113778435,0.017560707381926478,-0.0085469865429331545,-0.069065020348017037,-0.12083942070603371,-0.12437507935932704,-0.10717382944292492,-0.010757420493878032,0.013820947852461055,0.0026661413954570889,0.03320242726476863,0.0,0.0,0.0,0.0,0.0,0.0,0.0,0.0,0.0,0.0,0.0,0.0,-0.022017589304596186,-0.01402535901959507,0.011731866591920456,0.031783142476342618,0.048358120024204254,0.0,0.0,0.0,0.0
0.10802765935659409,0.10653547570109367,0.099338740110397339,0.086009696125984192,0.0736327525228262,0.076726466417312622,0.093368802219629288,0.0890006735920906,0.084096489474177361,0.02742222308491667,-0.016234302893280983,-0.023822335409931839,-0.062637911679653019,-0.15730552638278289,-0.20961294256682908,-0.14554224694438744,-0.064295136201989789,0.072321608662605286,0.017881344084774976,0.013389866289799102,0.03300854734455546,0.0,0.0,0.0,0.0,0.0,0.0,0.0,0.0,0.0,0.0,0.0,0.0,0.0,0.0,0.020808476256206632,0.019503695114205282,0.0,0.0,0.0,0.0,0.0
