SouthSea_Web/demo/jsonfile/2017-12-16-19.json
{"header": {"parameterUnit":"m.s-1","parameterNumber":3,"dx":0.1,"dy":0.1,"parameterNumberName":"Northward current","la1":29.0,"la2":12.0,"parameterCategory":2,"lo2":131.0,"nx":250,"ny":171,"refTime":"2017-12-16T19:01:52.5","lo1":106.0}, "data":
[rows 76 to 94 of 171, columns 43 to 85 of 250]
0.0,-0.085425397409408382,0.0,-0.068038931606631534,-0.11648761039599777,-0.0657927549969935,-0.0085786650946152627,-0.014821111151832156,-0.10382977815088398,-0.12635764891613227,0.029655466347059102,0.00891051217331551,-0.0084581573443332069,-0.020249763883811493,-0.038368845463162618,-0.16329029055892444,-0.20078449845314025,-0.17090566651742967,-0.22867598244245502,-0.26614054481188454,-0.25921598060263529,-0.27319596758049525,-0.29117677436358685,-0.2898421260026785,-0.28720892432020673,-0.23742399699446085,-0.19548230560926291,-0.21946585875365041,-0.24620709732427434,-0.26043283611030904,-0.2766113948013823,-0.2572345594907629,-0.18711782865605112,-0.1550333666599403,-0.14621157820026079,-0.1448568648152184,-0.073006450214375879,-0.01415171227126848,-0.00022108192877987257,-0.0056846884435799439,-0.0071075578894270889,0.029719214407461031,0.041560663424175359
0.0,-0.16642926903329916,0.00739234714171537,-0.24924028164454418,-0.016455141630681149,-0.035532895683637128,-0.020979942345951238,-0.042717925604881239,-0.083683583714546414,-0.063236197114598991,-0.0023315853838409696,-0.00020387448226496678,-0.066978668134349092,-0.12629733075861072,-0.10562471751319735,-0.20725254250354455,-0.29289334002187695,-0.29434549183614794,-0.294314397033304,-0.25591397153980594,-0.24029988305909292,-0.26933214384498017,-0.24850175718762982,-0.2011932821597083,-0.15532269936341506,-0.14290288812480867,-0.16909209211341669,-0.2110322007878882,-0.25981860036651294,-0.29428296099449025,-0.31983960767587027,-0.22668735443481378,-0.14782982590523633,-0.10172506061693033,-0.093873008369253233,-0.076988746412098408,-0.023367072445883725,0.0026214443098069749,0.0068936786390420618,-1.8330500126701794E-05,-0.0058311715196207939,0.014500429750316672,0.029031732137529895
0.0,-0.20343177223154876,-0.11175275341534365,-0.088924077499800386,-0.049408707204431704,-0.006601921846793795,-0.039747900884360712,-0.063415998779237273,-0.068791038944171032,-0.0564841082940499,-0.044488535362428853,-0.06050816636222104,-0.15455274052661042,-0.24116284337084173,-0.217798869215673,-0.19420249554617652,-0.29582649325170823,-0.36012062132358552,-0.34854945721048297,-0.27774366931837113,-0.21568480359785486,-0.20358532411046326,-0.18562783921758333,-0.15500225649591079,-0.16208771533436245,-0.18805359694801394,-0.20750620498739439,-0.2394920600610867,-0.28827617178528997,-0.30892211447159451,-0.2389388435854102,-0.17462034265582377,-0.099906187504529953,-0.052081672433349824,-0.032158673635337413,-0.0081563645399000961,0.011285317876074161,0.01942351753823459,0.014760341341306845,-0.0038494258416384192,-0.00957032389123924,-0.010998983420431614,-0.021912127141840754
-0.15366111654293491,-0.088537397712827537,-0.17125683408519327,-0.026125414724649292,0.016907090412723459,-0.024190988204079784,-0.052289426326751709,-0.072689857018195983,-0.077084751199867768,-0.084848494095317389,-0.10207368036111196,-0.16678096076189461,-0.14358545507171325,-0.22071798278817109,-0.28179330173237571,-0.26737045173843704,-0.26313225949803987,-0.27029660905970904,-0.24268443214482274,-0.24400390025045052,-0.24977030759227686,-0.20940988371937963,-0.15682777354739746,-0.14365151741287924,-0.18217565787249598,-0.1819001129775677,-0.21636333631781432,-0.23147077858448029,-0.2216564479470253,-0.21765795997951343,-0.16543102165063223,-0.13497214859876877,-0.080867389217019081,-0.028873505656208311,0.0045106373556122624,0.019607539091146355,0.03703917947507674,0.051426783268307817,0.052305068820714951,0.029697451334127604,0.0044180637880883835,-0.015983832611236721,-0.05399064939203007
-0.35528271821312957,-0.211093978684706,-0.054845449255138144,0.030714217187160341,-0.058504126504251436,-0.063901861960237671,-0.074298648549051119,-0.098111183627655627,-0.10651453445523472,-0.139090342979346,-0.16222186209791797,-0.18770518047469004,-0.21287099713528598,-0.2174637815991386,-0.23585082537361554,-0.26486070160983038,-0.24804351819773851,-0.22887531667947769,-0.24282597914590673,-0.260288682220311,-0.2380524929612875,-0.19142924161518321,-0.1569539080274866,-0.16314569763515308,-0.15793666590091793,-0.15946770343515609,-0.17573463476516985,-0.17248545054878509,-0.18897906728088856,-0.16482089655963997,-0.14240811516841254,-0.14031841430593939,-0.079001518026474982,-0.036223832097265027,-0.008855999210656872,0.016474699068144867,0.036752353816364818,0.0538448317459336,0.019245988259521816,-0.0088834435532421426,-0.023700526031461777,-0.045404059365391734,-0.066408186554908752
-0.095784328121226281,-0.2101058370912739,-0.19696819680572444,0.17442701618838152,-0.012012023875988171,-0.080995648700211725,-0.10461970928468202,-0.14638527562575682,-0.16835776527049179,-0.14778463340411752,-0.18622140895645573,-0.19765805719154223,-0.21750681297700913,-0.249034579971741,-0.23026105811198552,-0.23634259768745355,-0.23981473607118012,-0.2349479650719124,-0.20954548959004676,-0.19995717521299394,-0.20946498946198877,-0.18754020240157843,-0.19360174203202837,-0.17469486212119079,-0.13662619927996084,-0.14567082336074427,-0.14412512110941339,-0.15398044320377144,-0.16593916759346472,-0.14461221266537905,-0.14822695683687925,-0.11551183564909573,-0.089242171782713667,-0.057466682179697921,-0.034284374810306835,-0.028049455785852235,-0.0039625141071155667,0.0024739256413239571,0.0080863675155948538,0.016398509677786093,0.020938389437755438,0.0028151796496887174,-0.023446351280794121
-0.14598418078902695,-0.078451419438201858,-0.25164630344560879,-0.24292192710775204,0.0055408707868896036,-0.11117458107570807,-0.14531953499785491,-0.18452455360313941,-0.216950172084873,-0.19922423439806905,-0.19240443309148153,-0.19999018412525371,-0.2076189697816454,-0.22345702350139618,-0.21883242549719634,-0.21942828107496787,-0.21785249493338846,-0.20465123818980324,-0.19147351074893521,-0.18875390230392924,-0.17647954627223636,-0.18335023254920274,-0.20310558506420681,-0.13772782442324302,-0.13573515392614133,-0.14441849313902133,-0.13444495313998425,-0.14039968699216843,-0.1417956915166643,-0.15461337842323161,-0.13624053235564912,-0.1202331896011646,-0.11295077646220172,-0.092184847463732178,-0.056065828125509948,-0.025783042369696956,-0.024983606543391945,0.011922437980371927,0.039016204848885537,0.037756112792218723,0.015260722324321116,-0.034925290883553249,-0.084420432981390223
0.025521875402435314,0.20974828951323485,-0.01095452377826904,-0.12960004661027796,-0.087171653409798946,-0.17648157906734338,-0.20432422283504689,-0.22514872462080235,-0.24536188691854477,-0.25296762737177186,-0.20516326432598048,-0.193007196803562,-0.18983383189167893,-0.20232936207737243,-0.21477101849658148,-0.21484488867363841,-0.20545058373523795,-0.20181031247904135,-0.16861113872792985,-0.155368501941363,-0.15778182666091359,-0.18176892941648309,-0.17197119082723344,-0.14432723373174666,-0.13948188001910847,-0.13245045984613485,-0.14585306932186259,-0.13849226633707681,-0.13770636343039,-0.14142001133698684,-0.13213905040174723,-0.13621896718229568,-0.13010355830192566,-0.0824483406658356,-0.066377434730529788,-0.02398631886507456,0.024347964889154985,0.041602511158479114,0.0090904746946223348,-0.028321443662907068,-0.073028370867379844,-0.13377248352536789,-0.17680176134620393
0.0,-0.042001148461187791,0.035736329584266154,-0.023505964612498549,-0.098472943079408529,-0.21969904911679192,-0.26448059761733339,-0.26610759844382603,-0.2562775775309532,-0.25314666013248632,-0.21387582468359093,-0.19890733477142122,-0.187634886138969,-0.19592773556709289,-0.20511032707161372,-0.20995544322899409,-0.19740520646938911,-0.17525865675674546,-0.17130418618520102,-0.16702386285319473,-0.15701378593521734,-0.16178867837478375,-0.15318021178245544,-0.13955823385289737,-0.13461852680753778,-0.13627623498439789,-0.12478282273961948,-0.13534095080999228,-0.13646512535902169,-0.13585640432742926,-0.14040156453847885,-0.14025392010807991,-0.10123891126492927,-0.10684817227033469,-0.034901405218988657,0.015077172509896068,0.019360809344798325,0.013561912754084915,-0.044578981648022632,-0.11977753615272897,-0.17904882079788617,-0.20294722804316767,-0.19863822497427464
0.0,0.0,-0.0353007976720821,-0.098821099219364258,-0.22967930746209972,-0.22513707343376044,-0.30864197981189673,-0.29851036110231954,-0.25823733186529529,-0.22126144676336221,-0.19930382597225685,-0.18327643068469302,-0.1864399882250054,-0.19786016133270765,-0.19662660567296875,-0.2012143360601889,-0.19452362123763922,-0.21930186656014672,-0.184194540155345,-0.14386694326444907,-0.14632822407616508,-0.15742164105176926,-0.14819244066110024,-0.14110874295234679,-0.1359396347632775,-0.13966911687300757,-0.14450798869132997,-0.12990051679886305,-0.13340730547904969,-0.13101857614058715,-0.12839932911671126,-0.13467407541779372,-0.15060461919616769,-0.095270737468336641,-0.0029217627005116947,-0.018109704057375591,-0.073547995250139914,-0.1316824006261649,-0.153607592273217,-0.15553342870303563,-0.17549208604863711,-0.1647438212696995,-0.12257124829505171
0.0,0.0,-0.15311171708011687,-0.17624842960966122,-0.28725677933406962,-0.21410598812560835,-0.28768316844859754,-0.270514116063714,-0.25877974879357124,-0.23205382506998759,-0.20934886595717184,-0.18218138644641096,-0.18349310122430323,-0.19469151253762998,-0.21073319243662286,-0.21291376650333405,-0.21646271932583588,-0.21255992725491524,-0.16195399948844202,-0.16248534743984541,-0.168695068359375,-0.1566795493875231,-0.13675342844082758,-0.13025333677177076,-0.1425022828578949,-0.15319417673965979,-0.15474898024247244,-0.15603710968907064,-0.16850152666921969,-0.1829324376124602,-0.18414326126758868,-0.1577175858396071,-0.11412991238413034,-0.033518743626440743,-0.060341912586009128,-0.14729065586019446,-0.20029469034992731,-0.23923757782688848,-0.2547682775505658,-0.23014928338428339,-0.16813401319086552,-0.11645741654293877,-0.10309561528265476
-0.0878000353173963,-0.18824077201795511,-0.25321237013374531,-0.23745491951003905,-0.061835809769999125,-0.15185579239802721,-0.010372868252478623,-0.2130286857367508,-0.24186431174561129,-0.23137588929711728,-0.18205191808588364,-0.18522200059323085,-0.19480610532420023,-0.20187685854973331,-0.22263488746606386,-0.20106541179120541,-0.20386351093097968,-0.16933905046719772,-0.16077594115183905,-0.14798079324620111,-0.1450906848678222,-0.13777854719332286,-0.12816054165363311,-0.13353899783558315,-0.14742132186889648,-0.17788114095175708,-0.18823680171260127,-0.17765800196390885,-0.17450488772657183,-0.17069559682298591,-0.14673344870763166,-0.10577220588922501,-0.0753126866542376,-0.12640888272569731,-0.2606876835759197,-0.32790121378806919,-0.29866602685716415,-0.23229498982429506,-0.17767592853513256,-0.15191808218757311,-0.086187022577585842,-0.047602486029500145,-0.14487055328985055
-0.15055747728550087,-0.10023766994062397,-0.049345327124019116,-0.1046280063778883,0.11011343933794865,0.2598581420962961,0.12983508194903717,-0.12524517875958663,-0.19835751320494979,-0.20281820854655019,-0.18544659427568025,-0.18885392176382471,-0.19585697977773606,-0.21425712108612061,-0.22032099859467869,-0.23886021570517466,-0.229734073082606,-0.20118217777322839,-0.16921471059322357,-0.15680131868079858,-0.14524800117526734,-0.14404263932790076,-0.12098655879497527,-0.13076224288454763,-0.17856071037905558,-0.20464193600195427,-0.18168956614457643,-0.17459214506325899,-0.16122374470744813,-0.11491765855596615,-0.078665173578041578,-0.14977973120080101,-0.24693357944488525,-0.28382326607350949,-0.33156846880912783,-0.3158590803886282,-0.20243900746107102,-0.12868148861108003,-0.082596400255958241,-0.071342083697135628,-0.110065648260598,-0.1767556881532073,-0.22965004348329135
0.0084273317558614981,-0.04763448881086401,-0.0063046725145509235,0.048356814377055142,0.27924496501925333,0.24233690896806748,0.054062355686643269,-0.049102040327359306,-0.14514185620411749,-0.18601884054286139,-0.19552367677291235,-0.2067373029647335,-0.20589775950820358,-0.230153301247844,-0.21790409890504983,-0.23139691683981153,-0.18180154263973236,-0.17020165975447055,-0.15494262400482381,-0.13509801748607839,-0.11458752193936596,-0.10840542428195477,-0.10606915823050908,-0.15847270797800134,-0.19770611478732184,-0.22337543743628044,-0.2187338681132705,-0.1339334764589484,-0.050346167609095577,-0.072693216215286932,-0.21009634711124278,-0.33682271494315219,-0.38563384886445673,-0.4008184430690912,-0.3200486944271968,-0.17324624036749203,-0.11722314119338989,-0.11938810119262108,-0.15742635058945623,-0.15962864515873101,-0.13378068352384226,-0.13092445479384784,-0.14575957865626724
0.0079222020122279788,-0.08022211492061615,-0.0025023651142738403,0.075763619827177942,0.0,0.015292152445621659,0.0065651395998429507,-0.051945179094752623,-0.15631460994482041,-0.20120095563205806,-0.255729997583798,-0.23498539466943061,-0.24277497828006744,-0.24174879757421358,-0.21844799456925229,-0.21605832772008304,-0.19550986999067768,-0.15435409134831921,-0.10799805049238534,-0.077207360416650772,-0.06565586903265544,-0.079248089985600831,-0.15546510110680872,-0.20265929811987385,-0.24245154703485555,-0.26128928970407556,-0.11520421389421379,-0.022034829538636679,-0.13269526189049849,-0.27040010387146912,-0.35628373861312868,-0.41791452522631045,-0.41855748792489372,-0.36621104753934419,-0.25052054226398468,-0.1778011740400241,-0.15469133907130786,-0.12639684312873417,-0.11781830257839626,-0.10420310919483503,-0.084241670966148374,-0.0891211717747725,-0.13088073092512786
0.0,0.0,0.0,0.011876523817557393,0.0,0.0,0.0,-0.16536764654458738,-0.26508873531764204,-0.27855180374213628,-0.26575456559658051,-0.2657083145209721,-0.26792902884812192,-0.2374347525258218,-0.22172417649717041,-0.21241920760699681,-0.16955860680149448,-0.11680745360042368,-0.078886826747450331,-0.09383706504414821,-0.13085017113813333,-0.18822404901896203,-0.23870135795685551,-0.28592561461307386,-0.27118567979106534,-0.081183638889342546,0.0042532150759003479,-0.16962196440586158,-0.30498406015060564,-0.35692923929956222,-0.42166500179855909,-0.44885471021687545,-0.37288097185747965,-0.28182414174079895,-0.17280029771583422,-0.18972740405135685,-0.20377426647714206,-0.19141916416842361,-0.15233697772026061,-0.11073858453892171,-0.097428869576223431,-0.10824383209858622,-0.1270181065691369
0.0,0.0,0.0,0.0,0.0,0.0,0.0,-0.27824751331525688,-0.37556703165173533,-0.31567039447171347,-0.28360509375731152,-0.28858019318431616,-0.26767092130400916,-0.23644878156483173,-0.22960950290003129,-0.20434143673628569,-0.13112241736259953,-0.07403248163132832,-0.11414048281209223,-0.17265646578744054,-0.23959546664665485,-0.27404956863476682,-0.27326213977029246,-0.22431242069298471,-0.056611774385803275,-0.0627169775102159,-0.25503663532435894,-0.31704289785453249,-0.36117110344079822,-0.40195422300270628,-0.39345547769750866,-0.32505029605494606,-0.18664810447781174,-0.13004742314418158,-0.19154762387275695,-0.26227233173518344,-0.24507587582900606,-0.21373732953236022,-0.15212224976670358,-0.11011547462216445,-0.11548860205544366,-0.13140614410596235,-0.15612946837036698
0.0,0.0,0.0,0.0,0.0,0.0,0.0,-0.32385865242584894,-0.43601115643978117,-0.30686489018526947,-0.29359499058302713,-0.29705373016563624,-0.27378855996272145,-0.24095412095387778,-0.2166407971697695,-0.13370183436200023,-0.058459408115595579,-0.092896127415930521,-0.14051440666461812,-0.19566298156015335,-0.21724189355455595,-0.18294376661551409,-0.1073973376689286,-0.080393504834285492,-0.17394573986530304,-0.28410293906927109,-0.353772250590501,-0.36794180021836209,-0.34853074642328113,-0.34654676141562285,-0.28335518868906157,-0.21665298773182762,-0.153631292283535,-0.15837562774066571,-0.22374840908580357,-0.25115457057952884,-0.22718674110041726,-0.16805405804404505,-0.10451923531514627,-0.081604322625531092,-0.0903928354382515,-0.10686014695414181,-0.13974064312599324
0.0,0.0,0.0,0.0,0.0,-0.13800410030023047,-0.065825250693402879,-0.15847451092152257,-0.42960408027621283,-0.30624834250430671,-0.30658971485884295,-0.285597917510242,-0.27139765992760656,-0.23549306169152259,-0.17610501419556768,-0.11282308388720541,-0.13603367432951927,-0.16775896836971416,-0.19037289520104725,-0.18740819813683629,-0.12617651075124742,-0.087533138816555348,-0.10513078766288581,-0.15615123616797583,-0.2255309949318568,-0.29977499693632126,-0.38201394456404225,-0.3632130729300635,-0.31367399515929045,-0.28259687297619307,-0.20949190457661945,-0.18151242037614188,-0.16758184593457443,-0.1530201679468155,-0.17063638369242351,-0.18641593396663667,-0.17384293178717294,-0.14139714367963649,-0.10216324827794371,-0.089261170190114245,-0.086328916527606825,-0.080992636669959345,-0.093728989362716675
