SouthSea_Web/demo/jsonfile/2017-12-14-05.json
{"header": {"parameterUnit":"m.s-1","parameterNumber":2,"dx":0.1,"dy":0.1,"parameterNumberName":"Eastward current","la1":29.0,"la2":12.0,"parameterCategory":2,"lo2":131.0,"nx":250,"ny":171,"refTime":"2017-12-14T04:58:07.5","lo1":106.0}, "data":
[rows 114 to 132 of 171, columns 126 to 167 of 250]
0.026968240737915039,0.040583892725408077,0.072018295526504517,0.072111718356609344,0.091128215193748474,0.057141720006863274,0.062726789154112339,0.10527530738285609,0.18402216264179774,0.21985231898725033,0.20086163146929306,0.19009531232026908,0.17498514978658586,0.20014613283717114,0.23707927935398543,0.2046787262790733,0.18638632606182778,0.089823578358502007,0.044772648601792753,0.0,0.0,0.0,0.0,0.0,0.0,0.0,0.0,0.0,0.0,0.0,0.0,0.0,0.0,0.0,0.0,0.0,0.0034834282594024689,0.0732138305672209,0.081523686932372066,-0.17321069234570202,-0.34811643546535853,-0.37435662483467774
0.0,0.045330680906772614,0.051747925579547882,0.076406851410865784,0.075919078662991524,0.075211172302563981,0.11793621629476547,0.15766349683205286,0.19994858900705972,0.21984638486589705,0.2187019195407629,0.22060509622097016,0.19366816466762907,0.20178347936383,0.23316325197617213,0.158460940932855,0.10459069269044059,-0.033491790719012531,-0.18861228422024023,0.0,0.0,0.0,0.0,0.0,0.0,0.0,0.0,0.0,0.0,0.0,0.0,0.0,0.0,0.0,0.0,0.0,0.023233133289301076,0.096362148093271857,0.14972342896674359,-0.05328621492001482,-0.21737558378818186,-0.32308520632130761
0.014340452733449638,0.019176652655005455,0.035497218370437622,0.04897582158446312,0.08492279052734375,0.11618333061536153,0.14416634440422058,0.18242009480794272,0.19440573028155736,0.21356205642223358,0.23810581862926483,0.2379712740580241,0.23486939953132111,0.2452764426884444,0.24907702982425689,0.18792863550686068,0.10551942993954915,0.10129908608222329,0.026516159373103688,0.0057500415714457631,0.0,0.0,0.0,0.0,0.0,0.0,0.0,0.0,0.0,0.0,0.0,0.0,0.0,0.0,0.0,0.0,0.041362827831887571,0.061042608129844043,0.19132033854633349,-0.017312815780035004,-0.089338828203321063,-0.19747734486180193
0.0071548898704349995,0.0,0.0327911744825542,0.069655831903219223,0.1001930758357048,0.11498659352461498,0.14948611557483674,0.17398529003063837,0.19581772812775203,0.23080739006400108,0.26666330439703806,0.261797954638799,0.25682860165834426,0.26590651409192517,0.26104604949553806,0.27615958108351779,0.20023170053153425,0.17750546662953862,0.0751152686911446,0.0,0.0,0.0,0.0,0.0,0.0,0.0,0.0,0.0,0.0,0.0,0.0,0.0,0.0,0.0,0.0,0.0,0.0,-0.051002488238736987,-0.0028066018412999335,-0.044861956963615626,0.0186154382984673,-0.058169267347289458
-0.034120751544833183,-0.011136158602312207,0.051200659945607185,0.095248540242513016,0.10395373155673345,0.10521334658066432,0.12461536228656769,0.15334336757659911,0.18720118701457977,0.2435105312615633,0.27827620878815651,0.27660941332578659,0.26969088241457939,0.26984640558560691,0.24484510802560383,0.25355668772350659,0.23712540393875492,0.14157660504182179,0.068301125445092717,0.0,0.0,0.0,0.0,0.0,0.0,0.0,0.0,0.0,0.0,0.0,0.0,0.0,0.0,0.0,0.0,0.0,0.0,0.0,-0.18241830155780844,-0.064320230201265954,0.071826262006150748,0.069479390482336062
0.0,0.023359248414635658,0.072629958391189575,0.10436134226620197,0.12511247644821802,0.13744480162858963,0.15615689381957054,0.15958462059497833,0.18324329455693564,0.22887931019067764,0.26292574902375537,0.27050961554050446,0.27230583131313324,0.26548218064837986,0.25651440024375916,0.25288372263312342,0.18658474731174382,0.068388680723728612,-0.008019094675546512,0.0,0.0,0.0,0.0,0.0,0.0,0.0,0.0,0.0,0.0,0.0,0.0,0.0,0.0,0.0,0.0,0.0,0.0,0.0,-0.14775044489651917,-0.027349757968776804,0.17515820089297798,0.13242098827053
0.03026780082533757,0.083333633840084076,0.0963340513408184,0.12537443886200586,0.14697671929995218,0.17255253096421561,0.20030555625756583,0.20705914994080862,0.20106148081166403,0.2230067141354084,0.25902276805468966,0.28045506988252911,0.285212109486262,0.29064581096172332,0.28744194995273242,0.24505814208703883,0.15274414420127869,0.053905131252990526,0.045376725228769441,0.0,0.0,0.0,0.0,0.0,0.0,0.0,0.0,0.0,0.0,0.0,0.0,0.0,0.0,0.0,0.0,0.0,0.0,0.0,0.0,0.20101202385766165,0.20454365853220224,0.16607214324176312
0.082491543143987656,0.10769704729318619,0.13038109242916107,0.16175990551710129,0.1779251197973887,0.1918877586722374,0.23748133331537247,0.25431274995207787,0.24787156283855438,0.23265817761421204,0.27695826121738981,0.30555829405784607,0.3266867867537907,0.33492959439754488,0.33010780811309814,0.28229855746030807,0.18615465549131235,0.12164745945483446,0.062437339996298157,0.0,0.0,0.0,0.0,0.0,0.0,0.0,0.0,0.0,0.0,0.0,0.0,0.0,0.0,0.0,0.0,0.0,0.0,0.0,0.0,0.198735124617815,0.21621029214425522,0.17441498339176179
0.12097858265042305,0.14233586192131043,0.17064172526200613,0.20542104542255402,0.21822071820497513,0.21628880500793457,0.23370461538434029,0.26981430649757387,0.27925862669944762,0.276966963495527,0.30621191114187241,0.32911917567253113,0.34367813382829937,0.36498657681725244,0.37692753142780727,0.33538951973120373,0.21570775099098682,0.096258874051272869,0.0,0.0,0.0,0.0,0.0,0.0,0.0,0.0,0.0,0.0,0.0,0.0,0.0,0.0,0.0,0.0,0.0,0.0,0.0,0.0,0.28340997298558551,0.29017859697341919,0.23923887885533846,0.14058629423379898
0.19217032939195633,0.18123023211956024,0.1941417008638382,0.23356341570615768,0.24368800222873688,0.26540027062098187,0.26057159900665283,0.25953578097479685,0.27217116355896,0.30703353030341013,0.34368398785591125,0.35793183743953705,0.37018381887012058,0.39018459452523124,0.37928359707196552,0.28646953133019532,0.19614817521401814,0.094861615415928621,0.0,0.0,0.0,0.0,0.0,0.0,0.0,0.0,0.0,0.0,0.0,0.0,0.0,0.0,0.0,0.0,0.0,0.0,0.0,0.0,0.32471476282392231,0.29176956415176392,0.20562120609813267,0.12947713062167168
0.0,0.20008154213428497,0.20195075869560242,0.24714432656764984,0.27025702595710754,0.27179959416389465,0.27968050326619831,0.27208793163299561,0.271831925958395,0.29690633927072796,0.33176816834343803,0.36888201369179618,0.38350049938474384,0.39207859709858894,0.30885827243328096,0.21395140542433813,0.12038242421112955,0.048996763648810213,0.0,0.0,0.0,0.0,0.0,0.0,0.0,0.0,0.0,0.0,0.0,0.0,0.0,0.0,0.0,0.0,0.0,0.0,0.0,0.24423813819885254,0.24670266111691794,0.21016015609105429,0.15985955893993378,0.1037009201116032
0.24298980832099915,0.22848568111658096,0.24018998444080353,0.25714149574438733,0.26330969929695131,0.2624242126941681,0.27266429737210274,0.28402388840913773,0.26931897178292274,0.26553300023078918,0.30337018072605132,0.35246095061302185,0.40958865359425545,0.36813759803771973,0.19355026384194693,0.11481971045335133,0.05247904360294342,0.019690886650803603,0.0,0.0,0.0,0.0,0.0,0.0,0.0,0.0,0.0,0.0,0.0,0.0,0.0,0.0,0.0,0.0,0.0,0.0,-0.049949392676353455,0.055501905536012988,0.1564516851847822,0.12347826423744361,0.11107050047980414,0.068081598108013466
0.24201127886772156,0.25067981084187824,0.25334203243255615,0.26594802737236023,0.26612886786460876,0.25950301119259428,0.2527206614613533,0.26437670178711414,0.24752368860774571,0.23123818635940552,0.24999250968297324,0.27890182038148242,0.35446483393510181,0.29819690187772113,0.038170335814356804,0.09221180445618099,0.11473396606743336,0.054647838541617,0.0,0.0,0.0,0.0,0.0,0.0,0.0,0.0,0.0,0.0,0.0,0.0,0.0,0.0,0.0,0.0,0.0,0.0,0.018426443450152874,0.047561452978036621,0.10305816680192947,0.074560411274433136,0.037115909275598824,0.017198198728940704
0.23501552641391754,0.23711918294429779,0.23613444964090982,0.23809212942918143,0.2329736240208149,0.22861372182766596,0.203587477405866,0.2008541715996606,0.19507052666611141,0.18954674473830632,0.19764828043324606,0.17497679293155671,0.16559894382953644,0.0,0.04809406896432241,0.054335399231474311,0.085800943689213857,0.0564462561160326,0.0,0.0,0.0,0.0,0.0,0.0,0.0,0.0,0.0,0.0,0.0,0.0,0.0,0.0,0.0,0.0,0.0,0.0,0.058442148566246035,0.11580301510790984,0.076171329244971275,0.020074132538866252,-0.024074512766674161,-0.03883327068760991
0.24023996293544769,0.22567581385374069,0.21477147191762924,0.21179189532995224,0.19982446730136871,0.17807429656386375,0.14743622113019228,0.14410351440310479,0.13019193802028894,0.12694565703471503,0.14108552145106451,0.083745654439553618,0.0,0.0,0.0,-0.0109872174449265,0.025633238372392952,0.014315708074718714,0.005500495433807373,0.0,0.0,0.0,0.0,0.0,0.0,0.0,0.0,0.0,0.0,0.0,0.0,0.0,0.0,0.0,-0.020914889872074127,0.13899677433073521,0.3551751896739006,0.19250573515892028,0.039397976969161794,-0.03202600656077266,-0.066159799695014954,-0.084438513033092022
0.23230693489313126,0.2099123497804006,0.19902356465657553,0.19035520777106285,0.17995269099871317,0.15270186712344488,0.10139091561237972,0.098249735683202749,0.096620973613527089,0.0761633190241727,0.088332561776041985,0.045158500627925,0.0,0.0,0.0,0.0012512067817927648,-0.046206977063169084,-0.10579159234960874,-0.090167641639709473,0.0,0.0,0.0,0.0,0.0,0.0,0.0,0.0,0.0,0.0,0.0,0.0,0.0,0.10779205150902271,0.16350476940472922,0.12844350934028626,0.25775080733001232,0.21966335342990029,0.11858963490360314,-0.025032437923881743,-0.087694289535284048,-0.11451008543372154,-0.12035573832690716
0.21695044636726379,0.20544197658697763,0.19077369570732117,0.17534584179520607,0.17089840024709702,0.15871661262852804,0.10839223340153695,0.077045240253210065,0.071384568698704243,0.051280807365070687,0.056076542008668184,0.047729741083458066,0.0,0.0,0.0,0.0,0.0,0.0,0.0,0.0,0.0,0.0,0.0,0.0,0.0,0.0,0.0,0.0,0.0,0.0,0.0,-0.0037466184502201422,0.078115409985184667,0.17307010360739447,0.23771163634955883,0.1654001007025892,0.07406218524556607,-0.01640508233103901,-0.10415510600432754,-0.14737752215428787,-0.15030352026224136,-0.14824734069406986
0.21440400183200836,0.21391639113426209,0.20516549547513327,0.19585155695676804,0.17383462190628052,0.17417819797992706,0.15255400836467742,0.1054668128490448,0.069354196079075336,0.043312021427684359,0.060287975921080664,0.07398560677062381,0.10939835500903428,0.074634973425418139,0.0,0.0,0.0,0.0,0.0,0.0,0.0,0.0,0.0,0.0,0.0,0.0,0.0,0.0,0.0,0.0,-0.074657759318749115,-0.03122389381751418,0.039144068548921496,0.088617881139119462,0.079162357910536232,-0.019145192959430544,-0.0775305257178843,-0.1235179743833012,-0.16666101664304733,-0.19480146840214729,-0.179360032081604,-0.16362870670855045
0.24131029844284058,0.23493064443270365,0.22515332698822022,0.231349416077137,0.20040594289700189,0.17831544790949142,0.15561408102512359,0.11871614456176757,0.090753026306629181,0.077266678959131238,0.075347092002630234,0.0755792363058953,0.045007459856736078,0.053984756581485271,0.0,0.0,0.0,0.0,0.0,0.0,0.0,0.0,0.0,0.0,0.0,0.0,0.0,0.0,0.0,0.0,-0.04578406446509891,-0.068567282096906143,-0.059314476326107979,-0.054154184227809307,-0.1096468920904127,-0.18510553647171368,-0.20705344527959824,-0.21326379353801409,-0.22568352851602766,-0.23880682057804531,-0.20762923732399941,-0.19342049790753257
