SouthSea_Web/demo/jsonfile/2017-12-16-07.json
{"header": {"parameterUnit":"m.s-1","parameterNumber":3,"dx":0.1,"dy":0.1,"parameterNumberName":"Northward current","la1":29.0,"la2":12.0,"parameterCategory":2,"lo2":131.0,"nx":250,"ny":171,"refTime":"2017-12-16T07:01:52.5","lo1":106.0}, "data":
[rows 114 to 132 of 171, columns 0 to 41 of 250]
0.0,0.0,0.0,0.0,0.0,-0.20585577189922333,-0.34470718918102128,-0.45267169972260796,-0.44233724926457263,-0.46900844432058786,-0.48116461932659149,-0.50099213918050134,-0.48834746330976486,-0.47862579425175983,-0.45840802788734436,-0.4574999213218689,-0.4392997721831004,-0.4166637857755025,-0.40585371106863022,-0.37687580287456512,-0.36798743406931561,-0.36262795329093933,-0.37145448724428815,-0.35428820550441742,-0.28995437920093536,-0.23355243802070619,-0.19039726257324219,-0.12109409086406231,-0.12475487341483434,-0.16800417006015778,-0.13803203962743282,-0.085893436335027218,-0.14505079601492202,-0.14387293656667075,-0.12200576687852542,-0.13213272690773009,-0.21412086699690139,-0.27202032804489135,-0.27867599493927425,-0.2433424718104876,-0.27795473072263932,-0.34745618830556457
0.0,0.0,0.0,0.0,0.0,0.0,-0.20803794316722477,-0.37326094627815443,-0.49436675441467154,-0.4548924799476351,-0.47147018936547364,-0.50694120128949482,-0.49119698339038426,-0.47885907888412477,-0.47519230842590332,-0.47022450566291807,-0.43943266570568085,-0.4103632966677348,-0.38916661590337753,-0.36321085691452026,-0.35870106518268585,-0.35085243980089825,-0.35452961325645449,-0.33205135464668273,-0.2807794898748398,-0.20749615430831908,-0.14799173921346664,-0.1080325481792291,-0.098669043431679412,-0.14489452044169107,-0.14982833181108748,-0.13679481483995915,-0.13725018749634424,-0.14316076934337615,-0.16025583744049071,-0.19159679859876633,-0.24151849995056787,-0.31432465910911561,-0.37878175377845763,-0.37843121091524762,-0.31270529727141061,-0.30562647041820346
0.0,0.0,0.0,0.0,0.0,0.0,-0.012542192348822331,-0.250494413848581,-0.42847767267977038,-0.49394165882558533,-0.51228206711156032,-0.520681557059288,-0.46885108699401218,-0.4642287961074284,-0.48031013352530344,-0.48063082496325177,-0.44570243358612061,-0.41413987427949905,-0.39081331342458725,-0.366530309120814,-0.35784513503313065,-0.34304884076118469,-0.33851854503154755,-0.34184323747952777,-0.28161804874738056,-0.19051011651754379,-0.11544364243745804,-0.10187946446239948,-0.13509347755461931,-0.16991500982216426,-0.1781136617064476,-0.17270247638225555,-0.16659846156835556,-0.20237146743706294,-0.23833788633346559,-0.28643947839736938,-0.321022296945254,-0.38759930729866027,-0.37049416005611419,-0.40013262087648566,-0.390063488855958,-0.30477352887392045
0.0,0.0,0.0,0.0,0.0,0.0,0.0,0.0,-0.28220769089378722,-0.40300381606019386,-0.486744684439439,-0.518558669090271,-0.45043601274490358,-0.450562447309494,-0.49134193857510883,-0.49901046355565387,-0.44087523221969604,-0.40102920929590863,-0.38938783605893451,-0.35502960284550983,-0.34153270721435547,-0.331866721312205,-0.33341512084007263,-0.32715988159179688,-0.26460911830266315,-0.17987664043903351,-0.079772178704539939,-0.066237765674789742,-0.12039621770381928,-0.18013466894626617,-0.1862465888261795,-0.2132752001285553,-0.21295557490416936,-0.241643026471138,-0.29114392399787903,-0.3258355011542638,-0.35134446124235791,-0.38833789692984688,-0.42804770171642303,-0.40980263398243832,-0.35450606379244065,-0.28896543085575105
0.0,0.0,0.0,0.0,0.0,0.0,0.0,0.0,0.0,-0.28386454459498911,-0.39315322793048363,-0.50184176151048054,-0.53428351506590843,-0.517613176595081,-0.52466190913144284,-0.56569202542305,-0.46563579514622688,-0.39569637179374695,-0.40287581086158752,-0.38694943487644196,-0.34971247116724652,-0.33726827303568524,-0.32568476796150209,-0.32605435699224472,-0.271832549571991,-0.18752410759528479,-0.1152344388621194,-0.084563871224721268,-0.11236038679877917,-0.15527921169996262,-0.21290379265944162,-0.23843578497568765,-0.2223446692029635,-0.25973606109619141,-0.31434015631675721,-0.36598501602808636,-0.38444991196904865,-0.4218791276216507,-0.45684577931057324,-0.40583664427200955,-0.36207829250229728,-0.32498155987781024
0.0,0.0,0.0,0.0,0.0,0.0,0.0,0.0,0.0,0.0,-0.25597607276656409,-0.39558133594135741,-0.62120056773225463,-0.59820533665743736,-0.47291463478045032,-0.54580303132534025,-0.4913664658864339,-0.40671862363815309,-0.40361884981393814,-0.41655427714188892,-0.3668312132358551,-0.33936871588230133,-0.31708724051713943,-0.30161393880844117,-0.27052101492881775,-0.2157185971736908,-0.1673771172761917,-0.13062391554315886,-0.164779432117939,-0.20659123857816061,-0.26002857983112337,-0.26944537957509357,-0.25522614642977715,-0.27538718779881793,-0.37728368242581684,-0.47459617257118225,-0.51366873582204187,-0.50166253579987419,-0.45685819908976555,-0.41117666102945805,-0.41705668750016583,-0.37943725039561588
0.0,0.0,0.0,0.0,0.0,0.0,0.0,0.0,0.0,0.0,0.0,-0.12171113715091698,-0.42757477618753909,-0.54387625644081516,-0.52369390603374033,-0.46067565328934612,-0.4569537020646609,-0.38009870865128259,-0.42436104267835617,-0.47375644743442535,-0.39620590209960938,-0.3529713973402977,-0.31270273774862289,-0.28123673051595688,-0.27082139849662779,-0.23542249500751494,-0.18544602145751318,-0.16085223853588104,-0.17516661187012991,-0.21216389040152231,-0.26611896355946857,-0.30200209362166269,-0.30776133636633557,-0.314275461435318,-0.44124078750610352,-0.55805416901906335,-0.57788641585244072,-0.57201055288314817,-0.47274796962738036,-0.43360947403642869,-0.43232357874512672,-0.39722901453142578
0.0,0.0,0.0,0.0,0.0,0.0,0.0,0.0,0.0,0.0,0.0,0.0,-0.22349472293216321,-0.39182735560183041,-0.44177112910482619,-0.44030147994106467,-0.45999685059423034,-0.43364938384010676,-0.44753829070499968,-0.53465031915240813,-0.46704033389687538,-0.38519744873046874,-0.32857733964920044,-0.31191922227541607,-0.27915347615877789,-0.25872836510340375,-0.24569332897663115,-0.21858156323432923,-0.20164008686939874,-0.22337320943673453,-0.27196979522705078,-0.32757237553596497,-0.34828934073448181,-0.34937238693237305,-0.52580707839557106,-0.6308671310544014,-0.62319829066594445,-0.51554686079422629,-0.44896284384386881,-0.44832341643896972,-0.41389266304347827,-0.35203792561184277
0.0,0.0,0.0,0.0,0.0,0.0,0.0,0.0,0.0,0.0,0.0,0.0,0.0,-0.30068795438855889,-0.375313017364831,-0.43358694850388219,-0.46843315397991853,-0.42847646304539272,-0.43339313160289417,-0.51982490221659339,-0.522249447447913,-0.41796084245045978,-0.35385016458375113,-0.33224326797894072,-0.30355127652486164,-0.30364112343106953,-0.31799216355596271,-0.31365398849759785,-0.28131481446325779,-0.26884877255984713,-0.29525334139664966,-0.33898219466209412,-0.39129074215888976,-0.4329073429107666,-0.53433629870414734,-0.58399234215418494,-0.55366114154458046,-0.44243684659401578,-0.40920609422028065,-0.43431975940863293,-0.391751754283905,-0.31008419560061562
0.0,0.0,0.0,0.0,0.0,0.0,0.0,0.0,0.0,0.0,0.0,0.0,0.0,0.0,-0.34168324933240291,-0.39365737120177124,-0.39521961041859216,-0.38275910481329889,-0.40044031143188474,-0.45085557159923373,-0.54567033449808755,-0.49197432398796082,-0.39547130217154819,-0.37963125109672546,-0.35578638315200806,-0.32947148169789997,-0.34699095620049369,-0.37696343660354614,-0.34088166554768878,-0.30180780589580536,-0.30130106955766678,-0.34778947383165359,-0.42768147587776184,-0.45273644924163819,-0.51958045789173668,-0.55218378702799475,-0.456757966015074,-0.39843198060989382,-0.39074237644672394,-0.38333099441868917,-0.36046449752414927,-0.30859170591129975
0.0,0.0,0.0,0.0,0.0,0.0,0.0,0.0,0.0,0.0,0.0,0.0,0.0,0.0,0.0,-0.27250038584073383,-0.30631741021222214,-0.35617744187786154,-0.36680535408290654,-0.38594274629246106,-0.4850949555635452,-0.53285895884037016,-0.50674813787142436,-0.43106839873574,-0.3922709280794317,-0.35417828234759247,-0.38847374584939742,-0.42978495359420776,-0.39640033576223588,-0.35330575704574585,-0.34455636640389758,-0.39231367409229279,-0.42131404876708983,-0.48409609993298847,-0.5353436370690664,-0.511237804378782,-0.40520214703347945,-0.38109243288636208,-0.36343895494937895,-0.34887806574503583,-0.33852557199341909,-0.31949860043823719
0.0,0.0,0.0,0.0,0.0,0.0,0.0,0.0,0.0,0.0,0.0,0.0,0.0,0.0,0.0,0.0,0.0,-0.30936836572580562,-0.34872458477814994,-0.36350608149240182,-0.40319200670510008,-0.51880997003510942,-0.5567306516071161,-0.46856802701950073,-0.45737988352775572,-0.43517470130553615,-0.41479652432294994,-0.4332177132368088,-0.42000920325517654,-0.3933446228504181,-0.36431801815827686,-0.36341376105944317,-0.40015968680381775,-0.49971434473991394,-0.48520547896623611,-0.43713901191949844,-0.39668846130371094,-0.3756643467479282,-0.34381995267338222,-0.33720027506351469,-0.34060805223204871,-0.33200997752802713
0.0,0.0,0.0,0.0,0.0,0.0,0.0,0.0,0.0,0.0,0.0,0.0,0.0,0.0,0.0,0.0,0.0,0.0,-0.26647727759111495,-0.24911907459127491,-0.23573839963501087,-0.42301773137234627,-0.54631460443982538,-0.57501986532500293,-0.54879307321139748,-0.49949866135915122,-0.45701695127146585,-0.45389590209180658,-0.46819815039634705,-0.40618785470724106,-0.36459331001554218,-0.3635046084721883,-0.42865684628486633,-0.49077123403549194,-0.44669124484062195,-0.40390457709630329,-0.40433590859174728,-0.36826857179403305,-0.34207393441881451,-0.32638168707489967,-0.33218048377470538,-0.35798344828865747
0.0,0.0,0.0,0.0,0.0,0.0,0.0,0.0,0.0,0.0,0.0,0.0,0.0,0.0,0.0,0.0,0.0,0.0,0.0,-0.067639442781607315,-0.047219168052451049,-0.33531511834041139,-0.44061851559900772,-0.58945982110115791,-0.63286839845852971,-0.58841145038604736,-0.51481721372831435,-0.47666189322868985,-0.48463343580563861,-0.43058323487639427,-0.38066785250391277,-0.3743889108300209,-0.44233772158622742,-0.46277192731698352,-0.40249966084957123,-0.359931617975235,-0.37000001966953278,-0.34921930943216595,-0.33660338322321576,-0.31375181302428246,-0.32146529025501674,-0.37810630752490115
0.0,0.0,0.0,0.0,0.0,0.0,0.0,0.0,0.0,0.0,0.0,0.0,0.0,0.0,0.0,0.0,0.0,0.0,0.0,0.0,0.0,-0.11520872477684981,-0.19357442816339082,-0.4392983457694451,-0.66167369264143483,-0.67870206832885738,-0.62124191761016845,-0.53694230318069458,-0.49392763631684439,-0.43980407383706832,-0.38644835725426674,-0.37427403529485065,-0.43650529533624649,-0.45452031989892322,-0.39961129426956177,-0.32334964722394943,-0.31601136426130932,-0.30563361644744874,-0.32018551230430603,-0.31683084964752195,-0.3255743251906501,-0.36896787881851195
0.0,0.0,0.0,0.0,0.0,0.0,0.0,0.0,0.0,0.0,0.0,0.0,0.0,0.0,0.0,0.0,0.0,0.0,0.0,0.0,0.0,-0.011370878666639328,-0.023554051498531334,-0.086240785441213066,-0.60796162632166173,-0.733473995923996,-0.73394361287355425,-0.60593165262885718,-0.49959174715555632,-0.44651219707268935,-0.39800816348620821,-0.37174758315086365,-0.4165760725736618,-0.4572861850261688,-0.39537106454372406,-0.30075985565781593,-0.28057846923669177,-0.29076696038246153,-0.30097901821136475,-0.31956326464811963,-0.33817482988039654,-0.35605733469128609
0.0,0.0,0.0,0.0,0.0,0.0,0.0,0.0,0.0,0.0,0.0,0.0,0.0,0.0,0.0,0.0,0.0,0.0,0.0,0.0,0.0,0.0,0.0,-0.023410678838502993,-0.38893019679579988,-0.45529116413326581,-0.78850159904744366,-0.75142389535903931,-0.545968234539032,-0.44587228848383975,-0.39270853996276855,-0.32730000217755634,-0.38073394695917767,-0.45479104667901993,-0.41396751999855042,-0.300327330827713,-0.28697165846824646,-0.29770618081092837,-0.29901904612779617,-0.31346569955348969,-0.32849815487861633,-0.34350597858428955
0.0,0.0,0.0,0.0,0.0,0.0,0.0,0.0,0.0,0.0,0.0,0.0,0.0,0.0,0.0,0.0,0.0,0.0,0.0,0.0,0.0,0.0,0.0,-0.030981207986500253,-0.3469676149164348,-0.3393239860510221,-0.7685916589087799,-0.88390368968248367,-0.66608026623725891,-0.46547872573137283,-0.38393082469701767,-0.29965998445238384,-0.34886028617620468,-0.45836040377616882,-0.41667459160089493,-0.33336289525032042,-0.3030994772911072,-0.31246435642242432,-0.3118012547492981,-0.30446695288022357,-0.30543032288551331,-0.32001006106535596
0.0,0.0,0.0,0.0,0.0,0.0,0.0,0.0,0.0,0.0,0.0,0.0,0.0,0.0,0.0,0.0,0.0,0.0,0.0,0.0,0.0,0.0,0.0,0.0,-0.37131102818709155,-0.3977179029583931,-0.55175225814776629,-0.88060858249664309,-0.78359238563045375,-0.49752841977512136,-0.3827407831947009,-0.29720519347624347,-0.33383303880691528,-0.45004099011421206,-0.4282814661661784,-0.3712571322917938,-0.33082481026649474,-0.32278149042810711,-0.3131394237279892,-0.31602554917335512,-0.32042014598846436,-0.32415216416120529
