SouthSea_Web/demo/jsonfile/2017-12-15-21.json
{"header": {"parameterUnit":"m.s-1","parameterNumber":3,"dx":0.1,"dy":0.1,"parameterNumberName":"Northward current","la1":29.0,"la2":12.0,"parameterCategory":2,"lo2":131.0,"nx":250,"ny":171,"refTime":"2017-12-15T21:00:00","lo1":106.0}, "data":
[rows 114 to 132 of 171, columns 42 to 83 of 250]
-0.28989454883116261,-0.24769035147296059,-0.14371456536981794,-0.1067896079685953,-0.0869043239702781,-0.041211138789852463,-0.026486151787484515,-0.044646252132952216,-0.048700264231725174,-0.026112128155572074,-0.016781654753218835,0.00071938391125132871,0.0338086117665435,0.080334037866281433,0.098888577812391784,0.070516406473788346,0.06084765129439209,0.0902239399200136,0.10884347601338874,0.098045066572152645,0.045444868371954987,0.0075148789457873339,0.0064359887081081981,0.0063595592309866333,-0.048639169187905888,-0.0648308455544923,-0.028973112739622595,-0.034786029563595854,-0.026655863565595253,-0.051277954410761592,-0.092657793313264847,-0.092773254960775375,-0.045208044815808535,-0.026295553427189589,-0.028761701425537467,-0.0302203388677703,-0.015745537239126861,0.01033014222048223,0.025818613978723686,0.041134171187877655,0.049668458849191667,0.043745279312133789
-0.21740392392331903,-0.20523792982101441,-0.11905819263595802,-0.10704185183231647,-0.074899001943844343,-0.050842340969081433,-0.054384072100923907,-0.051663556559519333,-0.038298684534513287,-0.023618092434065017,0.014963082488005359,0.04777497498992276,0.098606369009724373,0.12526628863194894,0.10169663126098699,0.071477657762067076,0.063419075682759285,0.10854371232183083,0.09561209304600346,0.071317137684673071,0.051614151729477774,0.028031421655144256,0.0010358982000094003,0.010034808845375665,-0.0087837129043085351,-0.017091235927035733,-0.012459782733848053,-0.020318021532148123,-0.035116755802716525,-0.060867132324921455,-0.090051089139545668,-0.12155920686200261,-0.080621164602537945,-0.0603796603778998,-0.058097918941216034,-0.056914576639731727,-0.044517303351312876,-0.022821568418294191,0.014085939386859536,0.057264288514852525,0.064192086458206177,0.056295037269592285
-0.20426441469918127,-0.166473055879275,-0.12985149706187454,-0.1139555855521134,-0.083997266712012117,-0.072773368656635279,-0.05369042719323789,-0.030396814231893846,-0.022907557190046647,0.028074927232228219,0.0797209537842057,0.15576314621915419,0.21355844095145185,0.17579412499540731,0.13716036991940606,0.095611700117588044,0.072955602918987839,0.059581239722550861,0.052308871539245391,0.045278965816672505,0.054516083227013644,0.053024547403318842,0.044424675279655136,0.028587647049624302,-0.0081773066563849764,-0.0023194094899588744,0.016944084584247322,0.025009877565834258,-0.011635896555768946,-0.049560060931576624,-0.082985601155087352,-0.11918951411332403,-0.10355965101293155,-0.071189086139202121,-0.05053097175227271,-0.045793666690588,-0.034844183130189776,-0.011385810561478138,0.024606903238842886,0.051975617806116738,0.071238113939762121,0.068221104145050046
-0.12719665139913558,-0.14555022358894348,-0.13483964513849328,-0.11447877519660527,-0.084232094138860708,-0.076036821209615274,-0.034311928413808347,0.00041362495685461911,0.0058649606186474221,0.10253084454474584,0.16910048979608452,0.20967341782081694,0.17816036428306617,0.13291059772507483,0.10945297717078914,0.04899369422131352,0.014729472968782135,0.034751215319736059,0.024452432545728351,0.045979697365259781,0.048590521690332227,0.052449555817379881,0.056219809397589415,0.079452896876067949,0.054425697456198657,0.013735778389504006,-0.0040825542210685935,0.02171184886487779,0.024066687344285045,-0.0045689880651862995,-0.036446031456922781,-0.074322133511304858,-0.073254717203478023,-0.053775024910767875,-0.026666341970364254,-0.011321048562725386,-0.0021544556782048729,0.019846858689561486,0.037540337603007047,0.057261059060692787,0.081953106448054314,0.085484432056546211
-0.074188115385671452,-0.11600094020366669,-0.10653406168733325,-0.094421379800353727,-0.083415166745262767,-0.068633303610664428,-0.039155499715554085,-0.0023946084207679187,0.019515205894734849,0.10487470249571497,0.16894145669306027,0.16037901472754595,0.12611253612807818,0.14876946837951741,0.16757234539359045,0.0975557398238224,0.038342634942468805,0.016344982188252543,-0.0037819659953717798,0.030395024366241516,0.085877312602950076,0.1038387176000847,0.092753872589061134,0.12066251459794167,0.11680841974673732,0.0846875973207795,0.062848366784035326,0.0566741689418753,0.074935594287056193,0.057800465900647011,0.0073456972865695953,-0.038439902077828138,-0.044602936980399216,-0.032211254723370074,-0.0060094868014049195,0.00390976151296248,0.019352632774306194,0.050250230822712183,0.066091670521668019,0.084509871900081635,0.097974222153425217,0.10397782325744628
-0.1093825027346611,-0.078831777131805822,-0.042081383988261223,-0.082724195771983686,-0.072663568200603615,-0.046319171682828,-0.057180462541376674,-0.030484302818270709,-0.023725952519882531,0.05902426903722463,0.073723900963419256,0.17495036987034049,0.094012421551695785,0.044120829823894404,0.17130956942860953,0.13036294511386326,0.13491701977242024,0.12653659796342254,0.033872878398728844,0.15154801281970859,0.11080112694234577,0.13038588204737486,0.13252614706289023,0.1570527658675068,0.14564906972411432,0.12281682391147145,0.12086566991132239,0.1216661601793021,0.1037269840421884,0.076363900587672284,0.035270241076910964,-0.006173022765254315,-0.019735889043658972,-0.018200000541077718,-0.011834918346721679,-0.0063656042995197436,0.02336095564533025,0.070999655340399065,0.10095338150858879,0.11517597734928131,0.12853788956999779,0.13857225949565569
-0.13300941769893354,-0.080657816802461937,-0.030768410861492158,-0.06683696061372757,-0.060913426067793007,-0.048114061568464553,-0.092514427595360341,-0.10905756302318483,-0.019948470677571516,0.015083594337107462,0.0506519415576949,0.13521032774174063,0.11101043380018491,0.099228423201676574,0.13513539362736424,0.14066800864582713,0.15411994633851228,0.18947448244072357,0.0861902427566502,0.28128832181766317,-0.013236606577179157,0.13554927931308108,0.21925916670749485,0.243383252384639,0.21484977722167969,0.1824048721968238,0.16937012941229576,0.13985105221335953,0.093449476237098372,0.063078417159293007,0.029967450270695344,0.0022459280623409609,-0.02696705237030983,-0.037936273263767362,-0.03317871131002903,-0.016942852968350054,0.027475819108076394,0.079535868018865585,0.10479914503438133,0.12127996422350407,0.14147348205248514,0.14014087369044623
-0.10419638408347964,-0.057374095730483535,-0.0021791033661294795,0.0074144760060503526,-0.028448305224147215,-0.088800339362560168,-0.11441736684545227,-0.085437761260229242,0.0064428556910050769,0.012383638328806821,0.044319359244456374,0.064780649432553308,0.062688184453657383,0.11891685728915036,0.17622305946031086,0.22902756638643218,0.22833857772586583,0.23454105352933427,0.25112263673271229,0.22317918121072761,0.1247871755475209,-0.033672846387349895,0.15911377274625224,0.22283850081056078,0.25937741726368396,0.22789957516648796,0.17420851570718429,0.10849978417462232,0.045225536570914333,0.019191017540288159,-0.010893425568664336,-0.030112550742077557,-0.056063844689301083,-0.066512264311313629,-0.05489377751946449,-0.03468436021357775,0.021627402398735285,0.069970633213718728,0.090838422377904252,0.1135924222568671,0.12813228070735933,0.12984383404254912
0.0035737472464374845,0.031835255063766534,0.046306723263114691,0.0375271633799587,-0.0039761288207955658,-0.070792557316876586,-0.076386870132112983,-0.058321582881035283,-0.024281639806171762,-0.036095326030995731,-0.0066141884359668061,0.074687075202062636,0.12658786484173365,0.15054013139655437,0.16898724968944276,0.17366635203361511,0.18774096421369418,0.2020333893597126,0.21354597324834151,0.19483068883419036,0.16153468394596315,0.040844162937135095,0.060257094740301033,0.14799012807268783,0.17233441295039734,0.25507960436136828,0.23340068233424219,0.15708863694373876,0.09326448105275631,0.043678819404348083,0.013707724950897197,-0.015254704374819994,-0.056868694722652435,-0.094224147498607636,-0.094180230583463392,-0.044943437725305554,0.014065543339321656,0.056159117817878725,0.069453102226058647,0.092087432742118835,0.10938420785324914,0.11974834757191795
0.066925992306910057,0.079331857678682907,0.059596538543701172,0.026583405661171879,-0.00061975829806682229,-0.00330974754615454,-0.020795981180510188,-0.027395076144279704,-0.010347048243593669,-0.047141384993364489,-0.0011811282312162697,0.097496971698143545,0.16475194396953735,0.17314725212220636,0.084241453085595108,0.049429231042299293,0.088183825407276817,0.13402278561942019,0.13737665736997451,0.16478283415321543,0.16529141489351004,0.12733059879697736,0.13771614699714607,0.13688966318626294,0.15482008038905629,0.11673226803051014,0.31406886605222251,0.24122088317011223,0.17071789774027738,0.1191917697065755,0.0875940282962152,0.038974098674952981,-0.042238285299390554,-0.08582843405505021,-0.090493089209000274,-0.06309738063386508,-0.015226466248610191,0.025741650323782648,0.04062036114434401,0.060977568849921226,0.066411590669304132,0.075022649552140913
0.062258071824908258,0.043806468602269888,0.011521585255173878,-0.02238490176602715,-0.031774908960916295,0.00380911772900131,-0.024111762711279943,-0.025131553832591039,0.026807505722480036,-0.012816487111714585,0.029221553612945282,0.0768465473811375,0.089466277850886525,0.14429812470119294,0.061256198176662509,0.045711993294850747,0.0957679308178712,0.093469620272262924,0.10789960085713821,0.13008463988736482,0.119875177892076,0.16398939381994254,0.23031627488136292,0.16968160526342854,0.1337519423050039,0.18684306819969634,0.29674138073109985,0.26201186199551041,0.22863158740495382,0.19014347451073782,0.15012394796524728,0.088021184084936976,0.037755088337386646,-0.0054685529321432114,-0.021537857502698897,-0.050098036415874958,-0.050911695510149,-0.025497143023780415,-0.0020817661813149848,0.012747540072138821,0.029226944050086395,0.055899875445498362
0.056543879210948944,0.0067377303799730729,-0.036837501998018961,-0.053178073838353157,-0.029853556918996303,0.00037029026365913029,-0.021714152946891583,-0.061459919437766075,0.041335272283917715,0.053933520901802125,0.0864610042801853,0.18931430679955605,0.00951219620096233,0.014206339262057536,0.019000403968700747,-0.0757944442874163,-0.045732843716390525,0.00068733731417783674,0.15409580150547297,0.25496050292327083,0.18112865268695549,0.059846982664056692,0.16598804586411173,0.20359205019496779,0.16765312279077402,0.14134542585909365,0.2205961624643317,0.219636932015419,0.24281920051133191,0.23653253633528948,0.20654252984307028,0.1542206946760416,0.13704100996255875,0.096689496721540175,0.017263473756611348,-0.042254429310560226,-0.082000587756435081,-0.094936677565177277,-0.073491595685482025,-0.033250407785609629,-0.016578665768195475,-0.013225163376773708
0.017948879435768023,-0.01352404185308842,-0.054981608282436027,-0.076443700045347215,-0.033556222561267481,-0.0026311349783403179,-0.021185163423069753,-0.049112782920045513,0.005563901049409699,0.015654286174490904,0.079659580689160125,0.13175781406741241,0.09870292124782451,0.044330605749508277,-0.00992776076625729,0.016647194025350334,0.030438019478294467,-0.038352713450786044,0.051943929438001767,0.26905218410863463,0.20063124797024284,0.026411597392529254,0.013424436523983219,0.18292334200028915,0.15611588798846182,0.1381064897888348,0.17373375702988017,0.19286633779605231,0.22602498272190924,0.24294632992574147,0.24860034670148576,0.22703401744365692,0.19681326299905777,0.14465442858636379,0.054152665659785271,-0.056659550539084842,-0.12865413618939264,-0.14901331514120103,-0.12654768954962492,-0.11380356848239899,-0.12763859933385482,-0.11979840944210689
-0.030289696141456563,-0.033182712737470865,-0.066866119170472735,-0.081886929149429008,-0.054888902938571467,-0.038338903580670769,-0.0654212418880503,-0.069992881829607972,-0.078211533158649635,-0.11219044887859907,-0.072665257776921247,-0.035900037474584312,-0.077633103449930643,-0.14662107956559745,-0.071903835396549778,-0.0162770747364905,0.10585042191755351,0.0570391277358647,0.018142466974769563,0.11817437796267921,0.14265886523736798,0.13503278615424258,0.070709927380132126,0.16965511960607346,0.19828664371068927,0.199705285685403,0.19338700175285339,0.18501279155413311,0.19559966723124186,0.23024642061103473,0.25002458691596985,0.22824007024367651,0.18033839975084579,0.13501946181058883,0.0581726199015975,-0.046642918405788283,-0.13465368871887526,-0.17377483397722243,-0.18565596888462702,-0.20393456174777105,-0.21334474959543773,-0.17704881464733796
-0.049257490106604317,-0.05943627416023186,-0.10553925649987327,-0.09443948821475108,-0.089236022904515266,-0.12116407349705696,-0.14258604747769627,-0.15185169563178094,-0.15262519695929119,-0.12153894572269798,-0.11905733689786942,-0.15093094123484091,-0.0939479625946099,-0.27076856572364949,-0.1310243936973636,-0.02093668350351563,-0.13722871420510624,0.056804895912502859,0.1546797395549889,0.12749019187766236,0.13342162037705196,0.072380796446118556,0.1045083080293964,0.22446181807691687,0.34225138311202707,0.29398445479693958,0.23673531609886098,0.20526283038289925,0.21178155144055685,0.23194642033841875,0.235556590060393,0.20078038175900778,0.15193286538124085,0.12381359338760375,0.05968103464692831,-0.036797829463870987,-0.12629238930013445,-0.19069527408906392,-0.22551646828651428,-0.24948722467972681,-0.26289508938789369,-0.065686342865228647
-0.064439139244231308,-0.092756154636542007,-0.14592357831341879,-0.1385446215669314,-0.1481704850281988,-0.16809044943915474,-0.16259308026896582,-0.19760629407902983,-0.18064927792932728,-0.13475387740135192,-0.19696344580987227,-0.18682991048341158,-0.03980796424403079,-0.005249182419902354,-0.012310008687583382,-0.010287547965301873,0.0059532021890239166,0.1774716376866165,0.27450317539874974,0.31350680406277,0.32220286957108146,0.26956927660027824,0.11966133390057132,0.024413789157904625,0.41057355311669452,0.34394982068435004,0.30151675438339059,0.29118944009145104,0.26776926591992378,0.24405458569526672,0.22414234876632691,0.19340473413467407,0.14243397489190102,0.087900091494832716,0.028139619156718254,-0.048148638382554051,-0.10941269649909093,-0.16375109610649255,-0.22171979248523713,-0.273512439802289,-0.13541719603041807,0.10581405460834503
-0.10740084615018633,-0.14220959469676017,-0.17627644538879395,-0.19972380382173202,-0.21274560012600638,-0.17158120316128397,-0.13767791648198219,-0.14069664234404072,-0.12789028150768117,-0.16284603984267623,-0.16545759912194877,-0.16937549238981203,-0.11426212509841095,-0.028934603635938944,-0.01155478044302489,0.048105366319928948,0.018963170256067956,0.13221822414593196,0.24145755599970106,0.319377414137125,0.34112151451408862,0.31834342760830808,0.29840224302920249,0.073332673724800415,0.239993393513842,0.32095958245918155,0.30203391523922191,0.27428683266043663,0.24812944792211056,0.22557657460371652,0.2133740559220314,0.19691276550292969,0.1452231245736281,0.079365897923707962,0.017221826904763777,-0.052572248503565788,-0.10747850546613336,-0.13182447652022045,-0.12029586955904961,-0.06198588096802788,0.059248780545133814,0.0764157350640744
-0.16185590873161951,-0.18827762641012669,-0.21487795561552048,-0.23757851259274918,-0.19231677510672146,-0.12589848995208741,-0.13440871080185504,-0.11232026030912119,-0.13600174257511732,-0.15492090795721328,-0.16478957133633751,-0.15807905324389426,-0.14071405952489829,-0.08797773238966021,-0.0445744801312685,-0.019626674459014674,0.038475111524389871,0.10073456535456886,0.18022566705942153,0.24492192369970409,0.25693012481811,0.23642044017712274,0.20897034857724164,0.18031861364841462,0.20935491736858122,0.22532088819303012,0.22664386965334415,0.23175372555851936,0.21548885355393091,0.20683088898658752,0.19521879901488623,0.19956536591053009,0.15426255549703324,0.073251790884468287,-0.00955691294405948,-0.078281902308974943,-0.18286674519379934,-0.21900872985521952,0.013673975165667278,0.19713559853179113,0.077090564121802652,0.014310953939067466
-0.18884255417755672,-0.20606784522533417,-0.2030227312019893,-0.1906195796198315,-0.10330815985798836,-0.05509650308106627,-0.15501832392285853,-0.16865209848792465,-0.11970618041232228,-0.18236984799955494,-0.16747317794770786,-0.14653987035092422,-0.16137721948325634,-0.091328864582838162,-0.037809058558195829,0.0383090040633908,0.092183895967900747,0.14860686177716537,0.21976784063923743,0.24797928680976231,0.25628966658279811,0.217567996846305,0.19392904325535423,0.18970746298631033,0.16759529071194784,0.16511902875370449,0.20688303453581675,0.20480194687843323,0.19901788234710693,0.20229838490486146,0.19164134313662848,0.17463465886456625,0.15011563258511679,0.090702633373439312,-0.029166725580580533,-0.13803578466176986,-0.23958111235073634,-0.22522566964228949,0.13591946421989373,0.11927935952941576,0.025714414892718196,-0.08244584567534427
