SouthSea_Web/demo/jsonfile/2017-12-15-02.json
{"header": {"parameterUnit":"m.s-1","parameterNumber":2,"dx":0.1,"dy":0.1,"parameterNumberName":"Eastward current","la1":29.0,"la2":12.0,"parameterCategory":2,"lo2":131.0,"nx":250,"ny":171,"refTime":"2017-12-15T01:58:07.5","lo1":106.0}, "data":
[rows 57 to 75 of 171, columns 84 to 125 of 250]
0.0,0.0,0.0,0.0,0.0,0.0,0.0,0.0,0.0,0.0,0.0,0.0,0.0,0.0,0.0,0.0,0.0,0.0,0.0,0.0,0.0,0.0,-0.12974141170137496,-0.25459659695250825,-0.05097010729339304,0.15149969374460559,0.21995048428123648,0.316969983649592,0.29389233077604937,0.17407352815071742,0.0076597178547938424,0.023958535978218187,0.10028788905490089,0.12235954733831542,0.16885594555309841,0.16562831930575833,0.10765301425837809,0.059234019741415976,0.014926001274943701,-0.072441630432472773,-0.16416457965970038,-0.20970705603108261
0.0,0.0,0.0,0.0,0.0,0.0,0.0,0.0,0.0,0.0,0.0,0.0,0.0,0.0,0.0,0.0,0.0,0.0,0.0,0.0,0.0,0.0,0.01609092480820519,0.108010279103404,0.18181533479786755,0.16794197454020896,0.18141128853806909,0.16995112597942352,0.15775209386652755,0.034936915093567222,-0.02830666020911719,0.010354698147897705,0.1102875227842367,0.16151438727974893,0.22793469348779091,0.23517256631301,0.19967048099407783,0.14834573009499796,0.14029022971434252,0.12491309945859636,0.077848530064026519,-0.0224552977259361
0.0,0.0,0.0,0.0,0.0,0.0,0.0,0.0,0.0,0.0,0.0,0.0,0.0,0.0,0.0,0.0,0.0,0.0,0.0,0.0,0.0,-0.020845128368819132,-0.0077068879148170641,0.12196233568506108,0.15032338337940082,0.1408505309711803,0.1091449894771284,0.075071457370844044,-0.026905854356746018,-0.065181257831322587,-0.079891735038748288,0.021659399893495343,0.13591234997979232,0.203883575797081,0.21936218664050103,0.21009360998868942,0.1866689288900012,0.16245143386450681,0.1905783298222915,0.180619934797287,0.20583809912204742,0.25039637143965121
0.0,0.0,0.0,0.0,0.0,0.0,0.0,0.0,0.0,0.0,0.0,0.0,0.0,0.0,0.0,0.0,0.0,0.0,0.0,0.021192353994896013,0.0,0.073599157234032944,0.096846860457932754,0.11484094653968457,0.080756006654925078,0.052607135018333792,0.03712220997747747,-0.02846805255006378,-0.15019266634452633,-0.13203067084153494,-0.13474804702503929,-0.069344974488818226,0.061016542655933231,0.131776448501193,0.1494726724922657,0.17289005612072192,0.21089471048778957,0.061133567890566259,0.02995310252946284,0.028897439567920041,0.09478209040274746,0.083651129296049481
0.0,0.0,0.0,0.0,0.0,0.0,0.0,0.0,0.0,-0.011026980460219025,0.0,0.0,-0.0309075173031408,-0.02035219722116987,0.0,0.0,0.0,0.0,0.0017657772348410867,0.054524288230009633,0.14385697467682454,0.15843285565249254,0.054631584470539736,-0.012023647831045781,-0.021411163185970212,-0.015838553101930303,-0.05351303777722425,-0.15662192067176831,-0.20728222280740738,-0.16767523821556207,-0.15561814744163444,-0.12338218361139297,-0.0377960785143924,0.060214755196984,0.17304273408192855,0.17385551906549013,0.18455156277526508,0.18050230003427714,-0.017315924167633057,-0.069188703410327429,-0.076814731738219663,-0.080872737569734454
0.0,0.0,-0.0258863246999681,-0.045854087383047026,-0.046614788435973636,0.0071574555308240246,-0.00449334720969605,-0.010383769260690704,0.00094500791974189125,-0.014545556194291168,-0.051656437165359774,-0.0044843570794910192,-0.037178595243243587,-0.016385473374202365,-0.012582670515985227,-0.088987240908094317,-0.05841266080263819,-0.028522187520138687,-0.044774200840255442,-0.039914133547184365,-0.040731846251919009,-0.071390351496153956,-0.10313553338658364,-0.11142937511205674,-0.12083960205316544,-0.14379756318198311,-0.18523004229949869,-0.23835596980320084,-0.21669475331499771,-0.19874806317590898,-0.1892886813040133,-0.14318654863607316,-0.12625722762416392,-0.055276304176206596,0.07916434365324676,0.12753135490823875,0.1672511859373613,0.1417757316182057,0.18132559955120087,0.20242899385365573,0.10992426212344851,0.011942956363782287
0.0,0.0041912925328317753,0.010028313291077546,-0.023934042843035509,0.0,0.035915763893313975,-0.0087687332466981991,-0.039268607347621581,-0.012725161367549207,-0.01524128360382364,0.018686951778991816,0.001230934618929909,-0.078108436123816863,-0.15311646983027458,-0.16938695166027173,-0.21186404589746818,-0.21777076865064687,-0.20538764773753651,-0.20762239148219427,-0.2195856279709883,-0.21824004804646527,-0.19825807864015752,-0.20573762439045251,-0.22315088469608158,-0.2331042792648077,-0.26125083017078315,-0.27855953438715503,-0.26344266782204312,-0.26336925038520026,-0.2615448227434447,-0.21432538502491438,-0.17820784520535243,-0.12174795987084508,-0.10948048780361812,-0.15333013087511063,-0.085220714521710761,0.059457623296313815,0.11393167273814066,0.044365904387086631,0.041041085910465985,0.044310502190556794,-0.048432668857276442
-0.019150767482766739,0.005677335649650072,-0.00570422454560236,0.0049001586716790778,0.0063203451360006185,-0.085219730958931317,-0.11195844007001075,-0.14276442887044391,-0.17078951656542443,-0.17969735350134303,-0.16939368953907422,-0.15340908118638635,-0.2443014655307115,-0.28760001928575579,-0.31506762348237582,-0.3370331201637,-0.36188890014664604,-0.39775934490290554,-0.40170863532183465,-0.385646426886843,-0.31940568956945625,-0.31167449277860149,-0.33417577707037632,-0.33880771726978071,-0.38502920329570772,-0.3992683741511131,-0.35118244723840192,-0.30313814770091663,-0.2830592425245988,-0.2573816498948468,-0.21575756818056108,-0.1494340943172574,-0.15944920082887013,-0.16044167003461293,-0.18478096276521683,-0.16998553063188279,-0.19106427766382694,-0.13323900124265087,-0.15950851990944809,-0.20732178219727107,-0.25944217613765169,-0.34898653413568226
-0.062343304071810129,-0.03454326942309207,-0.030962591114323482,-0.031770642132176237,-0.035206430232506629,-0.15200004642276621,-0.20452967771264011,-0.26250488743666678,-0.29636960605095175,-0.33239360936617446,-0.35437365420280942,-0.33710310958764134,-0.34854512072321192,-0.37413370376452804,-0.412354514255362,-0.48093175888061523,-0.55485487480958307,-0.6228805167807473,-0.602438030459664,-0.58533252640203992,-0.52206791579723355,-0.50878178679718167,-0.4803104308935312,-0.45367698568218157,-0.42103333550470845,-0.34473609675963718,-0.33871285237518012,-0.30527248947570723,-0.25212422079510161,-0.2173540084199472,-0.2016628859564662,-0.18050740372676116,-0.20185718134693478,-0.27609102157029236,-0.24912026897072792,-0.23283482449395315,-0.2744042511497225,-0.28373319904009503,-0.323493167757988,-0.36141213774681091,-0.39039426445961,-0.4104015316282
-0.10034814264065932,-0.035420049812107189,-0.042887628612288474,-0.096572743735315519,-0.1677362224267375,-0.22258628222901941,-0.28174535085757574,-0.33777052495214677,-0.40882867793826494,-0.52310851169010952,-0.58776484121536388,-0.57663755168517428,-0.54655378768520968,-0.49698083767524132,-0.53876854427929577,-0.604171038757671,-0.722552462418874,-0.66943459319216869,-0.64627084577525107,-0.62907351580533111,-0.60084851845255438,-0.55981055210376607,-0.51501693386657565,-0.48538312659813809,-0.44857923718208964,-0.39111135443862605,-0.37902830021325934,-0.34187607668541575,-0.31900819983237827,-0.32088726673807416,-0.30207170971802305,-0.29672819172794168,-0.30495440380440819,-0.30977007214512142,-0.33909317851066589,-0.36365804076194763,-0.3755197785794735,-0.40021522556032452,-0.37265904034887043,-0.34588402509689331,-0.28359158833821613,-0.28585253655910492
-0.094827325476231378,-0.1898165955658882,-0.18576026166027243,-0.18038853696163962,-0.25882259087037229,-0.30112122945369235,-0.38697393667899954,-0.46148437509934109,-0.55938487475918186,-0.56004320011764275,-0.53746556192636485,-0.56424814462661743,-0.62755039384809586,-0.59692876253809246,-0.62615336938337851,-0.66909900749171225,-0.659690593679746,-0.5902312744636925,-0.59047011228708124,-0.554567170493743,-0.536491398908654,-0.50729540132340933,-0.50900925596555069,-0.50229294559894466,-0.49207828321108005,-0.472910932132176,-0.45624934091712488,-0.42394994092839106,-0.399456815373513,-0.36780842074326109,-0.34568850112997968,-0.34453023905339447,-0.36201933026313782,-0.38718646168708803,-0.40705028634804946,-0.43506662050882977,-0.40521613260110217,-0.366749632358551,-0.29566003878911334,-0.24920271337032318,-0.20616897302014486,-0.16543225347995758
-0.23845950564419902,-0.25936776650957316,-0.257598202675581,-0.26858512763724185,-0.37411128350945771,-0.47829496225372692,-0.50794026947447235,-0.52008567573660514,-0.48581487933794659,-0.49719052682531639,-0.53779889742533371,-0.51577307315582921,-0.49348134609560174,-0.4986887294418958,-0.48210403893856291,-0.43321538716554642,-0.33475240096449854,-0.32275551557540894,-0.36315969277072596,-0.3554217687674931,-0.37010354066596313,-0.39345961064100266,-0.38138542771339418,-0.41700627767678461,-0.42425173095294405,-0.42793135293598833,-0.40606231135981424,-0.38859637357570509,-0.36704380384513308,-0.3313494548201561,-0.31184355914592743,-0.27896149396896364,-0.28126765131950376,-0.30821901795111206,-0.34943160873193008,-0.36557294021953235,-0.31858658790588379,-0.271963113120624,-0.21670952770445082,-0.13420210385811515,-0.025816772753993671,-0.052436569007113576
-0.286660236541671,-0.35615810473759968,-0.36772408295008874,-0.34040907734916326,-0.37702370633681614,-0.36653692680492733,-0.45143796042962508,-0.5197139388841131,-0.5419367371421111,-0.53834945211807883,-0.53127182704029663,-0.53296384401619434,-0.50648238460222883,-0.48474249243736267,-0.4482988913853963,-0.37523691675492693,-0.31844510292184763,-0.28747051954269409,-0.26070104486175943,-0.27934093081525396,-0.26672143276248661,-0.25695963842528208,-0.28457190813841643,-0.3307534548743018,-0.3545808419585228,-0.36046144308952183,-0.35499451999311094,-0.38184464496114978,-0.34912173725940565,-0.27607727671662968,-0.27258619379538757,-0.21814494983603558,-0.15507355616206214,-0.29615674250655705,-0.47403750700109143,-0.46811017394065857,-0.2874213730295499,-0.18509801042576632,-0.048974284521219408,0.084028304639187729,0.17813651263713837,0.20528380359922135
-0.28710170487562814,-0.37264768086688621,-0.44128775452413865,-0.4186922234707865,-0.36203745825617922,-0.31882591510927955,-0.297735704517946,-0.34903983920812609,-0.38652417015644813,-0.40910899852003368,-0.40653669118881225,-0.38521972183997816,-0.39673632935241415,-0.377858511530436,-0.30141960501670839,-0.27681389107153964,-0.25719208802495686,-0.21951153931709436,-0.19081318005919457,-0.1807140867624964,-0.16913476751910317,-0.12761267618491098,-0.10031022747548726,-0.11918294601715528,-0.14838938561401197,-0.2191444757309827,-0.28031105282051222,-0.3133278489112854,-0.27489064404597652,-0.21107463927372641,-0.17013265127721039,-0.17788780853152275,-0.16283770544188364,-0.41992909500473424,-0.52335331269672936,-0.29827977071205775,-0.14058955293148756,-0.091859406003585234,-0.034240707883145663,0.079659766828020409,0.20872135957082114,0.30344686905543011
-0.24096209010971126,-0.2532043608446275,-0.35648955164417145,-0.43328370632869856,-0.42620057232525882,-0.38050146613802227,-0.3166756543420976,-0.24753788334351998,-0.19495465916891894,-0.15808177280884522,-0.14499649462791589,-0.1736653822545822,-0.24650698687349046,-0.23157263203309134,-0.18828289849417551,-0.19569358573510096,-0.23492626190185548,-0.27938061747057685,-0.27022435843944548,-0.23351885218705451,-0.18788788680519378,-0.13969181823943341,-0.093302603411887369,-0.080497816975774433,-0.086607873173696656,-0.20056191721448191,-0.25519720492539583,-0.12328061839151713,0.0036023988818319943,-0.022909753015954739,-0.20694282176819714,-0.24428494509897733,-0.16592391776411156,-0.20498737196127573,-0.25430653594872532,-0.12105116007082603,-0.044254241846775746,-0.03240281327529565,-0.0024093710843854669,0.0976739339530468,0.24684248417615889,0.36280718743801116
-0.22013340145349503,-0.20941715755245902,-0.20647489875555039,-0.26635230408639327,-0.32556074972336108,-0.3474436613821214,-0.33606355809248412,-0.30605696141719818,-0.24515523402779191,-0.18228629231452942,-0.12343299720022413,-0.076221443712711334,-0.07396700014841967,-0.099679148489875455,-0.14529176748224668,-0.17517349390046938,-0.25268514206012088,-0.35813076228931034,-0.27722035149733226,-0.20574724365924968,-0.17796663780297553,-0.10658670846217623,-0.080580519884824758,-0.13775875193199941,-0.21404548102256024,-0.2718934475311211,-0.229333552307096,-0.1021462001663167,0.025864701377801023,-0.052636129747110384,-0.076831929152831435,-0.14088442921638489,-0.0648599990721171,-0.005842861408988635,-0.015499122918730504,-0.031101430591661483,0.029723473044577987,0.059660781472921372,0.099493007598952812,0.14020062377676368,0.22509171297917,0.29368444118234849
-0.29778915744716838,-0.24723060631145866,-0.19830364485581717,-0.14937447983285654,-0.12123104504176549,-0.15086995677224227,-0.17759561569740376,-0.19974083812148483,-0.18111231151436055,-0.12067262966323782,-0.087415619718807722,-0.056574870617343828,-0.046331619644271474,-0.048470213743192811,-0.12493380724356093,-0.24118080158387462,-0.40304566611503734,-0.35553178552425269,-0.32640700042247772,-0.24326026001397302,-0.09022584643389564,-0.08863190234335365,-0.21776780975716456,-0.29157930206168781,-0.24655918238891494,-0.25200388919223438,-0.18113979697227478,-0.079772316094022244,-0.08180393065438317,-0.17679945206535713,-0.17508969296302115,-0.082559474885625678,0.066215986831356655,0.096898542886430572,0.077375618120034531,0.044820798560976982,0.055212366793836863,0.068575973063707357,0.098526622727513308,0.1694260835647583,0.20836770782868067,0.19454283714294435
-0.29143990914929996,-0.29780043937541822,-0.28542561084032059,-0.2304687910788768,-0.1657346747815609,-0.12465908646583557,-0.090307621092631893,-0.081291719184567526,-0.051356064298978217,-0.075315759137824734,-0.11694997907788665,-0.1399834461767098,-0.15813516958483628,-0.10882989677690691,-0.16219955881436665,-0.3392983574059702,-0.36569271702319384,-0.44169169167677563,-0.31721756313786365,-0.13624890655693081,-0.1500439940330883,-0.28997365777429779,-0.41100816726684569,-0.34604556676818105,-0.30708958812662074,-0.27177494473573638,-0.21132130113740763,-0.10137185465325327,-0.14903981545392206,-0.31684275639468223,-0.29864529751498126,-0.11852058512643755,-0.0014449950928489368,0.0041435646032914521,-0.012513730397802732,0.022347385252360255,0.018650882201091873,0.063184173628687862,0.12181736528873444,0.16650736232598623,0.15249681358154005,0.077798203734511684
-0.21542483526799414,-0.23007778119709757,-0.2326045102543301,-0.21714628438154857,-0.17293866595317578,-0.130214564204216,-0.10119947551616601,-0.052338752299547195,-0.05201371293514967,-0.11935539764386637,-0.19774641956274325,-0.21478011587570453,-0.17452988485174795,-0.12679185369051993,-0.23512205649768153,-0.25093087809426445,-0.38523895045121509,-0.2910144221037626,-0.10749560604831675,-0.059116438652078308,-0.24882526314535805,-0.38456269039048091,-0.38269439887027351,-0.32833388759646304,-0.26008767618777906,-0.15512857095260793,-0.031286178273148835,0.0060372621746642924,-0.270480775551216,-0.36909140827077808,-0.30301460046922007,-0.17584275001926081,-0.11968505181945287,-0.052123803331946522,0.019124525931796858,0.051204147325320679,0.032496256762425658,0.057385950814932585,0.11940346024930477,0.14085137844085693,0.059940271366101042,-0.097766063430092545
