SouthSea_Web/demo/jsonfile/2017-12-15-17.json
{"header": {"parameterUnit":"m.s-1","parameterNumber":3,"dx":0.1,"dy":0.1,"parameterNumberName":"Northward current","la1":29.0,"la2":12.0,"parameterCategory":2,"lo2":131.0,"nx":250,"ny":171,"refTime":"2017-12-15T16:58:07.5","lo1":106.0}, "data":
[rows 133 to 151 of 171, columns 43 to 85 of 250]
-0.19504653343132564,-0.16749921813607216,-0.14995724260807036,-0.091028014996222081,-0.029024804010987282,-0.057420691136609421,-0.11257345695048571,-0.049638371781579087,0.026118987890089207,-0.017739850337499245,0.011743288295568501,-0.01286558270382529,-0.051067168451845647,-0.0043900756860047723,0.054319233045374095,0.13182928040623665,0.17515622040158824,0.19157506590304169,0.20928983704039925,0.247463346272707,0.26522302715217366,0.24122625403106213,0.25584837347269057,0.23449134164386326,0.22727010957896709,0.20445694215595722,0.22471186270316443,0.24190964301427206,0.26722607016563416,0.265963743130366,0.26329920973096577,0.227670485774676,0.19277945160865784,0.076774491841206327,-0.086580703966319561,-0.12109774225557755,0.11196296762388486,0.35843353824956076,0.23471660353243351,0.071406887595852217,-0.043860190637552969,0.035246494109742343,0.02131732875880386
-0.25516884880406515,-0.21288760254780451,-0.15743464976549149,-0.13914846841778075,-0.096833158284425735,-0.078761112689971921,-0.071385014057159427,-0.0025917429593391716,0.037168255648933925,0.010615430745383491,-0.018869829771574587,-0.071492376737296581,-0.079636748541485183,0.0060615129052446438,0.085384671110659838,0.14834913324851257,0.17006199806928635,0.17139187242303575,0.16519572238127392,0.17907434304555256,0.18899049659570058,0.16962350573804644,0.19887890749507481,0.2126316534621375,0.2132758413042341,0.21211140751838684,0.25079052150249481,0.28087951739629108,0.29856521487236021,0.30609212815761566,0.29057684242725373,0.24480291136673518,0.18634897576911108,0.10043532802508427,0.068705467650523558,0.057626627404325906,0.21158519263068834,0.27488329708576204,0.15659574331948534,-0.1013033256999084,0.16496684452119684,0.39636044949293137,0.41832101742426553
-0.336368590593338,-0.27938838303089142,-0.22887728214263917,-0.21264823153614998,-0.15085610747337341,-0.10160262696444988,-0.056190506865580879,-0.017272102650167653,-0.021211696832324378,-0.050317004090175033,-0.071334894374012942,-0.098801057785749435,-0.075158487260341647,0.024256545677781106,0.11791385275622209,0.16319015351208774,0.1553815413605083,0.13655470197017378,0.12645239465766484,0.12259826267307455,0.1288443903128306,0.12841959049304327,0.15140214562416077,0.16326447327931723,0.18258036114275456,0.21279318928718566,0.25233085751533507,0.28881639838218687,0.30360728998978931,0.33221292495727539,0.32234959091459003,0.28840387198660111,0.24501404994063908,0.2103857547044754,0.21182881047328314,0.22989366416420257,0.208830186549355,0.13650569606285828,0.10324607989085573,0.037047412851825355,0.37768604159355162,0.48801179726918537,0.4589408062971555
-0.34428931027650833,-0.30308441519737245,-0.28917483985424042,-0.24038567394018173,-0.15967123806476594,-0.089851908385753632,-0.058386117219924927,-0.062206939328461885,-0.084111469984054568,-0.10064758826047182,-0.11249282293849522,-0.10487391892820597,-0.048103154740399785,0.047904618705312409,0.10211111605167389,0.12196516990661621,0.1270892895758152,0.13180301648875079,0.12649356573820114,0.10662402678281069,0.10127569238344829,0.09699646383523941,0.11135387606918812,0.14918677210807801,0.18435385397502355,0.204685240983963,0.2283467607838767,0.26419216394424438,0.30998461941878,0.35170633097489673,0.34113343272890362,0.32586499197142466,0.30181832611560822,0.27344632013277576,0.26498184104760486,0.27291541794935864,0.27899304032325745,0.26147567729155224,0.25443718369518009,0.28301414226492244,0.425764907683645,0.44955611228942871,0.42020094394683838
-0.32266611357529956,-0.29819359098161968,-0.29296194016933441,-0.22174684107303619,-0.14015036262571812,-0.10034961104393006,-0.072753808860267916,-0.099483206868171692,-0.12327008992433548,-0.14144114870578051,-0.13149193953722715,-0.076759373562203512,-0.022043872233056885,0.024745133912397757,0.044426720589399338,0.067086940365178246,0.07708135795067339,0.10596684242288272,0.10798583179712296,0.096747098224503655,0.084359210915863514,0.0791621742149194,0.10008215655883153,0.13859561085700989,0.18243372440338135,0.20734535902738571,0.2322511464357376,0.25646346310774487,0.30417632063229877,0.33616302410761517,0.34508914606911795,0.34110639350754873,0.33276683588822681,0.31734703108668327,0.30880023539066315,0.306333988904953,0.29669274176870075,0.278721708804369,0.27275662620862323,0.32039221624533337,0.36823408603668212,0.38641803179468426,0.3796028196811676
-0.30295033256212872,-0.2894422709941864,-0.26750852167606354,-0.20088627561926842,-0.13337896888454756,-0.092005460212628051,-0.091924719512462616,-0.12171021352211635,-0.15420094558170863,-0.17483571171760559,-0.14352498735700334,-0.096961138149102524,-0.058031196147203444,-0.017842862735657643,0.0277823389818271,0.030847080362339813,0.058311609441743177,0.088390424847602844,0.0966956006983916,0.092117621563375,0.080933811763922378,0.090759720653295517,0.1134269367903471,0.14990291850907461,0.19590229044357935,0.22561213076114656,0.24494111041227976,0.26255609989166262,0.2877910375595093,0.3262093109743936,0.34106091161568958,0.34262429390634808,0.32724591096242267,0.31482529143492383,0.31874174873034161,0.33080855607986448,0.31961154441038769,0.30272170901298523,0.29518520832061768,0.30878105262915295,0.33665136098861692,0.35053131729364395,0.35821949690580368
-0.32840225845575333,-0.29265269637107849,-0.252723087867101,-0.18531470994154611,-0.12404445682962735,-0.099310735861460372,-0.11135369688272476,-0.14581326075962611,-0.19158512353897095,-0.2030708615978559,-0.19075884137834823,-0.14226948469877243,-0.063975199311971667,-0.0056327559810597453,0.02128972572972998,0.025706061045639217,0.038029499817639589,0.075894872844219211,0.10975430243545109,0.11883615143597126,0.11648376937955618,0.11935506612062455,0.13377037458121777,0.16915722377598286,0.20284874737262726,0.22580936763967788,0.2425769716501236,0.25379095474878949,0.28505393366018933,0.31118503808975218,0.31653892497221631,0.3229299932718277,0.3286923408508301,0.33169733881950381,0.336542750398318,0.32720601061979931,0.31498720496892929,0.30556026101112366,0.2979336753487587,0.2974669833978017,0.30385807156562805,0.31201866269111633,0.32657529413700104
-0.34197319547335309,-0.29110954701900482,-0.23522864580154418,-0.17112492620944977,-0.12532709663112959,-0.10728198289871216,-0.11841585700001035,-0.15724112838506699,-0.20724796950817109,-0.24104062281548977,-0.23662780225276947,-0.17576074387345994,-0.074730634896291628,-0.0027796338545158505,0.018997642531758174,0.0402214479399845,0.0719040386378765,0.12003705712656181,0.1450583098663224,0.14742658734321595,0.16440686335166296,0.16452353075146675,0.16371549665927887,0.18895379304885865,0.20489634076754251,0.21809637546539307,0.23912737021843591,0.25605512037873268,0.2782675102353096,0.29990299046039581,0.30015550255775453,0.31268706917762756,0.32884256541728973,0.32621180266141891,0.31823382377624509,0.30083979964256286,0.2979777529835701,0.28760811686515808,0.27708869427442551,0.27133995294570923,0.27067052324612934,0.290279820561409,0.30116065343221027
-0.3548877164721489,-0.28473403553167981,-0.18460937738418579,-0.14209637641906739,-0.11844921981294949,-0.0957366719841957,-0.10935787732402484,-0.16103566331522806,-0.21797302862008414,-0.25787384249269962,-0.24993514517943063,-0.19128023274242878,-0.10731250296036403,-0.028808225737884642,0.044998012483119965,0.092591935396194452,0.13630375348859364,0.17344584129750729,0.18013046868145466,0.19048221835068294,0.19272051192820072,0.19323665276169777,0.19996739029884339,0.21550304194291434,0.23327386006712914,0.24408923983573913,0.27180532217025755,0.28285590807596844,0.29617039561271669,0.3205058157444,0.310704106092453,0.31050285100936892,0.30665401369333267,0.30230157971382143,0.29714505672454833,0.28979136049747467,0.2861101567745209,0.27094274014234543,0.25629884004592896,0.24693978577852249,0.24480418115854263,0.26557968556880951,0.26670178771018982
-0.35356552004814146,-0.24620644748210907,-0.16815545782446861,-0.1440831482410431,-0.11973133559028308,-0.10236312661852155,-0.12283709113086973,-0.16830585151910782,-0.21897373497486114,-0.25838622876576017,-0.23623047520716986,-0.19429024557272592,-0.13531902432441711,-0.037669802808927164,0.045947538481818304,0.10411457610981804,0.17187860608100891,0.20296342074871063,0.24049857471670424,0.24972845188208989,0.24342902898788452,0.24208220243453979,0.21528543957642146,0.21686205764611563,0.25107384026050567,0.26847971479098004,0.28354042023420334,0.31057905405759811,0.319028173883756,0.32891125977039337,0.31812850385904312,0.3060520112514496,0.30166938304901125,0.29621274769306183,0.29308918118476868,0.2924311061700185,0.28375661373138428,0.25527555247147876,0.2359622468551,0.22769026954968771,0.23023230582475662,0.23754274348417917,0.24919300526380539
-0.31607649326324461,-0.23291415721178055,-0.1754572962721189,-0.16112892925739289,-0.14302567640940347,-0.14564621448516846,-0.1622098982334137,-0.18268342316150665,-0.21123600999514261,-0.21030284762382506,-0.19586442410945892,-0.14003858502422059,-0.083543187805584493,-0.0053327221423387526,0.04091617868592342,0.10130579450300761,0.1704494021832943,0.23127695918083191,0.29149346692221506,0.33283194154500961,0.33004922668139142,0.31704585750897724,0.27786810696125031,0.26651738956570625,0.27768878638744354,0.26889062523841856,0.27348613739013672,0.30370809634526569,0.31295835971832275,0.31922181695699692,0.31544243792692822,0.30373162031173706,0.3026566207408905,0.30095949023962021,0.29409629106521606,0.28642254074414569,0.2694338858127594,0.22765547409653664,0.205880206823349,0.20892233401536942,0.21611063927412033,0.21097415685653687,0.22014455000559488
-0.33434280157089236,-0.25565075874328613,-0.20335663110017777,-0.17962442710995674,-0.19107452283302942,-0.19267482062180838,-0.18496133089065553,-0.18592041134834289,-0.18157947063446045,-0.16857117166121802,-0.11475377654035886,-0.071975541301071644,-0.031543331143135823,0.0093744015321135521,0.075374644249677658,0.13621560670435429,0.19877228637536368,0.27180377393960953,0.33463093638420105,0.38608871400356293,0.38498521347840625,0.33658333619435626,0.3128264918923378,0.29803988337516785,0.28574492037296295,0.26683289557695389,0.26751828193664551,0.28294195979833603,0.29115736484527588,0.29572544246912,0.29715914527575177,0.28764466444651288,0.29583334426085156,0.30164334923028946,0.29244300723075867,0.27475746472676593,0.24502155780792237,0.19780780747532845,0.17778804898262024,0.18297629803419113,0.1872003898024559,0.18670292695363364,0.1830144077539444
-0.36492837965488434,-0.29290054241816205,-0.23926802972952524,-0.2206148679057757,-0.24232562879721323,-0.23280892201832362,-0.20820793509483337,-0.19011824950575829,-0.15784967690706253,-0.12350416928529739,-0.084167558699846268,-0.039903994028766952,0.0079409931553527709,0.05615584459155798,0.11059337258338928,0.15903020799160003,0.23242628574371338,0.29948873519897462,0.36066365242004395,0.40792889893054962,0.39634004235267639,0.36470809578895569,0.3478882133960724,0.3270236998796463,0.31019075214862823,0.28640262285868329,0.27491118907928469,0.27139409631490707,0.27206168572107953,0.26691541820764542,0.26395892202854154,0.26051663607358932,0.27893674373626709,0.28420453270276386,0.277546651661396,0.24409185349941254,0.21792595461010933,0.17631774395704269,0.15341010689735413,0.1489162395397822,0.15570617467164993,0.16356497009595236,0.16288766264915466
-0.38100516299406689,-0.30233385562896731,-0.26227755546569825,-0.25889151096343993,-0.27144418656826019,-0.25475480159123737,-0.21786780655384064,-0.17357974747816721,-0.13487806469202041,-0.078910762444138527,-0.045209416653960943,0.011180013495807847,0.053088204314311348,0.0862756259739399,0.13145309127867222,0.18803981691598892,0.2463637799024582,0.30186698834101361,0.36069668829441071,0.38237088918685913,0.3792813181877136,0.37999463826417923,0.37189409136772156,0.347456656396389,0.31925294399261472,0.2977704882621765,0.27978118509054184,0.26710792382558185,0.25761714875698088,0.24869604408740997,0.24289601047833762,0.25577158729235333,0.2768781880537669,0.27342090606689451,0.25801236927509308,0.23499637469649315,0.20560489222407341,0.18145706132054329,0.15292664766311645,0.14356878399848938,0.14659436543782553,0.15593637526035309,0.16218691319227219
-0.37138382345438004,-0.30358772476514179,-0.29684481024742126,-0.29845054944356281,-0.28843980176108225,-0.26230062171816826,-0.21787967160344124,-0.16180271903673807,-0.10831268727779389,-0.054153685458004475,0.0033735511591657997,0.055821318179368973,0.0852281004190445,0.10019107721745968,0.12348673194646835,0.18652787432074547,0.24952045828104019,0.29966233670711517,0.35264716049035388,0.36350260178248089,0.36497092247009277,0.36470533410708111,0.35502460598945618,0.3340955451130867,0.30828615029652912,0.28816394011179608,0.27441507577896118,0.26156874299049376,0.25050122539202374,0.24645538255572319,0.24982096999883652,0.274337075650692,0.29047171026468277,0.28108058869838715,0.25786292056242627,0.25552184879779816,0.23736254125833511,0.20911484956741333,0.17418543001015982,0.13961479067802429,0.1652471199631691,0.17180938273668289,0.18023794144392014
-0.38050161004066468,-0.33666348457336426,-0.32534332573413849,-0.32295707464218137,-0.30464255809783936,-0.26103292405605316,-0.2019917368888855,-0.13511102832853794,-0.08603624626994133,-0.018606788636437461,0.02363160194363445,0.064614253739515945,0.097794525325298309,0.12101990481217702,0.1631251722574234,0.22444123625755311,0.28634948730468751,0.32923354208469391,0.34906474749247235,0.35273549556732176,0.34863778948783875,0.34357972145080568,0.32749180495738983,0.30445085465908051,0.27680286169052126,0.26186467409133912,0.25244296093781787,0.23599785566329956,0.23246095577875772,0.24274857938289643,0.28147734204928082,0.31432974338531494,0.31189416845639545,0.30481312672297162,0.28771506249904633,0.27491198480129242,0.25059355795383453,0.22714458405971527,0.19611494739850363,0.1716449111700058,0.1788710430264473,0.19336403161287308,0.20461724698543549
-0.39246628880500795,-0.37269869446754456,-0.36956817507743833,-0.35300996303558352,-0.32540987432003021,-0.25126630961894991,-0.16413930431008339,-0.10193280130624771,-0.04550556093454361,-0.003121707821264863,0.040831399615854025,0.065096201375126839,0.094594882801175117,0.14163178503513335,0.19278790056705475,0.24453683694203696,0.30098940928777057,0.34123601764440536,0.35687830299139023,0.36033182591199875,0.35295795400937396,0.33648037910461426,0.31126780509948732,0.2863098531961441,0.26295047998428345,0.23690633475780487,0.22649598121643066,0.21940701305866242,0.23344313353300095,0.2595532089471817,0.30599412322044373,0.32488158345222473,0.32944457729657489,0.32416936755180359,0.30625723799069721,0.27821894486745197,0.24277165532112122,0.21777741611003876,0.19582389295101166,0.18125995000203451,0.18569968640804291,0.20730459690093994,0.22816231846809387
-0.39688466489315033,-0.40496810674667361,-0.41280613094568253,-0.4002356231212616,-0.33049003779888153,-0.25141750027736026,-0.16928068697452545,-0.085625337436795235,-0.022632654969735693,0.036206506192684174,0.063133817166090012,0.093061136702696487,0.13403543829917908,0.16016135116418204,0.19261621932188669,0.230241347104311,0.28385763764381411,0.34077752381563187,0.36668284734090167,0.37601539492607117,0.36458504199981689,0.34668474396069843,0.32034929096698761,0.28821733593940735,0.25946952700614928,0.242652777582407,0.23218103746573129,0.24845698177814485,0.26190974935889244,0.29066596428553265,0.30696035176515579,0.31266355514526367,0.32455201745033263,0.31236639618873596,0.29760410388310748,0.26275819912552834,0.22587459534406662,0.19885522872209549,0.17882025986909866,0.17682177821795145,0.19773393124341965,0.20738320052623749,0.23543433099985123
-0.44299993415673572,-0.441729669769605,-0.44634248316287994,-0.42758207768201828,-0.3602798104286194,-0.28272766619920731,-0.18719381466507912,-0.07865744605660438,0.0027033782874544463,0.053084192176659904,0.097763468821843461,0.14177600294351578,0.16395454481244087,0.19275930821895598,0.20808744803071022,0.23420032858848572,0.27209362387657166,0.33352824300527573,0.36946730315685272,0.38204999566078185,0.37940197189648944,0.36939119547605515,0.34437398115793866,0.32272890210151672,0.29230385025342304,0.27099784215291339,0.27768006324768069,0.29717098673184711,0.30900423973798752,0.30655056238174438,0.30357310771942136,0.30227385958035785,0.30409982800483704,0.29237441221872967,0.27921211719512939,0.232939675450325,0.20926395803689957,0.15741583704948425,0.158050075173378,0.17513947188854218,0.20752543210983276,0.23108263313770294,0.26123294234275818
