SouthSea_Web/demo/jsonfile/2017-12-15-08.json
{"header": {"parameterUnit":"m.s-1","parameterNumber":3,"dx":0.1,"dy":0.1,"parameterNumberName":"Northward current","la1":29.0,"la2":12.0,"parameterCategory":2,"lo2":131.0,"nx":250,"ny":171,"refTime":"2017-12-15T07:58:07.5","lo1":106.0}, "data":
[rows 152 to 170 of 171, columns 86 to 128 of 250]
0.10027758280436198,0.083425275981426239,0.092182345688343048,0.089063219726085663,0.11378456652164459,0.1363816112279892,0.16831876337528229,0.15845935791730881,0.1765553206205368,0.19663634896278381,0.22383313626050949,0.24833641946315765,0.28041131794452667,0.309972882270813,0.33572006225585938,0.31688606739044189,0.32203307747840881,0.31738638877868652,0.28501054644584656,0.23916633427143097,0.21181787550449371,0.14966851472854614,0.0,0.038359135389328,-0.060793360695242882,0.0,-0.13990426063537598,-0.16387061774730682,-0.16310006380081177,-0.15818627178668976,-0.1442805752158165,-0.13479284942150116,-0.12060827389359474,-0.10663175582885742,-0.096284858882427216,-0.086589425802230835,-0.0783219188451767,-0.05909327045083046,-0.047207729890942574,-0.0457867868244648,-0.04046633280813694,-0.0421995185315609,-0.04330244784553846
0.086370497941970825,0.062412872910499573,0.043725311756134033,0.0515294075012207,0.075522683560848236,0.086831636726856232,0.10992833971977234,0.0,0.12928032130002976,0.13804151117801666,0.19429033994674683,0.23410244286060333,0.24979561567306519,0.2842596173286438,0.3214968740940094,0.33473014831542969,0.0,0.304986834526062,0.266734778881073,0.24712042510509491,0.18073081225156784,0.11100722104310989,0.058909904211759567,-0.015498214401304722,0.0,-0.11920326948165894,-0.18844878673553467,0.0,-0.20968034863471985,-0.18706721067428589,-0.16264674067497253,-0.15328694880008698,-0.14158584177494049,-0.12783360481262207,-0.12512679025530815,-0.12083359807729721,-0.099060624837875366,-0.076376695185899734,-0.067966572940349579,-0.0748756043612957,-0.078688494861125946,-0.078015651553869247,-0.0929931824405988
0.07324751652777195,0.059333415701985359,0.033080235123634338,0.011839759186841548,-0.0055682179518043995,0.026556218974292278,0.061267733573913574,0.067699261009693146,0.11829684674739838,0.0,0.15652518719434738,0.20496751368045807,0.0,0.2760356217622757,0.29638788104057312,0.32140111923217773,0.33208873867988586,0.0,0.30176857113838196,0.23710717260837555,0.0,0.10788975283503532,0.020492134615778923,-0.059694729745388031,-0.12960860133171082,-0.17188706994056702,-0.20065154135227203,-0.22101181745529175,-0.2184441015124321,0.0,-0.18459921330213547,-0.16990663111209869,-0.16612327098846436,0.0,-0.16735854744911194,-0.14659370481967926,-0.13237439841032028,-0.11875737085938454,-0.12238640338182449,-0.12237838283181191,-0.12801725789904594,-0.12310204654932022,-0.14077175408601761
0.087204985320568085,0.022789374925196171,0.0,-0.016320616006851196,-0.027803428471088409,-0.034427690785378218,-0.022381771355867386,0.02948064636439085,0.070510171353816986,0.11029873043298721,0.17987339198589325,0.0,0.23035190254449844,0.27321487665176392,0.0,0.32133889198303223,0.32169094681739807,0.3253173828125,0.28865690529346466,0.0,0.19511750340461731,0.041373498737812042,0.0,-0.091398291289806366,-0.18301616609096527,-0.19091977179050446,-0.24928686022758484,-0.26263695955276489,-0.24958112835884094,-0.21088285744190216,-0.18822970986366272,0.0,-0.18333511054515839,-0.19126544147729874,-0.19765110313892365,0.0,-0.1792779341340065,-0.16899101436138153,-0.16992071270942688,-0.18110309541225433,-0.17433673143386841,-0.18347630649805069,-0.16222265362739563
0.047403061762452126,0.0,-0.021704576909542084,-0.069143829867243767,-0.085478469729423523,0.0,-0.049447093158960342,-0.02427163596439641,0.031477291136980057,0.096648596227169037,0.15170080959796906,0.19125714898109436,0.24900944530963898,0.0,0.28664290904998779,0.313456654548645,0.0,0.30312527716159821,0.27045142650604248,0.24442797899246216,0.15447069704532623,0.0,0.00895138643682003,-0.14008589088916779,0.0,-0.21595515310764313,-0.27576211094856262,-0.26181817054748535,-0.26210534572601318,-0.23798075318336487,-0.21362294256687164,-0.20020520687103272,-0.21022608876228333,-0.22753851115703583,-0.22322386503219605,-0.2147664800286293,-0.22678279876708984,-0.23095010221004486,-0.22128035128116608,-0.21292808651924133,-0.21548227220773697,-0.21345049142837524,-0.20643017441034317
0.02409271989017725,-0.02366572804749012,-0.056183025240898132,0.0,-0.10449142754077911,-0.10053391009569168,-0.074944958090782166,0.0,-0.0058052972890436649,0.074805960059165955,0.11281801760196686,0.16986081004142761,0.21897484362125397,0.23565597832202911,0.28632938861846924,0.0,0.30406861007213593,0.27912935614585876,0.0,0.22797657549381256,0.1618250347673893,0.081072106957435608,-0.030016262084245682,-0.025367660447955132,-0.1311008632183075,-0.21029879152774811,0.0,-0.25355783104896545,-0.24340403079986572,-0.23435491323471069,-0.22643415629863739,-0.220797598361969,-0.2347683310508728,-0.24410431087017059,0.0,-0.25866812467575073,-0.25877506285905838,-0.26225745677948,-0.26726916432380676,-0.2550903856754303,-0.22730422019958496,-0.228077694773674,-0.23349756747484207
-0.029593117535114288,-0.060889650136232376,-0.10283941775560379,-0.13047617301344872,-0.14946885406970978,-0.1152377724647522,0.0,-0.068397551774978638,0.025648867711424828,0.0,0.062301136553287506,0.13058397173881531,0.0,0.18912103027105331,0.24272733926773071,0.24780578911304474,0.0,0.29107335209846497,0.26736944913864136,0.19563841819763184,0.0,0.078967474400997162,0.0073359962552785873,-0.033228781074285507,-0.13612344861030579,-0.12284162640571594,-0.19196976721286774,0.0,-0.2016097903251648,-0.21761259436607361,-0.20069561898708344,-0.22630316764116287,-0.23235879838466644,-0.25457537174224854,-0.26906734704971313,0.0,-0.29554444551467896,-0.29467238485813141,-0.29135145246982574,-0.27885355055332184,-0.25741270184516907,-0.2394530177116394,-0.23517773300409317
-0.06164005771279335,0.0,-0.12519694864749908,0.0,-0.17332223057746887,-0.15828230977058411,-0.15788784623146057,-0.084863778203725815,-0.01401495561003685,0.012816361151635647,0.092338062822818756,0.0,0.12088846415281296,0.13272380828857422,0.0,0.19500638544559479,0.23022511601448059,0.26175767183303833,0.25394085049629211,0.24884475767612457,0.17632822692394257,0.0,0.07197253406047821,-0.016326554119586945,-0.015908960253000259,-0.09477553516626358,-0.12331384047865868,-0.13223494589328766,0.0,-0.15645512938499451,-0.17694129049777985,0.0,-0.21686631441116333,-0.25202664732933044,-0.27007484436035156,-0.3010808527469635,-0.31120759248733521,-0.35027831792831421,-0.30343565344810486,-0.2875114232301712,-0.26483936607837677,-0.23961514234542847,-0.21226124465465546
0.0,-0.12860473990440369,-0.17887789011001587,-0.18118880689144135,-0.19732671976089478,0.0,-0.17134508490562439,-0.096969172358512878,-0.064943939447402954,-0.0039507385808974504,0.046946369111537933,0.057720083743333817,0.0,0.096353530883789062,0.14123943448066711,0.0,0.15387001633644104,0.23608808219432831,0.2438046932220459,0.24190866947174072,0.18713471293449402,0.16189678013324738,0.0,0.044894430786371231,0.010151801630854607,0.0,-0.040096583776175976,-0.089457511901855469,-0.067504525184631348,-0.11714958399534226,0.0,-0.15165649354457855,0.0,-0.23402780294418335,-0.26964327692985535,-0.28677672147750854,-0.31009212136268616,-0.32870635390281677,-0.3641418069601059,0.0,-0.42938613891601562,-0.45092803239822388,-0.45256440341472626
-0.10837873816490173,-0.14998284354805946,0.0,-0.22224909067153931,0.0,-0.21348358690738678,-0.15329612791538239,0.0,-0.088758751749992371,-0.021517721936106682,0.0,0.0037745472509413958,0.018374939681962132,0.036320429295301437,0.078343845903873444,0.10203618556261063,0.1833486407995224,0.0,0.2325984537601471,0.25937885046005249,0.25532332062721252,0.21555586159229279,0.13798940926790237,0.080991826951503754,0.0,0.018611868377774954,0.0,-0.00801114272326231,-0.039854444563388824,-0.072147585451602936,-0.10282684862613678,-0.12633618712425232,-0.1969514936208725,-0.28659701347351074,-0.31635797023773193,-0.36301669478416443,-0.34475859999656677,-0.38568146526813507,-0.40617334842681885,-0.41968443989753723,0.0,0.0,0.0
0.0,-0.20122641324996948,-0.24838879704475403,-0.25171656906604767,-0.23195640742778778,-0.21345266699790955,0.0,-0.1190243661403656,-0.054517630487680435,0.0,-0.036075009033083916,-0.054839570075273514,0.0,-0.015515703707933426,-0.0076273735612630844,0.052585948258638382,0.12590634822845459,0.14553676545619965,0.233335480093956,0.0,0.21261830627918243,0.0,0.17619653046131134,0.11973953247070313,0.0,0.048430033028125763,-0.00758630083873868,0.0,0.0,-0.16473653912544251,-0.1892639547586441,-0.24568480253219605,-0.23109610378742218,-0.30217647552490234,-0.33692559599876404,0.0,0.0,0.0,0.0,0.0,0.0,0.0,0.0
-0.18683546781539917,0.0,0.0,-0.30945882201194763,0.0,-0.21889900416135788,-0.13626508414745331,-0.12145962566137314,-0.081391260027885437,-0.099741175770759583,-0.081496685743331909,0.0,-0.07722838968038559,0.0,-0.062158443033695221,-0.011655068956315517,0.0,0.062609363347291946,0.18203847110271454,0.18442815542221069,0.25145414471626282,0.23352573812007904,0.0,0.0,0.15061448514461517,0.022130792960524559,0.0,-0.083160648122429848,-0.15911002457141876,0.0,-0.20859336853027344,0.0,0.0,0.0,0.0,0.0,0.0,0.0,0.0,0.0,0.0,0.0,0.0
-0.27908077836036682,-0.292281836271286,-0.31663143634796143,0.0,-0.29009756445884705,0.0,0.0,-0.10264107584953308,0.0,-0.13638252019882202,-0.082929804921150208,-0.14307838678359985,-0.10029939189553261,-0.063957072794437408,0.0,0.045837849378585815,0.0,0.23118822276592255,0.0,0.29609963297843933,0.30357632040977478,0.0,0.262264609336853,0.17627881467342377,0.0,0.080685295164585114,0.0,0.0,0.0,0.0,0.0,0.0,0.0,0.0,0.0,0.0,0.0,0.0,0.0,0.0,0.0,0.0,0.0
-0.31505227088928223,-0.40005126595497131,-0.33704954385757446,-0.30971565842628479,-0.22949767112731934,-0.19058723747730255,-0.13318429887294769,-0.1440819650888443,-0.12878827750682831,0.0,0.0,0.095200203359127045,0.096649169921875,0.0,0.15170137584209442,0.20285892486572266,0.22338232398033142,0.2293248176574707,0.23894117772579193,0.0,0.0,0.0,0.0,0.0,0.0,0.0,0.0,0.0,0.0,0.0,0.0,0.0,0.0,0.0,0.0,0.0,0.0,0.0,0.0,0.0,0.0,0.0,0.0
-0.43012738227844238,0.0,0.0,-0.36066699028015137,0.0,-0.28296804428100586,0.0,-0.207453191280365,0.0,-0.10931424796581268,0.035541132092475891,0.0,0.11658529192209244,0.0,0.098744690418243408,0.0,0.0,0.0,0.0,0.0,0.0,0.0,0.0,0.0,0.0,0.0,0.0,0.0,0.0,0.0,0.0,0.0,0.0,0.0,0.0,0.0,0.0,0.0,0.0,0.0,0.0,0.0,0.0
-0.39085082709789276,-0.41416022181510925,-0.39574342966079712,0.0,-0.3268987238407135,0.0,-0.25613680481910706,0.0,-0.19852462410926819,0.0,0.0,0.0,0.0,0.0,0.0,0.0,0.0,0.0,0.0,0.0,0.0,0.0,0.0,0.0,0.0,0.0,0.0,0.0,0.0,0.0,0.0,0.0,0.0,0.0,0.0,0.0,0.0,0.0,0.0,0.0,0.0,0.0,0.0
0.0,0.0,0.0,0.0,0.0,0.0,0.0,0.0,0.0,0.0,0.0,0.0,0.0,0.0,0.0,0.0,0.0,0.0,0.0,0.0,0.0,0.0,0.0,0.0,0.0,0.0,0.0,0.0,0.0,0.0,0.0,0.0,0.0,0.0,0.0,0.0,0.0,0.0,0.0,0.0,0.0,0.0,0.0
0.0,0.0,0.0,0.0,0.0,0.0,0.0,0.0,0.0,0.0,0.0,0.0,0.0,0.0,0.0,0.0,0.0,0.0,0.0,0.0,0.0,0.0,0.0,0.0,0.0,0.0,0.0,0.0,0.0,0.0,0.0,0.0,0.0,0.0,0.0,0.0,0.0,0.0,0.0,0.0,0.0,0.0,0.0
0.0,0.0,0.0,0.0,0.0,0.0,0.0,0.0,0.0,0.0,0.0,0.0,0.0,0.0,0.0,0.0,0.0,0.0,0.0,0.0,0.0,0.0,0.0,0.0,0.0,0.0,0.0,0.0,0.0,0.0,0.0,0.0,0.0,0.0,0.0,0.0,0.0,0.0,0.0,0.0,0.0,0.0,0.0
