SouthSea_Web/demo/jsonfile/2017-12-15-21.json
{"header": {"parameterUnit":"m.s-1","parameterNumber":2,"dx":0.1,"dy":0.1,"parameterNumberName":"Eastward current","la1":29.0,"la2":12.0,"parameterCategory":2,"lo2":131.0,"nx":250,"ny":171,"refTime":"2017-12-15T21:00:00","lo1":106.0}, "data":
[rows 114 to 132 of 171, columns 84 to 125 of 250]
-0.073308823009332016,-0.065339456001917526,-0.050892935444911323,-0.01569485105574131,0.0011315955392395456,0.018757075847436983,0.062701700255274773,0.088866924246152237,0.099799595773220062,0.097363685568173722,0.081593524664640427,0.043439301351706185,-0.0081153458449989557,-0.027784553356468678,-0.065502449870109558,-0.071724931399027511,-0.11622552573680878,-0.13727516308426857,0.0,-0.17345432937145233,-0.15802948176860809,-0.12748734280467033,-0.0944153219461441,-0.066243015229702,0.0,-0.061824183911085129,-0.082376733422279358,-0.06409737654030323,-0.049638669937849045,-0.047198299318552017,0.0,-0.063941635191440582,-0.083734206855297089,0.0,-0.073904819786548614,-0.040274940431118011,0.0063682151958346367,0.045169074088335037,0.069216161966323853,0.069056309759616852,0.067547354847192764,0.12090438976883888
-0.045024818275123835,-0.047597655405600868,-0.05208128566543261,-0.026082166781028111,-0.010322254149286891,-0.0063336383973364718,0.02271682834252715,0.064366506785154348,0.086304110785325364,0.092983826994895935,0.078731881082057947,0.046450026333332062,0.021185528486967087,-0.001697915606200695,-0.022633489221334457,-0.037208878435194492,-0.038028363138437271,-0.092194128781557083,-0.13710373640060425,-0.15197308361530304,-0.1504899188876152,-0.12889461219310761,-0.11305657774209976,-0.079417303204536438,-0.075898624956607819,-0.10156407207250595,0.0,-0.084178552031517029,0.0,-0.054356342181563377,-0.070982247591018677,-0.072235018014907837,-0.089577231556177139,-0.075382865965366364,-0.064665937796235085,0.0,0.006957582663744688,0.030283402651548386,0.070714890956878662,0.11661621555685997,0.15246426314115524,0.17551958560943604
-0.006925897071293245,-0.0223792123918732,-0.027168074700360496,-0.026986164227128028,-0.033737677335739139,-0.0363782275468111,0.0013815530110150576,0.03767795255407691,0.076948384195566183,0.092783162370324135,0.089853284880518913,0.066878008656203747,0.054296888411045074,0.048516766354441646,0.029020164161920547,0.026773411314934492,-0.01762726902961731,-0.0621989481151104,-0.10095106810331345,-0.14296852052211762,-0.13060761243104935,-0.12713450193405151,0.0,-0.10617070645093918,-0.10764811560511589,-0.10892705991864204,-0.1097089946269989,0.0,-0.095750130712985992,-0.081885818392038345,-0.064836807548999786,-0.090993888676166534,-0.056815281510353088,-0.053864402696490288,-0.021826546639204025,-0.033185377717018127,0.019701708806678653,0.042957030236721039,0.0718844085931778,0.13246730715036392,0.19843181967735291,0.21333558112382889
0.012107450049370527,0.012976353522390127,-0.0044961656288554268,-0.020042548829223961,-0.042246779426932335,-0.041690003126859665,-0.0047538144513964656,0.038273052871227266,0.075568790733814242,0.095400694757699966,0.099703962604204818,0.096113251522183418,0.10155204981565476,0.096577304104963943,0.078517397244771317,0.055594516918063164,0.01330765156308189,-0.033902786672115326,-0.028669077903032303,-0.084921367466449738,-0.10047806054353714,-0.13620328903198242,-0.14060984551906586,-0.13580421358346939,-0.13363641500473023,-0.11994398385286331,-0.12247347831726074,-0.12002130597829819,-0.0860787108540535,0.0,-0.070090755820274353,-0.05379655584692955,-0.064294338226318359,-0.0013952960725873709,0.0,0.025242136791348457,0.0,0.057691488415002823,0.079372372478246689,0.11844679713249207,0.17477724701166153,0.22254465520381928
0.0048572448304184945,0.0056727466406300666,-0.0017362857703119516,-0.025259587603310745,-0.050375118230779968,-0.060302342474460605,-0.038585112430155277,0.013129309964521477,0.050444471649825573,0.090356199070811272,0.11403245106339455,0.12524444013834,0.13412380963563919,0.12157684005796909,0.10266897454857826,0.087782327085733414,0.071746453642845154,0.023169662803411484,0.0,-0.033622250892221928,-0.080931723117828369,-0.11402391642332077,-0.11874439939856529,-0.14169105142354965,-0.15004298835992813,-0.14062639325857163,-0.13156858086585999,-0.097020015120506287,-0.10623427480459213,-0.065917149186134338,0.0,-0.030786620453000069,-0.023914888501167297,0.0092422887682914734,0.031102092936635017,0.0878700278699398,0.076079271733760834,0.065405296161770821,0.053358037024736404,0.091081902384758,0.14386609196662903,0.17599718272686005
-0.033419587727015219,-0.030414111679419875,-0.026832209900021553,-0.020332181515793007,-0.025333573343232274,-0.04180569350719452,-0.035615363546336688,0.022576306866540108,0.077942689880728722,0.10527178645133972,0.12427799552679061,0.14489628374576569,0.14265873730182649,0.12105398873488109,0.11676125476757686,0.10379075631499291,0.089236512780189514,0.076109282672405243,0.022840539924800396,0.0261151771992445,-0.027836398221552372,-0.057253181934356689,-0.083061452955007553,-0.10248953849077225,-0.16170895099639893,-0.15179629623889923,0.0,-0.097446199506521225,-0.067683324217796326,-0.074336029589176178,-0.05449599027633667,-0.0071237245574593544,0.00910413358360529,0.039688646793365479,0.09169064462184906,0.0,0.11598926037549973,0.11903145164251328,0.070296920835971832,0.070142209529876709,0.12162338942289352,0.13558363169431686
-0.071373422230993,-0.045988137212892376,-0.014597315341234207,0.00030724859789188486,-0.010541502391182197,-0.01016632696458449,0.01657717760341863,0.053208692371845244,0.0869860053062439,0.118274787068367,0.12704619206488133,0.13603920117020607,0.12728937417268754,0.11590688427289327,0.10479012876749039,0.11290154606103897,0.10002352297306061,0.098992768675088882,0.092097967863082886,0.033604821190238,0.05042729526758194,-0.014832838904112577,0.0,-0.11953908205032349,-0.12933408468961716,-0.128427404910326,-0.10322106257081032,0.0,-0.051713313907384872,-0.036220939829945564,-0.031253695487976074,0.0063709625974297524,0.061913315206766129,0.079388752579689026,0.11611086875200272,0.11648881435394287,0.1441614180803299,0.14581100642681122,0.095758639276027679,0.11528410390019417,0.11807285249233246,0.12129688262939453
-0.076338641345500946,-0.063632854925734658,-0.038618274964392185,-0.024321861254672211,-0.027464955512966429,-0.02475399138139827,-0.00015471755926098143,0.02870946517214179,0.067521732300519943,0.093443366885185244,0.10609163790941238,0.10939827561378479,0.10761332884430885,0.091607369482517242,0.093506664037704468,0.10427098721265793,0.12479229271411896,0.11210872232913971,0.11074911803007126,0.10049610584974289,0.047159411013126373,0.0715513750910759,-0.032644362188875675,-0.065810836851596832,-0.067476473748683929,-0.10000685602426529,-0.096286982297897339,-0.0799189954996109,-0.028601838275790215,0.0032282809261232615,0.0069949524477124214,0.027231073006987572,0.0,0.083371676504611969,0.0,0.12954740226268768,0.14598649740219116,0.16763074696063995,0.16060463339090347,0.130425825715065,0.14643667638301849,0.15980838239192963
-0.11371931847598818,-0.1013184276719888,-0.082166795929272965,-0.039215217965344586,0.00087584779248572886,-0.013502418917293349,-0.026986085809767246,-0.0042693075723946091,0.034495548189928137,0.058914705800513424,0.071875902824103832,0.075567393004894262,0.0760039109736681,0.072596167524655655,0.075667617221673325,0.09349774569272995,0.11223306506872177,0.14409764111042023,0.13742832094430924,0.092363812029361725,0.12884661555290222,0.06160527840256691,0.085927195847034454,0.01600062707439065,-0.059431612491607666,-0.042776231653988361,-0.052593771368265152,-0.056108858436346054,0.0,-0.002720995806157589,0.037305798381567,0.032720599323511124,0.07006218284368515,0.078696228563785553,0.11929719150066376,0.0,0.16029533743858337,0.17724992334842682,0.0,0.17342546582221985,0.17343724519014359,0.16834927350282669
-0.21197679452598095,-0.18341529928147793,-0.13541839122772217,-0.063433268240519938,-0.034767556780328356,-0.04776444286108017,-0.073415833525359631,-0.07308845301823956,-0.04801884014159441,-0.000132059957832098,0.020221910439431667,0.043042766551176705,0.061008185148239136,0.050481973215937614,0.050347335636615753,0.072349699214100838,0.09978022426366806,0.12307535111904144,0.14442296326160431,0.17989844083786011,0.1230531632900238,0.156759113073349,0.11148453503847122,0.0,0.04939228855073452,0.0,-0.011889007175341249,-0.002705893712118268,-0.0083218717481940985,0.0,0.027279659174382687,0.0,0.058519564568996429,0.083215031772851944,0.0,0.1265893429517746,0.0,0.18530067801475525,0.20564089715480804,0.20979777723550797,0.19586066156625748,0.17239822447299957
-0.33883001075850594,-0.32143226943232794,-0.270635087788105,-0.18469055064699866,-0.14463568147685793,-0.11244781894816293,-0.12653887085616589,-0.12705101165920496,-0.099874610081315041,-0.073628917336463928,-0.011621064196030298,0.021522707073017955,0.017597248777747154,0.0218200059607625,0.028866516426205635,0.045202694833278656,0.083450913429260254,0.10325015336275101,0.14516688138246536,0.17290152609348297,0.1926867663860321,0.15880107879638672,0.19155998528003693,0.15172898769378662,0.0,0.086957752704620361,0.071754157543182373,0.0059627732262015343,0.0,0.014462063554674387,0.038315832614898682,0.0,0.063281014561653137,0.093511246144771576,0.090620361268520355,0.1186210960149765,0.14921750128269196,0.16952066123485565,0.19351452589035034,0.22918100655078888,0.22410361468791962,0.2217690572142601
-0.48572793851296109,-0.49452999447073254,-0.43250530064105985,-0.3367656001022884,-0.26768214255571365,-0.20608439793189368,-0.16462384536862373,-0.13403748295136861,-0.11138844639062881,-0.064161179587244987,-0.022326149667302769,0.0028263740241527557,0.0081544248387217522,-0.004199054732453078,0.003705423092469573,0.0,0.049426628276705742,0.0966842919588089,0.13594828546047211,0.0,0.19211412966251373,0.0,0.19030074775218964,0.20943014323711395,0.16620713472366333,0.0,0.079887717962265015,0.057239782065153122,0.0,0.0057939458638429642,0.049713023006916046,0.03721238300204277,0.0738791972398758,0.0,0.10529106110334396,0.13522084057331085,0.15381543338298798,0.0,0.20839561522006989,0.20006091892719269,0.0,0.23812068998813629
-0.46791847944259646,-0.54964360594749451,-0.58477214177449544,-0.48000749945640564,-0.3782297889391581,-0.25151523947715759,-0.16577431215689734,-0.085794256379206971,-0.034310134327305217,-0.0027761133387684822,-0.0034655317043264708,0.023642944404855371,0.0038151256740093231,0.0,-0.01953518483787775,0.00013731000944972038,0.061858713626861572,0.0,0.12021435797214508,0.17199890315532684,0.0,0.20396219193935394,0.0,0.21281500160694122,0.20819941163063049,0.14129577577114105,0.1287241131067276,0.0,0.040224559605121613,0.049284830689430237,0.0,0.049884703010320663,0.079169981181621552,0.10423454642295837,0.0,0.0,0.16081498563289642,0.18073096871376038,0.18249000608921051,0.21172067523002625,0.20446881651878357,0.21606749296188355
-0.29634193617563981,-0.39425608515739441,-0.47191195828574045,-0.54619903010981419,-0.48087508479754132,-0.3056295450244631,-0.092200921316232,0.059106430349250637,0.11785233610620101,0.10362104574839275,0.06966332346200943,0.040036298334598541,0.017308290349319577,-0.012356419116258621,-0.019522558897733688,0.0,0.021528333425521851,0.070157602429389954,0.13544054329395294,0.16799196600914002,0.16906940937042236,0.19180651009082794,0.22079730033874512,0.0,0.19522684812545776,0.1711575984954834,0.0,0.0950719490647316,0.0,0.041236143559217453,0.069519072771072388,0.0,0.085648998618125916,0.0,0.1127663254737854,0.14965994656085968,0.17005953192710877,0.1945144534111023,0.19133497774600983,0.0,0.21574677526950836,0.20166352391242981
-0.21910285577178001,-0.27805581050259726,-0.31279039841431838,-0.37344248248980594,-0.36746149190834593,-0.17992477518107211,0.068405725594077788,0.23328637977441152,0.22907363420183008,0.17043381929397583,0.11511750767628352,0.079673822969198227,0.0614460464566946,0.0243254154920578,0.007208128459751606,0.0039256614400073886,0.0,0.059430308640003204,0.0,0.125615905970335,0.0,0.16289156675338745,0.0,0.19956000149250031,0.21741467714309692,0.0,0.15349468588829041,0.10636340454220772,0.0,0.084762625396251678,0.0,0.0735459253191948,0.088761955499649048,0.0,0.13045136630535126,0.0,0.16335833072662354,0.0,0.20643871277570725,0.22051157057285309,0.20293372124433518,0.20920973271131516
-0.15457140853007634,-0.20494095448936736,-0.2621233703998419,-0.32835691918929416,-0.329511175935085,-0.12817606702446938,0.14906428062490054,0.22695013086001079,0.23306699097156525,0.20415157079696655,0.17261865238348642,0.13059400022029877,0.097521431744098663,0.077377445995807648,0.047631001099944115,0.029708385467529297,0.022559124976396561,0.0,0.063893474638462067,0.0,0.12579488754272461,0.11618600785732269,0.18756008148193359,0.0,0.18468576669692993,0.1949688047170639,0.0,0.12326333671808243,0.0,0.080723211169242859,0.097625941038131714,0.0,0.0,0.099002078175544739,0.13415168225765228,0.0,0.19929024577140808,0.18989221751689911,0.0,0.21348041296005249,0.19073985517024994,0.19148530066013336
-0.18401790516717093,-0.20749048250062124,-0.28986253908702303,-0.35567771111215862,-0.22024573164526373,0.01587172308936715,0.17473727865861014,0.19849495589733124,0.20120578673150805,0.21078683733940123,0.1961486836274465,0.1690661832690239,0.139264278113842,0.10709251463413239,0.074552878737449646,0.048460740596055984,0.034990906715393066,0.0,0.08170299232006073,0.049172971397638321,0.0,0.12200037389993668,0.16869670152664185,0.18163886666297913,0.0,0.0,0.16778907179832459,0.18199978768825531,0.13452140986919403,0.0,0.0,0.097944676876068115,0.11901519447565079,0.0,0.0,0.16299207508563995,0.18033620715141296,0.19417689740657806,0.19977105408906937,0.19524995982646942,0.17035310715436935,0.18085421621799469
-0.2788376659154892,-0.30761514391217915,-0.30119028290112815,-0.27678143126623972,-0.041530992835760117,0.15873256497658217,0.19280186047156653,0.22504483461380004,0.20855343937873841,0.20131444931030273,0.18948030471801758,0.1710425391793251,0.13547082245349884,0.11199147254228592,0.08168397843837738,0.0,0.041273217648267746,0.037317756563425064,0.020631629973649979,0.069607265293598175,0.026339903473854065,0.0,0.098040968179702759,0.0,0.16818037629127502,0.16835378110408783,0.0,0.18719081580638886,0.0,0.15295097231864929,0.0,0.1324617862701416,0.13154365122318268,0.14212829619646072,0.1680300384759903,0.18530622124671936,0.20948012918233872,0.0,0.18991853296756744,0.18399415910243988,0.16231899708509445,0.15840784460306168
-0.31612728192256045,-0.35958715747384462,-0.3177897105614344,-0.15883283714453381,0.094824384897947311,0.19219765984095061,0.19052376101414362,0.20933964848518372,0.21025310456752777,0.19428972899913788,0.18256927281618118,0.0,0.16897782683372498,0.15141554176807404,0.11910836026072502,0.085597902536392212,0.0,0.02915242500603199,0.023538715206086636,0.0,0.067169189453125,0.0,0.12203946709632874,0.10326459258794785,0.0,0.16858813166618347,0.0,0.183944970369339,0.0,0.0,0.18048138916492462,0.16066174209117889,0.0,0.0,0.15500886738300324,0.20002873241901398,0.21649986505508423,0.20539973676204681,0.18362516909837723,0.16139803826808929,0.15983925759792328,0.15721964091062546
