SouthSea_Web/demo/jsonfile/2017-12-14-10.json
{"header": {"parameterUnit":"m.s-1","parameterNumber":3,"dx":0.1,"dy":0.1,"parameterNumberName":"Northward current","la1":29.0,"la2":12.0,"parameterCategory":2,"lo2":131.0,"nx":250,"ny":171,"refTime":"2017-12-14T10:01:52.5","lo1":106.0}, "data":
[rows 114 to 132 of 171, columns 172 to 214 of 250]
0.56335240602493286,0.51134259385221148,0.46408017352223396,0.40211202642496896,0.36404771300462574,0.3369102656841278,0.3285599946975708,0.32489097118377686,0.29677218198776245,0.27309806148211163,0.23087745532393456,0.20181575417518616,0.16428970793883005,0.13652626425027847,0.11651035025715828,0.1100228987634182,0.12152711302042007,0.13770385831594467,0.14150705933570862,0.1875372976064682,0.23074603080749512,0.25153201818466187,0.26976838707923889,0.26022627949714661,0.26759040355682373,0.2843170166015625,0.28619414567947388,0.0,0.26548048853874207,0.26743826270103455,0.0,0.28750839829444885,0.0,0.37138092517852783,0.45506948232650757,0.50338965654373169,0.51744216680526733,0.53989169001579285,0.53657239675521851,0.53549480438232422,0.517955482006073,0.51168167591094971,0.49540647864341736
0.50303715467453,0.46845055930316448,0.43902259188539844,0.381220277150472,0.33248218352144415,0.31127112252371653,0.32228567344801767,0.31719484180212021,0.28835530877113341,0.2692578136920929,0.22474268451333046,0.18205930789311728,0.15018884092569351,0.1103559248149395,0.093020595610141754,0.0829625055193901,0.11613998934626579,0.13426969945430756,0.12642462179064751,0.15642844140529633,0.20584431290626526,0.24524475634098053,0.27293743193149567,0.265351265668869,0.25233593583106995,0.0,0.27716064453125,0.27963569760322571,0.0,0.26677292585372925,0.28264760971069336,0.0,0.35501076281070709,0.42805218696594238,0.4384894073009491,0.4981103241443634,0.0,0.52757430076599121,0.0,0.52380573749542236,0.50358307361602783,0.0,0.4684615433216095
0.42805831879377365,0.432186596095562,0.40511364936828614,0.36778072764476138,0.33582055568695068,0.32440910594803946,0.3316591143608093,0.31847362716992694,0.31214475631713867,0.28266620635986328,0.23289040724436441,0.18356832365194956,0.13502258807420731,0.096219830214977264,0.074934873729944229,0.086843647062778473,0.10329406708478928,0.098637282848358154,0.0980188250541687,0.12776117026805878,0.1671820655465126,0.22023123502731323,0.25725838541984558,0.25386390089988708,0.24126563221216202,0.22427329421043396,0.23430493474006653,0.24435155838727951,0.24141177535057068,0.25491377711296082,0.27741251885890961,0.33524119853973389,0.0,0.42143279314041138,0.0,0.47948360443115234,0.5129551887512207,0.0,0.53150457143783569,0.0,0.50794178247451782,0.48268944025039673,0.0
0.4132607956727346,0.38012044876813889,0.38483135650555295,0.38868685563405353,0.35742400288581849,0.35273813704649609,0.35539620369672775,0.34833161234855653,0.32733318209648132,0.28647953271865845,0.24243421107530594,0.1943389723698298,0.13682345300912857,0.089430920779705048,0.0,0.0630366113036871,0.081322278827428818,0.110172800719738,0.097859874367713928,0.0813574492931366,0.15255223214626312,0.19320419430732727,0.24355375021696091,0.24665650725364685,0.25762230157852173,0.21951428055763245,0.20431935787200928,0.21759790182113648,0.23358713090419769,0.26507246494293213,0.29349774122238159,0.33792403340339661,0.38538230955600739,0.43840092420578003,0.46189972758293152,0.48344233632087708,0.48917363584041595,0.49308779835700989,0.50304055213928223,0.4998948872089386,0.487620085477829,0.4559791088104248,0.44298899173736572
0.44585501934800831,0.39517778371061596,0.40799562136332196,0.42036705215771991,0.39361349940299989,0.3831213042140007,0.38939547538757324,0.36898849159479141,0.3334524855017662,0.28703388571739197,0.24160621066888174,0.20289751142263413,0.16358987241983414,0.12114978209137917,0.079089369624853134,0.063080394640564919,0.085930854082107544,0.0,0.094587232917547226,0.10036160796880722,0.16328670084476471,0.0,0.22732093930244446,0.22167067229747772,0.0,0.22117988765239716,0.21383033692836762,0.0,0.24364100396633148,0.2927367091178894,0.0,0.35674118995666504,0.0,0.41308411955833435,0.45061969757080078,0.0,0.45818197727203369,0.0,0.46613103151321411,0.45677950978279114,0.0,0.41232359409332275,0.0
0.42735494921604794,0.398230961390904,0.39916432648897171,0.39664534727732342,0.37687535881996154,0.36924817164738971,0.37829884886741638,0.34747084975242615,0.30152291059494019,0.25290362536907196,0.21693884581327438,0.18443224579095841,0.14843254536390305,0.11726801097393036,0.082623884081840515,0.078107655048370361,0.0588857177644968,0.06759805791079998,0.061114925891160965,0.0,0.09160284698009491,0.18749573826789856,0.0,0.20250692963600159,0.19259248673915863,0.0,0.19938084483146668,0.20814287662506104,0.0,0.26826474070549011,0.31931227445602417,0.0,0.38657328486442566,0.0,0.42597609758377075,0.45247143507003784,0.0,0.45045831799507141,0.0,0.46824106574058533,0.45948481559753418,0.0,0.37855395674705505
0.39025795459747314,0.37770175933837891,0.36705065270264942,0.35012408239500864,0.33476051688194275,0.33641725778579712,0.34163966774940491,0.31253010034561157,0.26715748508771259,0.22980045278867087,0.20077736675739288,0.17893611639738083,0.14831054210662842,0.10874706506729126,0.109382264316082,0.077705346047878265,0.052974842488765717,0.0454367958009243,0.0,0.044243067502975464,0.081319786608219147,0.1405557245016098,0.19205254316329956,0.15936042368412018,0.19106531888246536,0.20854450762271881,0.19103240966796875,0.22351154685020447,0.0,0.2780827134847641,0.32175219058990479,0.322687566280365,0.3618769496679306,0.39500683546066284,0.38169202208518982,0.40375572443008423,0.0,0.40909373760223389,0.43239307403564453,0.0,0.4164445698261261,0.0,0.35860523581504822
0.380528062582016,0.37040109932422638,0.35430793960889179,0.32652916014194489,0.29827488064765928,0.2902769148349762,0.29179074366887409,0.281437486410141,0.25021215776602429,0.23254483193159103,0.2194169263044993,0.19855774939060211,0.17586617916822434,0.15267792344093323,0.091293767094612122,0.061034794896841049,0.059298250824213028,0.056925361976027489,0.030320689082145691,0.032276734709739685,0.056354889646172524,0.10031543672084808,0.082030922174453735,0.11480190977454186,0.15346956253051758,0.0,0.1801832914352417,0.200735405087471,0.0,0.26002296805381775,0.29263314604759216,0.0,0.32657086849212646,0.0,0.35148781538009644,0.0,0.0,0.0,0.0,0.41854965686798096,0.0,0.38095179200172424,0.0
0.37480027973651886,0.36604016522566479,0.33890102058649063,0.30113972425460817,0.26511843800544738,0.25299515202641487,0.24348421891530356,0.24330536648631096,0.24279214069247246,0.23945559561252594,0.23306772857904434,0.21127912898858389,0.1843172162771225,0.0,0.15221745272477469,0.090871606022119522,0.059378162026405334,0.036254615522921085,0.00815399968996644,0.0017772525316104293,-0.0063390305731445551,0.0,0.056702539324760437,0.10258584469556809,0.0,0.14353799074888229,0.16785749047994614,0.0,0.23353931307792664,0.27600130438804626,0.0,0.29046216607093811,0.0,0.32642319798469543,0.33793911337852478,0.35660275816917419,0.34032931923866272,0.373613566160202,0.3678581714630127,0.38760359585285187,0.37309122085571289,0.33606186509132385,0.32243523001670837
0.37242805461088818,0.36076088547706603,0.32459191481272381,0.28158257901668549,0.2420664057135582,0.23181483149528503,0.22929501906037331,0.23661221067110697,0.25113495687643689,0.24514760822057724,0.23878592997789383,0.22062023729085922,0.2004522904753685,0.18564718961715698,0.16341181099414825,0.12806155905127525,0.081362240016460419,0.040795020759105682,0.0048988987691700459,-0.012293953448534012,-0.015914667397737503,0.014359840657562017,0.07167714461684227,0.0,0.094125062227249146,0.13283614814281464,0.0,0.17674997448921204,0.21692267060279846,0.24513527750968933,0.25094851851463318,0.26775264739990234,0.28945034742355347,0.270855575799942,0.29674750566482544,0.27557703852653503,0.30707059800624847,0.34204331040382385,0.0,0.36748293042182922,0.0,0.349009245634079,0.0
0.37006009121735889,0.34632105380296707,0.31470000147819521,0.2612416185438633,0.23944025859236717,0.2260177917778492,0.23075185716152191,0.24431564410527548,0.26972009986639023,0.26212479670842487,0.24162930250167847,0.21616514027118683,0.20050064474344254,0.19786087423563004,0.18106108903884888,0.14991497993469238,0.10841702669858933,0.048098694533109665,0.017128923907876015,-0.0058513488620519638,-0.001816992720705457,0.0,0.056879963725805283,0.062687255442142487,0.092493541538715363,0.12867036461830139,0.14978700876235962,0.17226926237344742,0.20724703371524811,0.22093886137008667,0.22447702288627625,0.2259475439786911,0.0,0.23124292492866516,0.24693757295608521,0.0,0.27927860617637634,0.0,0.33206969499588013,0.0,0.3424263596534729,0.31846910715103149,0.0
0.36626073718070984,0.34122776985168457,0.31658887267112734,0.28229169547557831,0.24785321354866027,0.23817404732108116,0.24362388253211975,0.25023058553536731,0.2732900083065033,0.27312800288200378,0.25805149475733441,0.23712084442377091,0.21945644915103912,0.19885104149580002,0.18799524009227753,0.15517012774944305,0.10159572958946228,0.072854496538639069,0.042855178937315941,0.0082349117728881538,0.032086294144392014,0.044914625585079193,0.049035225063562393,0.048311531543731689,0.080047503113746643,0.11371176689863205,0.14675132930278778,0.17757226526737213,0.0,0.19750469923019409,0.19371814280748367,0.0,0.21551160514354706,0.0,0.19950598478317261,0.22472044825553894,0.0,0.2614208459854126,0.30429098010063171,0.3455880880355835,0.33219757676124573,0.33406224846839905,0.32596227526664734
0.36134650026048931,0.33482739329338074,0.31259565949440005,0.28786742687225342,0.27005426088968915,0.24944408237934113,0.24857655167579651,0.25000289579232532,0.25539346039295197,0.25773944457372028,0.24822182456652323,0.24832578003406525,0.22486499696969986,0.20690014213323593,0.16853323578834534,0.13001034036278725,0.11072175204753876,0.074658188968896866,0.0413212776184082,0.0311720734462142,0.0249433359131217,0.02680058591067791,0.031590430065989494,0.045258108526468277,0.081720340996980667,0.0,0.12140157818794251,0.16069264709949493,0.20124395191669464,0.0,0.1652994304895401,0.14736506342887878,0.16903065145015717,0.13503873348236084,0.15468650311231613,0.19329977035522461,0.18949843943119049,0.24975869059562683,0.31518912315368652,0.0,0.34134283661842346,0.0,0.0
0.33082162340482074,0.31424036026000979,0.30108027160167694,0.28575485944747925,0.2670350968837738,0.24996158853173256,0.23013502359390259,0.22946726779143015,0.2214429130156835,0.231405700246493,0.23217174410820007,0.23990783095359802,0.21543597429990768,0.20832466582457224,0.19159089028835297,0.153567835688591,0.13348374143242836,0.1130446195602417,0.090378399938344955,0.063096888363361359,0.042867425829172134,0.032256145030260086,0.049385363236069679,0.0,0.07364298403263092,0.095338255167007446,0.1349165290594101,0.0,0.16202651709318161,0.12812948226928711,0.14795804023742676,0.10775267705321312,0.071266598999500275,0.10015900433063507,0.04962041974067688,0.10870939493179321,0.18608011305332184,0.0,0.27838104963302612,0.32082977890968323,0.0,0.35598450899124146,0.37692728638648987
0.2896954168876012,0.279288982351621,0.27188410609960556,0.2462557926774025,0.23509413997332254,0.22823740541934967,0.2036875754594803,0.19155762096246085,0.18559753149747849,0.20332799355189005,0.22919142246246338,0.24873293936252594,0.25018934160470963,0.28532525897026062,0.27229420095682144,0.2271033376455307,0.23707710951566696,0.21128464738527933,0.0,0.14798855781555176,0.0885307639837265,0.083278879523277283,0.0660439133644104,0.0654722098261118,0.070349119603633881,0.0,0.11828373372554779,0.10548491775989533,0.10974279418587685,0.11574479937553406,0.048949673771858215,0.086092680692672729,0.060194730758666992,0.0,0.04391111433506012,0.10135971009731293,0.0,0.22811070084571838,0.29967114329338074,0.31390984356403351,0.35559040307998657,0.39062422513961792,0.0
0.26883139088749886,0.25462872783343,0.23352638383706412,0.19571287035942078,0.18334273248910904,0.1693795770406723,0.16977201104164125,0.16790421803792319,0.18228669837117195,0.218299750238657,0.2794925719499588,0.30554788311322528,0.32159561912218732,0.34761190414428711,0.38052991032600403,0.330498144030571,0.34839417040348053,0.33006325364112854,0.27110910415649414,0.21184165775775909,0.17581105977296829,0.14175777137279511,0.094173025339841843,0.080382287502288818,0.0,0.076794944703578949,0.049044791609048843,0.059483775869011879,0.076558858156204224,0.0,0.045421246439218521,0.016188737004995346,0.0,-0.0070615415461361408,-0.0085464678704738617,0.086327843368053436,0.0788974016904831,0.19498482346534729,0.25494662672281265,0.0,0.38709962368011475,0.0,0.39152377843856812
0.24038346111774445,0.22236887216567994,0.17726752658685049,0.13189508517583212,0.11504015773534775,0.1261777306596438,0.14997132867574692,0.17588069736957551,0.21830858290195465,0.29201387614011765,0.34905493259429932,0.38801945745944977,0.40107934673627216,0.45576481024424237,0.46878244479497272,0.43271793921788532,0.41546228528022766,0.39011628925800323,0.33956383168697357,0.28123869001865387,0.24814233183860779,0.19401483237743378,0.16087035834789276,0.11136933416128159,0.086549840867519379,0.0634517278522253,0.050760511308908463,0.026716004125773907,0.0,0.0073697699117474258,-0.025246312841773033,0.0,-0.040588192641735077,-0.036590015050023794,-0.01989140547811985,-0.034117940813302994,0.055638935416936874,0.18275508284568787,0.0,0.33105641603469849,0.0,0.38370323181152344,0.40165796875953674
0.1997058168053627,0.16738257805506387,0.12872096598148347,0.091724752315453115,0.089148581027984619,0.11064684515198071,0.143825093905131,0.19924533863862357,0.26716665029525755,0.32779233654340106,0.38679315149784088,0.44761089682579042,0.48780151208241779,0.51714630921681726,0.53633597493171692,0.52369348208109534,0.47861826419830322,0.46399897336959839,0.40929590165615082,0.35737314820289612,0.31674700975418091,0.3221002072095871,0.22408697009086609,0.17300719022750855,0.128299068659544,0.078534014523029327,0.0,0.021799687296152115,-0.0319735137745738,-0.06508326530456543,-0.055472776293754578,-0.085137635469436646,-0.12495382130146027,-0.11088767647743225,-0.069594301283359528,0.0,0.021784117445349693,0.0,0.1917925626039505,0.31198552250862122,0.35594025254249573,0.37366175651550293,0.0
0.1581210307776928,0.11743454138437907,0.09701589601380485,0.079258524945804057,0.074764231840769454,0.090544854601224259,0.1494008590068136,0.21645508408546449,0.27213619152704877,0.33097176750500995,0.42329963445663454,0.48459040373563766,0.5177491307258606,0.54403004050254822,0.5615609884262085,0.568605363368988,0.53149239222208655,0.54813525080680847,0.49846191704273224,0.44848302006721497,0.43651744723320007,0.40397496521472931,0.31540602445602417,0.26231756806373596,0.1721452996134758,0.0903012678027153,0.028316480107605457,-0.03733723983168602,0.0,-0.11491440236568451,-0.1607372909784317,-0.16785074025392532,-0.15183506906032562,0.0,-0.13381289318203926,-0.054795145988464355,0.0,0.094227118417620659,0.19845828413963318,0.28397020697593689,0.32663798332214355,0.0,0.32638175785541534
