SouthSea_Web/demo/jsonfile/2017-12-16-12.json
{"header": {"parameterUnit":"m.s-1","parameterNumber":2,"dx":0.1,"dy":0.1,"parameterNumberName":"Eastward current","la1":29.0,"la2":12.0,"parameterCategory":2,"lo2":131.0,"nx":250,"ny":171,"refTime":"2017-12-16T12:00:00","lo1":106.0}, "data":
[rows 76 to 94 of 171, columns 0 to 41 of 250]
0.0,0.0,0.0,0.0,0.0,0.0,0.0,0.0,0.0,0.0,0.0,0.0,0.0,0.0,0.0,0.0,-0.0020681016025524252,-0.042258779427815946,-0.056237114046381792,-0.1063834333323922,-0.14784028992926324,-0.033383523542787383,0.047597129452264027,0.091400175634771583,0.13327519731088119,0.12055175155401229,0.096582976780061058,0.031511594255965565,-0.014696175703180155,-0.019432125138118862,-0.016351979230266978,-0.040662957135542195,-0.230356950601769,-0.23249855539609637,-0.11467826121802494,-0.1413136435551319,-0.053248052036807679,-0.01117580488172952,-0.08671505661969485,-0.029015796602858853,0.0,0.0
0.0,0.0,0.0,0.0,0.0,0.0,0.0,0.0,0.0,0.0,0.0,0.0,0.0,0.0,-0.050570312539388519,-0.12609936875950717,-0.14016345761468013,-0.11339795311878288,-0.15212754214165666,-0.12178978010824022,-0.0812002545032495,0.012818405942606002,0.098340768229078362,0.097762139780180793,0.087680096689023476,0.063383019051980224,0.033026569620951227,-0.010027280336847374,-0.036521433666348455,-0.043018566976700513,-0.059205986326560378,-0.081988992508162148,-0.1657276973888582,-0.088310221085945759,-0.027979228163315783,0.048916737116972378,0.024686873664734054,-0.064307231219923031,-0.017831157368834925,0.0,0.0,0.0
0.0,0.0,0.0,0.0,0.0,0.0,0.0,0.0,0.0,0.0,0.0,0.0,0.0,0.0,-0.01126274310640459,-0.10708321716121741,-0.17980296475420177,-0.18307259021167749,-0.11031398501372608,-0.096594839163318083,-0.04844511097002,0.082778326717430142,0.084049383954455451,0.051505754040063995,0.01011271751485765,-0.027393846510676667,-0.0493443975225091,-0.054426754062825981,-0.053939017866339,-0.0633351086255382,-0.07765857367353006,-0.075897527802171127,-0.03712273523211479,-0.013796676868676312,0.018105460319302751,0.019971606748910836,-0.020080247971337586,-0.11414181940697341,-0.057982270380542163,0.0,0.0,0.0
0.0,0.0,0.0,0.0,0.0,0.0,0.0,0.0,0.0,0.0,0.0,0.0,0.0,0.0,-0.11517061245056891,-0.1369553796511932,-0.13948472591695826,-0.0538943224245262,-0.15029057529386428,-0.12567607844653336,0.067595521977636963,0.085933318361639976,0.033281886082311925,-0.01373511763085844,-0.056131639704108241,-0.07715747567514579,-0.075956789510590692,-0.069355950823852,-0.060758271387645175,-0.058027671383959908,-0.047203856365134321,-0.13383249788711876,-0.062372335678209427,-0.039404343724960371,-0.045285633196019463,-0.075454615172930062,-0.068939748599718353,-0.022489236515906195,0.0,0.0,0.0,0.0
0.0,0.0,0.0,0.0,0.0,0.0,0.0,0.0,0.0,0.018913495331242515,0.01495381253729907,-0.027209662163093271,-0.052221457458148567,-0.10050252082318151,-0.10567015654618286,-0.19734012275089283,-0.057853593333348524,-0.025882241464223757,-0.0740998872116632,0.032169571043050384,0.065525858729545555,0.015239241642548758,-0.031928624682283649,-0.0734300883486867,-0.10077782188143049,-0.11421900987625122,-0.1035195950950895,-0.096554933736721679,-0.080536622967984944,-0.065534391130010292,-0.052313401895974367,-0.10713872724073748,-0.059069479136451261,-0.080393383900324508,-0.074768954986020139,-0.063443567030704945,-0.044835946391421286,-0.06020342665407738,0.0,0.0,0.0,0.0
0.0,0.0,0.0,0.0,0.0,0.0,0.0,1.0858089968562126,0.1139401782402274,0.012800199287883033,0.0513703919767838,-0.036167041621823853,-0.081515616336968785,-0.11235118144837092,-0.088689789744594308,-0.074240979227355522,-0.010770340048475191,0.056352509612874462,0.12140124784716942,0.1519563609073239,0.046379714341395921,-0.032856857113074511,-0.098108672669955668,-0.13345862179994583,-0.1493711531162262,-0.14945375174283981,-0.13441941738128663,-0.11966970314582189,-0.10409130901098251,-0.089761190116405487,-0.087829903832503733,-0.099760663296495161,-0.12153735519810156,-0.15108837893134669,-0.12816979363560677,-0.1105894305068871,-0.057163100815221163,-0.0052529642695789127,0.0,0.0,0.0,0.0
0.0,0.0,0.0,0.0,0.0,0.0,0.0,0.0,0.081996385094140756,-0.018532888262660273,-0.057686551252291315,-0.05786933753915946,-0.10751342183918504,-0.11885698745277296,-0.19766559044559678,-0.15043550693700392,0.051927909342339262,0.10853827131145141,0.11539718969946816,0.078127508113781607,0.0059078034479171041,-0.092225641012191772,-0.16077373921871185,-0.17970221241315207,-0.18382664620876313,-0.15917880088090897,-0.15027352869510652,-0.13681738078594208,-0.12462012656033039,-0.11595218131939571,-0.11954853404313326,-0.14231859669089317,-0.17527970274289448,-0.2071418222039938,-0.23093143183934062,-0.2143490410902921,-0.13383408000364022,-0.015250789473834887,-0.0087876684036801416,0.0,0.0,0.0
0.0,0.0,0.0,0.0,0.0,0.0,0.0,0.18953443463477823,-0.10128886858200903,-0.092138456635661808,0.031495643372918609,0.065385566976026821,0.030043703914594114,-0.053129798840352439,-0.088942004065824712,0.029742580620453707,0.13183411811628648,0.12829962124427161,0.057893232752879463,-0.0008014765981998709,-0.0755603952333331,-0.14445610642433165,-0.19383340577284494,-0.20665756861368814,-0.20177698880434036,-0.17558580140272775,-0.16200498640537261,-0.14931618173917136,-0.143731204526765,-0.13971781053326346,-0.14822888374328613,-0.17486046627163887,-0.21495132262890154,-0.24938270371211202,-0.28015748517853872,-0.28268049657344818,-0.1533787490735794,-0.027449992790229694,-0.018905730645761089,0.0,0.0,0.0
0.0,0.0,0.0,0.0,0.0,0.0,-0.073380292603369091,-0.14703236975086231,-0.038861189426923473,-0.027677540479299542,0.021568091672896923,0.11679236973924119,0.066267296104342677,0.12762012353373897,0.15359318449541373,0.14174928904875464,0.09418966993689537,0.050627501914277673,-0.010700768791139126,-0.06438193059459861,-0.15924753993749619,-0.20868584886193276,-0.22833284735679627,-0.21561115235090256,-0.19521195441484451,-0.17973281443119049,-0.16731354594230652,-0.16417365272839865,-0.16527652367949486,-0.16547198167869023,-0.17693213671445845,-0.21744321472942829,-0.26449336732427281,-0.29560605064034462,-0.30950380199485356,-0.31849130988121033,-0.2820568944194487,-0.22591968969520945,-0.061241589419321743,0.0,0.0,0.0
0.0,0.0,0.0,0.0,0.0,0.0,-0.089341378325464127,-0.075076995942268576,-0.0990913597031914,-0.073611859306693075,0.0026403441215338912,0.081149735978167312,0.18291406109929084,0.17395902052521706,0.12897762743865743,0.10642057153231957,0.04689909661045441,-0.015603739979930899,-0.083663870713540492,-0.13631286919116975,-0.21769064664840698,-0.24411652982234955,-0.24252161383628845,-0.22102344781160355,-0.20754395425319672,-0.17779497057199478,-0.17034295946359634,-0.17031348496675491,-0.18285743892192841,-0.1888930524388949,-0.20057489350438118,-0.26113071739673616,-0.31683717782680804,-0.35061047579112808,-0.36788242310285568,-0.33114448075111097,-0.32621380518067555,-0.27981328146647561,-0.14523334612668906,0.016450433576696372,-0.011852991834390335,0.0
0.0,0.0,0.0,0.0,0.0,0.0,-0.087661987015356616,-0.026928146299563676,-0.0097182984124325831,0.04585529047818411,0.043734577794869743,0.050325934775173664,0.05307914001437334,0.089980454494555787,0.069683249773723741,0.053893052380193367,-0.015843912862086047,-0.074786834418773651,-0.13185964971780778,-0.18968257009983064,-0.23511365056037903,-0.26182036101818085,-0.26725760102272034,-0.23225487768650055,0.0,-0.18913904577493668,-0.16670453051726022,-0.16917641957600912,-0.18057517893612385,-0.1955469086766243,-0.22082678079605103,-0.29901837489821692,-0.36356991372610392,-0.39786509105137419,-0.38878961042924359,-0.39590841923889358,-0.34027563201056588,-0.3129114185241943,-0.16013813304709315,-0.019395429107469445,0.0043660175745112006,0.0
0.0,0.0,0.0,0.0,0.0,0.45781238915191758,0.098761996650714279,0.028104249944376266,0.036493169095774644,0.024599934963939283,0.020491559368868668,0.011281170849023121,-0.0048007992096245292,0.015118679389291043,0.00067173461006446314,-0.027466335613280535,-0.074013347604445043,-0.13177074385540827,-0.19825648367404938,-0.24261675029993057,-0.25632228950659436,-0.25839820504188538,-0.25955934822559357,-0.23752179741859436,-0.21650483459234238,-0.17992880443731943,-0.16868243366479874,-0.18300351997216544,-0.20510573387145997,-0.21765296492311689,-0.24023546736973983,-0.32616189435908671,-0.42296143563894123,-0.44940389125120073,-0.447879002282494,-0.4298305149589266,-0.43993657827377319,-0.431939996778965,-0.22560387961566447,-0.022660475202759368,-0.14684409485637862,-0.056872150194912888
0.0,0.0,0.0,-0.10179747144381206,-0.090655873529613018,-0.086594221967561044,-0.012397251050636361,0.012583165621216377,-0.0041309855330516308,-0.006780464289477095,-0.010469618069831856,-0.0055614247473634104,-0.019118905688325565,-0.029771964120704472,-0.041944411065843373,-0.098514673196607172,-0.14032414741814137,-0.19533179514110088,-0.2477334588766098,-0.26838005582491559,-0.262449249625206,-0.25120770931243896,-0.24781800806522369,-0.21699225902557373,-0.19550007581710815,0.0,-0.17544561624526978,-0.21332023665308952,-0.24684242904186249,-0.23928733501169416,-0.25727882413637071,-0.35550316285204003,-0.44053236213890284,-0.43978677045654607,-0.45345743508899911,-0.54356516431076363,-0.64898174722618029,-0.72869412887554907,-0.81621991658210757,-0.69686671818570312,-0.65346181312122864,-0.57859900194737235
0.0,0.0,-0.018390165928091545,-0.10595869866893719,-0.044934573978601212,-0.08791706284582107,-0.0990749537577909,-0.085757961158048027,-0.0367369681596756,-0.057443348521536049,-0.051168665662407874,-0.05262903543189168,-0.060631144791841507,-0.073699935805052519,-0.10830502253439692,-0.15518132597208023,-0.19258954375982285,-0.23621889452139536,-0.25708457529544831,-0.25089336931705475,-0.24064653366804123,-0.23380592465400696,-0.2171131893992424,-0.19908633083105087,-0.19416745752096176,-0.18367647379636765,-0.20090612769126892,-0.23923713465531668,-0.25215738515059155,-0.21758310967370084,-0.26364604797628188,-0.38140760362148285,-0.43124693680194115,-0.44254733839081328,-0.50995010501000937,-0.628304966471412,-0.748908884508509,-0.8522169226450278,-1.0095313102745813,-1.1475023395192308,-1.0441195981032183,-0.94519113374301811
0.023325500437652968,-0.10472781852660502,-0.08193683736107131,-0.073100477232337868,-0.23666462579858488,-0.31888394270624432,-0.19413505649815002,-0.079814747472604114,-0.0902443357876369,-0.13598369341343641,-0.12406421918421984,-0.10830670222640038,-0.09502351563423872,-0.11860665998288564,-0.16127750916140421,-0.18917089949051538,-0.20917140692472458,-0.2379485915104548,-0.24518217891454697,-0.25582901140054065,-0.2511327862739563,-0.22932004183530808,-0.20253722369670868,-0.20012889057397842,-0.19502312690019608,-0.20524843782186508,-0.2279357984662056,-0.2416913757721583,-0.2253241091966629,-0.17389202862977982,-0.21012221715029547,-0.31747751320536072,-0.350845175168731,-0.39130682730283894,-0.37726456969976424,-0.33354896425607783,-0.44850567587060863,-0.36731373090704789,-0.36248714275254884,-0.49290816545389249,-0.5336022896896282,-0.36253331218170315
-0.08581867994131881,-0.08561643973165918,-0.09325117145812041,-0.27093092319758044,-0.35857513844966887,-0.2172968783415854,-0.11898730099201202,-0.09803231195970015,-0.13866147175431251,-0.15844335655371347,-0.16917899747689566,-0.16287855555613837,-0.1387018465570041,-0.14849755167961121,-0.16344703435897828,-0.18502273162206015,-0.2035347173611323,-0.23334110900759697,-0.26317718625068665,-0.2687285840511322,-0.25489698350429535,-0.22660660743713379,-0.22296638041734695,-0.21779532730579376,-0.22123914957046509,-0.22193377465009689,-0.23221460729837418,-0.22680495381355287,-0.16732058177391687,-0.12214729014564962,-0.15909140008060554,-0.19474983587861061,-0.18152130775726275,-0.29785682483138359,-0.23489110782792616,-0.11345619559288026,0.0,0.0,0.0,-0.0056842651012210315,-0.040211171385938847,0.0
-0.07357984772612769,-0.15765417259066336,-0.21834701590421723,-0.18368979126214982,-0.090857234118240218,-0.09599459756697927,-0.127945926040411,-0.15008242279291154,-0.17775967551602256,-0.18993768841028214,-0.19891915917396547,-0.18708300217986107,-0.16762504229942957,-0.15864112973213196,-0.1805357277393341,-0.19467763975262642,-0.21885905414819717,-0.25566060344378155,-0.2770182341337204,-0.27816827098528546,-0.26850143074989319,-0.24676737685998282,-0.23383505642414093,-0.25034739077091217,-0.23543509095907211,-0.22316873818635941,-0.20986265689134598,-0.17157303293546042,-0.11857461618880431,-0.14437050169164484,-0.1113187328267556,-0.06560858010281144,-0.081740133070836662,-0.0069904611170242886,0.0,-0.053401962097268552,0.0,0.0,0.0,0.0,0.0,0.0
-0.14041009676807068,-0.19646463990211488,-0.17031934971992785,-0.12656137347221375,-0.10925656503864697,-0.11681360378861427,-0.1558634340763092,-0.18135387202103934,-0.19051887591679892,-0.22225338220596314,-0.21851972937583924,-0.20524400100111961,-0.18624724447727203,-0.18305279910564423,-0.19314807653427124,-0.20674126595258713,-0.21034078299999237,-0.24702347815036774,-0.2676013857126236,0.0,-0.2539469301700592,-0.23471944779157639,-0.23445279896259308,-0.24056003987789154,-0.21584226936101914,-0.18179617077112198,-0.15812234953045845,-0.11078334078192711,-0.040212251245975494,-0.0371145076744998,-0.042689846944214974,-0.034322528423217591,-0.0059252886515573653,0.00026847239172242876,0.0,0.0,0.0,0.0,0.0,0.0,0.0,0.0
-0.1763164081117686,-0.12040358567328165,-0.071366976201534274,-0.095428372804935158,-0.11535170945254239,-0.14004384210476509,-0.16469085589051247,-0.19870992563664913,-0.23149452606836954,-0.24507979055245718,-0.23318066820502281,-0.22050986438989639,-0.21265076100826263,-0.20553389191627502,-0.20344354957342148,-0.2090255543589592,-0.22679711878299713,-0.23380602896213532,-0.23527506738901138,-0.24248378723859787,-0.22347827752431235,-0.21545354276895523,-0.21422852575778961,-0.18927585333585739,-0.1564178578555584,-0.13490463607013226,-0.082652539014816284,-0.039029813293988504,-0.020461946663479984,-0.0012721637587041503,-0.034422656214462076,-0.072756221694753889,-0.11863220855593681,0.0,0.0,0.0,0.0,0.0,0.0,0.0,0.0,0.0
