SouthSea_Web/demo/jsonfile/2017-12-16-16.json
{"header": {"parameterUnit":"m.s-1","parameterNumber":3,"dx":0.1,"dy":0.1,"parameterNumberName":"Northward current","la1":29.0,"la2":12.0,"parameterCategory":2,"lo2":131.0,"nx":250,"ny":171,"refTime":"2017-12-16T16:01:52.5","lo1":106.0}, "data":
[rows 95 to 113 of 171, columns 0 to 42 of 250]
-0.030160401671848917,0.067710734052776264,0.096562737392054662,0.13678655544152626,0.19962293857877905,0.24405484016125018,0.31296392944124007,0.392313027381897,0.42112762928009034,0.42702844738960266,0.41890694200992584,0.37227006753285724,0.31349435448646545,0.25848418474197388,0.2322295606136322,0.2125813215970993,0.22424363344907761,0.25481122732162476,0.25889089703559875,0.26775483787059784,0.0,0.27755030989646912,0.267225315173467,0.2441326230764389,0.21563473343849182,0.21450739436679417,0.18914484679698945,0.16687811859722795,0.10855077426741547,0.021531388938235144,-0.047478263767865986,0.0,0.0,0.0,0.0,0.0,0.0,0.0,0.0,0.0,0.0,0.0,0.0
-0.12038351934669274,-0.028812934251116782,0.080206256709061563,0.14282982734342417,0.21064737439155579,0.29005452990531921,0.34256951014200848,0.399641419450442,0.41967177391052246,0.42677412927150726,0.39527523517608643,0.3694240351517995,0.30595700442790985,0.0,0.2708888053894043,0.26806171238422394,0.26413217931985855,0.29030135273933411,0.30753900110721588,0.35374282797177631,0.28947652876377106,0.36092221736907959,0.31883482336997987,0.26145947227875393,0.2727344796061516,0.30004530120640993,0.26552800174619329,0.1389612675639641,0.0408449106018192,0.0,0.0,0.0,0.0,0.0,0.0,0.0,0.0,0.0,0.0,0.0,0.0,0.0,0.0
-0.22423240398480135,0.032851457052553691,0.12595725655555726,0.17206366608540216,0.23301666312747532,0.28848595544695854,0.35278419937406269,0.3986872062087059,0.42186900973320007,0.42365072667598724,0.40681846439838409,0.37518343329429626,0.31619694828987122,0.29298016428947449,0.27791599929332733,0.31278866529464722,0.29162079095840454,0.35265849530696869,0.378401517868042,0.41118535399436951,0.42603017886479694,0.44289813935756683,0.39096577962239581,0.33349838001387461,0.43637107933561009,0.42593900827651326,0.13453126595130824,0.0025836774277397329,0.0,0.0,0.0,0.0,0.0,0.0,0.0,0.0,0.0,0.0,0.0,0.0,0.0,0.0,0.0
-0.057837939249085528,0.0808305914203326,0.10827937296458653,0.15062198959864104,0.19732070511037653,0.25503141752311159,0.33490369717280072,0.38214508891105653,0.4075808972120285,0.41901159286499023,0.40627983212471008,0.37861461937427521,0.34358504414558411,0.30884668231010437,0.2838250994682312,0.33274261653423309,0.35143443942070007,0.39426566660404205,0.42166030406951904,0.45359987020492554,0.47808206081390381,0.48453485469023388,0.42264530807733536,0.45833208479664544,0.55085860508860962,0.54832927520210684,0.2392032303632827,0.042302989856883265,0.0,0.0,0.0,0.0,0.0,0.0,0.0,0.0,0.0,0.0,0.0,0.0,0.0,0.0,0.0
-0.014079511246603468,0.036596661899238825,0.069136223196983343,0.10152688187857469,0.16473753899335861,0.26481382548809052,0.34180335700511932,0.39246144890785217,0.41004518667856854,0.40557655692100525,0.40956863760948181,0.0,0.34081059694290161,0.31161311268806458,0.29525388777256012,0.34318467974662781,0.370336651802063,0.41188047826290131,0.46059905489285785,0.49696562687555951,0.5198463648557663,0.55076056056552458,0.519886597206718,0.5837803265223136,0.59646446816623211,0.4968872299281562,0.25364374836806108,-0.040691390633583069,0.0,0.0,0.0,0.0,0.0,0.0,0.0,0.0,0.0,0.0,0.0,0.0,0.0,0.0,0.0
-0.0052005745847487732,-0.042960777862130532,0.043811186030507085,0.0773594578107198,0.17944907769560814,0.28338300330298288,0.34423138499259948,0.37716741114854813,0.38595205545425415,0.39719364047050476,0.38858920335769653,0.38883939385414124,0.33424529433250427,0.318946897983551,0.32440771162509918,0.37139755487442017,0.40943326056003571,0.45354858040809631,0.4841771274805069,0.520073393980662,0.564950168132782,0.58682653578844934,0.60147200389341871,0.68593075319572727,0.67706391474475036,0.50683694721564,0.24364142119786389,0.0,0.0,0.0,0.0,0.0,0.0,0.0,0.0,0.0,0.0,0.0,0.0,0.0,0.0,0.0,0.0
-0.15759126712446628,-0.058244099840521812,0.03788160174511946,0.086853361502289769,0.17219541018659418,0.26850323379039764,0.33292526006698608,0.36155291646718979,0.37084637085596722,0.38124494254589081,0.37640939652919769,0.36676450073719025,0.33814303576946259,0.32361599802970886,0.36031109094619751,0.37562461197376251,0.43686510622501373,0.471199169754982,0.51873219013214111,0.54977157711982727,0.57914802432060242,0.6345217313085284,0.68384668032328288,0.7740096398021864,0.71258377341123724,0.53261461719736325,0.21113826508609285,0.023791523929685355,0.0,0.0,0.0,0.0,0.0,0.0,0.0,0.0,0.0,0.0,0.0,0.0,0.0,0.0,0.0
-0.16522303014993667,0.01898236254997113,0.054318456511412351,0.082125303025046989,0.1540349101026853,0.2335412171151903,0.30317692831158638,0.33670729398727417,0.34734793504079181,0.37037108838558197,0.3762032687664032,0.34392489492893219,0.336361289024353,0.33142745494842529,0.34751114249229431,0.36503472924232483,0.43003520369529724,0.50298492113749182,0.544526735941569,0.57336291670799255,0.611874908208847,0.68770003318786621,0.80476014614105229,0.81928997039794926,0.69398424492941957,0.605818233164874,0.25363225223281455,0.11908971298025915,0.0,0.0,0.0,0.0,0.0,0.0,0.0,0.0,0.0,0.0,0.0,0.0,0.0,0.0,0.0
-0.072852673133214321,0.053962879789699068,0.076293849253228727,0.080320488040645913,0.12599141597747804,0.20182356403933632,0.26298198742525919,0.3108919024467468,0.3260069414973259,0.34219930569330853,0.353225976228714,0.34850180149078369,0.33569687604904175,0.32591839134693146,0.32263615727424622,0.37544003129005432,0.42746125161647797,0.49298557639122009,0.50331681966781616,0.56079117457071936,0.64533548057079315,0.74268317222595215,0.85190593534045744,0.89492042291732066,0.65724755138964264,0.65981830292277865,0.29558888673782346,0.18326013918138212,0.0,0.0,0.0,0.0,0.0,0.0,0.0,0.0,0.0,0.0,0.0,0.0,0.0,0.0,-0.063010439276695251
-0.0069045344981449571,0.07462492150564988,0.081764669881926641,0.074340178941686944,0.081498622362102785,0.14935685423287479,0.23093358675638834,0.285728357732296,0.29107696811358136,0.31651856501897174,0.31939911842346191,0.33308516442775726,0.33316441377003986,0.320479154586792,0.304565891623497,0.37838029861450195,0.391323521733284,0.45340332388877869,0.4816279411315918,0.56216696898142493,0.63337850570678711,0.76142299175262451,0.84634459018707275,0.94967166373604217,0.76816567778587341,0.67523962299029028,0.50522381526494176,0.22279064484279265,0.0,0.0,0.0,0.0,0.0,0.0,0.0,0.0,0.0,0.0,0.0,0.0,0.0,-0.033510395259197266,0.011320766140252408
0.038358792501597481,0.088402665796734031,0.080255584120750428,0.079472389817237851,0.0666504276295503,0.097494671245416012,0.17245365306735039,0.2476910733514362,0.27540547152360279,0.29684215784072876,0.27133595943450928,0.31732310354709625,0.32245132327079773,0.30649735033512115,0.28741686046123505,0.34409141540527344,0.40093465149402618,0.43772370616594952,0.46463595330715179,0.55083382129669189,0.61515885591506958,0.712306022644043,0.79599573612213137,0.85120889315238368,0.79090458425608545,0.73106054464975989,0.61387543289028867,0.33394278679043055,0.05669153500498543,0.0,0.0,0.0,0.0,0.0,0.0,0.0,0.0,0.0,0.0,0.0,0.0,-0.067194085019050151,-0.029397635282093666
0.0074326971635365717,0.063525391825371313,0.078998859161915985,0.1115859370856058,0.090576375393491046,0.063868192583322519,0.11545684486627579,0.23039887398481368,0.23306189477443695,0.24859443679451942,0.25618468225002289,0.29030793905258179,0.30457888543605804,0.32653327286243439,0.27105478942394257,0.30374079942703247,0.37274724245071411,0.42481757700443268,0.46150213479995728,0.49299275875091553,0.54528003931045532,0.61885687708854675,0.710074265797933,0.698263270514352,0.69327247540156045,0.657221032814546,0.61604982401643482,0.41129898679883858,0.14891797614471389,0.06255935361627768,0.00931474384849008,-0.0071402549989271038,0.0,0.0,0.0,0.0,0.0,-0.043985967657395771,-0.0056861181028166766,-0.017130357586987527,-0.077293265578140258,-0.036302321404192109,-0.13583154682415027
-0.052632851526141167,-0.011023411751631391,0.047221969127655028,0.13087383786152149,0.097639972654481724,0.07132866105530411,0.079892956692239517,0.189640074968338,0.21759006008505821,0.19687311649322509,0.23510653376579285,0.25240430235862732,0.2841353714466095,0.30088427662849426,0.27665221691131592,0.2965264767408371,0.38365450501441956,0.40671235322952271,0.44427604973316193,0.46555471420288086,0.48773297667503357,0.51393263041973114,0.57688874006271362,0.56084342797597253,0.57439164320627845,0.564241894086202,0.55870965123176575,0.49559660628437996,0.33546709183786738,0.14527154264642911,0.084451581153702229,0.031870708507122307,0.01699740140718704,0.0070874728383857688,-0.0089022888814615283,-0.056963741948658768,0.0,0.012638665514724369,0.056756089040799179,0.0066673738136504481,-0.10734913926015594,-0.18603175497069335,-0.23617978551989424
0.0,-0.0198085755109787,0.031654798839209151,0.097535096997773033,0.10385291197584295,0.052959815818273151,0.0860190757230157,0.13960167486220598,0.18665377681071943,0.15829609831174216,0.21916673332452774,0.22670268515745798,0.25490964949131012,0.27097985148429871,0.27509714663028717,0.25276852150758106,0.29769355058670044,0.37657801806926727,0.371599979698658,0.41279095411300659,0.42388315498828888,0.43818521499633789,0.48074643810590106,0.47050847609837848,0.4826616843541463,0.46085996329784396,0.46819198770182474,0.445388311786311,0.36740639954805376,0.27191840679872603,0.1904795260301658,0.13678742486696977,0.11655472591519356,0.11097544740824897,0.029987136000388867,-0.040162600779604964,-0.0042535767282149,0.0040302879330145359,0.056832773891572722,0.0069498970360968842,-0.11501164787489809,-0.18922310293665234,-0.32640263820020715
0.0,0.0,0.0,0.0042532281241501159,0.018294067240410779,0.204697752268711,0.070596937428421852,0.12927630964306094,0.12207708288641538,0.096580598813792065,0.16378344297409059,0.18759863823652268,0.20209822555383047,0.24524048715829849,0.24999158084392548,0.2313474714756012,0.29061957200368244,0.32377053300539654,0.32803563276926678,0.35689301788806915,0.35564243793487549,0.38166776299476624,0.4276454895734787,0.45773413777351379,0.46157129108905792,0.46466615796089172,0.44039852420488995,0.40789550117083956,0.36558879699025837,0.29364197254180907,0.2272471444947379,0.17784190802804886,0.15173434034774178,0.15923909386809992,0.075019912929697466,-0.021326336067364469,0.037893805661306325,0.057804397042886708,0.019193648718516042,0.0058158426611763861,-0.11470946297072994,-0.25456481774959444,-0.28595819055468219
0.0,0.0,0.0,0.0,-0.007369425768653552,0.14491675039926918,0.1875073312911936,0.070053808395571723,0.045725470030447468,0.062467212229967116,0.10314928420952388,0.13743101805448532,0.15759330987930298,0.1866514633099238,0.21372003108263016,0.219355009496212,0.23870537430047989,0.26675066351890564,0.27225298682848614,0.29479188720385235,0.301133135954539,0.32310107350349426,0.37728466093540192,0.41361907124519348,0.4174778163433075,0.42860708385705948,0.42376761138439178,0.41772111058235167,0.38312559078137082,0.31659250387123655,0.23601081884569591,0.2097104427061583,0.22986839711666107,0.18487182361158458,0.016969178803265095,-0.11490810510109771,0.051286708784755317,0.0998537867115094,0.0099039788322482746,-0.058884006695831839,-0.10726006833430181,-0.19474315967248834,-0.29400116976163559
0.0,0.0,0.0,0.0,-0.036547857290133837,0.0718319698445708,0.18666578817737195,0.014750134291764545,0.038121338249184192,0.030747390631586314,0.045220996126193895,0.084334371611475945,0.11374206592639287,0.12552276253700256,0.16597992678483328,0.18945104628801346,0.19294001907110214,0.23932564755280814,0.26633653541405994,0.28375922640164691,0.28698569536209106,0.30895985166231793,0.33341950774192808,0.35740818579991657,0.42157111316919327,0.41071895509958267,0.42343740165233612,0.41089498500029248,0.34181391820311546,0.2911209836602211,0.28678069902317865,0.28628360033035277,0.25216051687796909,0.11123449330528577,-0.023714053145210658,-0.023283251915927394,0.079953552658359212,0.10579657096129197,-0.0046839403271999045,-0.08898550672111688,-0.15431969279334659,-0.18664610462803993,-0.31047260787712749
0.0,0.0,0.0,0.0,-0.14547092095017433,0.064033536552785708,0.1249134238882392,0.053536682586127426,0.028844028972089292,-0.0348605523994636,-0.014350064160923163,0.027109801885671914,0.069771138330300644,0.072004441171884537,0.095562845468521118,0.15653230746587118,0.16722816228866577,0.20588610321283341,0.2346879355609417,0.25332008798917133,0.25696621090173721,0.27599440515041351,0.30780044198036194,0.34190458655357359,0.36302150289217633,0.39669835567474365,0.3916093111038208,0.38668288290500641,0.32880315557122231,0.3061835765838623,0.35411820560693741,0.26289529949426649,0.22288750247521835,0.14585812472634846,0.078127530826763672,0.0738490866497159,0.092447351664304733,0.095921234786510462,0.0037703264048711085,-0.10033192252740264,-0.20598845989317507,-0.28638043840016636,-0.29910741895437243
0.0,0.0,0.0,0.0,0.013525961357815907,0.013611688629451814,0.0660228922390678,0.05985562205314636,0.00588302357646171,-0.045936340732233863,-0.051429449839310512,-0.0017124607200877597,0.0197057902259985,0.04858848825097084,0.055845681577920914,0.10941227773825328,0.12899737308422724,0.17688466111818949,0.20645813147226969,0.20442007482051849,0.20705544451872507,0.22151819169521331,0.25460347905755043,0.27215111255645752,0.30651591420173646,0.31963437199592593,0.35861480832099912,0.36279408931732177,0.33065584727696012,0.35676100850105286,0.37781787812709811,0.24578848481178284,0.20511412248015404,0.19490477229867662,0.14531604759395123,0.11108589491673879,0.11575091257691383,0.090858705341815948,-0.0047658597223661755,-0.13046523034572602,-0.26709643783776654,-0.37821292055064232,-0.32955395895987749
