SouthSea_Web/demo/jsonfile/2017-12-15-20.json
{"header": {"parameterUnit":"m.s-1","parameterNumber":2,"dx":0.1,"dy":0.1,"parameterNumberName":"Eastward current","la1":29.0,"la2":12.0,"parameterCategory":2,"lo2":131.0,"nx":250,"ny":171,"refTime":"2017-12-15T19:58:07.5","lo1":106.0}, "data":
[rows 133 to 151 of 171, columns 126 to 167 of 250]
0.14264669269323349,0.15910504261652628,0.1730937585234642,0.19035367295145989,0.18409318725268045,0.1629222184419632,0.15750432759523392,0.14682878824797543,0.13150546782546574,0.12482609765397178,0.087245860270091471,0.046628475762330569,0.020439196092245929,0.03391779047179673,0.0,0.0,0.0,0.0,0.0,0.0,0.0,0.0,0.0,0.0,0.0,0.0,0.0,0.0,0.0,0.0,0.0043529465328902006,-0.030400826098312708,-0.081070892512798309,-0.12160780504345894,-0.2231586111916436,-0.28621289320290089,-0.29233813285827637,-0.309501051902771,-0.30637922510504723,-0.29544259111086529,-0.31953112408518791,-0.38124504685401917
0.1181076243519783,0.12872291604677835,0.15284625192483267,0.17244828989108404,0.17661863813797632,0.15372631512582302,0.15866866376664904,0.16004804335534573,0.14331416243856604,0.13730648701841181,0.10929175330833955,0.0834100569287936,0.045311376186353822,0.012383691500872374,0.0,0.0,0.0,0.0,0.0,0.0,0.0,0.0,0.0,0.0,0.0,0.0,0.0,0.0,0.0,0.0,-0.044638085528276861,-0.11579737270420248,-0.13822647680838904,-0.21530779518864371,-0.36332854086702521,-0.38961156706015271,-0.36564249883998523,-0.35092931389808657,-0.34272274374961853,-0.32656469196081162,-0.3777740180492401,-0.43600550293922424
0.1342374806602796,0.14295542612671852,0.14885976413885751,0.16109744211037955,0.17371858656406403,0.17075810687882559,0.16424256728755105,0.16196126573615605,0.16124585767587027,0.14786314964294434,0.12117171370320851,0.091798780113458628,0.0568064758554101,0.011743972689146176,0.0,0.0,0.0,0.0,0.0,0.0,0.0,0.0,0.0,0.0,0.0,0.0,0.0,0.0,0.0,-0.068465855438262224,-0.098398042842745781,-0.17965015130383627,-0.23020813817327673,-0.299199554655287,-0.41501711986281653,-0.45212309739806433,-0.42324138349956936,-0.39073676988482475,-0.376839342713356,-0.38883241762717563,-0.42658195644617081,-0.47987312451004982
0.15548302233219147,0.15377543866634369,0.15235449001193047,0.15183456614613533,0.15313722193241119,0.15025479346513748,0.16375444643199444,0.17005706330140433,0.15873389216986569,0.13102729121843973,0.098545794685681656,0.080253665149211881,0.063560732950766877,0.026270984167543549,0.0,0.0,0.0,0.0,0.0,0.0,0.0,0.0,0.0,0.0,0.0,0.0,0.0,0.0,-0.0301420446485281,-0.058646024577319621,-0.15468639507889748,-0.29031618684530258,-0.373163457100208,-0.43014440685510635,-0.4693618251217736,-0.45917103191216785,-0.43266812237826263,-0.39384195479479706,-0.3587629497051239,-0.41031210422515868,-0.45167699125077987,-0.48679967522621154
0.14472461740175882,0.14012320836385092,0.13268580536047617,0.13488280326128005,0.15194530785083771,0.14676446574074881,0.16189270383781856,0.17751106061041355,0.16232221656375462,0.12532005086541176,0.087380348571709218,0.088985354385592727,0.094598628580570221,0.059824253432452679,0.012166840489953756,0.0,0.0,0.0,0.0,0.0,0.0,0.0,0.0,0.0,0.0,0.0,0.0,0.0,0.013644082675455138,-0.0027415896067395805,-0.10062227281741798,-0.3321908215681712,-0.45175761646694607,-0.52352708081404364,-0.5508967373106215,-0.51189060343636406,-0.45045890510082243,-0.42528270681699115,-0.40081795454025271,-0.43480375111103059,-0.4911401182413101,-0.512104309267468
0.1243332102894783,0.12546330690383911,0.10625692829489708,0.10769539177417756,0.1371524676680565,0.14547434200843176,0.14516638964414597,0.14858735948801041,0.14177088905125856,0.13034438714385033,0.10513369242350261,0.10602569114416838,0.11101635628276402,0.080088822636753321,0.02554791308939457,0.0,0.0,0.0,0.0,0.0,0.0,0.0,0.0,0.0,0.0,0.0,0.0,0.0,0.10942184925079346,0.036157248541712761,-0.010077680321410298,-0.1588289737701416,-0.3094205245375633,-0.43723451197147367,-0.52717086176077521,-0.53155869245529175,-0.49556065797805787,-0.49134897372939368,-0.49038571715354917,-0.50445285439491272,-0.53462770581245422,-0.5497564540969001
0.12733745823303858,0.12277945379416148,0.10198065266013145,0.10196163691580296,0.1177767351269722,0.13097525920186723,0.12426867987960577,0.10299967974424362,0.095362074673175812,0.098752694204449654,0.11434280195019463,0.1268305910958184,0.11872114134686333,0.10051400640181132,0.016972754771510761,0.0,0.0,0.0,0.0,0.0,0.0,0.0,0.0,0.0,0.0,0.0,0.0,0.0,0.0,-0.00065055753414829576,0.037256199452612132,0.035101800380895533,-0.070767960355927542,-0.27839475125074387,-0.39184071123600006,-0.42655005238272925,-0.45901053547859194,-0.48284090682864189,-0.45432555079460146,-0.45426836013793948,-0.50745186871952486,-0.51369576156139374
0.13756942003965378,0.12436868747075398,0.11158191164334615,0.10966457426548004,0.11486365025242169,0.11963135855538505,0.10353228130510875,0.0686028259806335,0.065021071955561643,0.080265775322914124,0.11057194694876671,0.13425486087799071,0.12197212651371955,0.087720525051866255,0.028242462048573152,0.0,0.0,0.0,0.0,0.0,0.0,0.0,0.0,0.0,0.0,0.0,0.0,0.0,0.0,0.0,-0.008637839765287935,0.058112277226014572,-0.0034951649140566587,0.0,-0.20151259005069733,-0.20648014651877539,-0.264168743789196,-0.3225702106952667,-0.34150748361240735,-0.37570156157016754,-0.4300267425450412,-0.46524436473846437
0.13543112576007843,0.13339927792549133,0.13652704656124115,0.12417019406954448,0.11601864397525788,0.11914207662145297,0.1009800136089325,0.058854738716036081,0.063807872848378286,0.075854808837175366,0.091997597780492574,0.10665896286567052,0.088160310871899128,0.07446388121355664,0.03514934222524365,0.033863112330436707,-0.010669165290892124,0.0,0.0,0.0,0.0,0.0,0.0,0.0,0.0,0.0,0.0,0.0,0.0,0.0,-0.037878119076291718,-0.017238339575539743,0.0194478799123317,0.0,0.0,0.0,-0.033500725030899049,-0.12792365322820842,-0.18576508462429048,-0.26201318038834465,-0.33692151714455,-0.388580459356308
0.14283153911431631,0.14151470363140106,0.14222868780295053,0.12375067919492722,0.10890759900212288,0.1082792654633522,0.096273264714649739,0.0780761374367608,0.075352012179791927,0.072428756952285761,0.059330728277564047,0.062389423804623742,0.056447358336299658,0.0735793945689996,0.059408160547415413,0.07023314107209444,0.012341286298275614,0.022271887472015806,0.0,0.0,0.082890949289624885,0.0,0.0,0.0,0.0,0.0,0.0,0.0,0.0,0.0,-0.0653658676892519,-0.047962591052055359,0.0046191282570362093,0.045458068450291954,0.010784434154629707,-0.0022922462251569542,-0.034216307103633881,0.12764964476227761,0.086371177962670728,-0.054369863681495191,-0.13238631840795279,-0.14571542936292561
0.14379504695534706,0.14066067337989807,0.13843024770418802,0.12267151102423668,0.0929205659776926,0.092150842150052384,0.0894130477681756,0.084070193022489553,0.073487041518092155,0.069563278555870051,0.0504328653216362,0.0510522797703743,0.061317899730056524,0.092790837089220687,0.12154964440398747,0.12322557175701315,0.049870928084211688,0.0,0.0,0.0,0.060318169835954907,-0.0012154174702508108,-0.0059147416613996029,0.00846836599521339,0.0,0.0,0.0,0.0,0.0,0.0,0.10867312550544739,0.091253077079142847,0.053622959539867364,0.040939501998946068,-0.071861758828163147,-0.037988164546814834,-0.024128062029679615,-0.046847078328331314,0.014961576089262962,-0.030052181100472808,-0.072844116762280461,-0.04999721422791481
0.16060890257358551,0.14266676704088846,0.1291971430182457,0.10930023044347763,0.0915037214756012,0.0874671886364619,0.076088272035121918,0.071764433383941645,0.050974453333765268,0.047331240028142929,0.038870169408619405,0.060176271013915539,0.088539868593215942,0.12175195001893574,0.16213488206267357,0.2046292781829834,0.144139209931547,0.10321902669966221,0.022413261234760284,0.0,-0.012497372304399809,-0.048098352272063494,-0.034565411677414719,-0.021658489706169348,-0.021677525714039803,0.0,0.0,0.0,0.0,0.0,0.0022301621890316405,0.047477948375874095,0.057962649827823044,-0.056318078900221738,-0.15585048198699952,-0.14754683358801735,-0.16992933980443262,-0.17698127859168583,-0.24825382368131119,-0.19455871392380109,-0.12159213703125715,-0.084758200993140534
0.16354115804036459,0.13733837381005287,0.11224837601184845,0.11209704913198948,0.098027488216757774,0.083202665405614037,0.062947572341987071,0.046453087901075683,0.025067491829395293,0.024929633778002527,0.026802670417560473,0.064236474985426117,0.10053957336478764,0.14459374845027923,0.19383846629749646,0.23733291526635489,0.19064426546295485,0.10285803427298863,0.032536178284014262,0.0,-0.023040774588783581,-0.079455459490418434,-0.090686481446027756,-0.068103549458707377,-0.025574092753231525,0.0,0.0,0.0,0.0,0.0,-0.015491447411477566,-0.0363297569565475,-0.063278611410747879,-0.095547306868765086,-0.16210903972387314,-0.23065500096841293,-0.27185956140359241,-0.29852544367313383,-0.310975581407547,-0.25981222093105316,-0.20244250785220752,-0.14459178596735
0.15573559701442719,0.13187497109174728,0.10865847518046697,0.10177420377731324,0.0935051180422306,0.084709793329238892,0.063429790238539382,0.056661933194845915,0.04013869994216495,0.041276787221431729,0.03997267410159111,0.068927755579352379,0.10681754418394783,0.14535441994667053,0.18063538453795694,0.20499470002121395,0.19696977568997276,0.14233909216192034,0.025883333051751833,-0.01969890557229519,-0.084919411689043045,-0.093524517118930811,-0.11239749193191528,0.0,0.0,0.0,0.0,0.0,0.0,0.0,0.0,-0.054880258494189808,-0.10674846470355988,-0.15415881294757128,-0.18420676480640064,-0.24990289590575479,-0.27803313434123994,-0.30898468792438505,-0.3455883264541626,-0.34364905411546881,-0.28622274696826933,-0.21752848393387264
0.13742339114348093,0.10654637962579727,0.10449439287185669,0.084150377660989761,0.086988644301891321,0.082084509943212786,0.063974778167903423,0.054230566136538982,0.060707246884703636,0.071865243837237358,0.075339879095554355,0.097680501639842987,0.10621683578938246,0.12816329909996552,0.1403103835052914,0.14522518556226383,0.16696086857053968,0.12248194124549627,-0.017538464395329356,-0.041825754567980766,-0.039281236007809639,-0.053639356046915054,0.0,0.0,0.0,0.0,0.0,0.0,0.0,0.0,0.0,-0.030471996404230595,-0.090021344315674573,-0.16501099788225615,-0.16489943387833508,-0.25371315081914264,-0.2957065800825755,-0.26546484397517311,-0.26565380580723286,-0.35926562547683716,-0.22914845744768778,-0.22920230403542519
0.11976798623800278,0.084180157631635666,0.088902022689580917,0.083406897261738777,0.0934646154443423,0.088544348254799843,0.070393156260252,0.055835968681744168,0.070913459360599521,0.089806695779164628,0.089442760497331616,0.097699157893657684,0.084224426498015717,0.08131548358748357,0.086322576871940074,0.080771730366078293,0.082221683114767075,0.059213299511207476,-0.032050065592759185,-0.052869025617837906,-0.0665290541946888,0.0,0.0,0.0,0.0,0.0,0.0,0.0,0.0,0.0,0.0,0.0,-0.03200528999282555,-0.080671870403669091,-0.0925196222960949,-0.12578805329071152,-0.21506374794989824,-0.11281846386070053,0.0,0.0,0.0,0.0
0.14204585552215576,0.10957515425980091,0.10604238510131836,0.096512448042631149,0.10080950955549876,0.10545755798617999,0.0829646572470665,0.067223687190562487,0.080739454262786448,0.086939320796065866,0.072461194172501561,0.064145311713218689,0.05345584534936481,0.020542022646763004,-0.013312136355255331,-0.025354019898389066,-0.011967026147370536,-0.013711783085734798,-0.058446448089347944,-0.034408987732604146,-0.017406269907951355,0.0,0.0,0.0,0.0,0.0,0.0,0.0,0.0,0.0,0.0,0.0,0.021317235194146633,0.01078811880539764,0.038258816505549478,0.010954017192125321,0.004616621183231473,0.0033513063099235296,0.0,0.0,0.0,0.0
0.15181717276573181,0.13928231596946716,0.13528991490602493,0.12939048558473587,0.13537073135375977,0.14086325839161873,0.1100633755326271,0.077483561954328,0.058504581983600347,0.036246390349697323,0.01992786220378346,0.02740567261353135,-0.0017590449191629888,-0.081899544224143028,-0.14605098590254784,-0.10077149119405519,-0.0026993580007304749,-0.0040472232103638817,-0.015999137540347874,0.0058746456634253263,0.03360343724489212,0.0,0.0,0.0,0.0,0.0,0.0,0.0,0.0,0.0,0.0,0.0,0.0,-0.015798183623701334,-0.018266872606343694,8.1469382469852761E-05,0.026837163604795933,0.034722454845905304,0.0,0.0,0.0,0.0
0.15053948760032654,0.13211089372634888,0.12480244785547257,0.12580204010009766,0.13013516739010811,0.12248187512159348,0.0998152003933986,0.054900225251913071,0.021623881242703646,-0.021201099269092083,-0.022892736571116581,-0.020667319613494328,-0.088181745547514692,-0.16208450320888967,-0.18571943018053258,-0.0703386159693764,0.023009923461358994,0.048159767349716276,0.031716360747324007,0.0330718967015855,0.032167590999354921,0.0,0.0,0.0,0.0,0.0,0.0,0.0,0.0,0.0,0.0,0.0,0.0,0.0,0.0,0.0054320497438311577,0.012051800236804411,0.0,0.0,0.0,0.0,0.0
