SouthSea_Web/demo/jsonfile/2017-12-14-02.json
{"header": {"parameterUnit":"m.s-1","parameterNumber":2,"dx":0.1,"dy":0.1,"parameterNumberName":"Eastward current","la1":29.0,"la2":12.0,"parameterCategory":2,"lo2":131.0,"nx":250,"ny":171,"refTime":"2017-12-14T01:58:07.5","lo1":106.0}, "data":
[rows 133 to 151 of 171, columns 168 to 209 of 250]
-0.32372941821813583,-0.34272990748286247,-0.35714694431849886,-0.3391372375190258,-0.3646116725036076,-0.377658236771822,-0.38312934339046478,-0.3581944439146254,-0.37573446120534626,-0.3815835586615971,-0.37812041739622754,-0.38615837267466951,-0.41078031063079834,-0.43745191693305968,-0.4466504653294881,-0.42536336183547974,-0.39298853278160095,-0.36410948634147644,-0.32743978500366211,-0.28332326809565228,-0.23543036480744681,-0.18259631594022116,-0.13276676088571549,-0.080858446657657623,-0.054784908890724182,-0.00653849309310317,0.1515690709153811,0.22768586874008179,0.33175577223300934,0.37380534410476685,0.39811170101165771,0.40483585000038147,0.4056258499622345,0.38434670865535736,0.34935685992240906,0.28196337819099426,0.0,0.21935714781284332,0.15343324840068817,0.098364874720573425,0.10997096449136734,0.085851125419139862
-0.39609127385275705,-0.41886938363313675,-0.42654349654912949,-0.43111800154050189,-0.42107780277729034,-0.40638714283704758,-0.39848993884192574,-0.38245849683880806,-0.38816476861635846,-0.36988295987248421,-0.37519941585404532,-0.3999110956986745,-0.42722841600577038,-0.443049750157765,-0.44417764246463776,-0.43524963259696958,-0.40683756768703461,-0.37605437636375427,-0.34534469991922379,-0.30158017277717591,-0.262767992913723,-0.23289007941881815,-0.16509247571229935,-0.12677748873829842,-0.098102521151304245,-0.033052918035537004,0.06021498516201973,0.15150069445371628,0.23526008427143097,0.3323809951543808,0.37200784683227539,0.38135820627212524,0.36717656254768372,0.35460372269153595,0.32949946820735931,0.0,0.27148979902267456,0.2121993750333786,0.13378946483135223,0.13410592079162598,0.095940642058849335,0.099712438881397247
-0.43028396740555763,-0.46203181147575378,-0.47958203819062972,-0.48984212345547146,-0.486750817961163,-0.47228462100028989,-0.45160865452554488,-0.44431402683258059,-0.41356447880918329,-0.38413141502274406,-0.3817388117313385,-0.42179694440629745,-0.45478247478604317,-0.46915248036384583,-0.47012411554654437,-0.44400927424430847,-0.40274682144323987,-0.36919638514518738,-0.3405459076166153,-0.323315367102623,-0.31369156638781232,-0.3001670241355896,-0.23390150815248489,-0.17812160154183707,-0.13489897921681404,-0.10642439126968384,-0.014346933690831065,0.073814921081066132,0.14378627762198448,0.0,0.2898707389831543,0.28667338192462921,0.28468728065490723,0.27922436594963074,0.29366317391395569,0.260601282119751,0.2518177330493927,0.20572443306446075,0.15299414098262787,0.0,0.082427017390728,0.052220340818166733
-0.42926461001237232,-0.47567435105641681,-0.50918296972910559,-0.53605877028571236,-0.54877235889434817,-0.54481744021177292,-0.52339696553018356,-0.50234863493177628,-0.48166182041168215,-0.480695016682148,-0.45994723385030573,-0.46333834156394005,-0.46880030632019043,-0.47411129540867275,-0.47573605179786682,-0.44249043720109121,-0.39689686894416809,-0.35764287908871967,-0.33757712443669635,-0.33043950796127319,-0.33256535232067108,-0.32587548345327377,-0.26681628078222275,-0.21505364030599594,-0.17961720749735832,-0.17515967041254044,-0.10491600260138512,-0.03816715907305479,0.0,0.14346853146950403,0.17718611657619476,0.0,0.21753744781017304,0.22708228230476379,0.20948387682437897,0.18509283661842346,0.0,0.17251390218734741,0.1461702287197113,0.13897524774074554,0.076519586145877838,0.0
-0.42896024286746981,-0.472906897465388,-0.51578921621496032,-0.550691545009613,-0.58203048838509452,-0.60757552252875435,-0.61015236377716064,-0.613725653716496,-0.58895224332809448,-0.55835688859224319,-0.54918007055918372,-0.53518964184655082,-0.49536001309752464,-0.46890345588326454,-0.44639873132109642,-0.41236894329388935,-0.38327304522196454,-0.35291100293397903,-0.34464289744695026,-0.33703113595644635,-0.32886794954538345,-0.32524325450261432,-0.31703599294026691,-0.28372928500175476,-0.22743860383828482,-0.2193535789847374,-0.1465761698782444,-0.13055896759033203,0.0026721296211083732,0.07427678257226944,0.093167535960674286,0.13310287892818451,0.16874971240758896,0.16179345548152924,0.16580857336521149,0.0,0.17381139844655991,0.14918644726276398,0.12683694064617157,0.09325997531414032,0.10139184445142746,0.00629371777176857
-0.46468967571854591,-0.46597082540392876,-0.48972654342651367,-0.51236710945765174,-0.54597145318984985,-0.58596565127372746,-0.61135189873831608,-0.63016095426347518,-0.62368499040603642,-0.61184410254160559,-0.58057452440261836,-0.54631279408931732,-0.50776226984130013,-0.46552873982323539,-0.42669718795352513,-0.39199716704232351,-0.35829010605812073,-0.34658174216747284,-0.36529304832220078,-0.36398840695619583,-0.34669434428215029,-0.32958339154720306,-0.34272342920303345,-0.32156379024187726,-0.25555393099784851,-0.23778096586465836,-0.19299723953008652,-0.11447189375758171,-0.090455964207649231,-0.0099544844124466181,0.076038945466279984,0.0,0.085035435855388641,0.12707699835300446,0.12982535362243652,0.15971244871616364,0.0,0.15773604065179825,0.0,0.066854778677225113,0.045890606939792633,0.024189723655581474
-0.4437428593635559,-0.41485913097858429,-0.42703594639897346,-0.44384616017341616,-0.48364194035530089,-0.54171659052371979,-0.58494766801595688,-0.61698757857084274,-0.6246829628944397,-0.598297483391232,-0.57752932821001324,-0.53089443743228915,-0.47245362028479576,-0.43038006954722935,-0.39056439201037091,-0.370917197316885,-0.34482660038130625,-0.35158553719520569,-0.38529605170090991,-0.39182012528181076,-0.39197520911693573,-0.36165791004896164,-0.35205773264169693,-0.35610704620679218,-0.29880602161089581,-0.261625237762928,-0.20601449906826019,-0.18713868409395218,-0.15374380722641945,-0.10062490403652191,-0.034146495163440704,0.040681300684809685,0.024567849934101105,0.066051948815584183,0.097470328211784363,0.085518121719360352,0.1283591091632843,0.11952813714742661,0.095240101218223572,0.0,-0.0015113793779164553,-0.034379653632640839
-0.508031702041626,-0.45226589507526821,-0.42142990231513977,-0.4260096400976181,-0.44709179136488175,-0.491239736477534,-0.526319506764412,-0.56734895706176758,-0.61428858552660259,-0.59983809292316437,-0.55567351314756608,-0.49378866702318192,-0.43922112584114076,-0.38168610466851127,-0.3570476704173618,-0.38475361466407776,-0.37034559581014848,-0.37133659209523884,-0.40760252376397449,-0.41956321895122528,-0.41994734853506088,-0.38359509706497191,-0.35512745380401611,-0.38114144404729206,-0.35463400185108185,-0.3336365669965744,-0.27697449177503586,-0.26426078379154205,-0.21298490464687347,-0.15727906301617622,-0.1175730973482132,-0.069869939237833023,0.0,-0.023299775086343288,0.01501483004540205,0.039070911705493927,0.040097124874591827,0.061662845313549042,0.0540492981672287,0.049067601561546326,0.0,-0.05742742121219635
-0.54374004900455475,-0.50478813714451265,-0.46215084857410854,-0.43844771716329789,-0.45750935872395831,-0.48760346695780754,-0.49509363248944283,-0.50411014631390572,-0.53733980655670166,-0.54732480976316666,-0.50411856174468994,-0.4290911787086063,-0.39406601446015493,-0.37321474775671959,-0.364083606749773,-0.410201545804739,-0.46135266953044468,-0.42191753163933754,-0.42095790306727093,-0.44632207850615185,-0.43336943536996841,-0.39488299936056137,-0.35666076093912125,-0.37031595905621845,-0.40039072930812836,-0.41084678471088409,-0.37610296905040741,-0.3743622750043869,-0.31135632594426471,-0.22698678076267242,-0.19400600343942642,-0.14130764827132225,-0.11807107925415039,-0.068095169961452484,-0.12264127284288406,-0.045259579084813595,-0.00841798447072506,-0.030764475464820862,-0.0051745246164500713,0.0062798922881484032,-0.043305449187755585,-0.098488591611385345
-0.37765802307562396,-0.41326267851723564,-0.43320579149506311,-0.45106038078665733,-0.44094230400191414,-0.46852191620402867,-0.48977592214941978,-0.48265780508518219,-0.4729444119665358,-0.48519629612565041,-0.48498460224696566,-0.44208515807986259,-0.39045016095042229,-0.36123443394899368,-0.3966375802244459,-0.4392218917608261,-0.50679740735462731,-0.514619939857059,-0.47717423240343732,-0.4748027835573469,-0.4644838273525238,-0.402220094203949,-0.36547784507274628,-0.3917948454618454,-0.41886950532595318,-0.44909273087978363,-0.43484926223754883,-0.4141315370798111,0.0,-0.36143256723880768,-0.29296718537807465,-0.2359887957572937,-0.23105688393115997,-0.20071485638618469,-0.13208574056625366,0.0,-0.11168710514903069,-0.09693850576877594,0.0,-0.090675495564937592,-0.083706684410572052,-0.14733432233333588
-0.21888156980276108,-0.20366902152697244,-0.26316980645060539,-0.37613311409950256,-0.40900280475616457,-0.44262893497943878,-0.48736157682206893,-0.488261453807354,-0.46934912602106732,-0.46478347267423359,-0.44781714677810669,-0.41814907391866046,-0.40627038904598783,-0.37946623989513945,-0.39864382892847061,-0.48909780808857511,-0.5431818775832653,-0.55825317502021787,-0.51212552562356,-0.49320770800113678,-0.48899886863572256,-0.440479834874471,-0.40595636516809464,-0.43650205433368683,-0.45801507433255512,-0.46932797133922577,-0.467273086309433,-0.47624586522579193,-0.45308883488178253,-0.44950728118419647,-0.39545118808746338,-0.38441574573516846,-0.32220979034900665,-0.27241560816764832,-0.23637310415506363,-0.22850634157657623,0.0,-0.17883890867233276,-0.16976334899663925,-0.16819621622562408,-0.20823380351066589,-0.18473170697689056
-0.22018302232027054,-0.19186335636509788,-0.19803726375102998,-0.2603944931179285,-0.30945262610912322,-0.36201993482453482,-0.40274898707866669,-0.46480394072002834,-0.46153842551367624,-0.44884603553348118,-0.4424482062458992,-0.45363308323754203,-0.44154184063275653,-0.3998970203101635,-0.42382969260215758,-0.49195323884487152,-0.60287169047764366,-0.65418326854705811,-0.600533239543438,-0.51568879683812463,-0.49625876545906067,-0.48704478641351062,-0.47551886737346649,-0.4807155653834343,-0.49399444460868835,-0.49041096866130829,-0.50928713877995813,-0.53760600090026855,0.0,-0.55002996325492859,-0.512208878993988,-0.49036508798599243,-0.4377298504114151,-0.41462039947509766,-0.35270524024963379,-0.34629087150096893,-0.3371441662311554,-0.2702946662902832,0.0,-0.22495909035205841,-0.23809368908405304,0.0
-0.2330863133072853,-0.20107347766558328,-0.20281490186850229,-0.21794296552737555,-0.23895579907629225,-0.26266116400559741,-0.27970372885465622,-0.30451204710536534,-0.3421316035091877,-0.3882964551448822,-0.425956416875124,-0.47483572363853455,-0.46147352457046509,-0.42862860361735028,-0.43637009958426159,-0.483636919941221,-0.57416026790936792,-0.6806437202862331,-0.69628693376268658,-0.61067290604114532,-0.50850931141111588,-0.48601852996008738,-0.50382038205862045,-0.51199176907539368,-0.52063021063804626,-0.52484667301177979,-0.53222444653511047,-0.55658060312271118,-0.57686698436737061,-0.60676628351211548,0.0,-0.5987134575843811,-0.53820300102233887,-0.49670790135860443,-0.47833749651908875,-0.42738029360771179,-0.3841853141784668,-0.35939027369022369,-0.33736035227775574,-0.273699015378952,-0.28734207153320312,-0.28775298595428467
-0.27064674415371637,-0.22330386274390751,-0.18923752456903459,-0.19915024042129517,-0.21323570067232306,-0.23493660092353821,-0.24625072711043888,-0.25376425021224552,-0.2563540730625391,-0.29693399369716644,-0.35088658332824707,-0.40031919309071134,-0.41892681377274649,-0.39971227645874025,-0.42959270874659222,-0.49291219810644787,-0.57629966735839844,-0.66163490215937293,-0.71403554677963255,-0.647105586528778,-0.5487324446439743,-0.48983126878738403,-0.49661167263984679,-0.51973332961400354,-0.52620008587837219,-0.52420713504155481,-0.52782750129699707,-0.55640548467636108,0.0,-0.58919063210487366,-0.627958357334137,-0.62541499733924866,0.0,-0.58213949203491211,-0.52473545074462891,-0.4944530725479126,0.0,-0.43592366576194763,-0.37413567304611206,-0.37736210227012634,-0.32574354112148285,-0.29916900396347046
-0.25200680494308469,-0.21245426481420343,-0.17999875731766224,-0.17409012615680694,-0.17449123660723367,-0.18992689251899719,-0.20271707822879156,-0.19631495326757431,-0.18801820491041457,-0.18632435984909535,-0.24947867542505264,-0.28903449858937946,-0.31046512424945832,-0.3222917786666325,-0.39174399524927139,-0.49133916497230529,-0.61676309506098426,-0.69071214199066167,-0.719384777545929,-0.67823484539985657,-0.602529239654541,-0.49483209103345871,-0.4821755439043045,-0.50310834248860681,-0.51505812009175622,-0.50782883167266846,-0.49454990029335022,-0.49489063024520874,-0.53135517239570618,-0.57769554853439331,0.0,-0.63839846849441528,-0.64181819558143616,-0.60582652688026428,0.0,-0.56968438625335693,-0.52772367000579834,-0.47709411382675171,0.0,-0.41879913210868835,0.0,-0.39021186530590057
0.0,-0.12603771686553955,-0.12147875279188156,-0.15376853570342064,-0.18468190878629684,-0.20567411298935229,-0.17518233440139078,-0.15097733587026596,-0.14616397768259049,-0.12792751099914312,-0.14941411252532685,-0.16834353336266109,-0.14925318956375122,-0.1841044177611669,-0.33613943060239154,-0.48112963636716205,-0.69644633928934729,-0.69954010844230652,-0.730319008231163,-0.69226425886154175,-0.63447724282741547,-0.53398393094539642,-0.4860728457570076,-0.46427004039287567,-0.46446608006954193,-0.47054235637187958,-0.46918720006942749,-0.466543048620224,0.0,-0.52132809162139893,-0.59012353420257568,-0.6482464075088501,0.0,-0.63483846187591553,-0.60974538326263428,-0.60077875852584839,0.0,-0.53642827272415161,-0.46814408898353577,0.0,-0.41718262434005737,-0.41324993968009949
0.0,0.0,-0.064798199106007814,-0.075739586630582126,-0.1445145308971405,-0.22729982137680055,-0.1292387000285089,-0.109866763651371,-0.090288733216849243,-0.0805860087275505,-0.082427889108657837,-0.097332691507680077,-0.10217384155839682,-0.047422498580999672,-0.093342473109563187,-0.47657361626625061,-0.73859655857086182,-0.7358832061290741,-0.73173525929450989,-0.68015682697296143,-0.64793312549591064,-0.57849663496017456,-0.52680416901906335,-0.47511398792266846,-0.44179029762744904,-0.40131644904613495,-0.3662564754486084,-0.4267534613609314,-0.46166372299194336,-0.49452415108680725,-0.571706235408783,-0.63094982504844666,-0.65458619594573975,-0.64636170864105225,-0.63439154624938965,-0.62975293397903442,-0.59160298109054565,-0.55939280986785889,-0.50456617772579193,-0.47451230883598328,-0.45570620894432068,-0.44321832060813904
0.0,0.0,0.0,-0.013014728185953572,-0.043924317122078858,-0.19054453074932098,-0.06101325999147126,-0.095445947721600533,-0.1099642738699913,-0.10492162096003692,-0.085219422976175949,-0.0872165954538754,-0.10881848819553852,-0.10035774558782577,0.0,-0.31153622269630432,-0.51198256015777588,-0.674563467502594,-0.75943803787231445,-0.78819304704666138,-0.7158789336681366,-0.586912602186203,-0.50465184450149536,-0.45001617074012756,-0.37323245406150818,-0.26739807426929474,-0.24397097527980804,-0.37882199883461,-0.42909923195838928,-0.553712010383606,-0.60381990671157837,-0.67580002546310425,-0.68433767557144165,-0.67384392023086548,-0.65428054332733154,-0.63553449511528015,-0.59523317217826843,-0.557952880859375,-0.54010945558547974,-0.52333459258079529,-0.5074915885925293,-0.50401782989501953
0.0,0.0,0.0,-0.01228372153127566,-0.00090914549814029169,0.028316580923274159,0.0,-0.0693792887032032,-0.10932592749595642,-0.080078170712416366,-0.038391696661710738,-0.072753626025385321,-0.11062544956803322,-0.099890773495038346,0.0,0.0,-0.36070939898490906,-0.49465270340442657,-0.753359317779541,-0.75591817498207092,-0.75661706924438477,-0.74047881364822388,0.0,-0.61267185211181641,-0.541552722454071,-0.49401792883872986,0.0,-0.509697675704956,-0.53601992130279541,-0.575527548789978,0.0,-0.583406925201416,-0.62258517742156982,0.0,-0.70028698444366455,-0.74270075559616089,-0.74053299427032471,0.0,-0.74820619821548462,-0.76776164770126343,0.0,-0.78409117460250854
