SouthSea_Web/demo/jsonfile/2017-12-14-16.json
{"header": {"parameterUnit":"m.s-1","parameterNumber":3,"dx":0.1,"dy":0.1,"parameterNumberName":"Northward current","la1":29.0,"la2":12.0,"parameterCategory":2,"lo2":131.0,"nx":250,"ny":171,"refTime":"2017-12-14T16:01:52.5","lo1":106.0}, "data":
[rows 76 to 94 of 171, columns 43 to 85 of 250]
0.0,-0.0622444236086625,0.0,-0.052673888441763426,-0.1653602365468396,-0.062941894126106068,-0.025320530061181609,-0.030936157079413534,-0.12439953214572576,-0.18597158604235731,-0.035085115254107749,-0.03178358378223288,-0.0376108643040061,-0.04501910944684194,-0.077823312332232789,-0.12450427158934171,-0.051090808575584866,-0.107175259347089,-0.19388164169546487,-0.21951204081376394,-0.22589550150765314,-0.15644245151053654,-0.11000715930392777,-0.17175643283587236,-0.24004091455865262,-0.18874903919472211,-0.065483111057143939,-0.031479044306662776,-0.023884871737810516,-0.04249525589915782,-0.085727211656206739,-0.080873683030749183,-0.060569514851954026,-0.059999973118557766,-0.046390292793512346,-0.057693749274078165,-0.04495687430361444,-0.031921720234677195,-0.043889695539688453,-0.072910788818262517,-0.10349739631337504,-0.080836749156670912,-0.0046934898514180154
0.0,-0.14569716392218915,0.0019335815810667225,-0.26235459113590104,-0.047795734959066395,-0.052713896880673274,-0.060590453624077466,-0.099772365970744029,-0.14824192396817951,-0.1744249724611944,-0.093290312428559577,-0.0614641022070178,-0.095719611520568529,-0.1248412725866818,-0.16290970081300066,-0.2419415512045876,-0.15479325039028111,-0.038545011638498473,-0.17604102112818509,-0.22233852283919559,-0.21054889474596297,-0.2036498753410397,-0.1029219260411476,-0.085876423107870553,-0.068100102417744127,-0.044997386954491958,-0.04368825464463625,-0.058590716239614565,-0.0220363896243119,-0.036587037033690463,-0.09940128431965907,-0.092157481969999414,-0.0742291315712712,-0.083617194369435308,-0.081681496248795435,-0.07195846659929625,-0.066304027999716783,-0.019820066718148156,-0.029655429974405303,-0.043020143000889688,-0.073806062726111246,-0.091291866368717611,-0.057597833542296521
0.0,-0.19907167420175634,-0.036106735067424081,-0.051646511109528843,-0.04229028061032708,-0.066605218237435274,-0.13637203318958588,-0.15628921743482352,-0.20366526544094085,-0.210654379427433,-0.1203352240845561,-0.11992701801160971,-0.1684434731201879,-0.24668503540047146,-0.18878051169937657,-0.19145560315970717,-0.15483482085889386,-0.050397584897776446,-0.042058526721754759,-0.043393116898559889,-0.09011282325919831,-0.10484381369315088,-0.10866214421888193,-0.043272671485809905,-0.080658555030822754,-0.087577015222584612,-0.038418904235907672,-0.04952095939140571,-0.056135629066976452,-0.072743958069218531,-0.053290155874389525,-0.082536982085842356,-0.038613565933873072,-0.053416724337471855,-0.080023722939713063,-0.063870142307132477,-0.034963997936732064,-0.044427752184371151,-0.035700650221241956,-0.0059760523893471274,-0.00476533679223697,0.00376115707680583,0.014541737032122909
-0.13234662339079176,-0.09041542259793986,-0.16920717036042024,-0.010698114522913076,-0.048505970229132056,-0.15033818785515096,-0.20140547847205942,-0.20779890908023058,-0.21117299365795264,-0.22074743297140478,-0.20212805444995563,-0.21733505948115203,-0.2678536171359675,-0.233417898150427,-0.12815939365275975,-0.11373627309997876,-0.11836294010281563,-0.067744104649688372,-0.02808247571650507,-0.045352800001130726,-0.046403762595406892,-0.081000134538290858,-0.10167778965156034,-0.074913316965103144,-0.079458211966115855,-0.090715036077319455,-0.05911497105486118,-0.037194531127883526,-0.051462282352149488,-0.058944068120225616,-0.037428610689110228,-0.0648121293156575,-0.056492336839437482,-0.0434102652328355,-0.062649989938911271,-0.066157124485030319,-0.046718304796564962,-0.051379539907492437,0.00940569907040547,0.050477246719378012,0.036497955038039771,0.0408948215842247,0.050118126773408482
-0.27918451445730169,-0.14959037048780979,-0.032109620385482665,-0.020022283878871332,-0.18702724807653107,-0.23975273086266083,-0.27755576320763292,-0.24174847179337552,-0.20577907789561709,-0.31381970564169542,-0.34717851725675292,-0.22468832614166395,-0.18403019397347062,-0.14328388222416894,-0.12752159658287252,-0.12813555266036361,-0.10574147004192158,-0.086880169622600076,-0.069961009483973866,-0.05604868671246644,-0.050090779916250279,-0.056965847664019638,-0.067455174441033217,-0.11052065682799919,-0.10038209481294765,-0.0823774559630288,-0.11030693098225376,-0.053588465033542546,-0.045326768700033424,-0.055293274455164611,-0.048564983324872121,-0.0793913083479685,-0.0841558051686133,-0.069119441893792918,-0.066264248811281651,-0.07131293761943068,-0.069716715253889561,-0.037087723905979482,0.0021391975191923287,0.031867554756226366,0.036950937860334911,0.03992249071598053,0.06308887496590615
-0.071886072594269559,-0.21432623727014288,-0.205643587526196,0.12683393105014579,-0.23700211434053226,-0.32118587515183855,-0.34131328055733129,-0.28669388060058865,-0.2576252156395023,-0.34971757763523165,-0.39700411456935808,-0.21220096520015172,-0.15943648385219886,-0.17276179584963569,-0.1427052564918995,-0.11390837464939084,-0.12316238269454143,-0.1131981020433861,-0.065229272754010512,-0.056940515084486255,-0.078059868078749137,-0.024578569699466851,-0.066069977247111861,-0.10939327551004215,-0.10149585181160976,-0.10450195481902674,-0.092162174031589966,-0.065792558261671588,-0.040924774765065224,-0.044101835519541055,-0.062044166377745569,-0.079932986790763924,-0.087138098879502371,-0.080019434514854632,-0.099301722728543818,-0.098878104394922658,-0.0879209518719178,-0.006445756923683264,0.027149526316983006,0.030136978182081994,0.063053013889917311,0.10545847385569855,0.13864602205845025
-0.14068475055197874,-0.14296002806639588,-0.27741659016560088,-0.27030564030448107,-0.24791346580574386,-0.40216961801052092,-0.43249390221067835,-0.35869006709805851,-0.3594183876352795,-0.40220582228282403,-0.33898480857412022,-0.23041597842159917,-0.19776758525905938,-0.1533425383269787,-0.13291367212379421,-0.1336136294593071,-0.11724746105345812,-0.11574316121361873,-0.10801590346502808,-0.075339854675896309,-0.050384837648142937,-0.038938623399306566,-0.048985717073082927,-0.086341621463789653,-0.10342028511293007,-0.11663029049382065,-0.096426149886665924,-0.0806450745711724,-0.039928073753361347,-0.046347725170629996,-0.072595423087477684,-0.092486194979686,-0.11819034870024081,-0.10620999012304389,-0.099452379677030772,-0.10342219443275379,-0.07028251200914383,-0.0411721023847349,0.011543426217976958,0.0976814169747134,0.13971467923235009,0.11680567574997743,0.069404441720018015
0.016581499831328644,0.15253913228765928,-0.12487309881643523,-0.31504182524797392,-0.3777646059081668,-0.502711613804607,-0.51748885054673466,-0.45573493629171136,-0.402984821590884,-0.36661067503993794,-0.27035418075734169,-0.2369590777842725,-0.18644661600129647,-0.17531391818608558,-0.15912089563374007,-0.13128718340171958,-0.14191237415956415,-0.13122422715952231,-0.080230431010325745,-0.076851822879342807,-0.052004352266735887,-0.049446113972049774,-0.070149358149085725,-0.076343768586715058,-0.0925277292728424,-0.0896692689636658,-0.081829663109162759,-0.079534748224196608,-0.0765260482350221,-0.07820591846337685,-0.0953186967720588,-0.10558767669967242,-0.12038753554224968,-0.10819233896640632,-0.10287740856409072,-0.0800764626608445,-0.033771942067407787,0.04548515079243641,0.096534686783949539,0.10214059563496938,0.075032346674965486,0.022490629129326686,0.032765470322504243
0.0,-0.052502334040962981,-0.18293440617292156,-0.4642294113834699,-0.58564015565894723,-0.64837750953597,-0.62907291818083377,-0.49114857216676078,-0.3957815905732493,-0.35737598870621351,-0.292490820089976,-0.25598779679448519,-0.20598095103546424,-0.17699476033449174,-0.15934934152497185,-0.13935505953573046,-0.11799179399624848,-0.13543393338720003,-0.1051100440737274,-0.09328322451223027,-0.0683942851760695,-0.050403362204288614,-0.066002074895160537,-0.0718144118519766,-0.068632582271540607,-0.07757905125617981,-0.064408007149512947,-0.066724103947098434,-0.07221466102279149,-0.090874493981783211,-0.10213842013707528,-0.09143345306317012,-0.10337634513090396,-0.12188681329672153,-0.1214060983978785,-0.10192283644126012,-0.024657845860347152,0.024743142916122451,0.017455052508137607,-0.0020067345696069033,-0.010804243132172684,0.035334732624943611,0.16154474640885988
0.0,0.0,-0.544030409389072,-0.67059484695735039,-0.74911751094109869,-0.71572233149499609,-0.76995697995306744,-0.58555082736476771,-0.43344756720527527,-0.35232941274132046,-0.30291086048991595,-0.25644657167853141,-0.2230524964803873,-0.19070241796342949,-0.16223125325308907,-0.14572143071406596,-0.13429352505640549,-0.15956777385596571,-0.13483548883734078,-0.07858635692132844,-0.073518641982917438,-0.069065438870054022,-0.0757192221398537,-0.079474268257617955,-0.058073595094566159,-0.07272001785727647,-0.0957284814119339,-0.0934937195135997,-0.088265748769044874,-0.080304740999753654,-0.092976953547734484,-0.105679335215917,-0.10488830699964806,-0.10709929745644331,-0.075945070720519176,-0.033916678456417111,-0.033651504743569864,-0.040187844609910692,-0.03403580213377539,0.0074661468055897528,0.03116077176361744,0.16969459490584476,0.29894264627780232
0.0,0.0,-0.69408453033341988,-0.6375438024015988,-0.67424461190753127,-0.53449774043517073,-0.67642831120146329,-0.61836702724297843,-0.4687827580398129,-0.38008035553826225,-0.32301777766810524,-0.29085705226117914,-0.23527118749916554,-0.19816925455080836,-0.1842323342959086,-0.16077260076999664,-0.15488567461188024,-0.17602367326617241,-0.12027754662213502,-0.088041814354558781,-0.096713326871395111,-0.08809092241738524,-0.052305498841003731,-0.032492267692254648,-0.055150296092033389,-0.084906989194709681,-0.10518405471856777,-0.091633165971590921,-0.092703391004491736,-0.10594276252847451,-0.072332650646925539,-0.011264202034470617,-0.001690481427229113,-0.015848315429008965,-0.0725939742475748,-0.11973100141794593,-0.13965238430179083,-0.1230639176512206,0.0080263836887376067,0.078762989724054933,0.15387740571584022,0.29710538578884943,0.30998416777168003
-0.24208326538189731,-0.39719945437867532,-0.50204394002755481,-0.34760842756270527,-0.17075744141851934,-0.29737940619592196,-0.26696102342076516,-0.4249387662562113,-0.42341430712554412,-0.40253137444194992,-0.35784406580177008,-0.31238513475372676,-0.2627079163278852,-0.24583137900598587,-0.21423066751315043,-0.16210699329773584,-0.16450118052738685,-0.151632248209073,-0.15085451677441597,-0.094398897939494672,-0.088651887499369114,-0.070627030118235526,-0.045743026882410047,-0.074000293595923319,-0.11221525490283967,-0.14369784902643273,-0.10194221746038508,-0.083584036391515,-0.08230071541577301,-0.0051789142329383775,0.038322503416566178,-0.00587459011003375,-0.093654430578820974,-0.1650041347512832,-0.22362078779510089,-0.19808060446610817,-0.080820324494399964,0.005371896428114269,0.095019167867200133,0.21606097287601894,0.28882084838275252,0.329333918094635,0.22204107120633126
-0.21917237437255407,-0.0707309193680142,-0.034480459455186,-0.15493451026343411,0.15855568589941754,0.26622854078694891,0.025501670916816471,-0.23987232331858308,-0.33874484798947319,-0.355522236890263,-0.34678830177176234,-0.30155795270746405,-0.29003799442322026,-0.22897528167124148,-0.20737160485366296,-0.21765012637926981,-0.19475684121803003,-0.181871783402231,-0.13986562192440033,-0.12601976179414326,-0.077663001604378223,-0.047296557309372086,-0.020826785886893049,-0.0302238575855477,-0.059316746320941353,-0.0988823456896676,-0.12509679393126413,-0.085192983644514317,0.039778785963010578,0.057198247997663342,-0.047009940026327968,-0.1474615684537976,-0.18541029702734063,-0.16165438322005449,-0.10134600823745131,-0.033084214974098421,0.055613086991943422,0.1236850777985873,0.17520870616038639,0.20759944761028656,0.18901492855869806,0.13563331825037797,0.088015989001308165
-0.10590004818210297,0.12151656767006094,-0.014735494307072229,-0.064831418945686892,0.394586570361363,0.31397785550277485,0.081139600282290669,-0.12596788170542253,-0.30374444059787259,-0.36273479568106787,-0.3743450591961543,-0.34464809010105746,-0.29639045838956479,-0.27164784515345536,-0.1981957875765287,-0.2163593962236687,-0.18509408086538315,-0.14872244993845621,-0.088819393622023721,-0.0614128140732646,-0.048102759411213572,-0.010144349362235516,0.022817486774459082,-0.0060607726961650231,-0.07117693717233263,-0.12504522543814448,-0.13582006766012422,0.040711797343996853,0.06717402704060077,-0.038628562120720744,-0.18122735619544983,-0.23464131068724853,-0.19719954965443448,-0.16445140254039031,-0.10347107196083435,-0.017548610237039006,0.081096233427524561,0.13517964258790016,0.11554940507329743,0.10697988449380948,0.16939023243529455,0.20034251747460202,0.30598361900559179
0.0026155380570631486,0.15346239507198334,0.024654367886622376,0.15772279655140442,0.0,0.098536495511469091,0.013180960554481399,-0.16692868510394224,-0.35950803846120832,-0.41340659558773041,-0.45932905503681726,-0.3572568010006632,-0.30725444108247757,-0.288837163576058,-0.23015736608669676,-0.19165845780537047,-0.18601007297121244,-0.15329048756895394,-0.0879668883722404,-0.057500285389660684,0.014331740973440381,0.026266630112739473,-0.035279248088884815,-0.091434976792541048,-0.18044370644051452,-0.15342915278462763,0.038215924675265946,0.068116040836120467,-0.045848069036415279,-0.1629871382481522,-0.16707687914371491,-0.17518095175425211,-0.19566258639097214,-0.17078145335500056,-0.070191345901952848,0.037129565661486522,0.10090040382263917,0.16468108693758646,0.20115527124316604,0.27116634150346119,0.34534900069236757,0.3766775062450996,0.40836745779961348
0.0,0.0,0.0,0.027953731541789172,0.0,0.0,0.0,-0.31674951563278836,-0.49926853383129294,-0.47595628244536264,-0.42915758916309904,-0.37189170079571859,-0.34496011302388946,-0.28062393972950594,-0.22545908662405881,-0.20267373589532717,-0.20132205851616397,-0.13247736197497165,-0.059165367053757453,-0.0036112301990967885,-0.015643574326531962,-0.056703651116030027,-0.11015611177971287,-0.15343961616357169,-0.093319679341780454,0.0446138815023005,0.07772347316719018,-0.036362213368016864,-0.12909324246424217,-0.10434275092902007,-0.18106066821901887,-0.28942584163612789,-0.28571503024016109,-0.14708092239855503,0.072325094336909909,0.10801427769992086,0.146293240200196,0.18391836717210966,0.23922042608261107,0.26631951984018087,0.27428628552344536,0.29729064234665464,0.31628290031637463
0.0,0.0,0.0,0.0,0.0,0.0,0.0,-0.45113126407651338,-0.56451554298400874,-0.45757817476987839,-0.37739340364933016,-0.35295913927257061,-0.31621226126497443,-0.24633745057508349,-0.20678895471557493,-0.21970986668020487,-0.19042493608491173,-0.14860526780629979,-0.07949168967275784,-0.084667116636410356,-0.11797099406349249,-0.16463430627034262,-0.15382389123401336,-0.030512412475353037,0.10097290996324133,0.11350027410763092,-0.026908181607723236,-0.14663657572652614,-0.16434743398657212,-0.24779591070754187,-0.29974493756890297,-0.27732518149746788,-0.15400331615711804,0.021758040710766282,0.087340977489948277,0.089522323860176681,0.14688691214240832,0.18911228662934795,0.2507750540971756,0.2863268234900066,0.29846392958252516,0.31814741875444141,0.33908859226438737
0.0,0.0,0.0,0.0,0.0,0.0,0.0,-0.45721802892892255,-0.52531123235821719,-0.39082607175364636,-0.346034660058863,-0.34345199610735921,-0.30212118871071758,-0.23545615706178877,-0.20291915579753764,-0.15686153736896813,-0.12124266684986651,-0.075758162338067508,-0.052831178980654682,-0.063754142472340208,-0.14219862839271283,-0.112678577432987,0.065469639761180712,0.15096554022144387,0.068652968170742193,-0.068895605858415365,-0.15275933317564153,-0.15600039437413216,-0.21153270625151122,-0.31535530311089977,-0.30847532940762384,-0.23903416207543127,-0.069981771019788891,0.037601079101915715,0.051208510718963762,0.062682804763317113,0.10231028193676914,0.19970659580495623,0.29538536402914262,0.31908322153268037,0.32454442552157808,0.33399164573899631,0.33239618164521678
0.0,0.0,0.0,0.0,0.0,-0.11370578819382261,-0.056735065584992604,-0.19751700164976671,-0.45869992219883465,-0.36958367423135408,-0.35017624108687689,-0.33772684670076136,-0.289589848741889,-0.18655428364872934,-0.17858594734417765,-0.12923016136183457,-0.087545574137142729,-0.083102106020368383,-0.045209138902525106,-0.089146340324077755,-0.044188896598643626,0.071449662294859689,0.1473676242210247,0.06855871520903227,-0.10797251141630113,-0.18193855615598814,-0.21880997993327953,-0.20343085644500597,-0.26467453274461961,-0.27996829610604507,-0.18603719199697177,-0.11846534201564889,0.0010426893803434302,0.080481501072645192,0.0852826567987601,0.069542085677385332,0.12579323986062296,0.22589020706989146,0.27696024343885223,0.27098378997582656,0.29785892477741949,0.33239530878407614,0.3443479503576572
