SouthSea_Web/demo/jsonfile/2017-12-15-07.json
{"header": {"parameterUnit":"m.s-1","parameterNumber":3,"dx":0.1,"dy":0.1,"parameterNumberName":"Northward current","la1":29.0,"la2":12.0,"parameterCategory":2,"lo2":131.0,"nx":250,"ny":171,"refTime":"2017-12-15T07:01:52.5","lo1":106.0}, "data":
[rows 19 to 37 of 171, columns 129 to 171 of 250]
0.0,0.0,0.0,0.0,0.0,0.0,0.0,0.0,0.0,0.0,0.0,0.0,0.0,0.0,0.011913558725570076,0.011989210236494186,0.0057538717128282285,-0.035953422984236788,-0.0625306850267669,-0.033637176050494114,0.01693136949303399,0.066370663112930717,0.10817269945982844,0.17116788105439332,0.246998207872374,0.31201230898136045,0.31548777511042936,0.28957376511473404,0.27512908620493753,0.28664282193550694,0.25963200504581135,0.30379315533421258,0.35421560819332415,0.36090507855017978,0.40676284631093346,0.38126103878021239,0.32061310914846569,0.28033598444678565,0.25004954822361469,0.23868629150092602,0.24586490541696549,0.23282987305096217,0.23353929817676544
0.0,0.0,0.0,0.0,0.0,0.0,0.0,0.0,0.0,0.0,0.0,0.0,0.0,0.018640920762360718,0.08611428054287662,0.042302730196717916,-0.029721566187790077,-0.087289199983673307,-0.019577668741944113,-0.0035560671364822027,0.061147079523652795,0.11822178923204298,0.18513026535511018,0.23505809599602665,0.27017638219727408,0.28831377888427062,0.27272995087233459,0.28193210437893867,0.268602287540069,0.36950825040157026,0.29845021529631183,0.3148042733470599,0.33329836279153824,0.34760202467441559,0.374565597375234,0.37555697560310364,0.3033699207007885,0.25259637460112572,0.22352766352040426,0.18769807368516922,0.18400366178580693,0.18694676458835602,0.18217170611023903
0.0,0.0,0.0,0.0,0.0,0.0,0.0,0.0,0.0,-0.015498940832912922,0.0,-0.002744721838098485,-0.013743982953453977,0.0071828727418323975,0.045125955291702047,0.0054823185085521578,-0.097544693388044834,-0.037607341698683988,0.009038266350941385,0.033805952734199535,0.079265754731992877,0.15365444648949828,0.21847258752042598,0.26748740977861662,0.28275021995816912,0.26658423520900587,0.28437189828781856,0.2631162532738277,0.30477838103587812,0.38216629872719449,0.28548301079056482,0.30442337319254875,0.30959402918815615,0.37065419554710388,0.36594520807266234,0.37350894297872272,0.29237173994382221,0.23554942756891251,0.16617139109543391,0.15155564993619919,0.11469445377588272,0.16477743983268739,0.16870714724063873
0.0,0.0,0.0,0.0,0.0,0.0,0.0,-0.061612810659347289,-0.10844052800718972,-0.08217689928963888,-0.062041313018805035,-0.069767547745748865,-0.00093285090875371512,0.093498630743982986,0.016858494212243613,-0.072120960566059475,-0.076456611752436163,0.035478254943530282,0.041267667387454014,0.058759508875467006,0.14247302561998368,0.21419646644166537,0.27690733807242435,0.30737580640895945,0.31860791998250143,0.30204080628312152,0.27680040974366038,0.24843711449819453,0.25201150316458482,0.3199043891259602,0.26727458834648132,0.33236721903085709,0.33915913105010986,0.363219290971756,0.32474906742572784,0.30717719097932178,0.27067345380783081,0.23401655554771422,0.17673630639910698,0.11624225601553917,0.10148011272152264,0.15571715434392294,0.18069303408265114
0.0,0.0,0.0,0.0,0.0,0.0,0.0,-0.074344159808800853,-0.12878115573788826,-0.12248784731877339,-0.073888413218227866,-0.15504380654728647,0.025357163906509023,0.12900287500344532,-0.020744839874866482,-0.078415346896962279,0.0090290269799879752,0.040684264743079741,0.048409932180110249,0.1233479945609967,0.22051799759782595,0.29140136666871885,0.38223285383956379,0.35942571994030115,0.36520249339250416,0.29635964334011078,0.24013967549099641,0.22418092004954815,0.25825529992580415,0.30559328198432922,0.2848062744507423,0.35016932812604035,0.31445877626538277,0.30477799847722054,0.28625779847304028,0.25755897164344788,0.25730518102645872,0.22507500350475312,0.16357561697562537,0.11426400244235993,0.11755416542291641,0.15564559586346149,0.18272099494934083
0.0,0.0,0.0,0.0,0.0,0.0,0.0,-0.020343506678165344,-0.0687356719314786,-0.14824943265011825,-0.075319772892729536,0.056958148785456908,0.036234872950785417,0.015438744514069198,-0.064118853270930726,-0.0338988275656298,0.040321054886038779,0.033259269571112048,0.087910602179666356,0.22374826257250138,0.30307491020909672,0.30881858584673511,0.38585588591439385,0.31773708601083073,0.38418976664543153,0.27719408341429452,0.17822864651679993,0.18646754963057383,0.28553278424910139,0.29543425391117734,0.323310387134552,0.33775581419467926,0.31045915931463242,0.28430233895778656,0.28162785172462462,0.23555079698562623,0.22347461059689522,0.2234322652220726,0.20657264292240143,0.16578879952430725,0.1420785536368688,0.14290909965833029,0.16414249688386917
0.0,0.0,0.0,0.0,0.0,0.0,0.0,-0.0095445540603524177,-0.054848550980829677,-0.24700880747955775,-0.030330798385190205,-0.017611606337729849,-0.0094853293784350774,-0.044436759412382093,-0.056894729681615089,0.06330735073168077,0.013006522445051049,0.052629163623719978,0.14035997990398638,0.28234321161590775,0.34301108304335148,0.26400273809066188,0.25882620130266459,0.266391484783246,0.41083155785288128,0.39128893762826922,0.18129973539284297,0.16663719234722002,0.28587218249837559,0.29584578176339466,0.3489659786224365,0.34724551439285278,0.321645845969518,0.285102978348732,0.275856152176857,0.21569953362147012,0.20004445527281081,0.17593987584114074,0.14769872703722545,0.1143684983253479,0.10534107591956854,0.090410983189940453,0.09142294029394786
0.0,0.0,0.0,0.0,0.0,0.0,0.0,-6.4500632496284591E-05,-0.0405384846484044,-0.037086996417278181,-0.097004746637981212,0.017525840658127585,-0.13204532308736816,-0.1079323443451098,-0.015601477209095131,0.029164352772196613,0.029577613966478632,0.0855389875095253,0.1919582864003522,0.288423590362072,0.34467768183974334,0.24447771782676378,0.1788947805762291,0.35068730885783833,0.49324943338121685,0.41867340136976805,0.28161320879178886,0.17007702995430341,0.30362273380160332,0.34640509883562726,0.3970676027238369,0.389878511428833,0.36611995100975037,0.27760906269152957,0.24726133296887079,0.18852313359578451,0.1788769245147705,0.1548067799636296,0.10171497985720635,0.073466329835355282,0.060575350054672787,0.051002648193389177,0.042745721992105246
0.0,0.0,0.0,0.0,0.0,0.0,0.0,0.017450564423294661,-0.043220982130151242,-0.019111726945328051,0.015359519633548023,0.012591604394785147,-0.17140015456038463,-0.085436487068923622,0.0022861872925064885,0.12200203587168029,0.094846889173659757,0.15360833266202142,0.23037625818836446,0.32149919732050464,0.32449156045913696,0.240326619961045,0.15842476872534589,0.39943556081164966,0.48812701670747055,0.40373004972934723,0.34498819510142009,0.28254033227761588,0.36026262938976289,0.42020798474550247,0.42455009122689563,0.43407398959000904,0.33556006550788881,0.28572524090607959,0.24136471152305603,0.18329185673168727,0.18714171089231968,0.16959352365561894,0.12220931218730079,0.10495288297533989,0.08236468471586704,0.0577871291898191,0.035632792860269547
0.0,0.0,0.0,0.0,0.0,0.0,0.0,0.030212699877909508,-0.0014359253111647921,-0.0063038736142804527,0.00040456805798810304,-0.013944816581838724,-0.069087741927483,0.0016350063577693368,0.047013265600429746,0.13412506292973245,0.1571222165564321,0.20492089641365138,0.29024261409460111,0.29316023737192154,0.24021068673867446,0.14602276820827415,0.24223801550956872,0.43514417247338727,0.3590586077083241,0.34691851104007049,0.36449064101491657,0.33728316197028529,0.45367379486560822,0.50529200109568506,0.46702830706323895,0.40456461161375046,0.35256633659203845,0.32827572027842206,0.26315118931233883,0.21458505466580391,0.20122769102454186,0.18811972625553608,0.176707549020648,0.16557952910661697,0.13321175223047083,0.10378531946076287,0.072677604026264608
0.0,0.0,0.0,0.0,0.0,0.0,0.2270601517734942,-0.01948905328361665,0.023240734038360612,0.0062298312140862408,-0.027269185790707952,-0.025367422263236898,0.03188859609757326,0.012133818568918965,0.071444836258888242,0.15074509784579276,0.19058805941180748,0.27169359293248918,0.28483772762119769,0.23421035082109512,0.22735425161904302,0.23923563391997896,0.23930916873117289,0.37602338872172614,0.33009836077690125,0.46017606556415558,0.49382012656756807,0.5243918024576627,0.60630178451538086,0.57956214462007793,0.57229402661323547,0.4969125936428706,0.44885269658906118,0.38909437826701571,0.34101374447345734,0.30014145188033581,0.26895380765199661,0.28142773698676715,0.26959618582175326,0.2827058384815852,0.23858148157596587,0.20521265268325806,0.15313097662650621
0.0,0.0,0.0,0.0,0.0,0.0,0.33826133083890786,-0.021643841874559738,-0.025927470663009444,-0.077754287389040846,-0.0020413959115349995,0.026219999713858567,0.042655244846280443,0.034772257343114864,0.083533585816621778,0.16461856495969149,0.23586308629047581,0.29705429822206497,0.26789706572890282,0.22452349785496206,0.22479376748756128,0.1647530919206994,0.30646513340373832,0.4063965380191803,0.48718595653772356,0.61726158857345581,0.61917058059147423,0.62799746394157407,0.62154814600944519,0.57598755359649656,0.50032900571823125,0.43398666754364967,0.40599603205919266,0.41074115633964536,0.38993103206157687,0.36552897095680237,0.34836058914661405,0.33850760080597619,0.32006148587573657,0.31346124681559479,0.29148133794466652,0.25330343097448349,0.2110124776760737
0.0,0.0,0.0,0.0,0.0,0.0,0.0,0.018630482313200469,-0.097928256418126886,-0.034881062550856531,-0.030251994211976597,0.049130654628746787,0.023168159289258149,0.037775551622372963,0.10829911323694083,0.213030539949735,0.28195526552471245,0.25951717637087168,0.20044295489788055,0.25482038074526292,0.20147424265742303,0.24917690742474336,0.39546665176749229,0.45737294774306447,0.59667075425386429,0.68391088644663489,0.6520428707202276,0.59511688848336541,0.60650468724114559,0.55374377965927124,0.49424140751361845,0.48390163268361774,0.5169511526823044,0.477934804227617,0.40049201037202564,0.31684648448770697,0.277738094329834,0.2743533079822858,0.28484891011164737,0.30533441106478371,0.29261228938897449,0.31100409993758571,0.32860528571265085
0.0,0.0,0.0,0.0,0.0,0.0,0.0,0.038629782013727396,-0.056061778037550566,-0.052649078756263575,-0.0044319256549647107,0.062208377111416593,0.071301397062571992,0.0833765478741567,0.14620039584460082,0.23333046949924308,0.28381683550229886,0.238791958705799,0.14865698665380478,0.26778776609692079,0.33713580667972565,0.33812534064054489,0.34742035813953565,0.5315358794253805,0.62434512376785278,0.67171690719468258,0.61004376411437988,0.63477689524491632,0.630074123541514,0.57166897257169091,0.51483710899072532,0.3770298206806183,0.28886386131246883,0.1947074968678256,0.11630561404551069,0.16837182939052581,0.28659504537399,0.31833227276802062,0.32615691194167507,0.29553033411502838,0.30407415231068929,0.35052299747864407,0.35410067226205555
0.0,0.0,0.0,0.0,0.0,0.0,-0.008442201127087004,0.1222811919677913,0.04906698900537633,-0.035861137854638243,-0.054760634667602268,0.060851219123688294,0.096192917395983971,0.13857783066729704,0.19980791424001967,0.23054305712381998,0.2091580368578434,0.22399073157991681,0.16417689161265597,0.29399098881653379,0.38543981755221329,0.2804457002878189,0.37192132421161817,0.52054008028723975,0.67393462955951688,0.74428129990895586,0.66521933476130168,0.58662178424688483,0.51009604831536615,0.42359722256660459,0.28179907177885372,0.12768374612698188,0.055940171504127126,0.10602733563670579,0.18146660923957825,0.34699929086491466,0.46982284784317019,0.49344168789684772,0.37079155445098877,0.35943005553313662,0.3431890927828275,0.273285623639822,0.24326287806034089
0.0,0.0,0.0,0.0,0.0,-0.026956681162118912,0.00981313254319089,0.10541488495506646,0.19786848453039679,0.027789414038314766,0.023783718478168937,0.10177048885009506,0.1352694095327304,0.18688756776483437,0.22530893840879765,0.24307925635721625,0.25116585195064545,0.22188883880153298,0.17642381216088932,0.32345310881220063,0.36244287661143709,0.25826687812805177,0.31590283811092379,0.4346376633644104,0.65557895352443063,0.68553825787135536,0.54920674422208,0.49610998233159381,0.51536797664382239,0.38568613620904774,0.195257897178332,0.171409669816494,0.16970785140343334,0.43611192289325929,0.60094868950545788,0.71412105285204375,0.65694605878421242,0.52385919292767846,0.40525045432150364,0.36191313820225851,0.33883476044450489,0.27133765497377943,0.25654393663773167
0.0,0.0,0.0,-0.10661759286780249,-0.1776424545262541,-0.2143380161666987,-0.058164746966212988,0.17166980666910076,0.2354756470567303,-0.036357638884510379,0.094589923533053011,0.14352953668545793,0.17928629317160311,0.21107017488802893,0.228083850221431,0.251273323123048,0.20097027191271386,0.12373773132761319,0.22788090498319694,0.34534870726721628,0.2633906121437366,0.29585968785815769,0.28135666608810422,0.32849691521662933,0.54526734972993529,0.58738798017685234,0.39986422232219149,0.35217804142407011,0.4382023285416996,0.34942213259637356,0.22574819028377532,0.19093234837055206,0.44589206150599886,0.66501725713411963,0.71062044699986771,0.74527295099364388,0.70800153017044065,0.56873934935120973,0.43420404394467671,0.34243332913943697,0.31259143749872842,0.30906354586283363,0.28818186558783054
0.0,0.0,-0.014615749934149025,-0.13007282616645835,-0.21229980203967827,-0.33630181495100259,-0.16654874903119368,-0.13258959119009189,0.076192219901761893,0.032104121602702582,0.08183343439718814,0.17189011967607906,0.194305332377553,0.20374886744788714,0.20806620050879085,0.16782334446907044,0.11782307841724926,0.26954496531717237,0.32176751586107105,0.35881855396124035,0.32917976944610988,0.35065312027931211,0.28500722845395404,0.27123142299907549,0.34945793537532582,0.46043167380910172,0.3360776932433594,0.24793889031216904,0.36102622341025958,0.41205679828470404,0.34412108815234638,0.3080481822076051,0.5071276483627466,0.58377059102058415,0.65680591626600782,0.80825060292294149,0.75167302524342261,0.59553254001280842,0.43962954916059971,0.31539774127304554,0.27298932870229087,0.31655357964336872,0.32242894371350606
-0.07756320586694139,-0.12851283951873346,0.0,-0.0036235814772997842,-0.0959439684445148,-0.25494382565334284,-0.16509520521319945,-0.19907024962642056,0.012743354387804056,-0.0076912248535606249,0.11692670739765437,0.1715847747400403,0.17200822219000025,0.16351105502018562,0.13528540899807756,0.049873367527452944,0.21885291030330042,0.3128556966781616,0.31322915134606538,0.35871278908517623,0.4148290228843689,0.3688548681912599,0.31450571821016426,0.30667105317115784,0.36587894286798395,0.43886024728417394,0.26762374087648338,0.20118441688286703,0.29808102914115842,0.43780884557756883,0.44565856552893118,0.30032042513291041,0.287790784239769,0.41130140225092571,0.65133574053093235,0.78195160911196759,0.83021944761276245,0.63791892809026385,0.38529354499446022,0.23498817138812123,0.22990782279521227,0.29927168687184652,0.32174713058131083
