SouthSea_Web/demo/jsonfile/2017-12-15-15.json
{"header": {"parameterUnit":"m.s-1","parameterNumber":3,"dx":0.1,"dy":0.1,"parameterNumberName":"Northward current","la1":29.0,"la2":12.0,"parameterCategory":2,"lo2":131.0,"nx":250,"ny":171,"refTime":"2017-12-15T15:00:00","lo1":106.0}, "data":
[rows 114 to 132 of 171, columns 86 to 128 of 250]
0.085501955201228455,0.10584486275911331,0.11260162790616353,0.1189542015393575,0.10440853610634804,0.10991760591665904,0.12914544902741909,0.15503090620040894,0.16714169830083847,0.16502360006173453,0.17827847599983215,0.17797882109880447,0.17254304885864258,0.18368646502494812,0.16869315505027771,0.15749507397413254,0.0,0.098876848816871643,0.085193656384944916,0.06595567986369133,0.045082543045282364,0.04248245432972908,0.0,0.048648014664649963,0.025915391743183136,0.056105334311723709,0.056411445140838623,0.054230384528636932,0.0,0.056060831993818283,0.04986884817481041,0.0,0.051161829382181168,0.048052402213215828,0.054574580863118172,0.054674442857503891,0.047355853021144867,-0.00053733144886791706,0.066895578056573868,0.12339641526341438,0.14867594838142395,0.17614860832691193,0.20544745028018951
0.10392498970031738,0.1442209929227829,0.16026584431529045,0.15953002125024796,0.15786925554275513,0.15838775038719177,0.17575760185718536,0.18955549001693725,0.19017956852912904,0.1739154557387034,0.16238338251908621,0.17360805720090866,0.19217398017644882,0.20155997574329376,0.20754371583461762,0.19440113753080368,0.16054107248783112,0.13311038911342621,0.11546920612454414,0.085657596588134766,0.079002298414707184,0.059334542602300644,0.039893396198749542,0.00785984005779028,0.0,0.018591396976262331,0.0,0.046254789456725121,0.0313006155192852,0.036904804408550262,0.031285678036510944,0.041315246373414993,0.045158540830016136,0.0,0.066729329526424408,0.0682496577501297,0.027304418385028839,0.046465752646327019,0.098099797964096069,0.14011639356613159,0.0,0.17366347461938858,0.18371956050395966
0.11393038680156072,0.16974668502807616,0.17101575732231139,0.15149411857128142,0.1715877465903759,0.1969313845038414,0.21969690322875976,0.2267102375626564,0.21533205732703209,0.20025718957185745,0.18932251259684563,0.19266148805618286,0.19804342836141586,0.21769564598798752,0.2344803512096405,0.22455306351184845,0.20478201657533646,0.17546668648719788,0.18440895527601242,0.15295830368995667,0.0,0.06372474879026413,0.032668206840753555,0.010266578465234488,-0.0047914427705109119,0.0,0.014084840193390846,0.010716243414208293,0.030458655208349228,0.0090101379901170731,0.05739235132932663,0.056785143911838531,0.063437178730964661,0.06290704756975174,0.083288181573152542,0.093889143317937851,0.085464425384998322,0.10538794100284576,0.1415669173002243,0.16892039030790329,0.15233606845140457,0.1352904886007309,0.14745313674211502
0.10702533026536305,0.14727883413434029,0.14484047889709473,0.13232996687293053,0.15424590110778808,0.20010638535022735,0.22521082460880279,0.22428165376186371,0.21986101071039835,0.21777362376451492,0.22327929437160493,0.21741513907909393,0.21373147765795389,0.235352523624897,0.24319348484277725,0.24586221575737,0.26817047595977783,0.24419201165437698,0.25967642664909363,0.17676931619644165,0.1419033408164978,0.1037200503051281,0.065698191523551941,0.014948045834898949,-0.014299971982836723,-0.005507973488420248,-0.0097353981109336019,0.0,0.0053547918796539307,0.041363280266523361,0.016396258026361465,0.097341723740100861,0.0,0.10928471386432648,0.0,0.13366132974624634,0.15527782589197159,0.1736472100019455,0.17369402199983597,0.14819391071796417,0.17591886222362518,0.0,0.15278588980436325
0.067761144042015081,0.095087813834349319,0.10745377838611603,0.10479877293109893,0.11147270910441876,0.15555806457996368,0.18681938573718071,0.20327792689204216,0.2056400403380394,0.21841505169868469,0.2163451574742794,0.21153409034013748,0.21308905631303787,0.21313393861055374,0.22660164535045624,0.25466321408748627,0.0,0.2867002934217453,0.25902363657951355,0.2208087295293808,0.20619282871484757,0.16310936957597733,0.09934292733669281,0.041601775214076042,0.022544890642166138,0.007336912676692009,-0.017327463254332542,-0.0063494541682302952,0.0,0.029850760474801064,0.025853475672192872,0.045210350304841995,0.089890584349632263,0.13182279467582703,0.14794814586639404,0.14639227837324143,0.18069875240325928,0.19695217162370682,0.16474758088588715,0.1979183554649353,0.217317134141922,0.18329522758722305,0.22206607460975647
0.024237583313758176,0.046089465729892254,0.061665460467338562,0.05927469655871391,0.068856903662284211,0.12138047441840172,0.16017063210407892,0.16892696171998978,0.18330435752868651,0.18656329438090324,0.17885209918022155,0.17009817560513815,0.16348097721735636,0.16472480446100235,0.20097162574529648,0.22376434504985809,0.26777808368206024,0.26212149858474731,0.30064444243907928,0.27934804558753967,0.25235673785209656,0.26087388396263123,0.12706299126148224,0.11663170903921127,0.0,0.051899522542953491,0.016216877847909927,-0.018442276865243912,-0.017487909644842148,0.022758910432457924,0.022486269474029541,0.072513742372393608,0.090758495032787323,0.0,0.14701004326343536,0.12339729815721512,0.20606668293476105,0.21031242609024048,0.20591552555561066,0.21318163722753525,0.0,0.27381710708141327,0.30601224303245544
0.020650889724493027,0.030433665029704571,0.031051939042905968,0.026356251289447147,0.06521386094391346,0.11764134466648102,0.13072185516357421,0.13702852576971053,0.14575110375881195,0.14446478709578514,0.1223493754863739,0.1128431037068367,0.11346661671996117,0.12215223535895348,0.15906336903572083,0.18227765709161758,0.21673938632011414,0.27004615962505341,0.2703012228012085,0.28256264328956604,0.0,0.2202884703874588,0.22629594057798386,0.18264030665159226,0.14505216851830483,0.0,0.086197122931480408,0.044398216530680656,0.00034323768340982497,-0.024321701377630234,0.038126491010189056,0.096541523933410645,0.0698876678943634,0.12246587872505188,0.09617556631565094,0.14727099239826202,0.1824171394109726,0.20403002947568893,0.21240975707769394,0.24024388194084168,0.26465182503064472,0.32177332043647766,0.30296625196933746
-0.0031332771759480238,0.01006490756602337,0.042145748755761554,0.071649615519813123,0.098787167242595134,0.10521004774740764,0.11328493058681488,0.11414966881275176,0.1204392209649086,0.1012370903044939,0.08475060947239399,0.068837846318880722,0.079256609082221985,0.075133837759494781,0.09342854842543602,0.12989430129528046,0.16686832159757614,0.20577441155910492,0.23723585903644562,0.2572777271270752,0.27908404171466827,0.26825299859046936,0.29319754242897034,0.24259835481643677,0.22726242244243622,0.13701349496841431,0.17865923047065735,0.10424293577671051,0.063641417771577835,0.017857320606708527,0.0,0.061852065846323967,0.0,0.087287105619907379,0.083695640787482262,0.084146939218044281,0.1212945468723774,0.18255570530891419,0.20520533621311188,0.22560882568359375,0.26467067003250122,0.29236415028572083,0.28801798820495605
-0.022678161816050608,0.0025222222320735455,0.062127298442646861,0.12787659342090288,0.13780462493499121,0.1146154060959816,0.1186871627966563,0.12320391088724136,0.11310510337352753,0.084521026909351343,0.052758828736841679,0.042632890244325004,0.043868268529574074,0.047359481453895569,0.056468266993761063,0.070921353995800018,0.11814676970243454,0.1879691481590271,0.19215267896652222,0.2492285817861557,0.27261486649513245,0.28644691407680511,0.28528085350990295,0.30662986636161804,0.25459542870521545,0.22457113862037659,0.0,0.14939681440591812,0.10637198388576508,0.075735554099082947,0.071624711155891418,0.062781468033790588,0.056220870465040207,0.0,0.051415294408798218,0.042299892753362656,0.0,0.16602618992328644,0.18740171194076538,0.23276563733816147,0.24560830742120743,0.27505794167518616,0.28357962767283124
-0.030481360852718353,0.0031724281974935104,0.028695408979223833,0.080438192933797836,0.11691564321517944,0.14567852871758596,0.15798528244098029,0.13394389748573304,0.11088371773560841,0.074761939545472458,0.049743045121431351,0.040545981377363205,0.022171779535710812,0.023625529371201992,0.036771904677152634,0.055214330554008484,0.088208515197038651,0.11571513116359711,0.17313098907470703,0.18728733062744141,0.27334955334663391,0.0,0.3288276344537735,0.0,0.29287821054458618,0.26521041989326477,0.21065349876880646,0.0,0.12405648455023766,0.0,0.084593556821346283,0.067595230415463448,0.0,0.04845907911658287,0.0,0.049891132861375809,0.085822783410549164,0.12076635658740997,0.16191030293703079,0.20539760589599609,0.2126007080078125,0.24246899038553238,0.26354894042015076
-0.028780111484229563,-0.014844761484048584,-0.0046077719372179769,0.016919787973165512,0.049918432254344225,0.12821352481842041,0.17252562940120697,0.16626358404755592,0.12320422381162643,0.085248161107301712,0.068547062575817108,0.04371660016477108,0.024338008835911751,0.016658730804920197,0.03213958814740181,0.051565792411565781,0.0824386514723301,0.11967971920967102,0.13373331725597382,0.18825601041316986,0.21833597123622894,0.30522830784320831,0.0,0.338947057723999,0.30786144733428955,0.22863420844078064,0.0,0.18685218691825867,0.15134245157241821,0.0,0.095534160733222961,0.07371395081281662,0.065017886459827423,0.052116811275482178,0.034076359122991562,0.04186638817191124,0.05074845626950264,0.085035517811775208,0.10971924662590027,0.17316678166389465,0.0,0.21007467806339264,0.2177603617310524
0.012693087430670857,0.0026385135133750737,-0.006459608022123575,-0.013024812176202735,0.0037342257710406557,0.076397408332143507,0.16976223587989808,0.1904351164897283,0.15263321995735169,0.11706916491190593,0.080927576869726181,0.044305313378572464,0.015120294876396656,0.0,0.02784410584717989,0.053994167596101761,0.0957045927643776,0.0,0.14496481418609619,0.0,0.2235109955072403,0.25592389702796936,0.30647048354148865,0.0,0.27731552720069885,0.25836467742919922,0.0,0.16311800479888916,0.15255342423915863,0.11689809709787369,0.11037147790193558,0.0,0.0663667544722557,0.046438507735729218,0.034681089222431183,0.0,0.0541839525103569,0.060497049242258072,0.0,0.13204440474510193,0.16754043847322464,0.19325624406337738,0.20308180898427963
0.10997780611117682,0.06599842521051566,0.016078857229149434,-0.014401134157266755,0.0041456495617659623,0.097804198248518839,0.18924470671585628,0.21023647238810858,0.16412599384784699,0.12362219144900639,0.078589741140604019,0.0,0.028405012562870979,0.0084211854264140129,0.022717960178852081,0.0,0.063374802470207214,0.1264176219701767,0.0,0.15666121244430542,0.0,0.2313447892665863,0.25932043790817261,0.2742820680141449,0.23267088830471039,0.0,0.20263633131980896,0.19320417940616608,0.0,0.12538568675518036,0.10724534839391708,0.076884761452674866,0.0,0.0,0.043672187253832817,0.037256300449371338,0.038269937038421631,0.052556220442056656,0.0795128345489502,0.12038815766572952,0.15873910486698151,0.19395404060681662,0.201922873655955
0.24481983589274542,0.084022006152996,0.0059375396541630227,0.020971828373149037,0.084211382682302174,0.17729985838135084,0.20621520280838013,0.20622382064660391,0.1600711097319921,0.11652860045433044,0.07578083872795105,0.049268387258052826,0.019636793062090874,0.0,0.00829681963659823,0.051066059619188309,0.097126245498657227,0.094202622771263123,0.10375451296567917,0.13020911440253258,0.16843843460083008,0.0,0.2155708372592926,0.20602379739284515,0.0,0.21378213167190552,0.0,0.15720187127590179,0.16091631352901459,0.0,0.098456673324108124,0.0,0.079990841448307037,0.055040273815393448,0.069381438195705414,0.060999518260359764,0.064099572598934174,0.0,0.10855651646852493,0.11710027605295181,0.16263426840305328,0.17461813986301422,0.20538055400053659
0.14552325526109108,0.0818476929114415,0.013445474606539522,0.16633743047714233,0.35191217597041813,0.30541916886965431,0.21193982389840213,0.1574133655854634,0.13472609718640646,0.11765329167246819,0.089368958026170731,0.059401119127869606,0.040438015013933182,0.012595988344401121,0.0,0.020832224283367395,0.0,0.071779463440179825,0.0,0.09325651079416275,0.0,0.15472126007080078,0.16786529123783112,0.0,0.16617672145366669,0.16389855742454529,0.0,0.18535752594470978,0.0,0.13263958692550659,0.13552461564540863,0.0,0.093005567789077759,0.0,0.08302481472492218,0.0,0.096248980611562729,0.09807983785867691,0.1157551184296608,0.14176531136035919,0.15952171385288239,0.18630464375019074,0.199532188475132
0.15551987748879653,0.029763721550504368,-0.014693434350192547,0.309663998229163,0.37972931138106752,0.27823754052321115,0.20960179467995962,0.13890061900019646,0.10721567273139954,0.10546320676803589,0.10008068382740021,0.088500805199146271,0.071951659396290779,0.04664512537419796,0.041198596358299255,0.0,0.041658889502286911,0.0,0.068666927516460419,0.066120237112045288,0.10411761701107025,0.0,0.12448420375585556,0.10643288493156433,0.0,0.12749184668064117,0.0,0.15612518787384033,0.17303484678268433,0.0,0.0,0.11694440245628357,0.10137550532817841,0.0,0.11042079329490662,0.10878507792949677,0.0,0.12071789801120758,0.1288921982049942,0.15132278949022293,0.16027870029211044,0.18235674500465393,0.18975247442722321
0.051737430372408459,-0.15586496992701932,-0.14343812840525061,0.35647100110848745,0.3222326705088982,0.20740928550561269,0.16462559170193142,0.12361943423748016,0.10740353167057037,0.10296711325645447,0.10032706707715988,0.10279222577810288,0.10116545110940933,0.083551153540611267,0.0821792483329773,0.0,0.0585949644446373,0.056449346244335175,0.0,0.079392522573471069,0.093675278127193451,0.082128465175628662,0.0,0.0,0.076879054307937622,0.050599806010723114,0.12252525240182877,0.0,0.0,0.14866414666175842,0.14789783954620361,0.0,0.0,0.12755687534809113,0.12308958917856216,0.13387565314769745,0.12253708764910698,0.10638045519590378,0.12880494818091393,0.15531173348426819,0.149410180747509,0.15631317098935446,0.1723929395278295
-0.014411814945439498,-0.27326476573944092,0.19892328092828393,0.44574069976806641,0.31827964385350543,0.20673177838325502,0.14268832355737687,0.11125745872656505,0.10420982167124748,0.098547965288162231,0.097709797322750092,0.098989509046077728,0.0973774865269661,0.0,0.10128103196620941,0.083929717540740967,0.088894493877887726,0.087648510932922363,0.074948199093341827,0.0,0.063751168549060822,0.0,0.072313591837883,0.036139894276857376,0.0,0.071258880198001862,0.0,0.10312787815928459,0.0,0.13283523917198181,0.1447640061378479,0.15025611221790314,0.14635314047336578,0.1446584016084671,0.14296480268239975,0.0,0.12242049723863602,0.11922378465533257,0.11958473548293114,0.14482291787862778,0.15048690140247345,0.14028416077295938,0.15544408559799194
-0.047595871084680157,0.013753608614206315,0.44837268122604917,0.40307034437473005,0.3033270388841629,0.201315571864446,0.1388944610953331,0.11277889460325241,0.094942942261695862,0.0,0.0900515466928482,0.090452775359153748,0.08736836165189743,0.090622350573539734,0.0,0.10735934972763062,0.10483941435813904,0.0,0.11755574494600296,0.0,0.087181553244590759,0.050497788935899734,0.0,0.032737042754888535,0.0,0.021451549604535103,0.0,0.0,0.099187113344669342,0.10422836989164352,0.0,0.0,0.15297849476337433,0.15342256426811218,0.12859052419662476,0.13038221001625061,0.12486908212304115,0.12299554795026779,0.13494263589382172,0.14177261292934418,0.13305313885211945,0.13873233894507089,0.15526047348976135
