SouthSea_Web/demo/jsonfile/2017-12-15-01.json
{"header": {"parameterUnit":"m.s-1","parameterNumber":3,"dx":0.1,"dy":0.1,"parameterNumberName":"Northward current","la1":29.0,"la2":12.0,"parameterCategory":2,"lo2":131.0,"nx":250,"ny":171,"refTime":"2017-12-15T01:01:52.5","lo1":106.0}, "data":
[rows 76 to 94 of 171, columns 172 to 214 of 250]
-0.13533642481673847,-0.16342654079198837,-0.18559622267882028,-0.19242682414395468,-0.18752072503169379,-0.167105210678918,-0.15604104101657867,-0.16292136410872141,-0.18077608644962312,-0.17159813642501831,-0.14993402361869812,-0.10648490736881892,-0.058767693117260933,-0.046132496247688927,-0.039472561329603195,-0.021337409503757954,0.014981695218011737,0.054109184071421623,0.083691965788602829,0.097001727670431137,0.11717472722133,0.11827145144343376,0.1059001199901104,0.087931577116250992,0.067127339541912079,0.07588423416018486,0.092399504035711288,0.082243259996175766,0.095634419471025467,0.088704779744148254,0.0587014015763998,0.0521248709410429,0.0,0.0646214485168457,0.093327172100543976,0.10491746291518211,0.098640836775302887,0.09389268234372139,0.062750983983278275,0.052026703953742981,0.061457820236682892,0.08614814281463623,0.11079254001379013
-0.1482276672666723,-0.16866872662847693,-0.17833711765706539,-0.18209763616323471,-0.17981306016445159,-0.17001143097877502,-0.16394698321819307,-0.17336380978425345,-0.18158296247323355,-0.16520262509584427,-0.12839427217841148,-0.08388238400220871,-0.046258805319666862,-0.042278469850619636,-0.020940328948199749,0.0071884919889271259,0.04167238250374794,0.07548731192946434,0.09398476779460907,0.10693727806210518,0.12309235582749049,0.1279924288392067,0.11103496700525284,0.10261933505535126,0.0897151529788971,0.10849957540631294,0.12024537473917007,0.10984188690781593,0.11557086929678917,0.088898934423923492,0.074028113856911659,0.074397101998329163,0.059767048805952072,0.080459803342819214,0.09844762459397316,0.10525538772344589,0.11045957356691361,0.078909341245889664,0.0,0.030320728197693825,0.034705864265561104,0.064926119521260262,0.087002433836460114
-0.16547698155045509,-0.18464023806154728,-0.17994803935289383,-0.1792785624663035,-0.18117078642050424,-0.17991217474142709,-0.172904243071874,-0.17199620107809702,-0.16320641338825226,-0.13854386905829111,-0.095289785414934158,-0.059405958900849022,-0.042332233861088753,-0.026635265598694485,0.012700872728601098,0.042388608679175377,0.066687364131212234,0.088935323059558868,0.097743377089500427,0.10621871054172516,0.12010689824819565,0.12647226452827454,0.11217335984110832,0.11229577660560608,0.11501769721508026,0.13417991250753403,0.1309068500995636,0.13320500403642654,0.12765138223767281,0.11899511516094208,0.089899290353059769,0.0,0.081241346895694733,0.090890992432832718,0.1108764111995697,0.10941703245043755,0.071977585554122925,0.067407384514808655,0.034736353904008865,0.012760410085320473,0.012509634718298912,0.052153419703245163,0.085949886590242386
-0.18743782341480256,-0.19581353962421416,-0.18019823729991913,-0.17316948808729649,-0.18659735321998597,-0.18193448781967164,-0.16826321184635162,-0.1542850136756897,-0.13739810585975648,-0.092592064291238785,-0.067667365074157715,-0.049614145110050835,-0.037990430369973183,-0.0025973813608288765,0.04620064701884985,0.0702130775898695,0.082061499357223511,0.093763716518878937,0.099507570266723633,0.10761040821671486,0.11818848550319672,0.11962301284074783,0.10679404437541962,0.1077391728758812,0.12920992821455002,0.1441957950592041,0.1428125724196434,0.14136580377817154,0.12812916934490204,0.1166340745985508,0.10884447023272514,0.094395250082015991,0.097544509917497635,0.11382951959967613,0.1174892783164978,0.11517520248889923,0.08395468071103096,0.065827168524265289,0.035787211731076241,0.0,0.041429230322440468,0.057126391679048538,0.091661408543586731
-0.210556523501873,-0.21179260015487672,-0.17926429046524894,-0.16412192795957839,-0.1806465004171644,-0.17580480873584747,-0.15719289084275565,-0.12431608512997627,-0.095681289210915565,-0.059940794482827187,-0.046005301177501678,-0.040054686367511749,-0.017550947610288858,0.0273585831746459,0.063272900879383087,0.079607613384723663,0.08179551362991333,0.089370373636484146,0.099936861544847488,0.11007394641637802,0.11906663328409195,0.10921766608953476,0.09968557208776474,0.11035509034991264,0.12771902233362198,0.13251911103725433,0.14355119317770004,0.13623563945293427,0.13835626840591431,0.12483732402324677,0.0,0.11858256161212921,0.12535151094198227,0.13614383339881897,0.11896256357431412,0.10609811171889305,0.096564114093780518,0.070105761289596558,0.062459640204906464,0.058497264981269836,0.0,0.11023835465312004,0.1099051833152771
-0.22035778652537952,-0.21696311400996315,-0.18167293444275856,-0.16016678086348943,-0.16652055643498898,-0.15744803845882416,-0.12286099418997765,-0.089698545634746552,-0.059690243750810626,-0.035819940889875092,-0.027155371382832527,-0.019334600927929085,0.020578447263687849,0.056429684162139893,0.06664353609085083,0.07071492075920105,0.0746166855096817,0.085166517645120621,0.099928658455610275,0.10941752046346664,0.113503764073054,0.09928656741976738,0.0,0.1046379953622818,0.11353898793458939,0.13637465238571167,0.13092192262411118,0.11162029206752777,0.12690908461809158,0.12344125658273697,0.12871481478214264,0.12672188505530357,0.14033935964107513,0.15009453892707825,0.14262460172176361,0.13275528699159622,0.11270580813288689,0.099408671259880066,0.12938398122787476,0.089960351586341858,0.12932761013507843,0.17190040647983551,0.16368135064840317
-0.19432249550636,-0.21318685263395309,-0.18044116534292698,-0.15552982874214649,-0.15164494266112646,-0.12290949560701847,-0.088971915344397232,-0.0644208624958992,-0.045378915034234524,-0.032164010219275951,-0.012412617759158215,0.013422174068788687,0.059530166909098625,0.078661814332008362,0.072037439793348312,0.070175729691982269,0.076071307063102722,0.091558415442705154,0.1055334284901619,0.10586075857281685,0.10144024342298508,0.092472303658723831,0.09307388961315155,0.096097629517316818,0.097008019685745239,0.1177365779876709,0.11227017641067505,0.12715572118759155,0.10717650502920151,0.10195370018482208,0.12110421806573868,0.14252544194459915,0.15933993458747864,0.16713008284568787,0.16618676483631134,0.16563427448272705,0.162154920399189,0.16055968403816223,0.0,0.16160129010677338,0.16221217811107636,0.21152941882610321,0.21768423914909363
-0.15885553285479545,-0.18908211919996473,-0.16097256754125869,-0.14093119800090789,-0.13821819052100182,-0.11667244583368301,-0.08330935860673587,-0.0668234092493852,-0.046588610857725143,-0.025068655610084534,0.00757952422524492,0.042585993185639381,0.087192955116430923,0.092044338583946228,0.085062228143215179,0.084675956517457962,0.092873260378837585,0.10165303200483322,0.11618779599666596,0.11279788861672084,0.10060758143663406,0.099897436797618866,0.091556157916784286,0.08955218642950058,0.076382860541343689,0.093632739037275314,0.081961672753095627,0.091413028538227081,0.08127845823764801,0.0,0.12475762516260147,0.14804275333881378,0.18379193544387817,0.20234086364507675,0.19491066038608551,0.19531770050525665,0.20194518566131592,0.19455546140670776,0.20242896676063538,0.20395807921886444,0.21440055966377258,0.21939226984977722,0.24076740443706513
-0.14824044207731882,-0.1633335765865114,-0.14540365636348723,-0.14263160775105158,-0.13148900717496873,-0.10580480396747589,-0.086840059608221054,-0.071021577343344688,-0.04749784991145134,-0.016194844307998817,0.01631735994790991,0.054994550844033561,0.093718742330869034,0.099080119282007217,0.097266491502523422,0.099208444356918335,0.11332572996616364,0.11800432950258255,0.12378911301493645,0.12978281825780869,0.11654346436262131,0.12070004269480705,0.10131977871060371,0.087948955595493317,0.082631573081016541,0.064363636076450348,0.0,0.063986361026763916,0.066371642053127289,0.084902700036764145,0.12698882445693016,0.17391254007816315,0.20918480306863785,0.24361938238143921,0.23968358337879181,0.22207334637641907,0.0,0.22571145743131638,0.23368546366691589,0.23900473117828369,0.25066539645195007,0.2521086111664772,0.24762678891420364
-0.15234932845289056,-0.16450425051152706,-0.15157044359615871,-0.13796756310122355,-0.1138036089638869,-0.0954437643289566,-0.085700297728180885,-0.073380468785762792,-0.038883129755655922,-0.011973596294410527,0.022494289092719555,0.061678610742092133,0.096386700868606567,0.10870303586125374,0.11322051659226418,0.11801730841398239,0.12143616378307343,0.14285748451948166,0.15002072602510452,0.15540732443332672,0.14234153926372528,0.0,0.11025963723659515,0.077261395752429962,0.059682799503207207,0.033863155171275139,0.048792578279972076,0.047539658844470978,0.04732765257358551,0.10065069049596787,0.12648279964923859,0.20622606575489044,0.24260144680738449,0.26671573519706726,0.0,0.26354731619358063,0.24568754434585571,0.24627110362052918,0.23733846843242645,0.0,0.259873628616333,0.2626568078994751,0.25299477577209473
-0.17073661834001541,-0.16243214242988163,-0.1350108042359352,-0.10485704456056867,-0.089653528295457363,-0.080707821249961856,-0.087263608351349831,-0.076643471916516617,-0.043712387327104807,-0.0067882069852203131,0.024247558787465096,0.067630685865879059,0.099750834206740066,0.12689481675624847,0.1404554694890976,0.13483639061450958,0.14169640094041824,0.16008413583040237,0.16871944814920425,0.17017174512147903,0.1553487554192543,0.13563720136880875,0.10327397286891937,0.048825472593307495,0.036562214605510235,0.017698400653898716,0.028117135167121887,0.039158668369054794,0.052529539912939072,0.093256577849388123,0.15119391679763794,0.21456754952669144,0.25574794411659241,0.2804027795791626,0.27417770028114319,0.28198719024658203,0.26870682835578918,0.2600417286157608,0.26017919182777405,0.25741046667099,0.27044504880905151,0.26525282859802246,0.25887031853199005
-0.1826980777762153,-0.14228133691681755,-0.10961970562736194,-0.090963613241910934,-0.065733165169755622,-0.0573864970356226,-0.059118821471929553,-0.061950058676302433,-0.02857075585052371,-0.002364311988155047,0.024581733780602615,0.044468012948830925,0.088970225304365158,0.13808667163054147,0.15821857750415802,0.15280298143625259,0.16084234416484833,0.16754303872585297,0.17108961194753647,0.16388799250125885,0.14967264235019684,0.12853040918707848,0.092029321938753128,0.073084466159343719,0.027051097713410854,0.0,0.026409482583403587,0.023172669112682343,0.064983941614627838,0.094229832291603088,0.15662919729948044,0.20622463524341583,0.25995276123285294,0.28461340069770813,0.28203913569450378,0.27347514033317566,0.26629194617271423,0.261333167552948,0.27172142267227173,0.27944433689117432,0.0,0.28862585127353668,0.28396400809288025
-0.17806536455949149,-0.14913668297231197,-0.12067646160721779,-0.092366310457388565,-0.045198479356865086,-0.020549383712932467,-0.016382552372912567,-0.022997457999736071,-0.017932951838398974,0.002616924000903964,0.013583437073975802,0.040341245010495186,0.094122793525457382,0.14652836819489798,0.16871462017297745,0.17070523649454117,0.17319317162036896,0.17199210822582245,0.16862774640321732,0.16216512024402618,0.140954852104187,0.11519358058770497,0.10174243897199631,0.067499355723460511,0.052953757345676422,0.0312760341912508,0.032575958408415318,0.036861523985862732,0.050743037834763527,0.076467044651508331,0.15986987948417664,0.21128061413764954,0.25201472640037537,0.26951348781585693,0.26974734663963318,0.27640144526958466,0.0,0.27490109205245972,0.28488641977310181,0.29991714656352997,0.31143414974212646,0.0,0.30704447627067566
-0.1515037938952446,-0.13208821735211782,-0.10054539019862811,-0.055785835387983491,-0.011331687681376934,0.025144888646900655,0.027511053346097471,0.017586540430784225,0.0017581034917384386,0.00619521364569664,0.01029834127984941,0.040810758868853249,0.10452278330922127,0.16362236440181732,0.16945786029100418,0.16984657943248749,0.17047648876905441,0.17158870398998261,0.16894936561584473,0.15932799875736237,0.1406668946146965,0.11730225384235382,0.10459800809621811,0.086125083267688751,0.07288447767496109,0.058702945709228516,0.053113320842385292,0.045093884691596031,0.043052706867456436,0.072861323133111,0.12855610623955727,0.18749184906482697,0.23388971388339996,0.24290700256824493,0.26392030715942383,0.26617631316185,0.28132730722427368,0.29383367300033569,0.0,0.33101034164428711,0.33363866806030273,0.34361457824707031,0.32785533368587494
-0.094865060514873922,-0.056932836771011353,-0.022226333501748741,0.013186420663259924,0.046838349103927611,0.075997786968946462,0.058791125565767287,0.036923834122717381,0.018456131778657438,0.011845584958791733,0.013549147639423609,0.046710951253771782,0.11197254061698914,0.14341223736604056,0.15438225120306015,0.15378555655479431,0.1556856632232666,0.16572403907775879,0.17349376529455185,0.17124927788972855,0.15151691436767578,0.12899646535515785,0.11386537179350853,0.0938490554690361,0.080623120069503784,0.072660356760025024,0.060923710465431213,0.045198071748018265,0.030772048979997635,0.061736878007650375,0.10036717355251312,0.0,0.19392499327659607,0.0,0.24528709053993225,0.2639409601688385,0.28538593649864197,0.30697928369045258,0.32327368855476379,0.36084994673728943,0.0,0.35434353351593018,0.3452320396900177
-0.020096572751010008,0.023481940617784858,0.052700987085700035,0.094398592412471768,0.11047174483537674,0.11869552731513977,0.089078125357627866,0.044250366743654013,0.016185914476712544,0.00819166594495376,0.015795757994055748,0.054704604049523674,0.11131909489631653,0.13505138456821442,0.13324707001447678,0.13875237107276917,0.14592877775430679,0.16000892221927643,0.17386166006326675,0.18024270981550217,0.16599833220243454,0.14876414090394974,0.12423014640808106,0.095891736447811127,0.076982587575912476,0.062811700627207756,0.053562235087156296,0.034898320212960243,0.023820854723453522,0.034730562940239906,0.089086815714836121,0.14965823292732239,0.0,0.21770063042640686,0.24951006472110748,0.28053851425647736,0.0,0.32581731677055359,0.34087640047073364,0.35382780432701111,0.372225821018219,0.0,0.35503062605857849
0.043812213651835921,0.078908589854836467,0.10223568230867386,0.13288019349177679,0.15183911621570587,0.15431406497955322,0.11684286718567212,0.070799272507429123,0.028527473378926516,0.0063191275112330914,0.014714996640880903,0.05368239308396975,0.10141531005501747,0.12567964568734169,0.12381560107072194,0.13448819518089294,0.14473208785057068,0.15346346795558929,0.168753981590271,0.1795424297451973,0.17822064459323883,0.16035161167383194,0.13176156580448151,0.089932821691036224,0.062662363052368164,0.038682569749653339,0.026999787427484989,0.0073328716680407524,0.0018144209170714021,0.00701213396678213,0.0632316917181015,0.10698838159441948,0.15818758308887482,0.21197499334812164,0.24502237141132355,0.27264514565467834,0.31304340064525604,0.0,0.34163324534893036,0.36147522926330566,0.3750326931476593,0.35819190740585327,0.0
0.0917929120361805,0.12154191918671131,0.13656436569160885,0.15238908864557743,0.16227365136146546,0.16551768407225609,0.14001377671957016,0.094726296762625381,0.044620930372426905,0.020177152007818222,0.036620292812585831,0.058429169158140816,0.096709843724966049,0.11588231474161148,0.12290346374114354,0.13931161910295486,0.14959286898374558,0.15360463410615921,0.16456476598978043,0.18463525176048279,0.1739213690161705,0.15324458479881287,0.12415604293346405,0.085496515035629272,0.043047625571489334,0.017382616177201271,-0.007825545035302639,-0.022607045248150826,-0.024814228527247906,-0.0099540362134575844,0.0,0.069434911012649536,0.14280699193477631,0.0,0.2423844039440155,0.27476704120635986,0.30595782399177551,0.33317802846431732,0.0,0.35052376985549927,0.35572513937950134,0.36944732069969177,0.322541207075119
0.12908642962574959,0.14660392552614213,0.14584043622016907,0.14471964538097382,0.15191577970981599,0.15613022446632385,0.1420891284942627,0.10319420322775841,0.079462764163812,0.062985270284116268,0.074107658118009567,0.0808132216334343,0.10543876141309738,0.11201906949281693,0.12655604630708695,0.14539682865142822,0.15658687055110931,0.1567482203245163,0.15222395956516266,0.16580008715391159,0.15719121694564819,0.14406432211399078,0.099599957466125488,0.062365544959902763,0.020322697935625911,-0.017316000070422888,-0.0478556239977479,-0.0715512316673994,-0.053193889558315277,-0.062647469341754913,0.012181323021650314,0.053027894347906113,0.13386718183755875,0.19535054266452789,0.25725445151329041,0.29376083612442017,0.30087220668792725,0.34001648426055908,0.35354861617088318,0.35445937514305115,0.39458653330802917,0.34513700008392334,0.32457061111927032
