SouthSea_Web/demo/jsonfile/2017-12-16-06.json
{"header": {"parameterUnit":"m.s-1","parameterNumber":2,"dx":0.1,"dy":0.1,"parameterNumberName":"Eastward current","la1":29.0,"la2":12.0,"parameterCategory":2,"lo2":131.0,"nx":250,"ny":171,"refTime":"2017-12-16T06:00:00","lo1":106.0}, "data":
[rows 76 to 94 of 171, columns 84 to 125 of 250]
-0.2358380309173039,-0.252878760983204,-0.2383971882087213,-0.21153397858142853,-0.15893071202131417,-0.08482206254624404,-0.014576872429013467,0.019480452182944172,-0.022448114673655557,-0.094755756535700383,-0.15127344142932159,-0.13928188948795714,-0.099076120997779071,-0.15858972138341734,-0.12523038247052362,-0.21559760144778661,-0.19846324818698982,-0.07479773872555831,-0.16085057721837706,-0.24086832574435643,-0.3420198139335428,-0.4185859441757202,-0.4102103590003906,-0.29493756253610959,-0.14316263995222892,0.023110201055671842,-0.0971097538522521,-0.30264313167558526,-0.48872319608926773,-0.27044589768933214,-0.18427945801189968,-0.074336849575047381,-0.02598654182117072,-0.010934115697766953,-0.11885926127433777,-0.23613586050012839,-0.37258215183797089,-0.45264386786864352,-0.35908424226861252,-0.286182576790452,-0.20965275397667518,-0.13214164701375095
-0.12739445158728846,-0.18729691952466965,-0.18502660868344484,-0.16968979924917221,-0.12070937371916241,-0.0877159299949805,-0.086925023683795219,-0.11233961029813208,-0.13926700549200177,-0.14977317596120493,-0.12887366164115169,-0.054330206508266518,-0.044214689119585926,-0.14001261217124533,-0.14425620291795996,-0.24446564989212233,-0.18026484261182221,-0.14696395707627138,-0.17034584610608586,-0.22092630373219313,-0.26486665776206386,-0.36234714109220623,-0.23817460399161103,-0.27626747151418607,-0.19454413705638476,-0.13780268495169917,-0.40708215044039053,-0.61941782757639885,-0.5116718209395974,-0.45019722775537141,-0.22319096944887529,-0.005702341364563576,0.0057435152763989005,-0.075804770442432376,-0.12797982704180938,-0.23080333780783874,-0.46716211080551145,-0.55624467465612626,-0.40062104378427776,-0.32388091459870338,-0.2662168209041868,-0.20020921642963702
-0.13445605754852294,-0.13340861827135087,-0.12109855296356338,-0.075412683475476042,-0.085658318266786382,-0.14598068512148327,-0.19887465341337796,-0.22607330232858658,-0.13863142343858878,-0.066920960682909938,0.018769054012673515,0.0195281268450234,-0.059915675223986484,-0.1772555766834153,-0.19494040231955678,-0.34767366800366378,-0.3186152596026659,-0.25079315585585743,-0.25996568822671495,-0.22167765826751024,-0.31562955501259016,-0.41388033734539809,-0.29912466998700493,-0.35635091034238209,-0.23687326329095024,-0.31180247151927581,-0.61943677361264371,-0.73444990798046716,-0.55045995929024438,-0.46200738414641351,-0.14274466961622237,-0.0078699913484832421,-0.059994424349176421,-0.13962342565258343,-0.19346680811473302,-0.28015507069917828,-0.6010307980620343,-0.60543445587158207,-0.43376064584368751,-0.36245880524317425,-0.30442288269599277,-0.22363636270165443
-0.1501505544781685,-0.12361181820077556,-0.078506046086549763,-0.078969678255142992,-0.13444476660627586,-0.2010866387022866,-0.19771496020257473,-0.056404175423085692,0.099937856261586328,0.10022489049728832,0.0046362495597671062,-0.095255060485214926,-0.19438807940524486,-0.26119642768587387,-0.332638334821571,-0.48087768034732087,-0.38431334320236654,-0.37876806191859708,-0.3207489345471064,-0.23716740912579476,-0.3676038951133237,-0.3876862403508779,-0.3128925741792799,-0.25648964756039966,-0.041504176904583863,-0.20457733828566391,-0.68581626803110662,-0.78616847970136783,-0.65567399425940076,-0.41198255895059321,-0.10753644780631651,-0.090230139566862835,-0.14471984517417455,-0.24861960347209658,-0.28317429072090555,-0.43975708952971865,-0.71990469346443808,-0.5755500884159751,-0.4078846444254336,-0.34385028282801311,-0.28790424125535147,-0.20695471870047705
-0.13359430521726609,-0.10205298453569413,-0.11303744252238955,-0.17320535446588808,-0.2169267827713931,-0.19009501141096866,-0.044316005868105482,0.069617143987367555,0.078847496980620962,-0.095035891921725124,-0.2101259445771575,-0.252933288760045,-0.32348930594083425,-0.44146123964612077,-0.51939584859987586,-0.60166433818486276,-0.44772082729773088,-0.43392155019205009,-0.34687774825370177,-0.20632472818988,-0.30197105289477372,-0.446406693037214,-0.35205562212766506,-0.2196815016395231,0.062994518803341587,-0.23865246110781618,-0.643943990099019,-0.708331417000812,-0.67898872217466666,-0.38762018807453685,-0.10169928051086503,-0.10008967325091361,-0.21588848749311959,-0.33486944834391275,-0.34302189747492473,-0.56030469788954806,-0.740860606942858,-0.477950404882431,-0.335399750031923,-0.29690028913319111,-0.25605099797248843,-0.18241117217323996
-0.18238781227005851,-0.20104864010444054,-0.22761033972104391,-0.24584458716984453,-0.21102781088224479,-0.0957141128767814,-0.038056729097540182,-0.015271508536118614,-0.0986246089451015,-0.22482602827010617,-0.34284241199493409,-0.43884525554520742,-0.57560526305123383,-0.63773183027903235,-0.65518468229667,-0.47617737249452241,-0.31979808766963119,-0.33017202231444809,-0.27900651702657342,-0.125659856290139,-0.16976121393751065,-0.38054569013740708,-0.32992731687081217,-0.2008466575383048,-0.069096209584838808,-0.318124414337679,-0.513419624917951,-0.70123011732726115,-0.58539986831170543,-0.47437699604779482,-0.214743501065593,-0.1484936848282814,-0.21997668684982671,-0.282838710066345,-0.42481356163819634,-0.70868794564847593,-0.68946329217690683,-0.41955343509713811,-0.27027422973984166,-0.21518432796001435,-0.18147352681710169,-0.15180300655109541
-0.25438589906250991,-0.2550612659408496,-0.24005209958111798,-0.14973822528762476,-0.078976031924997053,-0.11155489483667959,-0.079695344964663184,-0.1192048939841765,-0.27579890238121152,-0.45448513825734455,-0.4766615883392446,-0.55221690620694841,-0.52536643884683909,-0.46000714600086212,-0.53623244365056355,-0.4672296231443232,-0.34972597824202645,-0.30724459723250508,-0.222506177045551,-0.077178258969413369,-0.040104486553243564,-0.13524557536710863,-0.015632018284593454,-0.046589722697897955,-0.13146566899948831,-0.2647997035171118,-0.647389085003824,-0.66135590112414855,-0.61010266047019468,-0.52667081137498217,-0.31550862922750672,-0.19167583127473964,-0.22674405211355628,-0.31850479500634332,-0.49390130562167012,-0.72176101495479716,-0.60127102459470427,-0.354015641886255,-0.228564300470882,-0.15206958204507828,-0.12131328250353153,-0.11434738834698995
-0.23229630692647055,-0.18315299014960015,-0.13359215220919363,-0.095888373131553337,-0.18400515482894012,-0.12144337645892439,-0.159059871630422,-0.33503870133842739,-0.34018822715562935,-0.35258017528441643,-0.42367438588823592,-0.45257312623230189,-0.35101281404495238,-0.4353854695092077,-0.49951130346111627,-0.51285504126081283,-0.3688133455091907,-0.22359943557530643,-0.17141418643657444,-0.079232261785747188,-0.10191073435705339,-0.14597503207783844,-0.16082729573671323,-0.19268668200127145,-0.30870438052915805,-0.44809758531889726,-0.88578905738317049,-0.67819738025250642,-0.55451873314176869,-0.59043174924014452,-0.39671182632446289,-0.30069642905461585,-0.35047460780587308,-0.41328566214617563,-0.56108963092168174,-0.71256266258381029,-0.51768534802473509,-0.31708482652902603,-0.19952125019497341,-0.13517719407876333,-0.090635042924147383,-0.078297485907872513
-0.11929335859086779,-0.12714856459448734,-0.18232191182099855,-0.22263022856070444,-0.21847535044916214,-0.15286715378363927,-0.34555769385769963,-0.39849776510269413,-0.36375157137711844,-0.394245881022829,-0.3808720563139234,-0.34779494586918092,-0.42333525027099411,-0.4609954197232316,-0.46849335634962042,-0.48968618942631614,-0.33261725874174208,-0.25988815450354624,-0.17660488316206016,-0.16612468125379604,-0.15707946864976768,-0.098493343283390183,-0.26444005000136667,-0.2966385224591131,-0.49715195659358624,-0.72813431768958747,-0.78009774480097094,-0.70748662591999412,-0.58769253318288683,-0.58557477613834485,-0.38025613274516129,-0.40770947990509182,-0.41038831441025986,-0.47550132783020244,-0.65172135213325766,-0.73301176382945132,-0.50230401066633368,-0.30491234660148619,-0.17576125527129455,-0.12698545732668468,-0.082738549194552688,-0.0560487985300521
-0.092537928505667624,-0.13012131596250193,-0.22239859136087553,-0.33702552089324367,-0.26209420830972735,-0.32768469843371162,-0.42215608557065326,-0.43785345554351807,-0.43089355002431307,-0.37610138580203056,-0.31984134670346975,-0.423149500238268,-0.50429963301389646,-0.44505816559458888,-0.45568293138690619,-0.4398556722784942,-0.36292998133034543,-0.31337522390023081,-0.24458638467322821,-0.21879313267388587,-0.13552146424588404,-0.10152655266291272,-0.31570431491614437,-0.50356609678786735,-0.62373966684466919,-0.73740634386673631,-0.69271917348345291,-0.69068159788717953,-0.67652793078247564,-0.59669844048508147,-0.40703570885934692,-0.41375066613664435,-0.42382310723003586,-0.50290435453255966,-0.6982626360038231,-0.70582783009324757,-0.521811767057939,-0.31478187855747009,-0.18968968391418456,-0.14977021068334578,-0.10873813859441063,-0.053188903671171933
-0.15430911843265807,-0.23011029192379542,-0.28857440381280836,-0.30055237433006021,-0.38007754286130269,-0.39419958509247877,-0.45249454577763876,-0.46164116462071736,-0.4197829802831014,-0.40655684832370642,-0.4306120036376847,-0.537632589680808,-0.48553604773572973,-0.40438896126863433,-0.40792554201081743,-0.38344916701316833,-0.36210952045624717,-0.30287752910093829,-0.2819731297749507,-0.18377991444186159,-0.15831023056928376,-0.18992332002350704,-0.53992952778935432,-0.70603710360922667,-0.69449597897649817,-0.6904386382598382,-0.74489042175909315,-0.74924104346169362,-0.74403244256973267,-0.6315560597245411,-0.4168285091044539,-0.41402480857712881,-0.41388630204730564,-0.4910166782717551,-0.70881523909392186,-0.69204241752624507,-0.48114625612894696,-0.31092995054581585,-0.22387194509307543,-0.17768606199668005,-0.13144515793431888,-0.071636704994099479
-0.30270767748355865,-0.26992869973182676,-0.25413661532931858,-0.41763512015342713,-0.52515220344066615,-0.5314271030602632,-0.42786833842595418,-0.45603188059546729,-0.47693483005551729,-0.47703148469780432,-0.49053585198190475,-0.48465743515549636,-0.43678353279829024,-0.38622889867643029,-0.3238075781952251,-0.3827411757439983,-0.3384958990648681,-0.30073016676409492,-0.23554273588316782,-0.22057821016226495,-0.24440001836507627,-0.33015412790700793,-0.612007396338984,-0.61739231789777727,-0.60004934712583791,-0.72300177219495254,-0.73195829230385856,-0.7508337275243141,-0.74893252756081374,-0.589452262915356,-0.38911606630553369,-0.37225365715149122,-0.38206479251384734,-0.4655059750737815,-0.67955030004183448,-0.67414946718649427,-0.46327718566445741,-0.32906290675912586,-0.24603505661854377,-0.19006972346040937,-0.15533332899212837,-0.11717305798083544
-0.24266544977823892,-0.27980016331587521,-0.38314597255417276,-0.52144229312737778,-0.53640624455043251,-0.46256677085353481,-0.43673261813819408,-0.49383085072040556,-0.49835596161503948,-0.46351887099444866,-0.4488578935464223,-0.41682137023000154,-0.37540245743898243,-0.32494639439715278,-0.31158754158587681,-0.37076263648012409,-0.33055860221385958,-0.26828419675047582,-0.17598912803853145,-0.22013751523835318,-0.35614393688738344,-0.46580328358398687,-0.673899793624878,-0.64060221314430232,-0.51315877029487678,-0.63899932814910354,-0.6508386104377275,-0.68113105310950173,-0.67830555347295907,-0.52673482708632946,-0.37832346872279521,-0.32727384846657515,-0.342604530268702,-0.45069499249043671,-0.6542123583230105,-0.65192613005638123,-0.47052901585896811,-0.33065437525510788,-0.23434512565533319,-0.17384988814592361,-0.17364891991019249,-0.16896113380789757
-0.35406333310850735,-0.43274064306859616,-0.4991697349718639,-0.5181681086619695,-0.45291745236941744,-0.42987304727236431,-0.49479268491268158,-0.50191568977692547,-0.51166419784228012,-0.48169069550931454,-0.45336353598218976,-0.39160345963069371,-0.32364331143242975,-0.28792224381421061,-0.31121146024727242,-0.33500505699997857,-0.28313658899731109,-0.19151696966340145,-0.1582619575438676,-0.22147593929849821,-0.35479618657019829,-0.48498150175564908,-0.66084033173400081,-0.61124047413468363,-0.4967479143716112,-0.58698623121520621,-0.61835400049503031,-0.64313800606811256,-0.63581704828474261,-0.48897793889045715,-0.36360370762207928,-0.293979925768716,-0.31527207851409911,-0.44820641175560327,-0.62470558461020975,-0.61135712265968323,-0.43671144644419352,-0.28222517669200897,-0.19125874882394617,-0.16825336962938309,-0.19402365812233516,-0.1995319277048111
-0.43059605016158176,-0.47683677636086941,-0.47872486595924085,-0.4748313384396689,-0.44592014913048061,-0.4528571844100952,-0.46895508622301035,-0.48497605221024875,-0.50884709755579627,-0.4938159098227819,-0.46865443699061871,-0.3880767953746459,-0.29971991862569536,-0.2813338182038731,-0.30403060123727127,-0.30175225092814517,-0.23578939657835735,-0.15966857831145442,-0.16342230575780073,-0.21579455465078354,-0.31710977391763168,-0.42765920396362034,-0.4945614352822304,-0.50949180630537183,-0.52081496052203635,-0.56509260186609234,-0.59318795356344667,-0.57655620304020971,-0.52601161207023417,-0.42620709187844219,-0.34454828911814195,-0.28656090452120853,-0.30671045861460944,-0.42073972435558543,-0.56785370508829758,-0.55826381765879118,-0.37907660669750637,-0.24688409641385078,-0.15238058380782604,-0.17129279424746832,-0.2096930742263794,-0.20680929507528031
-0.46415725350379944,-0.50215726877961842,-0.49939806373031054,-0.44170105971139051,-0.42398282672677723,-0.43413510404784106,-0.42882969358871725,-0.42876219132850912,-0.45198441296815872,-0.44297541181246441,-0.42741887085139751,-0.36147847290961971,-0.28803632013938008,-0.26296127438545225,-0.26486537439955604,-0.25995567523770863,-0.20891875149430456,-0.14531008050192235,-0.14758550077676774,-0.22155975359816885,-0.2658155742618773,-0.35918983119599363,-0.371866278971235,-0.36501465608244354,-0.44188466862491937,-0.4682033182609649,-0.4950865652503037,-0.51966078113764524,-0.4641885580495,-0.37519424955050151,-0.30879642566045123,-0.29249682074243372,-0.33247564294758963,-0.42363117337226869,-0.52506911506255471,-0.51689306714318017,-0.36367344856262207,-0.18643869707981745,-0.12379174555341403,-0.15517506216253554,-0.19126392155885696,-0.2048116445541382
-0.42189886953149525,-0.44613661699824864,-0.41680489054747988,-0.35716554735388073,-0.34842095498380987,-0.37231675342277243,-0.3866149742027809,-0.40061601611875719,-0.42416995044412287,-0.43728351692358652,-0.40626562314648784,-0.34541670257045376,-0.28755444017323578,-0.26404965712743644,-0.2215606416849529,-0.18980824947357178,-0.1596349241102443,-0.1281599825298464,-0.12958122358510368,-0.21331117974548805,-0.263166981190443,-0.29375753303368884,-0.32656256929039956,-0.295660001039505,-0.32905391024218666,-0.36731015614100865,-0.37928615645928815,-0.41395186113588739,-0.40846986536468777,-0.34279109597206114,-0.28527705824893451,-0.31142686542711762,-0.39144271984696388,-0.46076135472817853,-0.52258467945185572,-0.48123668962054783,-0.31716392721448627,-0.15775913000106812,-0.11219870299100876,-0.1424271230186735,-0.16290372908115386,-0.18610655665397644
-0.39001074227793464,-0.38894467000608091,-0.34113471055852956,-0.30097875211920055,-0.31406438145144233,-0.34036926869992856,-0.35614765615298832,-0.36584143340587616,-0.40289551119009653,-0.4183256536722183,-0.37010546425978341,-0.32855558991432188,-0.29001393262296915,-0.26506821624934673,-0.21602200061985941,-0.17463112103216577,-0.16787901257767396,-0.13950712715878205,-0.13840172439813614,-0.21100259885976189,-0.25506682445605594,-0.24205215046038994,-0.25106638031346457,-0.26585502028465269,-0.28529807880069269,-0.33122118869248557,-0.34757624037804141,-0.32877101216997417,-0.30888804907982165,-0.27490862778254915,-0.25636533137999085,-0.31350336117403849,-0.39727787558849043,-0.47903758883476255,-0.538230265889849,-0.45716816683610279,-0.29746548192841665,-0.1542468493183454,-0.10711779338972909,-0.12975177355110645,-0.14884874224662781,-0.1737517217795054
-0.33669874710696085,-0.31188636330457836,-0.28151758953377054,-0.26955347480597319,-0.29049287479499292,-0.32276921400002073,-0.32522658308347069,-0.32883173889584011,-0.37854756514231364,-0.40599789917469026,-0.34900142817661678,-0.29099333959241069,-0.25633659313122431,-0.23310023930764967,-0.212870750327905,-0.18755761621629491,-0.18538948396841684,-0.20271108159795404,-0.2080280197893872,-0.23051693772568421,-0.22128844125704331,-0.19797478871686117,-0.19228743435814977,-0.19621561421081424,-0.24590577837079763,-0.31272288026480838,-0.31821591324276394,-0.27116603289659208,-0.25805580551209656,-0.24838545835680431,-0.25023401585909039,-0.29438295960426331,-0.37090861052274704,-0.44209278623263043,-0.51023578643798828,-0.44499980551855906,-0.27616179237763089,-0.15941374450922013,-0.11914439350366593,-0.13103052824735642,-0.14546449482440949,-0.18983945250511169
