SouthSea_Web/demo/jsonfile/2017-12-16-13.json
{"header": {"parameterUnit":"m.s-1","parameterNumber":2,"dx":0.1,"dy":0.1,"parameterNumberName":"Eastward current","la1":29.0,"la2":12.0,"parameterCategory":2,"lo2":131.0,"nx":250,"ny":171,"refTime":"2017-12-16T13:01:52.5","lo1":106.0}, "data":
[rows 76 to 94 of 171, columns 42 to 83 of 250]
0.0,0.0,-0.0083683332969402818,0.0,-0.005937258258008545,0.047015197834989524,-0.024950489346591474,-0.12209600856430222,-0.11474399728700518,-0.0826654000630223,-0.070454970223969363,-0.0712833946244311,-0.045037014869002391,-0.053028809428215029,-0.077961789014247745,-0.14052850097466849,-0.20014530099684097,-0.22567464485764505,-0.22189937458663692,-0.30229458644770196,-0.490077817440033,-0.53792365358935457,-0.54604260606712174,-0.56173776673234033,-0.49752186674338122,-0.38716840543853703,-0.29738390445709229,-0.24240605326799247,-0.20639089206534048,-0.18027943625288495,-0.22632362756688715,-0.26329488572427784,-0.31012259732032643,-0.34111876709986544,-0.319949545597626,-0.26802952140569686,-0.21619656734299242,-0.20890202714224992,-0.21114628940820693,-0.21368312797485253,-0.19384529162198305,-0.19651665706788341
0.0,0.0,0.0072619991253666067,0.015665878298056091,0.019182174289223839,-0.08661779271307328,-0.13413373819613819,-0.15719690154428068,-0.14659841538027482,-0.15160949391509415,-0.14833254967721141,-0.12882829148854527,-0.10518253780901432,-0.15383915516237418,-0.15865863126809479,-0.27672245758667324,-0.38567761124157512,-0.33850663395251257,-0.24065337017659219,-0.18654492450878024,-0.23624691016533794,-0.36088019747819217,-0.34640015345631225,-0.29667349315401331,-0.21464141622438268,-0.18810447316903334,-0.18257012334652245,-0.18570325364832019,-0.224743623713978,-0.23620919336875279,-0.26985160980758993,-0.329433702925841,-0.35288737448198454,-0.35558148947629059,-0.34028374006350837,-0.30150151768556011,-0.26082926110497545,-0.21678728996603577,-0.18294968158006669,-0.14763209203051197,-0.12514081164713828,-0.11574176236473281
0.0,0.0,0.086343899065620164,0.091822506633473008,-0.068631801390749064,-0.11010792094500775,-0.13248777355660091,-0.15097906297825753,-0.16239403169602157,-0.17360217823432042,-0.18882424707214038,-0.20127508842519351,-0.25541512792309123,-0.35936015279128636,-0.28295100871789253,-0.17633724609209645,-0.34605033464472867,-0.41754333578771158,-0.34812312598029771,-0.27200081560647849,-0.19408540329972251,-0.18438740390719791,-0.24165268219076097,-0.25389493654171624,-0.24374790228249735,-0.22081402164918404,-0.19757754807589484,-0.1972921634542531,-0.22814705575767316,-0.26970486115601106,-0.26394705584755651,-0.27590235168079158,-0.27314104540989947,-0.27457359039558554,-0.28949588735898335,-0.27967130722001543,-0.26701768040657042,-0.24292920288201925,-0.20415941278139752,-0.16850504663682753,-0.12355695345572063,-0.0970060791199406
0.02781531310277767,0.15573643998407835,-0.049851024818704709,-0.0843102169346539,-0.17060323813671452,-0.15623314143755498,-0.15027147250043021,-0.16787656667557629,-0.19094798726550602,-0.21999066916562743,-0.24250904836897122,-0.25985904708504676,-0.22527520459587291,-0.22698747034051589,-0.32560981144862516,-0.27495480919706411,-0.23547223731875419,-0.26443819428483645,-0.25315749156670492,-0.22853358012848887,-0.20384006593071047,-0.20927400604404253,-0.24947698616375358,-0.24888745203333082,-0.24651789827780291,-0.24022339772561502,-0.22149357087207292,-0.214406510671744,-0.22217373783681907,-0.22336785137653351,-0.21464267891386282,-0.2029338475730684,-0.17896655966074038,-0.188838953897357,-0.21012029349803923,-0.20348243985105963,-0.19156562062827023,-0.19316317958216514,-0.19440829188659273,-0.18045697022568097,-0.17017496791150835,-0.14624763086990075
0.1392004338743294,0.42110641608014704,-0.15755050763711517,-0.068239786322457627,-0.19609847815792544,-0.16810840906716196,-0.17118401848005527,-0.21581797199002628,-0.25243675316634934,-0.2908126822972702,-0.32683578612548964,-0.2420131644960177,-0.25599928945302963,-0.2571187405674546,-0.27632916633222926,-0.30760658319507328,-0.30799016258755668,-0.30257866594751004,-0.2923278177777926,-0.27305160513368704,-0.23658075928688049,-0.20428718280579364,-0.20115924261364282,-0.22034236091248532,-0.23594173011572464,-0.24442575906598291,-0.23546143902672662,-0.22688577256419443,-0.21895332066785722,-0.21073000282049179,-0.2193843949782221,-0.21543884608480665,-0.20065466402208104,-0.18939199130381307,-0.18578189274957102,-0.17368267247310051,-0.170446904110057,-0.17805130378558084,-0.1818398297936828,-0.15116314819225898,-0.12568643302829177,-0.115512831757466
-0.318733987040001,-0.47357468844628803,-0.4697498557591484,-0.33303854936283056,-0.28958639214256127,-0.20648496731985033,-0.20631568506360054,-0.289611043637259,-0.30377821145313127,-0.24791179824683626,-0.31187455810732762,-0.32386421763672019,-0.31940261753542082,-0.31648990756175555,-0.32455859102051832,-0.33606381664673485,-0.33766583078785944,-0.32229565548115091,-0.29449662723039327,-0.27413077324123708,-0.24587284133099674,-0.20574964133073698,-0.19022310680399338,-0.20122718030498141,-0.21985805645967141,-0.23022491484880447,-0.23218931414579092,-0.2326283102685755,-0.23030811507959623,-0.22267382072679925,-0.217409604229033,-0.21938744466751814,-0.21163960726096712,-0.19316960298098052,-0.18576446228793689,-0.16491507931991858,-0.18770885157088438,-0.18316153379587027,-0.17039121411464833,-0.18813084810972214,-0.20375269651412964,-0.1898608266242913
0.0,-0.20642714699109396,-0.28555280881569017,-0.43785634181716226,-0.53578763467105317,-0.39960283119427531,-0.26807699774702393,-0.36310421143259319,-0.35619658591418429,-0.277824864801714,-0.28906121182030647,-0.34374201099077861,-0.35401836997371611,-0.3466700269230481,-0.34759101619323096,-0.32676923661320295,-0.328443414692221,-0.31730344403873789,-0.28688990186761926,-0.26739528437830368,-0.2529645680773015,-0.22104879857405371,-0.20292553114585388,-0.20666972569056918,-0.21631367723731435,-0.22447174968141498,-0.24594716095563138,-0.25447934098315961,-0.24845752120018005,-0.24423282179567549,-0.23004078423535382,-0.22753291523882321,-0.21693025070887345,-0.19566649695237479,-0.21322725713253021,-0.22125549614429474,-0.21571167099934357,-0.22940529823303224,-0.24620971615825379,-0.21375439584255218,-0.18403358260790506,-0.15447961897761733
0.0,-0.045273116678757552,-0.15175952610401769,-0.26393735798601564,-0.44551801521603657,-0.461675013530822,-0.32730932104385507,-0.41550321185163092,-0.41611531533693014,-0.36952501484032335,-0.37606094499765819,-0.38132470486492948,-0.37809052623686246,-0.36517540927518877,-0.34331312775611877,-0.3338297259594713,-0.31168499139119993,-0.30508831272954529,-0.29103791367175968,-0.28124655220243666,-0.26835909485816956,-0.24732502506059759,-0.23592064236149643,-0.23990577799933296,-0.24880119860172273,-0.2634959911306699,-0.27804628733930914,-0.28093960161866816,-0.26952870466091017,-0.25536286372404832,-0.23860160376016909,-0.22068296621243158,-0.20446869997041567,-0.22747428715229034,-0.23386243100349718,-0.25936868965625764,-0.2912372430929771,-0.28192997551881349,-0.24302945977875165,-0.17751581552955839,-0.12413530882734519,-0.086621599616827791
0.0,0.0,0.036670439126359,-0.082780565166051465,-0.28809576780186036,-0.4768378766268257,-0.47897976636886597,-0.41080227389670254,-0.45878229389588038,-0.45277521158418349,-0.45070753820606918,-0.4213181341949262,-0.39782255777606257,-0.37785735836735479,-0.34770752727985382,-0.33777284026145937,-0.33046848362400416,-0.31802272720214647,-0.30862994740406674,-0.29282068130042815,-0.2824790992520072,-0.276054488074395,-0.26803800566443081,-0.283360270517213,-0.29428286105394363,-0.30681550833914017,-0.30116178393363952,-0.30137902154372287,-0.28880238647644335,-0.2667849384821378,-0.25544179058991945,-0.25095409556077075,-0.24279358486334482,-0.24019920003825221,-0.26219261896151763,-0.30570745009642381,-0.27897083587371385,-0.20702875614166261,-0.16100249936183295,-0.13038972713823976,-0.098255302224840441,-0.090468931544039927
0.0,0.0,0.0,0.15961891705584194,-0.29709232359120968,-0.55882013030350208,-0.752995759549767,-0.59280099919144535,-0.53845105632658929,-0.49295422627079871,-0.491759715867894,-0.46577956886203203,-0.42770296456862467,-0.39868249588234478,-0.37934142429577677,-0.36936497771077687,-0.34599824531658274,-0.33992138053431653,-0.33088938326671208,-0.326389761834309,-0.3157234787940979,-0.29749890610023783,-0.29568227323201984,-0.30151475736728084,-0.313353545665741,-0.31522932190161485,-0.3205382147660622,-0.31750841856002809,-0.29812133426849657,-0.27018415153026581,-0.24243766814470291,-0.22180571292455381,-0.21264341989388833,-0.2341518137190077,-0.26691280248073429,-0.25137109281840148,-0.18085205085851527,-0.11102541562701974,-0.05288168815550981,-0.034298573728077687,-0.067152194678783417,-0.17591055828545774
0.0,0.0,0.0,-0.518120474629588,-0.59594478449400734,-0.75053285818327875,-0.99492921378161459,-0.78951442026230223,-0.6302488267421722,-0.50085648413627382,-0.48765535203237381,-0.46379829391285227,-0.43677598712119187,-0.40757077932357788,-0.39786289475466075,-0.37243566368565417,-0.36124278207619986,-0.35739809274673462,-0.34961447226149694,-0.3229698218681194,-0.31503006319204968,-0.31327173233032224,-0.30922278761863708,-0.30959079471918255,-0.30744960793742426,-0.3136354911327362,-0.30363127280925883,-0.2675010779729256,-0.24808522371145395,-0.23189002054708977,-0.22734668220464999,-0.22742500786597913,-0.2340508958807698,-0.23926552854202413,-0.21658237278461456,-0.10888352695852518,-0.020532413101237681,-0.00443434259460236,-0.026546778907585476,-0.0835066250814446,-0.12238416805242498,-0.20068167309675897
-0.11989132689851677,-0.4064245493119133,-0.96708481555635284,-1.063882094025612,-1.084839305781818,-1.2066625808091724,-1.0465925949124189,-0.9726433204800895,-0.66242211678671459,-0.52859014272689819,-0.48882381957873966,-0.46446674769999935,-0.45124879905155729,-0.42650885581970216,-0.40695751866986674,-0.38588751737888044,-0.37610515082875889,-0.3676524879755797,-0.36252501950814175,-0.36259327370386857,-0.34792511271578924,-0.33470150828361511,-0.30195891324962887,-0.29448269844055175,-0.3001218890702283,-0.28854983329772949,-0.26809250204651441,-0.26877864091484632,-0.27468851323311144,-0.26901032416908827,-0.27690535563009755,-0.27984219257320675,-0.25303496122360231,-0.17365066363261297,-0.084212679272660837,-0.017132208499658321,-0.0041484061019638413,-0.053151904415615181,-0.15970362365245819,-0.26841681938746881,-0.29279952799832382,-0.33911573167504938
-1.0575633068480084,-1.2785237055190288,-1.2735975322380564,-1.2084198826087449,-1.3764833854090783,-1.1644150520926409,-1.0334822619424282,-0.90859118587261922,-0.625274447144055,-0.52860721017493573,-0.48410326573583817,-0.45834587894234,-0.43949285691434686,-0.44588420564128506,-0.42761029468642342,-0.43343729808412751,-0.41645696988472569,-0.39156795099929526,-0.35656026668018764,-0.31453888394214491,-0.30262299489091943,-0.29627711219447,-0.29085156002214979,-0.2982407557964325,-0.29180503884951275,-0.28256293705531527,-0.27644500136375427,-0.29614451986092788,-0.30995576138849612,-0.33933518614087788,-0.34454165169825923,-0.27691196622671904,-0.14120708378376784,-0.045937268408360307,-0.018951176363905822,-0.061950318180024624,-0.18730305649083237,-0.27111337959766391,-0.27577106213128127,-0.29726479450861615,-0.35274764780814832,-0.34955446995221651
-0.99229864458883965,-0.71020062053424271,-0.69520327079394628,-0.41745780213612671,-0.28777376626375273,-0.3585902044350015,-0.5584433809118835,-0.68689975093622679,-0.553942014100188,-0.50797793845976558,-0.472467590123415,-0.4396998201097761,-0.42737546659285025,-0.43843973565984656,-0.42652750677532619,-0.43507050321652341,-0.43027641044722664,-0.39550584455331167,-0.36926434547812853,-0.36331828896488461,-0.35869644795145306,-0.35010456928500422,-0.32190810250384466,-0.28611042935933384,-0.25209803989639989,-0.27775037174041456,-0.27908321332048486,-0.31417443575682463,-0.43086524422352129,-0.39269782543182374,-0.25922579557767939,-0.11686677047637878,-0.0372179953309779,-0.056607170929682663,-0.061359987504637011,-0.078897264857704819,-0.24571088800827662,-0.29907045722007752,-0.34313678397582126,-0.38082536027349273,-0.36434017809537739,-0.33517449668475557
-0.20218177139759064,-0.030147935146886625,-0.26271682977676392,-0.015713620905560364,0.10368126893566036,0.0,-0.18362926145231254,-0.15736358694266528,-0.24962389041920977,-0.36836468607187273,-0.43009527095339517,-0.40752957122666494,-0.41024648717471529,-0.42224867748362677,-0.42005635265793118,-0.43956070521782187,-0.40847923015726023,-0.39413334377880754,-0.39740208305161573,-0.39730927553670159,-0.37791580844808509,-0.35024047749383108,-0.29892270934992821,-0.2515894787815901,-0.24717181509938732,-0.27929644235249224,-0.36728997031847638,-0.50063939226998222,-0.42236208812943821,-0.24377640909873521,-0.099743040071593389,-0.03252009600400925,-0.08377527521440277,-0.1165494608382384,-0.15434144007471892,-0.19908810986412895,-0.30066217252841365,-0.36581586301326752,-0.4257875382900238,-0.433940640202275,-0.36459436217943825,-0.33340206980705261
0.0,0.0,0.0,0.0,0.015192179153759585,0.0,0.0,0.0,-0.085016129716463829,-0.24441851540045304,-0.36727375217846464,-0.4021774796502931,-0.41601145161049707,-0.41467701669397028,-0.41166858230867692,-0.38750405564452661,-0.38741541973182131,-0.41012394620526221,-0.41770151576825548,-0.391998919947394,-0.30843016710774651,-0.22867127986890928,-0.20959106406995229,-0.24750518606555078,-0.30476190867247405,-0.449799976669825,-0.54273249528237755,-0.45545086608483243,-0.253062171801444,-0.11796561076685234,-0.08626039243406719,-0.14441761898773689,-0.17648814287450579,-0.168149361120803,-0.22043997393204615,-0.29439380924616543,-0.38316810572588883,-0.419981096472059,-0.43574282938036424,-0.39573956847190855,-0.35732616111636162,-0.34908266317459846
0.0,0.0,0.0,0.0,0.0,0.0,0.0,0.0,-0.026491567766403452,-0.19238038109615446,-0.35425388174397604,-0.4098005106051763,-0.42299763765186071,-0.4130994975566864,-0.3989914683625102,-0.41361612754483379,-0.43409138079732656,-0.44234286197300615,-0.4120209628138049,-0.31291085070577163,-0.23310096981003881,-0.21949815595972128,-0.25863363765753233,-0.3917494877692192,-0.53688896143877951,-0.53645435086003057,-0.4226667654925379,-0.23209124111703464,-0.15184950429414,-0.14839726543197265,-0.16221892541008337,-0.22424988129309245,-0.22239339903548913,-0.25620854066477883,-0.31450903691627363,-0.39891022205352783,-0.41219120703894518,-0.39671964275425881,-0.37732867228573769,-0.35068967938423157,-0.32873270022017614,-0.3197307354874081
0.0,0.0,0.0,0.0,0.0,0.0,0.0,0.0,-0.019319667197439983,-0.238897218555212,-0.38425403743079212,-0.41102033678223104,-0.43758976298409541,-0.43371815628865185,-0.4199318413933118,-0.43934608469991121,-0.45452414453029633,-0.44177554082125425,-0.35232258105979247,-0.29031733500546425,-0.27841839386570838,-0.35783018171787262,-0.48263074611795359,-0.506773363927315,-0.46789321303367615,-0.38022270202636721,-0.25922329457742826,-0.15536255775778382,-0.11693961631793243,-0.21059683767648843,-0.27353342153407911,-0.25974009505340029,-0.29109245042006177,-0.29788929453262913,-0.36979082889027065,-0.46415428872461673,-0.45539044737815859,-0.36875315065737124,-0.34251555690058955,-0.34039286220515214,-0.346201463981911,-0.33626029321125578
0.0,0.0,0.0,0.0,0.0,0.0,-0.011312973472156469,-0.028048831463416316,-0.10172650409377601,-0.35037280770315637,-0.3958255818911961,-0.42663335022719012,-0.43692699292810949,-0.39870951101183894,-0.43451428636908529,-0.45741988012665197,-0.43075275684104247,-0.32832968745912822,-0.25813022821113979,-0.26686116605997084,-0.31179646868258715,-0.44366225699583689,-0.4374549885590871,-0.43523662730499552,-0.37614285200834274,-0.28264598151048026,-0.23094169103673526,-0.1701232542594274,-0.15978544311864035,-0.28992795005992605,-0.30858914668743426,-0.31167085965474445,-0.34129871179660159,-0.35828453990129322,-0.41853848576545716,-0.4934479922056198,-0.4812739932537079,-0.39602908271330373,-0.36721400971765872,-0.36041228113503293,-0.35200404776976657,-0.35458575244303103
