SouthSea_Web/demo/jsonfile/2017-12-14-04.json
{"header": {"parameterUnit":"m.s-1","parameterNumber":2,"dx":0.1,"dy":0.1,"parameterNumberName":"Eastward current","la1":29.0,"la2":12.0,"parameterCategory":2,"lo2":131.0,"nx":250,"ny":171,"refTime":"2017-12-14T04:01:52.5","lo1":106.0}, "data":
[rows 38 to 56 of 171, columns 168 to 209 of 250]
0.53856410458683968,0.55130190508706234,0.50892903804779055,0.43443982998530067,0.37326331138610841,0.350563856107848,0.29780851863324642,0.23131322159486659,0.22043002676218748,0.21995715101559957,0.2219809929529826,0.28753311838954687,0.35763100002493176,0.35941803104737224,0.324326610990933,0.28253400325775146,0.26108913123607635,0.24741782460893905,0.16156243401415207,0.11138882339000703,0.15895338794764349,0.17909935029113994,0.12956268712878227,0.10388904453619667,0.10457010101526976,-0.059105270143066137,-0.16740265229473944,-0.24373146990935007,-0.25605273132140821,-0.21718008816242218,-0.12576353523348058,-0.026288114686030893,0.051490566566247835,0.071347739873453969,0.1381022118859821,0.135598280467093,0.076324467081576586,-0.01168608628878636,-0.044306903811437745,-0.057866133749485016,-0.069289722612925944,-0.079906364281972245
0.46193777583539486,0.51029748601071978,0.50461843423545361,0.43064323233233559,0.33289869932027966,0.28560489065506878,0.27838265150785446,0.26401693413132116,0.27024367451667786,0.25772874150425196,0.24666999379793803,0.30820819176733494,0.34943573602608274,0.35001830756664276,0.31497628800570965,0.28926742474238076,0.24905592735324586,0.2139577226979392,0.19088741044203442,0.18459970597177744,0.17716757787598503,0.12846254086808154,0.12644435006838578,0.061842622648260591,0.0588917835632822,0.086230516312988822,-0.060315508591501338,-0.15021753771340146,-0.15706334263086319,-0.11220410065009044,-0.042374067653257116,0.01766346748918295,0.077874911102381622,0.17757679589770056,0.19844918251037597,0.17413467355072498,0.07129547419026494,-0.022155117110482285,-0.088455655745097575,-0.10362414518992107,-0.1070647593587637,-0.10144451508919399
0.33791930476824444,0.40242352140577214,0.43357434206538731,0.35368679699144867,0.25484087504446506,0.21303230085793665,0.23893539529097707,0.26462489103569703,0.30068263784050941,0.30912284290089326,0.3232433944940567,0.36466171178552842,0.35325360527405369,0.32498730532824993,0.31746327025549753,0.28111982345581055,0.22272690811327525,0.16493820073083043,0.10532330504308145,0.088372754362913281,0.08577253739349544,0.053819630993530154,0.10190636276577909,0.01299691292775893,-0.084826447971230984,0.11167599186301232,0.012665037244844895,-0.053048603948863113,-0.11000012210570276,-0.048001812646786372,0.047333329993610583,0.17272586096078157,0.21766876876354219,0.24598824977874756,0.20196290976471371,0.15533201609339034,0.05667548611139258,-0.032275202035504789,-0.10082726925611496,-0.12390508378545444,-0.13912454744180045,-0.13417206890881062
0.24780930429697037,0.30839094602399403,0.33233451372698736,0.27987510930089388,0.18675347492098809,0.15664993971586227,0.19694576193304622,0.24814326710560741,0.30020254188113743,0.32159427509588356,0.34910271565119427,0.35567948818206785,0.31185645916882682,0.28609393040339154,0.26081452461389393,0.21999025025538035,0.18127862650614518,0.15358051968117556,0.034125013563495413,-0.069688491765051513,0.0045743205432350244,-0.015670356189578644,-0.01618581303605774,-0.051755721202504865,-0.062758645017715428,0.047682013804386435,0.0048553144655803715,0.01598113968330753,-0.058926243852410048,0.0018739921007571475,0.15198207832872868,0.27885090559720993,0.2992851932843526,0.22444830983877182,0.16902830203374228,0.13432380557060242,0.059490663465112448,-0.031380278989672661,-0.0825882616142432,-0.12211070954799652,-0.15474707384904227,-0.13712579570710659
0.19464027687259342,0.24055074764923615,0.24882795839082628,0.220560659468174,0.11090509345134099,0.10919618494808674,0.1809732659774668,0.26266759634017944,0.32094164490699767,0.31934902899795109,0.32424440979957581,0.31675232847531637,0.26462096205124486,0.2016351342201233,0.16627788891394932,0.1444670557975769,0.12358881533145905,0.0416838131689777,-0.11418618734639424,-0.2503894915183385,-0.060153045070668064,-0.053592758874098458,-0.15420050762201609,-0.10638591131040205,-0.12205804098883401,-0.026963974992395379,-0.048904613231071363,-0.045999805732454,-0.023976619075983762,0.12681892675658066,0.22490873703589806,0.24981330169571769,0.21945460885763168,0.16155836151705849,0.1244444383515252,0.10156675428152084,0.063579949860771492,0.0017936026367048423,-0.046908991783857344,-0.0821345883111159,-0.13348741581042609,-0.13736789549390474
0.20929747596383094,0.26059724603380474,0.25857766379009595,0.20999095651010671,0.13957006450403819,0.14482264518737792,0.19160095188352797,0.26462970260116792,0.28647007875972325,0.2602989673614502,0.222276259213686,0.20831141401739681,0.17098377751452581,0.11866892362013459,0.10884506541949052,0.0881382889653507,0.040868156888921349,-0.056705368283603876,-0.27880497649312019,-0.31349531399707,-0.11072246304580144,-0.0762125737965107,-0.11923659024269957,-0.16594036262143741,-0.060119242325686571,0.0043601124833982721,0.0052929024757097732,0.10649892966612243,0.20127965713089163,0.1959629456202189,0.21160075174910681,0.19547947049140929,0.15878825220796797,0.10538660114010175,0.073734484612941742,0.064642420304673057,0.036836005747318268,0.00053433032007887959,-0.021937349997460841,-0.0365959337602059,-0.044519434496760366,-0.040752189854780831
0.20650865495204926,0.27479675678270205,0.29217459844506305,0.18543958008289338,0.1734910515092668,0.17573115229606628,0.1880419080456098,0.20646463685175953,0.18861700631678105,0.11633517238355819,0.10066969096660614,0.030960179757899962,0.0075703984891463605,0.041053146019943858,0.017242934540263377,0.0068479826274727073,0.098541305237449708,0.019440838038766135,-0.17551746698362486,-0.31921819183561539,-0.23524977018435797,-0.12112365911404292,-0.024485502190565549,0.032696171867428347,0.087066560619227268,0.18425252128924644,0.22170689418202355,0.23305836555204892,0.2099544033408165,0.17467624890176872,0.16319017484784126,0.14459298665706927,0.12193679644001855,0.079085244664124074,0.052320545805352073,0.026323619298636913,0.013544350070878864,-0.01186623532945911,-0.016440012492239475,-0.00025624188128858805,0.03312654048204422,0.019692165777087212
0.24267365686271503,0.17223511347688283,0.22133851159984866,0.18945066134134928,0.2420754979054133,0.20353405872980754,0.1671522231772542,0.132086486688682,0.05317120516944366,-0.055279689831271149,0.040063192568985481,0.0047670784031556409,-0.026388758317228745,-0.059743744964223536,-0.083397502530715428,-0.057053877083633686,0.041019587481225077,0.074620883911848068,0.11682834165791671,0.085507403283069536,0.0297807288588956,-0.010528620189199081,0.0512829571796049,0.12610878222263777,0.17508422036965687,0.19897707551717758,0.18406367301940918,0.15491770108540853,0.13041375118952531,0.10472117307094428,0.10284098299841087,0.11837303452193737,0.11874180100858212,0.10040942047323499,0.070908376947045326,0.041617207229137421,0.014648632321041077,0.0028924196182439723,0.0046736202202737331,0.027929616471131642,0.055481649935245514,0.046079867829879127
0.28968134386972949,0.2410239614546299,0.35150692611932755,0.35898279292242868,0.26183043420314789,0.17398383095860481,0.13046969659626484,0.081692895487598755,-0.035738327925832106,-0.19963915359287981,0.0040089052555889919,0.011295899187269457,-0.043797190156195084,-0.0240362226646745,0.0,-0.03775878768199338,-0.0017645862988299793,0.10366002180510098,0.1571564314266046,0.17054397695594364,0.15452348237687891,0.11877995356917381,0.10736564323306083,0.14457931220531464,0.16559371237571424,0.16208422183990479,0.13381616239036834,0.0989335436373949,0.066744563593105835,0.044909458421170709,0.062772745732218027,0.085772638209164143,0.10419391468167305,0.11435637747248013,0.10652158036828041,0.073565617824594184,0.039166389498859644,0.021390183363109827,0.029083945788443089,0.044234149158000946,0.067595340311527252,0.072259439776341125
0.27039522243042785,0.29220930622382596,0.3647121787071228,0.35543147155216764,0.24319965786793651,0.21186144387020783,0.1591282333521282,0.0696768264629339,-0.036811654057922118,-0.033777476676429309,-0.04477481860667467,-0.1200727952417691,-0.16827790594349304,-0.12338392416616746,-0.084723510020584966,-0.063566127505439982,0.10456097210672768,0.13187701404094696,0.16591593894091519,0.17825784683227539,0.15632182088765231,0.140984215519645,0.12211834415793418,0.13450569576687282,0.13624425164677881,0.095264201983809471,0.072888894751667974,0.054604339516825147,0.028447469075520832,0.022374483135839302,0.046896954998373985,0.06818210457762082,0.08664278090000152,0.096254438161849976,0.091325294226408,0.085401785373687741,0.062253166921436787,0.020454730605706573,0.037967735280593239,0.060832059010863304,0.0731615424156189,0.077622607350349426
0.39274729575429645,0.29487685007708414,0.35351789849145071,0.37375496590838714,0.27705353842331815,0.25655436778769775,0.25642919633537531,0.17088366987613532,0.15405749661080978,0.17802861411320536,0.070197732808689281,-0.0022390832637962052,-0.016277460922156612,-0.012891028459896059,0.097563171572983262,0.18609450840287739,0.22256557477845085,0.21956045031547547,0.20549535006284714,0.17051205370161268,0.15927880257368088,0.15360846287674373,0.14473031248365129,0.13470095489174128,0.096956583774752081,0.036004183606968984,0.040358794025248952,0.025740292272530496,0.01926426962018013,0.012391979340463877,0.02443018916528672,0.04548028577119112,0.054230502247810362,0.054152945056557655,0.070159473270177838,0.084824790557225541,0.060780066065490246,0.049781295160452523,0.054328509916861854,0.047463838011026382,0.0518694743514061,0.07197517529129982
0.51448872354295516,0.43805586298306781,0.33211116790771483,0.32393708825111389,0.29011025795569789,0.22925845347344875,0.25689017474651338,0.27162139232342059,0.27489076703786852,0.31802065513635935,0.250308598279953,0.28729171057542163,0.30218377438458527,0.29999057451883954,0.29286978145440418,0.31551046669483185,0.32554729282855988,0.32267126142978669,0.27657604403793812,0.19670937955379486,0.16316282583607566,0.15602542672838485,0.13186920682589212,0.099967801322539643,0.0376830929890275,0.00028150741127319634,0.016898043996964891,0.012575944730391106,0.019045630780359108,0.003612624054464201,-0.00071994739331178914,0.0043545709146807594,0.0048930861055850984,0.028821317479014397,0.052429583854973316,0.066089266911149025,0.08036331584056218,0.075994896392027542,0.061342599491278328,0.046426307410001755,0.0461906890074412,0.05654593681295713
0.4793436709377501,0.510326137766242,0.44518346190452573,0.38264110258647371,0.33203252355257667,0.29366195996602379,0.285233121026646,0.29980495572090149,0.29418885459502536,0.31279577215512594,0.18271498918533324,0.21349682257725641,0.25600381361113655,0.31133780181407927,0.35031851794984603,0.37880655229091642,0.36807645261287691,0.34652110561728477,0.28754934221506118,0.20118966698646545,0.15731741487979889,0.14480586722493172,0.10784344907317843,0.072170219384133816,0.025304713612422348,0.005432785178224246,0.029052443203649352,0.055908278562128544,0.039921192172914746,-0.0094018955715000629,-0.015148184960708022,-0.02333389613777399,-0.028323688233892124,-0.012999375505993763,0.033835821785032749,0.077511034905910492,0.085050877183675766,0.08539784699678421,0.081374675035476685,0.065972860902547836,0.058963475128014885,0.062493015080690384
0.418072995212343,0.4396304190158844,0.44668102051530567,0.40992412183965954,0.38342919945716858,0.36116476853688556,0.33037451597360462,0.31076765289673436,0.2844676598906517,0.28645345196127892,0.34344835714860394,0.37460107604662579,0.39084159731864931,0.40738674700260163,0.38225490517086452,0.376831728965044,0.35032356679439547,0.31674101203680038,0.26592347451618742,0.2042629619439443,0.15961928851902485,0.13691873475909233,0.099982030689716339,0.060255616158247,0.038711916282773019,0.05094419866800308,0.0715306531637907,0.0728858832269907,0.04209870845079422,-0.0001619105072071155,-0.018532277012127452,0.00033529242500662804,-0.010444282554090023,0.017271842807531357,0.032040440787871681,0.056314844638109207,0.0783257782459259,0.089779730886220932,0.10036178305745125,0.09282958135008812,0.087509036064147949,0.080553777515888214
0.36586906015872955,0.3699546679854393,0.37320778568585716,0.3739161491394043,0.36283198793729149,0.35031678676605227,0.3498212763896355,0.3374529555439949,0.29969145109256107,0.28211503303967989,0.3273913241349734,0.39344015717506409,0.43392253734848718,0.45064118877053261,0.41669082912531769,0.38174912333488464,0.3181575785080592,0.25094317458570004,0.21850675940513611,0.19657374918460846,0.15804886817932129,0.13334430158138275,0.094714385271072385,0.054664863273501396,0.038743124343454838,0.046161745674908161,0.035917330160737039,-0.0019694973016157746,-0.027622788678854704,-0.019312275748234242,-0.0087094336631707847,0.02196213137358427,0.028568011398116749,0.024961499497294426,0.015714769562085468,0.035665025934576988,0.060518326237797737,0.079515121877193451,0.10377293328444164,0.111320860683918,0.10108014196157455,0.08928215503692627
0.31374290419949424,0.29589329101145267,0.33756554302047281,0.34040943781534833,0.3340870936711629,0.32548428728030276,0.3353665005415678,0.33217700918515525,0.29824778437614441,0.26232201109329861,0.2817060574889183,0.32817999422550204,0.37811330291959977,0.39545826749368146,0.37463542222976687,0.32956281304359436,0.27296043766869438,0.19869506607453027,0.17843389262755713,0.17398519515991212,0.16085601449012757,0.13644399344921113,0.10012917406857014,0.064034094413121537,0.054938394576311111,0.0277368513867259,-0.0015531145036220551,-0.030204327311366796,-0.041168667376041412,-0.014203398333241543,0.0083762751892209053,0.017233858816325665,0.013371306005865336,0.022065771743655205,0.015523140939573446,0.026248930643002193,0.04440400625268618,0.076068826019763947,0.095424157877763108,0.10442585125565529,0.10148126259446144,0.0937071368098259
0.26901658820478541,0.24150972533971071,0.30806401215101542,0.34403455571124431,0.3087308684984843,0.287014645688674,0.3268794696778059,0.31393569920744213,0.27724737845934355,0.26587548057238258,0.26953136175870895,0.27272570431232451,0.30767203619082767,0.318170342180464,0.29818373587396407,0.26951530150004793,0.21172705292701721,0.16862092316150665,0.15844546854496003,0.17671818534533182,0.16458449065685271,0.12428991496562958,0.077282547950744629,0.044099484104663134,-0.004645988425181713,-0.031229045242071152,-0.047150095924735069,-0.05280720442533493,-0.042184731923043728,-0.016018909343983978,-0.0069497323129326105,0.015317304991185665,0.017112937290221453,0.0246470607817173,0.025768275372684002,0.028421878814697266,0.043391205370426178,0.064281277358531952,0.085317902266979218,0.085725724697113037,0.08236391469836235,0.075369666020075485
0.24203768810805151,0.2128721948932199,0.27620250424918008,0.29333489201962948,0.2638508668717216,0.25690785156829016,0.27380036080584808,0.28522201776504519,0.28231299854815006,0.27305691689252853,0.27079872091611229,0.25788515380450655,0.26236888766288757,0.2610529325902462,0.24524590798786708,0.21115575482447943,0.1785090148448944,0.13496592019995055,0.12342379987239838,0.14070997138818106,0.12714976817369461,0.0931765188773473,0.041816317476332188,-0.0066485404968261719,-0.03601043950766325,-0.06321340799331665,-0.069981053471565247,-0.066929548978805542,-0.061652518808841705,-0.042705820873379707,-0.024993693456053734,-0.0074838753789663315,0.009892710018903017,0.027404932926098507,0.027240976691246033,0.029850112274289131,0.039928700774908066,0.050079077482223511,0.0642741434276104,0.066538289189338684,0.053330378606915474,0.046339571475982666
0.22000807874342976,0.22511929185951457,0.26001846045255661,0.23863246335702784,0.23049963265657425,0.24685728374649496,0.25044255384377073,0.24439305067062378,0.25120082696278889,0.24206523826489082,0.22451770731381007,0.22202550416642969,0.22630535438656807,0.22946016916206904,0.20248599102099738,0.17182187438011171,0.14373827477296194,0.11198317818343639,0.086904046436150864,0.0745781883597374,0.085700225085020065,0.053080483029286064,0.0049334221209088964,-0.03274811152368784,-0.063670102506875992,-0.073429767042398453,-0.071677405387163162,-0.074727494269609451,-0.073653843253850937,-0.066962239642937973,-0.053593462333083153,-0.029265452797214191,-0.011397966494162878,-0.0082200767647009343,-0.0048635276034474373,0.0068767478660447523,0.030091678723692894,0.04160504974424839,0.037745152600109577,0.038531690835952759,0.023305732756853104,0.019581563770771027
