SouthSea_Web/demo/jsonfile/2017-12-16-13.json
{"header": {"parameterUnit":"m.s-1","parameterNumber":2,"dx":0.1,"dy":0.1,"parameterNumberName":"Eastward current","la1":29.0,"la2":12.0,"parameterCategory":2,"lo2":131.0,"nx":250,"ny":171,"refTime":"2017-12-16T13:01:52.5","lo1":106.0}, "data":
[rows 76 to 94 of 171, columns 0 to 41 of 250]
0.0,0.0,0.0,0.0,0.0,0.0,0.0,0.0,0.0,0.0,0.0,0.0,0.0,0.0,0.0,0.0,-0.0044237980619072914,-0.050008480307686787,-0.064061890962387152,-0.10790317815219523,-0.15531916041436489,-0.048385723780042356,0.0245671582829562,0.061132068966981021,0.094783039029800537,0.077913329129417744,0.050176128038558469,-0.014701650139027005,-0.067574808586921012,-0.072341147065162661,-0.081973465124391159,-0.13621205577094639,-0.2524156074990363,-0.22758772968317961,-0.16796776991289572,-0.26166718958438129,-0.10411651752489767,-0.10324732968246794,-0.1514812994181462,-0.058153808813076469,0.0,0.0
0.0,0.0,0.0,0.0,0.0,0.0,0.0,0.0,0.0,0.0,0.0,0.0,0.0,0.0,-0.051312490540219406,-0.1330040061326028,-0.16084088532308427,-0.12630655453312331,-0.16218802305737914,-0.13934725086347988,-0.10384713391462962,-0.0091200741730501945,0.06786549988168257,0.065639487689449674,0.050356073157959862,0.019918565347325057,-0.016130153102015977,-0.063685228530731469,-0.096837963536381716,-0.11102637400229772,-0.14517813757993281,-0.19654031504284253,-0.31602844565498583,-0.20083413360019525,-0.12844156537966062,-0.067627775975238738,-0.070439654056468168,-0.10520593481940321,-0.023208691890267502,0.0,0.0,0.0
0.0,0.0,0.0,0.0,0.0,0.0,0.0,0.0,0.0,0.0,0.0,0.0,0.0,0.0,-0.010464571674270297,-0.11875366771250571,-0.21435462352911047,-0.20327404101196489,-0.13805927341991617,-0.12604961403972143,-0.065676139596167318,0.054253515572656459,0.050943517087337874,0.01676098536087298,-0.028754126725041053,-0.071953622624278069,-0.10042260810732842,-0.10901357639919627,-0.11666979002101081,-0.13445060656351202,-0.1653557765212926,-0.18535618890415539,-0.15091175675392152,-0.12106072695718871,-0.078791838267753864,-0.072284843151768044,-0.10518364603113797,-0.1574542364705768,-0.064929889124487675,0.0,0.0,0.0
0.0,0.0,0.0,0.0,0.0,0.0,0.0,0.0,0.0,0.0,0.0,0.0,0.0,0.0,-0.10799176342064334,-0.1604948932726453,-0.17224080509761031,-0.086944310299239741,-0.18635917440217606,-0.15237581559821314,0.034067208236592705,0.049531370343174785,-0.0018376065576872365,-0.050822164106648415,-0.096160695701837537,-0.12165739014744759,-0.12530475216252462,-0.12272183384214129,-0.12162736058235169,-0.12653370520898274,-0.12044237274676561,-0.19571068384006982,-0.13336672204668107,-0.12537124930393129,-0.12341571268108156,-0.13914684229530394,-0.093023712663645189,-0.023540537387421151,0.0,0.0,0.0,0.0
0.0,0.0,0.0,0.0,0.0,0.0,0.0,0.0,0.0,-0.012085165403892888,-0.0096919206896797869,-0.0039333279978045277,0.0017863211132502803,-0.0035339392184192712,-0.064689475709666017,-0.23519077340746464,-0.069728989826031568,-0.035900927217645408,-0.085921165940048436,0.0028023709049496879,0.028453376236679366,-0.020862103760009632,-0.06861328929662705,-0.11183437518775463,-0.14090319190706527,-0.15727466344833374,-0.1505123951605388,-0.14743953198194504,-0.13734391000535753,-0.12900762632489204,-0.11941907075898987,-0.1507365489069028,-0.12589000904311737,-0.15751186155137562,-0.14280365407466888,-0.11196366124428235,-0.064235616018148992,-0.0618911779987256,0.0,0.0,0.0,0.0
0.0,0.0,0.0,0.0,0.0,0.0,0.0,1.1349630966782569,0.10932899271150139,-0.0090117190895987933,-0.10598285650017605,-0.17044777706364755,-0.093505264638772026,-0.082690857365136844,-0.092130135927490753,-0.077366201526180289,-0.037589444713141289,0.011635195140115684,0.068505712260137977,0.10476622045520813,0.0065269946867107034,-0.069992710836231709,-0.1358260405915124,-0.17091298848390579,-0.18927492201328278,-0.19119776040315628,-0.1804065763950348,-0.17007699112097421,-0.1594627606017249,-0.1519498016153063,-0.16058095863887242,-0.18941629890884673,-0.20738338340412488,-0.22783567089783519,-0.19003169387578964,-0.158104263502976,-0.078499993372164414,-0.014623279492929103,0.0,0.0,0.0,0.0
0.0,0.0,0.0,0.0,0.0,0.0,0.0,0.0,0.025935007421480073,-0.084070289329450681,-0.12669033938575358,-0.12327880962064748,-0.1424208858195157,-0.12493177258973749,-0.20085279234473058,-0.18017049392853868,0.0074500184103574911,0.059318268342929727,0.061960144678042048,0.028766218402112523,-0.037499200156889859,-0.13036279231309891,-0.19934879243373871,-0.21848688522974649,-0.2219986617565155,-0.20018675550818443,-0.19432971775531768,-0.18532569919313705,-0.17797717824578285,-0.176449586947759,-0.18972683325409889,-0.22538589239120482,-0.26336996754010517,-0.290862575173378,-0.30035778880119324,-0.26404230121304006,-0.163185523932471,-0.025211952552582576,-0.0083402223882112127,0.0,0.0,0.0
0.0,0.0,0.0,0.0,0.0,0.0,0.0,0.15317922371740669,-0.15362652186657996,-0.13954218567291998,-0.0452471716050206,0.0010202039935942387,-0.043701425170487106,-0.13712580935383328,-0.16912814623984271,-0.047995744983107588,0.067604482173919678,0.068207322132019771,0.0052004556855536066,-0.0505179803714984,-0.12259423732757568,-0.18794267177581786,-0.23264897366364798,-0.24399354060490927,-0.239200159907341,-0.21432752907276154,-0.20465024113655089,-0.19542917112509409,-0.1949853343623025,-0.19813419607552615,-0.21508371457457542,-0.25667142495512962,-0.30798501922534061,-0.3431152748434167,-0.36585770760263714,-0.34752514296107823,-0.19109102068790074,-0.038876583595225118,-0.0068116285791312787,0.0,0.0,0.0
0.0,0.0,0.0,0.0,0.0,0.0,-0.079644689094510834,-0.16641577602260643,-0.091596512234064981,-0.1078528649149797,-0.061972766886982653,0.026613335251957842,-0.018986298481766611,0.040251918745020196,0.0583221564690272,0.056786226108670235,0.022144933231174946,-0.012377350536553422,-0.06451690072814624,-0.11655658004539353,-0.20433370769023895,-0.24760020151734352,-0.26251548528671265,-0.25516532361507416,-0.23344588279724121,-0.21799497306346893,-0.20817548781633377,-0.20773246635993323,-0.21482546627521515,-0.221014746597835,-0.24364513903856278,-0.30417681857943535,-0.36555758118629456,-0.39814839325845242,-0.40364200539059109,-0.40223309748313008,-0.34094531142285894,-0.28290906702750362,-0.087865486000813439,0.0,0.0,0.0
0.0,0.0,0.0,0.0,0.0,0.0,-0.12812862335600891,-0.14241233178310925,-0.14505372267087985,-0.12426384126069025,-0.063637547825118934,-0.0055154687234837754,0.092645678855478766,0.087275568628683686,0.046174082905054092,0.030363887082785368,-0.021962870225811806,-0.076407749205827713,-0.13699276745319367,-0.18704754710197449,-0.25775448481241864,-0.27821224927902222,-0.27067205309867859,-0.25794972479343414,-0.24324417114257813,-0.21402118355035782,-0.20936603099107742,-0.21302904933691025,-0.2302229031920433,-0.24177073935667673,-0.26694952696561813,-0.35394300520420074,-0.42715867207600522,-0.46684109223516362,-0.4790365795294444,-0.42845715811619389,-0.40441076879231436,-0.3467903063360569,-0.19180154629001861,-0.0040839686276817385,-0.012631294335453557,0.0
0.0,0.0,0.0,0.0,0.0,0.0,-0.097672717672442858,-0.056216147646088808,-0.034009353102495275,0.0067535576901199034,-0.009693029899305353,-0.015285924160187798,-0.018788521428807423,0.0078839533186207209,-0.0054006779267053518,-0.017269668105820365,-0.08170096079508464,-0.13316436670720577,-0.18454802632331849,-0.23673411905765535,-0.27695371210575104,-0.29447299242019653,-0.29751735925674438,-0.26475018262863159,0.0,-0.22051504254341126,-0.20232121646404266,-0.20939559737841287,-0.22716202586889267,-0.24725276976823807,-0.29104620814323423,-0.39905546741052106,-0.48357745063932317,-0.521404141826289,-0.512654547438477,-0.51268340098230458,-0.44073392881287471,-0.39036713889304625,-0.20339622465239482,-0.045615024201167892,-0.006842318385708264,0.0
0.0,0.0,0.0,0.0,0.0,0.44040745434661704,0.06083912406865246,0.005560025374185951,0.0065948821138590574,-0.015657162705722909,-0.026358907809481025,-0.044097606092691422,-0.063464792072772974,-0.05611973788057055,-0.062389115040952507,-0.094677467644214627,-0.14002906105348043,-0.18784212001732417,-0.24853602051734924,-0.28213758766651154,-0.28978100419044495,-0.29001736640930176,-0.28901149332523346,-0.26591616868972778,-0.24342388659715653,-0.20754446089267731,-0.2039012685418129,-0.22179435193538666,-0.25008179247379303,-0.26438570684856838,-0.31180418913181013,-0.43103507004286112,-0.55681721407633566,-0.58859033102080938,-0.58380505808612759,-0.56393217188971378,-0.582352526858449,-0.55350174837642241,-0.30098556846380231,-0.049055814888891873,-0.189416007037749,-0.091079755980325375
0.0,0.0,0.0,-0.10512709865967433,-0.10495664508870015,-0.12593715131597619,-0.060026449920930841,-0.02754040619715695,-0.03860741842757253,-0.047453404714663826,-0.057467412776671924,-0.058758795600045814,-0.079437644531329468,-0.085798445261187017,-0.10492719668481085,-0.16300288339455923,-0.20695284381508827,-0.24988228641450405,-0.28900760908921558,-0.2985711892445882,-0.28607510030269623,-0.27741087973117828,-0.27165339887142181,-0.24058850854635239,-0.21840763837099075,0.0,-0.20504866540431976,-0.24929804354906082,-0.28420278004237581,-0.27939410673247445,-0.32920929221879869,-0.45952800247404313,-0.57613376346794332,-0.58916749180974182,-0.61693858188741346,-0.718501136760519,-0.83479692557147733,-0.92238365514920306,-1.001548223733902,-0.85581989019194582,-0.799395212450543,-0.68816037409926034
0.0,0.0,-0.020524595223832875,-0.12597962045202069,-0.094463617505529257,-0.15102691342063407,-0.15907328348663269,-0.13202409852634778,-0.08049057001868884,-0.099998795173384933,-0.095581100136041638,-0.1011561428507169,-0.11698382347822189,-0.12637905869632959,-0.1689965178569158,-0.22032410154740015,-0.25451239570975304,-0.2828265329202016,-0.28588439226150514,-0.27455084025859833,-0.26384124159812927,-0.25435778498649597,-0.23731859028339386,-0.22052454203367233,-0.21307975798845291,-0.204525925219059,-0.22767086327075958,-0.26519065101941425,-0.27881702780723572,-0.25670936311546128,-0.33779525756835938,-0.48580481900888328,-0.56447552384868749,-0.60351558970016184,-0.69931756432463488,-0.85183186874245154,-0.9990436451535829,-1.1012636321656248,-1.2518844993646481,-1.3934388392794448,-1.2854778101655091,-1.1784268128716089
0.018472721610723577,-0.09890402723450531,-0.1003372271793584,-0.12339372846276261,-0.30313806142657995,-0.37162184183086666,-0.24970222388704619,-0.12994860559701921,-0.13938744791916438,-0.17755928076803684,-0.16513086669147015,-0.15337713435292244,-0.14250463806092739,-0.1692004246371133,-0.21777981732572829,-0.24761714537938437,-0.26333973308404285,-0.26913288732369739,-0.26936099678277969,-0.27504984537760419,-0.27026227116584778,-0.24467136710882187,-0.2199922576546669,-0.21567144244909287,-0.21136454492807388,-0.22311296314001083,-0.24406416714191437,-0.25877523918946582,-0.24647303777081625,-0.20672962069511414,-0.27608612880987282,-0.42294365087070979,-0.48436990028077903,-0.5668323587198727,-0.55689145731074474,-0.47336865605703043,-0.58536931497404,-0.47255634232776234,-0.46939617635334696,-0.61428072781044762,-0.6436088802207891,-0.41965499059868921
-0.10288031864702901,-0.1070533159504638,-0.14689758226863647,-0.34043861569269845,-0.414005663394928,-0.270177498459816,-0.17657396197319031,-0.15353693880818106,-0.186943519115448,-0.19631819592581856,-0.20864369803004795,-0.20442650467157364,-0.18150433046477182,-0.19794832170009613,-0.2166686922311783,-0.23742164671421051,-0.24999780704577765,-0.26226456463336945,-0.28201172749201459,-0.28490129113197327,-0.26995067298412323,-0.24226818978786469,-0.23531801253557205,-0.22671599686145783,-0.22961296886205673,-0.23448298871517181,-0.24144634604454041,-0.23607169687747956,-0.18193442622820535,-0.14924964922315934,-0.21150655181784378,-0.27634973473408642,-0.26175983165063565,-0.40731099962960632,-0.32392538010222094,-0.15813236530687261,0.0,0.0,0.0,-0.0030506557892434872,-0.052562890016512633,0.0
-0.11684091931192188,-0.22793327079665277,-0.28525158435833164,-0.24817867755889891,-0.153426820146186,-0.1625209472009114,-0.19223560517032942,-0.20664007067680359,-0.22192857828405169,-0.22762139389912287,-0.23717801868915558,-0.22653678432106972,-0.2052451471487681,-0.20836470648646355,-0.22876841127872466,-0.24154305085539818,-0.25248154997825623,-0.27540152271588642,-0.29089123010635376,-0.2890382707118988,-0.27381697297096252,-0.25562774141629535,-0.24079439043998718,-0.25610366463661194,-0.23539410531520844,-0.22763849794864655,-0.21051641553640366,-0.17535244425137839,-0.12800391266743341,-0.16191246089610187,-0.14055864340983904,-0.095687154799192542,-0.096413667528744154,-0.0030808860897913724,0.0,-0.062451659352518618,0.0,0.0,0.0,0.0,0.0,0.0
-0.17778765603023417,-0.25436264806323583,-0.22601251705334738,-0.18878336946169536,-0.16987767815589905,-0.18608168959617616,-0.21955998738606772,-0.23206704358259836,-0.23510348300139108,-0.26184748609860736,-0.25644428133964536,-0.2411283478140831,-0.22246960798899332,-0.22641507983207704,-0.23629575595259666,-0.24248041957616806,-0.2381683737039566,-0.26259214679400128,-0.2746453583240509,0.0,-0.26038497686386108,-0.23990986496210098,-0.2324325367808342,-0.23718291024367014,-0.20918864756822586,-0.173642598092556,-0.15271646529436111,-0.10921110436320305,-0.043274481097857156,-0.045376576333236537,-0.053729692502958261,-0.037428602570237973,0.017606641337987325,0.006633461513245331,0.0,0.0,0.0,0.0,0.0,0.0,0.0,0.0
-0.21424707083725461,-0.16488557850772684,-0.12020667418837547,-0.16116978915838096,-0.17479866336692462,-0.20988818315359262,-0.22828537784516811,-0.2499188557267189,-0.27727121611436206,-0.28456442554791767,-0.26833189278841019,-0.2543480359017849,-0.24830431739489237,-0.24389426410198212,-0.23906960338354111,-0.23662454634904861,-0.24532756954431534,-0.24614214897155762,-0.2422359362244606,-0.24731522798538208,-0.22566781938076019,-0.21457402408123016,-0.20480288565158844,-0.17647788673639298,-0.14329774864017963,-0.12213074788451195,-0.072254961356520653,-0.032490041976173716,-0.01780780322882319,-0.002215094515616764,-0.0361075980124377,-0.068502515589794782,-0.098835615441203117,0.0,0.0,0.0,0.0,0.0,0.0,0.0,0.0,0.0
