SouthSea_Web/demo/jsonfile/2017-12-16-01.json
{"header": {"parameterUnit":"m.s-1","parameterNumber":3,"dx":0.1,"dy":0.1,"parameterNumberName":"Northward current","la1":29.0,"la2":12.0,"parameterCategory":2,"lo2":131.0,"nx":250,"ny":171,"refTime":"2017-12-16T01:01:52.5","lo1":106.0}, "data":
[rows 95 to 113 of 171, columns 84 to 125 of 250]
0.004033456789329648,-0.020114063343498856,0.026193766041952012,0.063836520054826026,0.066753501141512836,0.032849878571661453,0.0029094473774031421,-0.0095362284667097463,-0.014294954168560383,-0.023848512101851935,-0.037867139832213008,-0.045087024769080539,-0.027003615612870659,0.00309354552688698,0.024439379572868347,0.030063590283195177,0.0557980912947847,0.0708109047864714,0.063141655176877975,0.04667539824731648,0.060437768697738647,0.10462671841184298,0.10729490779340267,0.085174504170815152,0.045345733540930917,0.0046110685881493351,-0.024123668968677521,-0.068208225719306778,-0.12451256521874005,-0.16087143982832247,-0.16494287435825056,-0.15004922635853291,-0.13729947619140148,-0.12845410406589508,-0.11675325656930606,-0.0860899207847459,-0.036050938535481691,0.029714876853783306,0.11248320043087005,0.14134379848837853,0.1165081150829792,0.10691623762249947
-0.020194108002922602,-0.032423690996236272,0.011072687723623988,0.047653009971747033,0.05402183213404247,0.034917771540306231,0.010956369461146769,-0.0063851379148088328,-0.015023308098674394,-0.031167902393887441,-0.038523806603970354,-0.053393807820975782,-0.042334964964538813,0.0031711325492982849,0.022773178232212862,0.026421754993498324,0.036515700470270779,0.053179327999391866,0.058913627832100308,0.054084126371890306,0.052884998847730458,0.08133748353555284,0.0937559293775723,0.079295428203684945,0.050759855243894786,0.021738150264494695,-0.0016600815940182657,-0.025885946117341518,-0.063844836961764559,-0.11019765896101792,-0.13227048185136583,-0.13390942249033186,-0.13830043162618363,-0.13060673202077547,-0.10754745985780444,-0.075536826625466347,-0.030378902971278876,0.0375339163467288,0.10831368217865627,0.14502706751227379,0.1350561628739039,0.10921285549799602
-0.034939633615847142,-0.04968461456398169,-0.0168210810765491,0.031601224846851364,0.034184807480347378,0.016035608890147327,0.0097137008935013515,0.01083312862276755,0.011679771553774896,-0.0076845509402119205,-0.022235156454402823,-0.030247466155776271,-0.02859714680484363,-0.0012900920696195279,0.022506939833638846,0.033373095747083428,0.052449020332303538,0.060650851705978656,0.062298449128866194,0.067388424028952912,0.063319480844906392,0.081834488858779267,0.0996059858136707,0.079149133525788784,0.04796016036912247,0.029185901903970676,0.0099511859225458466,-0.011499474129567925,-0.04945968724787235,-0.10001897066831589,-0.12882947362959385,-0.13626441856225333,-0.1445143073797226,-0.13188727498054503,-0.10104517887036006,-0.06565062080820401,-0.022904714336618781,0.034101774916052818,0.090355743964513138,0.13683363298575083,0.15388062596321106,0.11291527996460597
-0.037995735613199383,-0.069731070399284362,-0.056443853648724382,-0.009049235153070186,-0.0031552826495263382,-0.013094102981051913,-0.017194480948651638,0.004184825479535869,0.023714279576849479,0.01921557229278343,-0.014531432852501374,-0.033504299154239039,-0.031651211971486057,-0.022062196706732113,0.00034974433947354555,1.6429000035194414E-05,0.029427075374706905,0.069683643487783581,0.077389930856638936,0.0833772909310129,0.069722397830979582,0.078471318153398376,0.082083195171974321,0.065179960658917055,0.050861814909655113,0.037998731713742018,0.020451328950002789,0.0099906594894657082,-0.025569628935772925,-0.068705003087719277,-0.090046516309181854,-0.10672049845258395,-0.13162184692919254,-0.1369718573987484,-0.10769158601760864,-0.071534384973347187,0.0019422086576620738,0.070921231061220169,0.1222853921353817,0.14801543205976486,0.15915085375308991,0.13800023496150971
-0.019188911940615911,-0.046447794113693569,-0.070831464976072317,-0.044208726280235817,-0.023760606465792214,-0.012269974630326032,-0.016354288706289872,0.0032805229152122941,0.032611505538225172,0.033068989851960433,0.00836211545241962,-0.016493565226146194,-0.028970862083412981,-0.030641934619500086,-0.018429423881960765,-0.0088212558955462917,0.01403897616895847,0.049986802307622771,0.078399592007582009,0.075235702373363356,0.063848336871999964,0.058761397859564531,0.043007594666310718,0.035532218201652817,0.0354793726777037,0.020769807243985788,0.010422300340400802,-0.0016766279040894005,-0.031266838844333379,-0.049641440622508526,-0.061700370162725449,-0.0846595112234354,-0.11847444623708725,-0.13242032751441002,-0.11543336013952892,-0.078569661825895309,-0.039054496213793755,0.011065041180700064,0.080966635296742126,0.12002107128500938,0.1243196427822113,0.12975922226905823
-0.0046643140896256751,-0.021686223299744036,-0.047586977840043031,-0.051297225631200351,-0.027675524216007302,-0.0095807003896110337,-0.015585310954170732,-0.018306805859678067,0.0080106204035333712,0.023010051291849878,0.020545903844042465,0.0059893256257055327,-0.016700486403091679,-0.030216160230338573,-0.024569984489622023,0.0024574031829932403,0.025496002967254475,0.032088787743338835,0.044147184877483932,0.037322420555238538,0.0358182653715765,0.022827519346416619,0.00046814748551696537,-0.0077699613990262154,-0.01331111000617966,-0.020078277474062309,-0.030680533032864332,-0.052438855171203613,-0.065795165486633778,-0.081572439521551132,-0.10286860664685567,-0.11385650187730789,-0.1278931051492691,-0.13491464157899222,-0.12671073898673058,-0.098725020885467529,-0.059641128405928612,-0.024477846920490265,0.030002634506672621,0.077230490744113922,0.10857665538787842,0.10695230215787888
-0.011435994571074843,-0.017428931063757494,-0.019010781210714152,-0.023730347380042077,-0.016493772407277271,-0.011445824542771215,-0.01169322818517685,-0.0071820305082448089,0.01072851902426919,0.02690635356478966,0.028282572031021119,0.021993439602242273,0.0044819257938278111,-0.014561696354156503,-0.010679790116846562,0.012935095806964315,0.016561226473034669,0.0042949676918886742,-0.00319830118392669,-0.0102407122400249,-0.021000775148277171,-0.030064803375656386,-0.0384164370204273,-0.030481302445488318,-0.043033062734387138,-0.066494008526206017,-0.086453227947155639,-0.10350136707226436,-0.10961240778366725,-0.13395265738169351,-0.14181658128897348,-0.15063472092151642,-0.15334755678971609,-0.15109016994635263,-0.14473487436771393,-0.10977713763713837,-0.067764151841402054,-0.026976447552442551,0.0,0.033671829383820295,0.051047656685113907,0.0764247216284275
-0.0025728152155932095,-0.0030167953854498383,-0.0053955103430780582,-0.0008961639603354422,0.0049555004139699085,0.000684794104017783,-0.0037378241244081629,0.0076659899153609708,0.017637915416237188,0.028776051914867234,0.033280875925955022,0.029252411886340098,0.016917207415270454,-0.0026510985785121607,0.0019268150833588813,0.016348270868713207,0.0093479439613778,-0.014171433159693455,-0.029053158575186023,-0.043228680024976318,-0.06495029230912526,-0.0755390502512455,-0.068227263883902475,-0.044940389459952712,-0.056097441249423556,-0.081516389548778531,-0.10905467222134273,-0.13003876432776451,-0.14463095366954804,-0.154660036166509,-0.1585803379615148,-0.17100540548563004,-0.19383137673139572,-0.17546972632408142,-0.14470862597227097,-0.11211901903152466,-0.077710546553134918,-0.060285069048404694,-0.044939484447240829,-0.017372310161590576,0.012309104204177856,0.015603886684402823
0.021950786288541097,0.021543739906822641,0.009582001880249557,0.0094622338915036786,0.0040915203634150589,-0.0089658433654611659,-0.021182926504739692,-0.017650623631197959,-0.010395289558800869,0.007806719106156379,0.019200982293114066,0.023289179260080509,0.018374987908949456,0.0023557445420010481,-0.0005975096615397238,0.0093432579196814913,-0.00027333179993244507,-0.031431388358275095,-0.052012897229620388,-0.06938352738507092,-0.091178917636473969,-0.10471759115656217,-0.10495792329311371,-0.0860905172303319,-0.0765934456139803,-0.0878138318657875,-0.11316226981580257,-0.13366687297821045,-0.15643174573779106,-0.16162434220314026,-0.18035724014043808,-0.19325832277536392,-0.20203289886315665,-0.18327611684799194,-0.15325345098972321,-0.12469617277383804,-0.10385533794760704,-0.078123245388269424,-0.046994317322969437,-0.021473712055012584,-0.015238205902278423,0.0038061561062932014
0.028780953441229131,0.032611760621269546,0.026568245608359575,0.012799010034151641,-0.017461812213206522,-0.043265234368542828,-0.0518373534656488,-0.044950102540579712,-0.028033779934048653,-0.0093272088893822259,-0.00080344893891985214,-0.0034031434683129192,-0.0092282779069137177,-0.0098925560822762139,-0.0061435215116944168,-0.001939993107225746,-0.016272988356649875,-0.044154050893017223,-0.0672505097463727,-0.090593428164720532,-0.10483644074863857,-0.1128142261877656,-0.10921718552708626,-0.082910595461726189,-0.069099979475140572,-0.075685089454054832,-0.10381655022501946,-0.1367900719245275,-0.15315923094749451,-0.1531272679567337,-0.16201399266719818,-0.19205967585245767,-0.21625298261642456,-0.2011803463101387,-0.20501413196325302,-0.15605978667736054,-0.14216984808444977,-0.098994612693786621,-0.066168680787086487,0.0,-0.020637784153223038,-0.016585404053330421
0.023610137950848129,0.025445814120272796,0.025610435500063679,0.01505342721939087,-0.014943400959600695,-0.049792372518115573,-0.06151707677377595,-0.061145233921706676,-0.044856462317208447,-0.029027019095207964,-0.021624817978590727,-0.021134052736063797,-0.030978803389838765,-0.028816424543038011,-0.017010525427758695,-0.012860664632171392,-0.024643780796655586,-0.054379430732556751,-0.083517166475454971,-0.10417584702372551,-0.11718087111200605,-0.11524023488163948,-0.094734846055507665,-0.070492309518158436,-0.05911184661090374,-0.067883295938372612,-0.090426798909902573,-0.12333596497774124,-0.148104690015316,-0.15706080943346024,-0.17977142333984375,-0.20170673727989197,0.0,-0.23946402966976166,0.0,-0.21974200010299683,-0.18714747577905655,-0.15419209003448486,-0.13777413964271545,-0.07046029344201088,0.0,-0.027992742136120796
0.0011733961189086338,-0.016525320340796106,-0.021760057017672807,-0.011446173179137986,-0.027019372675567865,-0.046401521989277432,-0.069456166277329132,-0.084701763466000557,-0.081843890994787213,-0.068713750690221786,-0.053960787132382393,-0.050382670015096664,-0.04994038430353006,-0.045583952218294144,-0.033862719684839247,-0.02765487739816308,-0.035008847713470459,-0.063147313892841339,-0.087392488121986384,-0.10308421589434147,-0.11666484177112579,-0.12054374627768993,-0.11452576766411464,-0.0893962432940801,-0.072512749582529068,-0.077055573463439941,-0.086675409227609634,-0.1130068302154541,-0.1355588510632515,-0.15490362048149109,-0.17560337483882904,-0.18659117817878723,-0.225576750934124,-0.23471499979496002,-0.25299857556819916,-0.25477717816829681,-0.23478870093822479,-0.21872305870056152,-0.17070816457271576,-0.093272343277931213,-0.11853719502687454,-0.059585245326161385
-0.032521712170405823,-0.0545051528939179,-0.058180958032608032,-0.05070472402232034,-0.055603957269340754,-0.061093151569366455,-0.083709999918937683,-0.099925149232149124,-0.10349450508753459,-0.0939228966832161,-0.078171497210860252,-0.073488190770149231,-0.072254585102200508,-0.062832407653331757,-0.0488585839048028,-0.041427476331591606,-0.047650204350550972,-0.058920534700155257,-0.07498621940612793,-0.082687210291624069,-0.10376909375190735,-0.11375142137209575,-0.11401114240288734,-0.10681459680199623,-0.095443148165941238,-0.088822938501834869,-0.080730091780424118,-0.086311042308807373,-0.095408014953136444,-0.12081558257341385,-0.12890481948852539,0.0,-0.17258796095848084,0.0,-0.24138009548187256,0.0,-0.25786608457565308,-0.2341286912560463,-0.1922261118888855,-0.17672808468341827,-0.13198031485080719,-0.0962139368057251
-0.039589393351759226,-0.054915515705943108,-0.058113303567682,-0.062575830146670341,-0.0670065488666296,-0.0750383585691452,-0.086161315441131592,-0.095594490567843124,-0.10202054977416993,-0.094953166941801712,-0.082030134896437332,-0.0774831051627795,-0.075224190950393677,-0.069132037460803986,-0.05512212663888931,-0.047894483432173729,-0.049714302644133568,-0.041872100283702217,-0.035971598699688911,-0.05055425688624382,-0.072493579238653183,-0.0944429449737072,-0.096398856490850449,-0.10449947044253349,-0.10707054659724236,-0.09397348016500473,-0.10062942653894424,-0.075438853353261948,-0.0803220272064209,-0.086146067827939987,-0.10403233021497726,-0.12260063365101814,-0.13852158188819885,-0.18176355212926865,-0.20209823548793793,-0.23243603110313416,-0.2474319189786911,-0.23947703838348389,-0.2218567281961441,-0.19227647036314011,-0.17149008810520172,-0.08949676901102066
-0.013647652630295073,-0.028504480918248493,-0.0387916366259257,-0.052061917881170906,-0.058512852837642036,-0.06958296398321788,-0.077440150082111359,-0.096184894442558289,-0.10212830454111099,-0.095117997378110886,-0.085190188139677048,-0.077666421731313065,-0.070231708387533828,-0.06210002675652504,-0.0551727544516325,-0.045567729820807777,-0.031037456045548122,-0.0044148224405944347,-0.004359471146017313,-0.009875535499304533,-0.045194124802947044,-0.050020907074213028,-0.075920447707176208,-0.096133459359407425,0.0,-0.10139085352420807,-0.092185214161872864,-0.084874127060174942,-0.083925232291221619,-0.089092656970024109,-0.085331730544567108,-0.10462183505296707,-0.12439814209938049,-0.14390787482261658,-0.16343745589256287,-0.20608877390623093,-0.18529154360294342,-0.22078724205493927,-0.21934416890144348,-0.21059244871139526,-0.19439069926738739,-0.15539326518774033
0.010038169822655619,0.000740733667043969,-0.018447829596698283,-0.043497398495674133,-0.058925616554915905,-0.066415908435980484,-0.064503083005547524,-0.0745980404317379,-0.0865146778523922,-0.090637031942605972,-0.092978071421384811,-0.097575530409812927,-0.085176952183246613,-0.068181924521923065,-0.031614704057574272,-0.0025037075392901897,0.021845221519470215,0.037265807390213013,0.051271852105855942,0.0495571605861187,0.0084537966176867485,-0.0013661982957273722,-0.031633996404707432,-0.023137284442782402,-0.065503254532814026,-0.036073401570320129,-0.0641242191195488,-0.079916007816791534,-0.058293242007493973,-0.07492109015583992,-0.074680063873529434,-0.082771971821784973,-0.094829164445400238,-0.11321338266134262,-0.13500216603279114,-0.15631858259439468,-0.17858558893203735,-0.18534192442893982,-0.21615340560674667,-0.21598662436008453,-0.21551363170146942,-0.20398390293121338
0.017751301825046539,0.0076410074718296526,-0.00524550536647439,-0.029558335120479267,-0.0504264272749424,-0.075875371694564819,-0.080559521913528442,-0.087729692459106445,-0.10133409127593041,-0.11381386965513229,-0.12407685071229935,-0.11802911758422852,-0.10593100388844808,-0.061954576522111893,-0.015227864496409893,0.0021783197298645973,0.056390874087810516,0.067044120281934738,0.078233927488327026,0.0,0.06245594285428524,0.039632467553019524,0.027011506259441376,0.022551540285348892,-0.001488134206738323,-0.041928060352802277,-0.016662482637912035,-0.035860467702150345,-0.056953620165586472,-0.039099669083952904,-0.051388982683420181,-0.033404458314180374,-0.058227969333529472,-0.086726255714893341,-0.11385657265782356,-0.135679692029953,-0.15166614204645157,-0.17000655829906464,-0.20065869390964508,-0.22587035596370697,-0.23247914761304855,-0.21679796278476715
0.0044637422324740328,-0.0036210988958676658,-0.012010590638965368,-0.024581000208854675,-0.046519702300429344,-0.069888770580291748,-0.087061118334531784,-0.10814578458666802,-0.12677709758281708,-0.12886090576648712,-0.13846555352210999,-0.13465976715087891,0.0,-0.091956917196512222,-0.030271159484982491,0.00895099830813706,0.036537956446409225,0.069990299642086029,0.0,0.066976696252822876,0.0675172209739685,0.046062786132097244,0.044599398970603943,0.035852918401360512,0.021429060027003288,0.0056858374737203121,0.0082634305581450462,0.00033445801818743348,-0.022231442388147116,0.00228671682998538,-0.005917827133089304,-0.0070739733055233955,-0.032694686204195023,-0.064956840127706528,-0.088228859007358551,-0.11679651588201523,-0.13387323915958405,-0.17815807461738586,-0.21286231279373169,-0.24263334274291992,-0.23572543263435364,-0.23289039731025696
-0.0039833251386880873,-0.011819444286326567,-0.00900414981879294,-0.00922594708390534,-0.010458614910021424,-0.039313951507210732,-0.07744329422712326,-0.09597303718328476,-0.10400453209877014,-0.11411313712596893,-0.1168852373957634,-0.10585136339068413,-0.1177651435136795,-0.074824795126914978,-0.052620802074670792,0.0081266323104500771,0.026483716908842325,0.044012412428855896,0.05839277058839798,0.0614875890314579,0.051960092037916183,0.050836537033319473,0.047711461782455444,0.034920047968626022,0.034370113164186478,0.032114947214722633,0.024383503943681717,0.026116585358977318,0.016839640215039253,0.0,0.025549272075295448,0.0,0.0016820468008518219,-0.014558111317455769,0.0,-0.084861457347869873,-0.1215641126036644,-0.15734251588582993,-0.20150990039110184,-0.21727831661701202,0.0,-0.23443666100502014
