SouthSea_Web/demo/jsonfile/2017-12-15-00.json
{"header": {"parameterUnit":"m.s-1","parameterNumber":3,"dx":0.1,"dy":0.1,"parameterNumberName":"Northward current","la1":29.0,"la2":12.0,"parameterCategory":2,"lo2":131.0,"nx":250,"ny":171,"refTime":"2017-12-15T00:00:00","lo1":106.0}, "data":
[rows 152 to 170 of 171, columns 86 to 128 of 250]
0.095496602356433868,0.086007054895162582,0.086996063590049744,0.076233416795730591,0.075833238661289215,0.088064640760421753,0.081910327076911926,0.087080158293247223,0.10507015138864517,0.12575963139533997,0.14529618620872498,0.16739360988140106,0.20379654318094254,0.23997016251087189,0.262187659740448,0.29339808225631714,0.28475287556648254,0.28433597087860107,0.24135060608386993,0.17483800649642944,0.15733276307582855,0.062231831252574921,0.0,-0.080966673791408539,-0.17094133794307709,0.0,-0.24867428839206696,-0.29586333036422729,-0.30390465259552,-0.30057373642921448,-0.273260161280632,-0.25161802768707275,-0.23611614108085632,-0.22044816613197327,-0.20708043873310089,-0.19808107614517212,-0.1871429979801178,-0.15890269726514816,-0.12813732028007507,-0.12773694097995758,-0.13071956485509872,-0.13598582148551941,-0.1395225872596105
0.051417814567685127,0.044115118682384491,0.043883506208658218,0.044648444280028343,0.05062536895275116,0.06530999019742012,0.086484193801879883,0.0,0.101694755256176,0.13611851632595062,0.18652769923210144,0.22541143000125885,0.2318040132522583,0.27070131897926331,0.30497244000434875,0.31137782335281372,0.0,0.3195415735244751,0.27932536602020264,0.27371621131896973,0.18973098695278168,0.096531189978122711,0.041005425155162811,-0.067625699564814568,0.0,-0.21090340614318848,-0.28128659725189209,0.0,-0.323496013879776,-0.31828770041465759,-0.28905290365219116,-0.28274405002593994,-0.2556203156709671,-0.2372959703207016,-0.22488214075565338,-0.209602952003479,-0.19654744863510132,-0.17786839604377747,-0.1624055951833725,-0.17076369374990463,-0.18136072903871536,-0.18868614733219147,-0.20564361910025278
0.0039105303585529327,0.010934469290077686,-0.0061899176798760891,0.0012976720463484526,0.0099999494850635529,0.0367096746340394,0.064328558743000031,0.080597437918186188,0.11550322920084,0.0,0.16574983298778534,0.22840170562267304,0.0,0.29755882918834686,0.3188895583152771,0.34418267011642456,0.35737720131874084,0.0,0.32904407382011414,0.30694746971130371,0.0,0.18187781423330307,0.078302584588527679,-0.028158714063465595,-0.12616117298603058,-0.19428525865077972,-0.23612447082996368,-0.30843538045883179,-0.33335061371326447,0.0,-0.32118692994117737,-0.29924020171165466,-0.27254056930541992,0.0,-0.24117042869329453,-0.21696345508098602,-0.20621391385793686,-0.20735911279916763,-0.22222450375556946,-0.22585441917181015,-0.23682760447263718,-0.23967826366424561,-0.25065141171216965
-0.023745743557810783,-0.029721779283136129,0.0,-0.052682265639305115,-0.031469162553548813,-0.006255029235035181,0.026468764990568161,0.062530267983675,0.10052435100078583,0.13326379656791687,0.20625367760658264,0.0,0.26285293698310852,0.30444100499153137,0.0,0.36110496520996094,0.37012401223182678,0.3857136070728302,0.35245518386363983,0.0,0.27276158332824707,0.15152853727340698,0.0,0.00040536746382713318,-0.11534793674945831,-0.129895880818367,-0.22714341431856155,-0.29292383790016174,-0.30486646294593811,-0.33459970355033875,-0.32450595498085022,0.0,-0.30437439680099487,-0.27754111588001251,-0.25198423862457275,0.0,-0.24242083728313446,-0.24309317767620087,-0.26053158938884735,-0.28307172656059265,-0.28752604126930237,-0.28256781399250031,-0.2537810280919075
-0.039657833054661751,0.0,-0.053773533552885056,-0.0644752811640501,-0.048231855034828186,0.0,-0.0016868954990059137,0.023962346604093909,0.063284821808338165,0.13172529637813568,0.185998797416687,0.2292189747095108,0.29659441113471985,0.0,0.3310859203338623,0.35629600286483765,0.0,0.38350549340248108,0.35170969367027283,0.35321250557899475,0.26059731096029282,0.0,0.11387678980827332,-0.032226476818323135,0.0,-0.12658518552780151,-0.22257046401500702,-0.21983219683170319,-0.28672757744789124,-0.329114705324173,-0.32935228943824768,-0.33108645677566528,-0.31294539570808411,-0.31773141026496887,-0.2860008180141449,-0.26847051084041595,-0.29724675416946411,-0.3054288923740387,-0.30462130904197693,-0.31386405229568481,-0.32408320903778076,-0.30917641520500183,-0.28653553128242493
-0.016951588680967689,-0.044608715921640396,-0.063350046053528786,0.0,-0.0707104280591011,-0.0360528789460659,-0.0088221840560436249,0.0,0.0467967763543129,0.12589141726493835,0.15691334009170532,0.22162214666604996,0.2724679708480835,0.29924249649047852,0.34647056460380554,0.0,0.36840561032295227,0.36566162109375,0.0,0.32871028780937195,0.26979319006204605,0.19190199673175812,0.081733688712120056,0.077085122466087341,-0.026120776310563087,-0.14137798547744751,0.0,-0.21452111005783081,-0.23886080831289291,-0.27535799145698547,-0.31801441311836243,-0.32619202136993408,-0.33001574873924255,-0.31760561466217041,0.0,-0.31100839376449585,-0.323453426361084,-0.32905283570289612,-0.32847580313682556,-0.325220987200737,-0.31105241179466248,-0.29800224304199219,-0.2893102616071701
0.0039986842311918736,-0.033418517559766769,-0.062274079769849777,-0.083863593637943268,-0.10634081065654755,-0.057176481932401657,0.0,-0.020970035344362259,0.062830284237861633,0.0,0.13311396539211273,0.21508961915969849,0.0,0.28010073304176331,0.31366050243377686,0.340369313955307,0.0,0.38076481223106384,0.3762066662311554,0.29308623075485229,0.0,0.1708109974861145,0.098216626793146133,0.0541265569627285,-0.053306162357330322,-0.031116437166929245,-0.11128310114145279,0.0,-0.20095311105251312,-0.25901895761489868,-0.23769354820251465,-0.2916475385427475,-0.31600099802017212,-0.314198836684227,-0.31767827272415161,0.0,-0.34795005619525909,-0.35039086639881134,-0.32534493505954742,-0.31540706753730774,-0.288533091545105,-0.27931113541126251,-0.25556526333093643
-0.0069543239660561085,0.0,-0.080400809645652771,0.0,-0.11341753229498863,-0.0888175442814827,-0.092333674430847168,-0.029019496403634548,0.045791719108819962,0.066167727112770081,0.1607171893119812,0.0,0.2286236435174942,0.26243183016777039,0.0,0.310884565114975,0.34595318138599396,0.36850118637084961,0.3504771888256073,0.34925156831741333,0.26495835185050964,0.0,0.15217193961143494,0.041638728231191635,0.043993812054395676,-0.041566312313079834,-0.081071073189377785,-0.094196774065494537,0.0,-0.16041013598442078,-0.20225770771503449,0.0,-0.25143104791641235,-0.30029940605163574,-0.32552121579647064,-0.33634772896766663,-0.35229676961898804,-0.36287456750869751,-0.31205463409423828,-0.28435520827770233,-0.26270920038223267,-0.24497933685779572,-0.23338130116462708
0.0,-0.060651089996099472,-0.15231992304325104,-0.11054874211549759,-0.16651424765586853,0.0,-0.13383997976779938,-0.050886914134025574,-0.018026353791356087,0.067123379558324814,0.14428117871284485,0.16520312428474426,0.0,0.23198425769805908,0.2790924608707428,0.0,0.31476476788520813,0.36027121543884277,0.37779799103736877,0.34748989343643188,0.27877318859100342,0.26040494441986084,0.0,0.12464701384305954,0.048477277159690857,0.0,-0.030996993184089661,-0.094385713338851929,-0.075576938688755035,-0.11988487839698792,0.0,-0.15589119493961334,0.0,-0.23725882172584534,-0.28667189180850983,-0.30292266607284546,-0.32252579927444458,-0.32298025488853455,-0.36795073747634888,0.0,-0.43605461716651917,-0.45754304528236389,-0.46281859278678894
-0.047601096332073212,-0.11175690963864327,0.0,-0.18411052227020264,0.0,-0.17789992690086365,-0.14200533926486969,0.0,-0.055331654846668243,0.063414022326469421,0.0,0.143264502286911,0.18508052825927734,0.22749041020870209,0.25141337513923645,0.28389284014701843,0.33398574590682983,0.0,0.380608469247818,0.36751896142959595,0.3541238009929657,0.31605914235115051,0.22849045693874359,0.14705601334571838,0.0,0.051119152456521988,0.0,-0.017362849786877632,-0.072552738711237907,-0.10115351527929306,-0.11461400240659714,-0.13711199164390564,-0.19783028960227966,-0.3077775239944458,-0.33797317743301392,-0.38871395587921143,-0.363648921251297,-0.40698100626468658,-0.41396903991699219,-0.42343443632125854,0.0,0.0,0.0
0.0,-0.19051565229892731,-0.26402831077575684,-0.26673194766044617,-0.24702169001102448,-0.23970930278301239,0.0,-0.12103868275880814,-0.0026591967325657606,0.0,0.082573682069778442,0.13616865873336792,0.0,0.18997137248516083,0.20444634556770325,0.25689472258090973,0.31511345505714417,0.31644642353057861,0.36811816692352295,0.0,0.35559239983558655,0.0,0.30347943305969238,0.19825238734483719,0.0,0.075412936508655548,-0.037249632179737091,0.0,0.0,-0.19211891293525696,-0.20850218832492828,-0.2523455023765564,-0.25043606758117676,-0.31790155172348022,-0.35985574126243591,0.0,0.0,0.0,0.0,0.0,0.0,0.0,0.0
-0.16419680416584015,0.0,0.0,-0.339110791683197,0.0,-0.28950163722038269,-0.18030014634132385,-0.12616334855556488,-0.043896164745092392,-0.026075109839439392,0.087133929133415222,0.0,0.13768710196018219,0.0,0.195506289601326,0.23777139186859131,0.0,0.26092422753572464,0.29737594723701477,0.37119054794311523,0.32673537731170654,0.28941783308982849,0.0,0.0,0.16492044925689697,0.0052145663648843765,0.0,-0.10982533171772957,-0.17878003418445587,0.0,-0.22107015550136566,0.0,0.0,0.0,0.0,0.0,0.0,0.0,0.0,0.0,0.0,0.0,0.0
-0.25783892720937729,-0.30343642830848694,-0.36899489164352417,0.0,-0.35854557156562805,0.0,0.0,-0.18233302235603333,0.0,-0.064387030899524689,0.051265288144350052,0.036788597702980042,0.10651042684912682,0.15935905277729034,0.0,0.242123082280159,0.0,0.15013808012008667,0.0,0.24016030132770538,0.261150024831295,0.0,0.23666917532682419,0.17700885236263275,0.0,0.09077732264995575,0.0,0.0,0.0,0.0,0.0,0.0,0.0,0.0,0.0,0.0,0.0,0.0,0.0,0.0,0.0,0.0,0.0
-0.26716139912605286,-0.43243575096130371,-0.44535338878631592,-0.38359007239341736,-0.3721710741519928,-0.29761403799057007,-0.25861644744873047,-0.15166865289211273,-0.095159173011779785,0.0,0.0,0.18256846070289612,0.14405100047588348,0.0,0.13481640815734863,0.17039313912391663,0.19331146776676178,0.17367212474346161,0.1723199188709259,0.0,0.0,0.0,0.0,0.0,0.0,0.0,0.0,0.0,0.0,0.0,0.0,0.0,0.0,0.0,0.0,0.0,0.0,0.0,0.0,0.0,0.0,0.0,0.0
-0.40662467479705811,0.0,0.0,-0.32433727383613586,0.0,-0.24107339978218079,0.0,-0.19740194082260132,0.0,-0.11217325180768967,0.0888623595237732,0.0,0.20238043367862701,0.0,0.10326773673295975,0.0,0.0,0.0,0.0,0.0,0.0,0.0,0.0,0.0,0.0,0.0,0.0,0.0,0.0,0.0,0.0,0.0,0.0,0.0,0.0,0.0,0.0,0.0,0.0,0.0,0.0,0.0,0.0
-0.31629349291324615,-0.40064400434494019,-0.38351354002952576,0.0,-0.27548813819885254,0.0,-0.21460211277008057,0.0,-0.19063536822795868,0.0,0.0,0.0,0.0,0.0,0.0,0.0,0.0,0.0,0.0,0.0,0.0,0.0,0.0,0.0,0.0,0.0,0.0,0.0,0.0,0.0,0.0,0.0,0.0,0.0,0.0,0.0,0.0,0.0,0.0,0.0,0.0,0.0,0.0
0.0,0.0,0.0,0.0,0.0,0.0,0.0,0.0,0.0,0.0,0.0,0.0,0.0,0.0,0.0,0.0,0.0,0.0,0.0,0.0,0.0,0.0,0.0,0.0,0.0,0.0,0.0,0.0,0.0,0.0,0.0,0.0,0.0,0.0,0.0,0.0,0.0,0.0,0.0,0.0,0.0,0.0,0.0
0.0,0.0,0.0,0.0,0.0,0.0,0.0,0.0,0.0,0.0,0.0,0.0,0.0,0.0,0.0,0.0,0.0,0.0,0.0,0.0,0.0,0.0,0.0,0.0,0.0,0.0,0.0,0.0,0.0,0.0,0.0,0.0,0.0,0.0,0.0,0.0,0.0,0.0,0.0,0.0,0.0,0.0,0.0
0.0,0.0,0.0,0.0,0.0,0.0,0.0,0.0,0.0,0.0,0.0,0.0,0.0,0.0,0.0,0.0,0.0,0.0,0.0,0.0,0.0,0.0,0.0,0.0,0.0,0.0,0.0,0.0,0.0,0.0,0.0,0.0,0.0,0.0,0.0,0.0,0.0,0.0,0.0,0.0,0.0,0.0,0.0
