SouthSea_Web/demo/jsonfile/2017-12-14-16.json
{"header": {"parameterUnit":"m.s-1","parameterNumber":2,"dx":0.1,"dy":0.1,"parameterNumberName":"Eastward current","la1":29.0,"la2":12.0,"parameterCategory":2,"lo2":131.0,"nx":250,"ny":171,"refTime":"2017-12-14T16:01:52.5","lo1":106.0}, "data":
[rows 19 to 37 of 171, columns 168 to 209 of 250]
0.056223557017801795,0.042891531328981124,0.014847996827614094,0.0019714563774565854,-0.019346154108643532,-0.012006922531872988,-0.017794765609626968,0.026648000522982329,0.0701625095680356,0.10165765881538391,0.13215929865837098,0.19272879958152772,0.25662327408790586,0.33621014654636383,0.40025418500105542,0.35853977203369142,0.284216795116663,0.26519724726676941,0.17454661428928375,0.059897460043430328,0.024358881055377424,0.028396980171757086,0.059189710669064276,0.059181070420891047,0.13691398156806828,0.27334492044015363,0.35054724084006417,0.33561395786025305,0.26040045718352,0.15674467171941484,0.19219667464494705,0.29237568722321439,0.36810080707073212,0.39525206043170047,0.39729203398411089,0.36919524807196397,0.26936302582422894,0.15630527069935432,0.140608486533165,0.16980394147909605,0.13948319852352142,0.11731877006017245
-0.054575248931845032,-0.067268470169178071,-0.096677616238594055,-0.12564544193446636,-0.14864815026521683,-0.13219027034938335,-0.11961874216794968,-0.089856851100921634,-0.03829629745866571,0.010639573913067579,0.059228453785181046,0.10505311191082001,0.14858900134762129,0.24612805545330047,0.30034422874450684,0.31101843118667605,0.25032424926757812,0.22247657818453653,0.15289929722036635,0.051840542505184807,0.04259296240551131,0.013602288323454559,0.038729350920766591,0.14571541133854124,0.20501876419240778,0.19560776526729265,0.20973137766122818,0.1920917286322667,0.19553604083401815,0.232409163245133,0.28992054292133879,0.32671046486267674,0.36131176139627186,0.382051709023389,0.33898166008293629,0.26716170584162074,0.16994794209798178,0.094553294902046517,0.10626355339499082,0.13578530974113023,0.098033914963404342,0.079618778366308943
-0.095924237743020058,-0.13404892534017562,-0.16822826564311982,-0.18065609633922578,-0.17896112501621247,-0.16466867178678513,-0.13601735383272171,-0.084192687273025507,-0.025885299294410895,0.037952736020088196,0.091998562216758728,0.13354520499706268,0.12152609042823315,0.11249569803476334,0.16103403121232987,0.16184740300689424,0.14299750452240309,0.14783206085364023,0.10633098303029935,0.027032268437324092,0.0278500576193134,-0.0097248868339441033,0.027368563269688326,0.058826291778435312,0.089081876839582741,0.1157491996884346,0.10368241166526621,0.14355942873018129,0.23303651809692383,0.2838189143400926,0.35862648699964794,0.356966121838643,0.3729256604399,0.36713311534661514,0.31695297161738079,0.1975714253882567,0.12796760350465775,0.055926960168613329,0.088442307586471244,0.11100143473595381,0.075927412280669584,0.082110009156167507
-0.081350214158495263,-0.13404893130064011,-0.18161996950705847,-0.19181871041655541,-0.19794090340534845,-0.17729161679744721,-0.14067249000072479,-0.090745741501450539,-0.033282364175344505,0.024354739894624798,0.073743159323930746,0.113388592004776,0.10623787343502045,0.05667131729424,-0.0071540405707699916,-0.0456367121078074,0.03963689599186182,0.030784115993550847,0.027812050126323647,-0.039168262667953965,-0.011324759644384567,0.015607372821810154,0.040121684626986585,0.049971840513700787,0.028023745448221095,0.058688658848404886,0.10867652017623186,0.17180466304222744,0.25344670138188768,0.303665001477514,0.39548277167173534,0.39682458684994626,0.3786611333489418,0.35790681242942812,0.29306102991104127,0.17909109166690282,0.099761976161971688,0.044231439807585309,0.065938614805539447,0.054940183212359744,0.053093477035872638,0.0559464289018741
-0.071132907271385187,-0.11297576688230038,-0.18019315600395203,-0.22073902189731598,-0.21806794156630835,-0.19211534559726715,-0.13717938959598541,-0.079335474010024748,-0.026809776512285072,0.0063570856934044668,-0.0056798085570335388,0.00066698435693979263,0.031365930878867708,-0.025888989301165566,-0.024780034087598324,-0.17212978471070528,-0.088712135038804263,0.029974880611657033,-0.075748878658156507,-0.11619327699934895,-0.023694381028568991,-0.035464751475956291,0.0027361563212859132,0.0074517606034143159,0.039406427182257175,0.15679348384340605,0.24866989751656851,0.29689517731849963,0.2901996870835622,0.39132882754007975,0.45259613047043484,0.41778759658336639,0.38810388318129946,0.34894168376922607,0.30204756955305734,0.197034086783727,0.094571510186562166,0.066901219801770315,0.062716436621389884,0.032956295263241321,-0.0030393446102001081,0.011813150342697134
-0.063455264084041119,-0.096092867354551956,-0.16697176545858383,-0.2158237099647522,-0.19845612049102784,-0.17540132573672704,-0.12336768422807966,-0.071046431548893452,-0.057708275271579623,-0.046676776139065623,-0.10799624025821686,-0.10687983940754618,-0.14004140347242355,-0.058804293473561607,-0.045905786566436291,-0.11553653675530638,-0.25113233246586542,-0.1527920313179493,-0.090661159871766969,-0.14293808831522861,-0.066013729465859275,0.073173537707099542,0.14224202602225192,0.10521350676260356,0.16139165737799235,0.18389133151088441,0.1860556946350978,0.23737197885146508,0.36930211952754427,0.4933491051197052,0.46402129530906677,0.43462996987196117,0.38438983376209551,0.34156928167623635,0.29690990064825329,0.20754871368408204,0.1026074878479305,0.086398143540410435,0.08914645347330305,0.038035401026718318,-0.028731231057249448,-0.019068312789646109
-0.074384613760880056,-0.12079395540058613,-0.14682340808212757,-0.18304112553596497,-0.18050043710640498,-0.15800805203616619,-0.13721657047669092,-0.11291063576936722,-0.10171491546290261,-0.11231988668441773,-0.12619197834283114,-0.14877647254616022,-0.15800218866206706,-0.27659406363964079,-0.20993554509348339,-0.092038067011162641,-0.098300251644104719,-0.0915227656563123,-0.0067326391581445932,-0.052817227285621424,0.037004650437406132,0.14899031507472196,0.19216710378726323,0.12451325569834028,0.10988614421624404,0.12653843313455582,0.2220989853143692,0.3939476998952719,0.46496309588352841,0.47443696359793347,0.46933114926020303,0.43359167988483721,0.387417050699393,0.33867470346964323,0.29443971374455619,0.20323638711124659,0.11044238814536263,0.06952279389259361,0.038515885919332506,0.014274206725531258,-0.017841135003519328,-0.00013021937338635324
-0.073462276719510555,-0.10766403483492988,-0.12701085209846497,-0.13097219821065664,-0.13803568813535902,-0.10819605406787661,-0.081272485433146358,-0.092393641360104084,-0.074478899853097066,-0.10445647314190865,-0.11837994141711129,-0.15964805111289024,-0.079603557517244058,-0.025040206308899957,-0.0923978917611142,-0.06601289268583059,-0.045067400702585775,-0.097066464986150652,-0.12787531485611742,-0.069575880654156208,0.09910514445177146,0.19127894068757692,0.19780180801947911,0.1459457169358547,0.17596593327247179,0.28189808130264282,0.39455192883809409,0.41877090660008515,0.435593130496832,0.45676162137704734,0.435939888159434,0.41664162820035761,0.38315892432417187,0.33182630538940427,0.30163840098040445,0.21475803939735189,0.1333528008115919,0.059762233513451758,-0.075822301398649622,-0.12815403275723969,0.048089997697388753,0.011230168653474678
0.037241906781370439,-0.0010656759142875672,-0.0362353433156386,-0.027030478799133562,-0.018297465815622773,-0.011653962234656016,-0.0046384383846695227,-0.0014124204812105746,-0.02323922346404288,-0.046804058391393885,-0.12325097098946572,-0.144015122205019,-0.16273689021666846,-0.14616773960491022,-0.07863091975450516,-0.10945540802045302,-0.012304871440088997,-0.051560417205716171,-0.1653406133254369,-0.05017741950827518,0.11888361076957413,0.18450182782752173,0.21226426639727183,0.31009825851236072,0.37787804007530212,0.36887112259864807,0.36596847077210742,0.38111304811068941,0.38955416816931504,0.40103699366251627,0.39678334976945606,0.39101926409281218,0.35335102118551731,0.3160827849060297,0.28054558967842774,0.18632180523127317,0.1458689346909523,0.065946760157553047,-0.02546820191379923,-0.2122940244153142,-0.10214529450417363,0.055623990582327157
0.15643836781382561,0.16713529486547818,0.12731228023767471,0.094846382737159729,0.058478834480047225,0.060630655424161392,0.06577216523389022,0.05301975179463625,0.025849938997998832,-0.0089394552167505019,-0.1040956409027179,-0.15401793959049079,-0.15756137190120562,-0.16001703074345222,-0.12877392654235548,-0.12597218714654446,-0.1052457091326897,0.010670540679711849,-0.030735232335116183,0.12119282918671767,0.18552172084649404,0.19336304387875966,0.2474790538350741,0.33269160116712254,0.39219445628779276,0.34015289866007292,0.31304317925657543,0.31127880399043745,0.34675731658935549,0.36317306260267895,0.35906777637345449,0.33597723713942934,0.31482875744501748,0.30684451758861542,0.25501321782084074,0.15090384831031165,0.099633156076857923,0.067984775717680648,0.013513642993262586,-0.0059607529999791747,0.019883794992347249,0.06343598198145628
0.20126809014214409,0.21326561272144318,0.17021702365441757,0.17802012998324174,0.12725869789719582,0.13015141040086747,0.13953429212172827,0.098521973599087112,0.061273926022377884,0.012259508211476108,-0.091606832702051513,-0.092927744468817339,-0.14674610859499529,-0.23654717107613882,-0.20517927780747414,-0.18343977133433023,-0.13346564716526441,-0.012973320097304307,0.13685812342625398,0.21813315749168397,0.23623040547737709,0.28980531340295618,0.3553975843466245,0.39229168494542438,0.3743154460733587,0.28870576713234186,0.24892254038290543,0.28313603438436985,0.32423087528773714,0.33635801672935484,0.34053166783772981,0.31907840371131896,0.31589968800544738,0.27190374869566697,0.1776839941740036,0.10080282981781398,0.097598357392208915,0.070258815074339509,0.048305584490299223,0.057750036125071347,0.04027629253687337,0.047037086807764493
0.15132773803039032,0.15954330960909527,0.14709946823616824,0.14315561080972353,0.12768520725270113,0.14651522108099677,0.13253330371596597,0.086923409253358841,0.074121160805225378,0.018876333216515679,-0.065155595202337616,-0.079274731377760574,-0.045487544068600984,-0.15379644210139912,-0.086234961116973027,-0.0672520981170237,-0.055009882276256881,-0.024941429429288422,0.16445189548124159,0.3333211158003126,0.3723209316913898,0.41878730654716489,0.41139789728017956,0.39912287145853043,0.30616631358861923,0.22557066480318705,0.22383852532276741,0.26322440803050995,0.29320068657398224,0.31042612024715971,0.333738705941609,0.33638264238834381,0.30049600998560588,0.20195766886075336,0.10059414488764909,0.060659330834945041,0.0790390412012736,0.041318233512962856,0.043806403476212709,0.054253112954589039,0.036519233306700531,0.066241003572940826
0.0436462027952075,0.038713273689306028,0.017914941749320581,0.028623934569103376,0.049815339609407462,0.052218865095214409,0.047081750445067884,0.040730030586322151,0.036236057723207135,-0.03320360199237863,-0.084799083881080151,-0.076919241450153858,-0.054138861341925804,-0.012781089288182557,0.0966464437974187,0.058442826120881364,0.10707597620785236,0.23857776125272115,0.43944184825970578,0.52689278813508844,0.50519775885802054,0.44748704433441161,0.40253473245180571,0.37389782071113586,0.25733579695224762,0.21207112073898315,0.21775761033807481,0.22242080966631572,0.24438502213784627,0.28067503403872252,0.28047137175287518,0.25742337008317312,0.18012671225837298,0.082420091144740582,0.090327625521100491,0.094546160277198338,0.091586155647581269,0.028630326346804697,0.0031042551675524851,-0.0064434193773195148,0.00789176591206342,0.0648210346698761
-0.12622842645006521,-0.18505545457204184,-0.18250581870476404,-0.17848078800099237,-0.10704700874962977,-0.041058808689316113,0.061811438264946145,0.0668046085163951,0.060026200222117562,0.0629974514245987,0.066617144138685289,0.13583702075162105,0.094965579776236639,0.16343509324360639,0.23197167714436848,0.27041019685566425,0.40547521313031515,0.51432988506097055,0.54091530612536842,0.51836402614911392,0.44075071414311728,0.40609163684504374,0.41001143838678089,0.32399977655971751,0.24743241710322245,0.22165848846946443,0.22248746028968267,0.19908930460611979,0.21554077230393887,0.20607242680021695,0.16337270339330037,0.088893908672616817,0.0047863020029451165,-0.028164751320478638,-0.0028436252381652594,-0.030730390626838647,-0.020338051307659883,-0.014831279404461384,-0.0046056535017366214,0.011535160631562272,0.048182393847541374,0.083435015244917435
-0.23962145724466868,-0.23711301271732038,-0.1899353014305234,-0.2027331918478012,-0.13606996089220047,-0.032867054874077442,0.055845006498698654,0.14391469157167844,0.18721389025449753,0.22618767122427622,0.29339245557785032,0.29784457172666279,0.36586279049515724,0.38426125943660738,0.417158571879069,0.43345537606407614,0.49179134689844572,0.512150010892323,0.47320832212766012,0.39651019756610578,0.38031183083852133,0.40571527679761249,0.42829168670707279,0.28583003282547,0.24951057334740956,0.23240728278954823,0.22490343848864239,0.20255902180304894,0.17206274292298726,0.12514951708726585,0.052733888042469819,0.00383843515425854,-0.085484574735164645,-0.11389586081107457,-0.094288245340188342,-0.062241934070532974,-0.02250156846518318,0.038992047123610971,0.066872036084532738,0.03240860668434338,0.081469457410275933,0.11245009090219225
-0.10861326700874738,-0.16697712322430952,-0.18017154612711497,-0.20665934338019446,-0.13761612276236215,-0.071553082563556164,0.028429284100639052,0.11758266123277801,0.23273356352001429,0.30845580651209903,0.39453677932421366,0.43644354740778607,0.438047694042325,0.42001436012131826,0.43197441697120664,0.41603080100483364,0.43486946448683739,0.4018560741096735,0.35183362290263176,0.32128944642403545,0.37509361138710606,0.45175034552812576,0.35700821303404295,0.21761584281921387,0.22344740905932017,0.22884076554328203,0.20610881689935923,0.16965639032423496,0.13971630136171978,0.055584808361406127,-0.042134564763938,-0.065620599314570427,-0.11866889550135686,-0.15658078681338916,-0.12764919123479299,-0.063726953044533727,0.017724448814988136,0.059337963773445648,0.079054050561454564,0.10807839201556312,0.17226519849565294,0.16491142766816275
0.10067101408328329,0.039080346391225852,-0.01322800296669205,-0.022271735419053584,0.056354610218356055,0.028486203992672796,0.044879668035719078,0.097258021185795462,0.18048199911912283,0.24777370159115111,0.30502739974430632,0.33230103254318238,0.31461735921246664,0.31325018405914307,0.33743369792188915,0.33525756994883221,0.32569815218448639,0.29954921282254732,0.27821802347898483,0.30715443491935729,0.39367919961611431,0.31289299856871366,0.17996779829263687,0.16262801032927302,0.2447010734502007,0.23325671950976054,0.17292588598587932,0.14649335237649772,0.095848328620195392,0.018831109799280325,-0.098276060249190778,-0.084083588077471808,-0.12624894942228609,-0.11222721534696492,-0.079060551896691325,-0.0644420598718253,0.013984229687290887,0.0625586389667458,0.10158233510123359,0.153484920039773,0.18639591501818764,0.1641934234648943
0.19788050092756748,0.15398177256186804,0.10082983644679189,0.10952749053637187,0.21913801692426205,0.25884283880392711,0.20131560701590318,0.12481864140583919,0.14855996003517738,0.19340209569782019,0.23455477612359182,0.26722112198670706,0.27009032666683197,0.29334286281040739,0.31246590167284011,0.30202291791255659,0.27822850031011243,0.2581908128091267,0.25075724422931672,0.28260734975337981,0.22458342276513577,0.12150322292980395,0.11821143285316579,0.1925098275144895,0.24087910105784735,0.173490513335256,0.090947883203625679,0.0761991428101764,0.078515037095972476,0.035230123981958829,-0.040444448473863304,0.0037431503789356123,-0.091755234946807221,-0.00841424898761842,0.014662217962640252,0.0090953715456028785,0.05128844646323058,0.091479700590882979,0.086690994352102285,0.10871626529842615,0.13779572024941444,0.148613578081131
0.2560657394282958,0.2146014291793108,0.15632847398519517,0.16094072163105011,0.23966397257412181,0.34488750621676445,0.32430185803345274,0.21541894786059856,0.1696110983689626,0.18752561394984907,0.19655554791291555,0.22362239758173624,0.24849606411797659,0.27960190735757351,0.30103293855985008,0.30404791037241619,0.28745831549167633,0.26252419720677767,0.24125704914331436,0.17577215152628281,0.10789055237546563,0.1453992172199137,0.16034220353416775,0.20493345639922403,0.17689435248789581,0.074192124139517548,-0.027053262365774974,-0.069583271568020189,-0.052086442751126873,-0.086660025963703022,-0.17252643737528059,-0.063883702145316273,-0.04847298916429281,0.017714218088341029,0.066217391565442082,0.10585898272693158,0.12010217364877462,0.097307262321313218,0.069255133159458637,0.089707352221012115,0.11398670715945107,0.13022969290614128
