SouthSea_Web/demo/jsonfile/2017-12-15-12.json
{"header": {"parameterUnit":"m.s-1","parameterNumber":2,"dx":0.1,"dy":0.1,"parameterNumberName":"Eastward current","la1":29.0,"la2":12.0,"parameterCategory":2,"lo2":131.0,"nx":250,"ny":171,"refTime":"2017-12-15T12:00:00","lo1":106.0}, "data":
[rows 95 to 113 of 171, columns 168 to 209 of 250]
-0.20110547072009036,-0.10442132502794266,-0.1166278352694852,-0.21149410536656013,-0.23090209191044173,-0.18334113657474518,-0.10595429523123635,-0.042331305798143148,-0.008043007675691374,0.015806084498763084,0.013152671861462295,0.0048404427943751216,0.0061009239871054888,0.017458169488236308,0.027211272157728672,0.063437975943088531,0.16603179275989533,0.23445858806371689,0.23595452308654785,0.21863635629415512,0.21346959471702576,0.18063128739595413,0.17277278006076813,0.15747109055519104,0.16512361168861389,0.16723515838384628,0.15525324642658234,0.14270523190498352,0.13306741043925285,0.12038828805088997,0.13213062286376953,0.14017011225223541,0.14920228719711304,0.0,0.095430366694927216,0.025103077292442322,-0.0230272663757205,0.0,-0.05943574383854866,-0.078190527856349945,-0.080677956342697144,-0.08453751727938652
-0.1385717250798878,-0.068790421985528052,-0.120803396217525,-0.21860607154667378,-0.23078654300082813,-0.17664044282653116,-0.082891508109039724,-0.024747067545023229,0.0047290098038502036,0.028064978495240211,0.034891395519177117,0.01680162618868053,0.021791106089949608,0.039306420832872391,0.0476251021027565,0.090635322034358978,0.18151848018169403,0.22890911996364594,0.20888720452785492,0.20073645561933518,0.16434513777494431,0.1230679489672184,0.12504779919981957,0.11447130143642426,0.13848097622394562,0.13440651446580887,0.13122794032096863,0.12350782752037048,0.11477024853229523,0.09817831963300705,0.11599522083997726,0.14354121685028076,0.12444578483700752,0.12643569707870483,0.090525433421134949,-0.0013819735031574965,-0.014297480694949627,-0.031741279177367687,-0.05205203965306282,-0.052870720624923706,-0.050164062529802322,-0.05496273934841156
-0.20929755093086333,-0.15161666451465516,-0.15801737830042839,-0.18670974671840668,-0.18374615013599396,-0.12276831641793251,-0.058939688652753827,-0.0058366103039588779,0.02745339460670948,0.04523802362382412,0.058353894700606666,0.047139688084522881,0.069046171754598623,0.0727209026614825,0.084133367985486984,0.12464607506990433,0.18622653186321259,0.21169264614582062,0.15588408708572388,0.1480738545457522,0.091364923864603043,0.068664222955703735,0.068957295268774033,0.07719779759645462,0.10136332362890244,0.10838823020458221,0.11014904454350472,0.099022556096315384,0.086626160889863968,0.08015117421746254,0.087132707238197327,0.11781639605760574,0.0,0.0964643768966198,0.072178512811660767,0.030494919046759605,-0.016422055661678314,-0.010875344276428223,-0.011871131137013435,-0.034339813515543938,0.0,-0.034309499897062778
-0.24814019316718691,-0.24274312038170665,-0.28465436481767231,-0.2595861442387104,-0.19376994110643864,-0.10286541593571504,-0.036257686714331307,-0.011830187236358012,0.030623499511016741,0.057750530540943146,0.076187898715337113,0.080600363016128537,0.096240138014157608,0.091706361621618271,0.099565234035253525,0.1163741076985995,0.147613858183225,0.1560342088341713,0.074076754972338676,0.0698332500954469,0.014124461449682713,0.022042563068680465,0.022495446726679802,0.054934963583946228,0.0799870677292347,0.0919647365808487,0.084381017833948135,0.066194251179695129,0.050291050225496292,0.05961647629737854,0.0,0.076506219804286957,0.09029257670044899,0.082119479775428772,0.058004360646009445,0.017138640396296978,0.0,0.0058907726779580116,0.00046246923739090562,0.00083798653213307261,-0.017026229295879602,0.0
-0.19802935745405115,-0.24252472250234514,-0.31649368373971237,-0.33053617091739879,-0.29194350242614747,-0.19023079487184683,-0.1066449669500192,-0.059440688954459295,-0.026703554870826856,0.0044738068827427924,0.029778065547967952,0.055100630037486553,0.048290580976754427,0.047050373628735542,0.04742554140587648,0.0545003917068243,0.091348052024841309,0.068003627161184951,-0.011613652110099793,-0.020226541557349265,-0.0398021557678779,-0.037535650655627251,-0.019160415977239609,0.034631953574717045,0.063056804239749908,0.072582453489303589,0.059071104973554611,0.039311613887548447,0.0,0.024375741370022297,0.040799004957079887,0.036525357514619827,0.053523998707532883,0.0614059753715992,0.050295989960432053,0.022955464664846659,0.020249396562576294,0.015470053069293499,0.028567152097821236,0.014417064376175404,-0.010769146028906107,-0.052416190505027771
-0.19880337754021521,-0.23742167154947916,-0.26580927481776789,-0.28583928868174552,-0.28549781069159508,-0.23271639186602372,-0.15146368809721686,-0.10062290976444881,-0.076921144766466956,-0.045922730583697557,-0.02199581335298717,-0.0059896102640777825,-0.011262303683906794,-0.022384778829291463,-0.011555910731355349,0.0043689531739801168,0.022008138243108988,-0.010437669853369394,-0.086391950026154518,-0.09368341788649559,-0.091892678290605545,-0.08840879425406456,-0.045829854905605316,0.0073315981717314571,0.03826192207634449,0.046481972560286522,0.047209922224283218,0.010634320846293122,0.016290773637592793,-0.0019517128821462393,0.0029689911752939224,0.01471093762665987,0.039590008556842804,0.047718226909637451,0.0,0.030551856383681297,0.027570554986596107,0.031151605769991875,0.02702697180211544,0.0,-0.0014349921839311719,-0.038378629833459854
-0.18521982155464314,-0.22118195953468481,-0.21004776385697452,-0.20758687748628504,-0.22114881314337254,-0.20070228068267598,-0.12805159051309933,-0.086585927444199726,-0.060712877247068614,-0.033768496010452509,-0.023889927969624598,-0.031054174527525902,-0.049897346645593643,-0.060556364556153618,-0.029314794267217319,-0.034360149875283241,-0.037341893650591373,-0.064324045553803444,-0.1085057370364666,-0.14916913956403732,-0.14474652707576752,-0.12804971635341644,-0.056344643235206604,-0.034937490709125996,0.01095325592905283,0.00093195610679686069,0.010564940515905619,-0.015390164218842983,-0.017512049060314894,-0.027524350211024284,-0.015754491556435823,0.00024636174202896655,0.0045469598844647408,0.025654405355453491,0.021045127883553505,0.0,0.024998842738568783,0.037659164518117905,0.019242258742451668,0.01103686448186636,0.0,-0.038794156163930893
-0.11186579758158097,-0.15645751463515417,-0.15471880350794112,-0.14690361171960831,-0.15532398037612438,-0.14466310949886546,-0.10469851217099599,-0.060455788604237816,-0.035767962091735432,-0.01766668333272849,-0.0078989757457748055,-0.029542839154601097,-0.057701757798592247,-0.057932289317250252,-0.045521009713411331,-0.071465309709310532,-0.084748651832342148,-0.11601197347044945,-0.16166968643665314,-0.1926937997341156,-0.18228217959403992,-0.17076382040977478,-0.10762077942490578,-0.0854107216000557,-0.027754632756114006,0.0,-0.027731282170861959,-0.042286556214094162,-0.050202488899230957,-0.050376679748296738,-0.04157029464840889,-0.041984159499406815,-0.022447065450251102,0.005114896222949028,-0.015212173573672772,-0.0025041719200089574,0.0,0.013706102268770337,0.018851947039365768,0.010265226941555738,-0.014784296043217182,0.0
-0.073265829384326936,-0.09449208986300689,-0.10300723152856033,-0.095228510722517964,-0.097866966005633854,-0.10513266548514366,-0.097470760811120272,-0.056240606193359084,-0.021463930141180754,-0.01071648791964565,-0.012794766907713242,-0.035096415008107819,-0.064307803908983871,-0.071229524910449982,-0.093529624864459038,-0.11287541687488556,-0.13091184943914414,-0.163697712123394,-0.20427796989679337,-0.22164828578631082,-0.21246479451656342,-0.16892623156309128,-0.12733317911624908,-0.0558103546500206,-0.063322840258479118,-0.031426365487277508,-0.0662442222237587,-0.054021842777729034,-0.08534032478928566,-0.07966974750161171,-0.074932940304279327,-0.081459671258926392,-0.073312021791934967,-0.077842935919761658,-0.030766185373067856,-0.049202475696802139,-0.017915448173880577,-0.0043009435757994652,0.0,0.0048894998617470264,-0.019526468124240637,-0.04651593416929245
-0.084218542163188637,-0.059505643179783456,-0.04607715422198886,-0.061178234454832579,-0.060073678381741047,-0.075612579782803849,-0.08011526195332408,-0.0478584598749876,-0.01465927017852664,-0.020216167505298342,-0.015115285824452127,-0.040451448410749435,-0.078476604074239731,-0.11101266369223595,-0.14023842414220175,-0.16671663026014963,-0.17995738983154297,-0.21106161177158356,-0.23839481174945831,-0.24682655185461044,-0.23803819715976715,-0.19268857687711716,-0.16598665714263916,-0.11541947474082311,-0.10321255028247833,-0.071371961385011673,-0.1165824718773365,-0.10285017639398575,-0.13319531083106995,-0.11724828183650971,-0.096339955925941467,-0.15277010202407837,-0.12910816073417664,-0.12239515408873558,-0.11264482885599136,-0.067462347447872162,-0.0259560439735651,-0.025562485679984093,4.7180568799376488E-05,0.0,-0.022224659100174904,-0.044566882774233818
-0.1077565592713654,-0.054942048871173307,-0.010996045686293986,-0.037546048827824141,-0.040138818911815942,-0.05758099218732432,-0.068720640614628792,-0.03820172431213515,-0.016516801435500383,-0.019471913472645812,-0.0075405369538606871,-0.035143776331096888,-0.0904728223880132,-0.1401243656873703,-0.16737190882364908,-0.19645045697689056,-0.21762295812368393,-0.24920720607042313,-0.26752890646457672,-0.263197660446167,-0.25928723812103271,-0.24097113807996115,-0.2133898064494133,-0.16997289657592773,-0.14030392467975617,-0.12903093546628952,-0.15619437396526337,-0.18748914450407028,-0.16570262610912323,-0.17148863524198532,-0.16269367933273315,-0.17826637625694275,0.0,-0.16714262962341309,-0.1218566969037056,-0.13636484742164612,-0.074740670621395111,-0.039626523852348328,-0.022095004096627235,-0.010505183599889278,0.0,-0.044915273785591125
-0.11680632373017649,-0.080079002710788147,-0.028302949245857155,-0.018004345618897959,-0.038092490950865407,-0.066243291366845369,-0.058836151612922549,-0.014834800560493022,0.012184848413906164,0.0035897073103114963,-0.0033746666934651635,-0.051830982168515526,-0.11214702948927879,-0.15111663440863291,-0.17779495815436044,-0.20942343771457672,-0.23933524638414383,-0.27324996888637543,-0.28694753348827362,-0.284160777926445,-0.29340817034244537,-0.29376596212387085,-0.27063946425914764,-0.21188623706499735,-0.19429504871368408,-0.18272547423839569,-0.20485888421535492,-0.23610265552997589,-0.2660984992980957,-0.23255129903554916,-0.21789476275444031,-0.21678009629249573,-0.21408979594707489,-0.17887832224369049,-0.17625619471073151,-0.12687955796718597,-0.070830002427101135,-0.054409999400377274,-0.032572168856859207,-0.022057374939322472,-0.031023360788822174,0.0
-0.1001457929097373,-0.096388405332198515,-0.063560573553497146,-0.028770652274639968,-0.031454907374127823,-0.057809988365453834,-0.041066598022977512,0.0066651161760091782,0.047934628091752529,0.041466491483151915,0.0044393037678673863,-0.0469491183757782,-0.12295592824618022,-0.15987789630889893,-0.18039968982338905,-0.2160763144493103,-0.25116156786680222,-0.28544862568378448,-0.29304397106170654,-0.31273956596851349,-0.32324650883674622,-0.31931698322296143,-0.29159191250801086,-0.25604414939880371,-0.23799317330121994,-0.2461075484752655,-0.23688440024852753,-0.28228107094764709,-0.29346555471420288,-0.281327486038208,-0.260397344827652,-0.24869388341903687,-0.2189333587884903,-0.22396443784236908,-0.19129000604152679,0.0,-0.11177712306380272,-0.067387700080871582,0.0,-0.040841206908226013,-0.041750263422727585,-0.057486191391944885
-0.11332874279469252,-0.12283373981714249,-0.0988754042983055,-0.059690099886872551,-0.0374797991476953,-0.037402488640509546,-0.035961255140136927,0.020735886041074993,0.055213902973466449,0.042879413813352585,-0.0046370484633371234,-0.068022038787603378,-0.12188546173274517,-0.15990845859050751,-0.18615809455513954,-0.21675033370653787,-0.25528746843338013,-0.28958086669445038,-0.30928145349025726,-0.33340334892272949,-0.34428167343139648,-0.33569715917110443,-0.30046285688877106,-0.27815449237823486,-0.27259759604930878,-0.29502007365226746,-0.31856071949005127,-0.32615916430950165,0.0,-0.31027674674987793,-0.27559700608253479,-0.28338849544525146,-0.26021505892276764,-0.23713071644306183,-0.21995328366756439,-0.17286780476570129,0.0,-0.088262125849723816,-0.055112732574343681,0.0,-0.04203406348824501,-0.055115677416324615
-0.11711969648798307,-0.099136126538117722,-0.087908082641661167,-0.058811670846559784,-0.027712158074504452,-0.040217681881040336,-0.042559169349260628,0.006742930384531904,0.040177859210719667,0.021054346696473658,-0.022155626397579908,-0.069646798074245453,-0.12448963150382042,-0.16598757356405258,-0.18360558152198792,-0.19676045328378677,-0.239907369017601,-0.28489917516708374,-0.31995144486427307,-0.341296061873436,-0.35306355357170105,-0.33590500056743622,-0.30112902820110321,-0.30049267411231995,-0.32100474834442139,-0.318606436252594,-0.33661174774169922,-0.34732910990715027,-0.32321399450302124,0.0,-0.301688089966774,-0.28867211937904358,-0.27977371215820312,-0.28389763832092285,-0.25815063714981079,-0.21657425910234451,-0.15150000154972076,-0.111846923828125,-0.083983615040779114,-0.055251616984605789,0.0,-0.03413240984082222
-0.12077147258179528,-0.05562006847725974,-0.0496292567771414,-0.054554709826003418,-0.055754180066287518,-0.0932378830278621,-0.0810994915664196,-0.0232200994156301,0.00096934667619114577,-0.021892126494397719,-0.0504432176905019,-0.086872537930806473,-0.12737064560254416,-0.16272337734699249,-0.17354902997612953,-0.17697323113679886,-0.22317838172117868,-0.27025261521339417,-0.31839212775230408,-0.34962637722492218,-0.3556419312953949,-0.32241618633270264,-0.29382675886154175,-0.30703738331794739,-0.3497302234172821,-0.36884251236915588,-0.35715183615684509,-0.35457786917686462,-0.34270484745502472,-0.33034560084342957,-0.31350691616535187,0.0,-0.30029816925525665,-0.28178998827934265,0.0,-0.24425584077835083,-0.15880978107452393,-0.11087886244058609,-0.094931915402412415,-0.069710679352283478,-0.082457020878791809,-0.059344261884689331
-0.1059867948293686,-0.054637336816925272,-0.0519989972623686,-0.0921747088432312,-0.13620723001658916,-0.15926158898755125,-0.12561747826197567,-0.079327746130087792,-0.059730409245405881,-0.059792867777022446,-0.074130536988377571,-0.093762511387467384,-0.12431945092976093,-0.1504703164100647,-0.15765181680520377,-0.14899397641420364,-0.19597813487052918,-0.24277862906455994,-0.30206166207790375,-0.32760365307331085,-0.32260002195835114,-0.29296229779720306,-0.29081334173679352,0.0,-0.357198566198349,-0.3752286434173584,-0.37533485889434814,-0.36260652542114258,-0.36471697688102722,-0.34565141797065735,-0.35113927721977234,-0.33129894733428955,0.0,-0.31654441356658936,-0.27777916193008423,0.0,-0.22113125771284103,-0.12278470396995544,0.0,-0.075944393873214722,0.0,-0.090058743953704834
-0.08814832540573897,-0.057034829774728187,-0.056876890022646294,-0.11251462792808359,-0.17548579190458571,-0.18491682147278504,-0.15600068779552684,-0.11215774013715632,-0.081042526910702392,-0.054774305698546494,-0.053899722794691719,-0.067532812245190144,-0.10081744069854419,-0.133777084449927,-0.13520045081774393,-0.11229337751865387,-0.13868873938918114,-0.21120302379131317,-0.27500772476196289,-0.3013748973608017,-0.29157347977161407,-0.28330670297145844,-0.29353024065494537,-0.35344192385673523,-0.38708606362342834,-0.39402434229850769,-0.38173565268516541,-0.37377625703811646,-0.37215149402618408,-0.37273186445236206,-0.35633736848831177,-0.34608830511569977,-0.34355279803276062,-0.30875828862190247,-0.31969049572944641,-0.26129835844039917,0.0,-0.15277212858200073,-0.0977543294429779,0.0,-0.10497698187828064,0.0
-0.067082979298871137,-0.060222672453771033,-0.049725085341682039,-0.10596984394249462,-0.16817303970456124,-0.1844004549086094,-0.16330966632813215,-0.12551975143807276,-0.072657862944262366,-0.035091312771493736,-0.0098491129116155211,-0.015054745459929108,-0.044415518951912723,-0.077332731336355209,-0.086266537196934223,-0.069719381630420685,-0.0817452035844326,-0.17357067763805389,-0.24987509846687317,-0.28246092796325684,-0.29252852499485016,-0.30399662256240845,-0.31694266200065613,-0.35855478048324585,-0.40214106440544128,-0.4139803946018219,0.0,-0.39814773201942444,-0.38591575622558594,-0.39078798890113831,-0.41117158532142639,-0.38732850551605225,-0.38424235582351685,-0.37698915600776672,-0.35792315006256104,-0.29906110465526581,-0.20435644686222076,-0.17053109407424927,-0.1406853049993515,-0.1154988557100296,0.0,-0.15616640448570252
