SouthSea_Web/demo/jsonfile/2017-12-14-18.json
{"header": {"parameterUnit":"m.s-1","parameterNumber":2,"dx":0.1,"dy":0.1,"parameterNumberName":"Eastward current","la1":29.0,"la2":12.0,"parameterCategory":2,"lo2":131.0,"nx":250,"ny":171,"refTime":"2017-12-14T18:00:00","lo1":106.0}, "data":
[rows 95 to 113 of 171, columns 84 to 125 of 250]
-0.15764203935861587,-0.071079188829352116,-0.018545582993990846,-0.020038275669018429,-0.046318420381457719,-0.074220041345272741,-0.081956145885799608,-0.060481040642179289,-0.028763595170208385,-0.011601330038891839,-0.01094385476558116,-0.028908901448760713,-0.04251162784880605,-0.070980477953950558,-0.079319674401514,-0.057189112653334935,-0.062652972316549677,-0.10745088251367692,-0.16435354202985764,-0.16580983810126782,-0.15723210573196411,-0.19191053708394368,-0.17963830148801208,-0.15492298876245816,-0.10422493810100215,-0.032367040777379383,0.010839188285171986,0.023397446640402726,0.062922277384334147,0.091483339667320251,0.0839199171616481,0.054573314730077982,0.0071595405861444306,-0.01696781851351261,-0.016286468987042706,0.0036694554478994439,0.0069334889558376744,-0.022177605812127393,-0.057437060773372649,-0.07768233772367239,-0.11049119010567665,-0.11970621161162853
-0.16042807532681358,-0.059015704663815324,-0.013004444406500884,-0.023692153680783052,-0.062364233790763786,-0.0785647496857025,-0.0962559641511352,-0.096336981281638145,-0.052833780932884947,-0.014418703845391671,-0.0160126339049182,-0.036372171156108378,-0.018951258023402522,-0.040894747294228651,-0.0767580741395553,-0.06591171969970068,-0.05790233239531517,-0.11156113854339046,-0.17482006806751776,-0.18893047235906124,-0.16857721330597997,-0.15848124027252197,-0.16910872325815005,-0.17685937615377562,-0.15259834130605063,-0.084979357556081742,-0.041383035182952881,-0.032158515912791091,-0.0017731494288175153,0.040295170852914453,0.048725484352972775,0.037503052709831133,0.0039526027061843449,-0.015804252742479246,-0.0043133025589798179,0.0063224009063560516,-0.0079182629706338048,-0.059066673368215562,-0.10740738113721211,-0.11873928643763065,-0.13744155317544937,-0.13953602562348047
-0.11873297446540423,-0.041568192963798843,0.0056097416797586319,-0.012926793604912326,-0.061336083958546318,-0.0933584181798829,-0.10374572367540427,-0.091615923852832223,-0.0477678066651736,-0.024929258558485243,-0.032688951762071969,-0.06179898246018975,-0.042470367824924846,-0.034718981462305988,-0.070738987376292542,-0.076491955171028775,-0.077799138580930641,-0.14611498060925254,-0.2016504426797231,-0.22325381305482653,-0.20182803166764124,-0.15394895821809768,-0.1512223752560439,-0.17499032563396863,-0.18128500437294995,-0.12747372619130395,-0.090333729516714811,-0.074717955233959049,-0.048718846030533315,-0.02001782866427675,0.0064776358485687524,0.0084589768666774034,-0.016760658612474798,-0.0397969700396061,-0.015795748292778928,-0.012813510373234749,-0.038428788539022207,-0.081893160939216614,-0.12379321207602818,-0.14784463743368784,-0.15160894890626273,-0.14035859952370325
-0.090977067700945408,-0.027576612886041404,0.012535251276589136,0.023042473676614463,-0.0049400568823330104,-0.051684860045228292,-0.07934226124332501,-0.066953198777304754,-0.032478568000862233,-0.016235313411535963,-0.026646463898941875,-0.059846253666494577,-0.058348602028908556,-0.042140200596164773,-0.053581587970256805,-0.073737856266754012,-0.075940593563277148,-0.14653695632631963,-0.21801772610894565,-0.23990427067986242,-0.22478770695883651,-0.16774541512131691,-0.14134557876322004,-0.16630631398696166,-0.18131607123043225,-0.14633430913090706,-0.11613611380259196,-0.098991611464457077,-0.085709485411643985,-0.070699275160829231,-0.02465574334686001,-0.011736112738920687,-0.044773436151444912,-0.055839953012764454,-0.04155285656452179,-0.034657368902117014,-0.0728595604499181,-0.12191558877627055,-0.14852149784564972,-0.14809399843215942,-0.1578795313835144,-0.14546921849250794
-0.0838827106815118,-0.02244604276172046,0.015021983576880303,0.061975072404103618,0.058978668931457728,0.013631773031083866,-0.020071181755546213,-0.01440815866450206,-0.0060264642920810733,-0.016267365810495836,-0.023455096408724785,-0.053856924590137273,-0.053403624781855834,-0.059949545762859859,-0.0682221758844597,-0.092567622385643145,-0.10078757405281066,-0.12212434224784374,-0.18238325818226889,-0.21497380843868963,-0.21907530667690131,-0.17371773609408625,-0.14425319858959743,-0.16412710495617078,-0.18296673148870468,-0.15273657760449819,-0.11830215404431026,-0.095193949010637074,-0.095599946166787825,-0.08381178230047226,-0.046427261705199875,-0.020898630376905203,-0.049080607791741691,-0.07075103186070919,-0.067820087075233459,-0.058845832943916321,-0.066696314141154289,-0.11346179991960526,-0.15022643407185873,-0.14261709153652191,-0.13198460638523102,-0.14175049215555191
-0.070309115307671685,-0.031400904954912573,0.013120309046756189,0.080785830576832474,0.099921571711699173,0.076054134907630772,0.047519389987708285,0.031046518572391227,0.030654711272710793,0.0061221176564921972,-0.022282251640437886,-0.04638946964405477,-0.056308243024562089,-0.072837740326156988,-0.11182390439968842,-0.13679672139031546,-0.13897971207132706,-0.11970247107523459,-0.14074670688973534,-0.1900539340881201,-0.20482149609812983,-0.16403914215388121,-0.14567406535148619,-0.17765106186270713,-0.19663879076639812,-0.16689637634489271,-0.11897729989141226,-0.0982646110157172,-0.097356826066970825,-0.088039009273052221,-0.048811610788106918,-0.027129837311804295,-0.043648113807042442,-0.076402336359024048,-0.092744786292314529,-0.086138923962910965,-0.092313673347234726,-0.13211080431938171,-0.1456490159034729,-0.13503638654947281,-0.14485526084899902,-0.147663414478302
-0.037075696289539335,-0.0099957196776253674,0.032743043478278978,0.091797089278697966,0.12182344811467025,0.12454950679903445,0.10416811436414719,0.07132915873080492,0.058118616696447134,0.034611673273432716,-0.01042390024609631,-0.030416838994080372,-0.048862369331930368,-0.065606333458652868,-0.10550324201583862,-0.12235152262907761,-0.096641599200665951,-0.086670072605976686,-0.11450097842940263,-0.16844311585793129,-0.17827714443206788,-0.15016062619785467,-0.13811918700996198,-0.16227323242596217,-0.18085493960163809,-0.17568320780992508,-0.15041299661000571,-0.13344339281320572,-0.11567063877979915,-0.10105032473802567,-0.059984677781661354,-0.037167915453513466,-0.045134602735439934,-0.0814506063858668,-0.1132202260196209,-0.11686655879020691,-0.11341316998004913,-0.13946184515953064,0.0,-0.13601113855838776,-0.1354590654373169,-0.17033254355192184
0.012287989109754562,0.0417797935840029,0.05759988290568193,0.0981783257878345,0.13768709774898447,0.14226424396038057,0.11902784164014615,0.080827388255035174,0.041779885397237891,0.009726276470567374,-0.015873080560643422,-0.03389889294547694,-0.04172978221493609,-0.0501702373678034,-0.068687267432158639,-0.080031809820370239,-0.074068891660620764,-0.057026633682350315,-0.0627967586947812,-0.10349383755870488,-0.12948026849577823,-0.12613524310290813,-0.11831881965582188,-0.1222846107557416,-0.14069868210289213,-0.17193767726421355,-0.17941977580388388,-0.15760475769639015,-0.1354530245065689,-0.10333758095900218,-0.08033781498670578,-0.056850187480449677,-0.072217401117086411,-0.094901313384373978,-0.12560954689979553,-0.129258394241333,-0.13995731621980667,-0.14778243750333786,-0.15258848667144775,-0.161952406167984,-0.1787598580121994,-0.21358238905668259
0.055378387682139874,0.083325582866867379,0.086622497176422786,0.10398702282044622,0.12408691963979177,0.11909793743065425,0.089170546403953013,0.060187883442267776,0.021909730874800255,-0.0081484473193995655,-0.030273933274050552,-0.043169291520660576,-0.047672157486279808,-0.059099407245715462,-0.071151590506945334,-0.095224857330322266,-0.10303691724936168,-0.074103499700625741,-0.044927560059087615,-0.051845507696270943,-0.07997821892301242,-0.096251880750060081,-0.0980189610272646,-0.10470733512192965,-0.1313751470297575,-0.17493563294410705,-0.19326277077198029,-0.18254192670186362,-0.16295008361339569,-0.13536612689495087,-0.10504046455025673,-0.079342830926179886,-0.10571925342082977,-0.12410466745495796,-0.132768452167511,-0.13147497177124023,-0.14590020477771759,-0.16480410099029541,-0.16837552189826965,-0.18314693123102188,-0.24354086816310883,-0.26314494758844376
0.054637334412998624,0.0728821059068044,0.076802668161690235,0.088526500655072074,0.094838019173878893,0.083611596375703812,0.058786382755407922,0.030394274233417076,0.0091491459041006043,-0.0084576606708911383,-0.020971631320814293,-0.036457956954836848,-0.057173007167875767,-0.083906228343645736,-0.1017624244093895,-0.12024179175496101,-0.12360567674040794,-0.10073070440973554,-0.076963203493505716,-0.068272969499230382,-0.079257571034961283,-0.098370050080120564,-0.10190242777268092,-0.10489195771515369,-0.13476892188191414,-0.16810984164476395,-0.20293175801634789,-0.21136270463466644,-0.20808935910463333,-0.17688438296318054,-0.15557880699634552,-0.13345793634653091,-0.13102532923221588,-0.12177357077598572,-0.13453415781259537,-0.13860794901847839,-0.14172285795211792,-0.18287043273448944,-0.187803253531456,0.0,-0.26511716842651367,-0.303926944732666
0.049846850116463268,0.061473914980888368,0.054087672382593155,0.05934444181621075,0.066368842497468,0.054964214149448604,0.038636181503534317,0.013165217300411314,0.0029520568350562826,-0.0013329889209541892,-0.0077454862378848093,-0.024592199052373569,-0.0630728964294706,-0.11053863167762756,-0.13746322244405745,-0.14393347927502223,-0.14516301027366094,-0.12647448693002975,-0.11106078699231148,-0.09862036009629567,-0.10549503884145192,-0.11006409302353859,-0.10061403065919876,-0.097521999850869179,-0.1090894378721714,-0.14327041059732437,-0.18539972603321075,-0.22250770032405853,-0.2445373609662056,-0.22198352962732315,-0.18804019689559937,-0.17430362105369568,0.0,-0.14542122930288315,0.0,-0.15300346910953522,-0.15773187577724457,-0.17935896664857864,-0.19677436351776123,-0.22265870124101639,0.0,-0.31714153289794922
0.044004921208728447,0.050119748072964806,0.0411493256688118,0.042701732832938433,0.052345328032970428,0.0486078890306609,0.033937682708104454,0.0081435491592856124,-0.00054628800717182457,-0.001026138779707253,-0.0079911604116205126,-0.030249707773327826,-0.076085139686862632,-0.1149119108915329,-0.15205971896648407,-0.16957518085837364,-0.16338650584220887,-0.15439330041408539,-0.13999814987182618,-0.12687055580317974,-0.12122135981917381,-0.1120895016938448,-0.095895171165466309,-0.084338518480459854,-0.094772059470415115,-0.12908979132771492,-0.17397423088550568,-0.21871455758810043,-0.23837411403656006,-0.23987674713134766,-0.22937004268169403,-0.2169080376625061,-0.18219365179538727,-0.18635106831789017,-0.15700288861989975,-0.18868211656808853,-0.1796361654996872,-0.17069336771965027,-0.2131902277469635,-0.24327661097049713,-0.2508777379989624,-0.28206202387809753
0.021034216804599219,0.02862031970705305,0.031554238338555606,0.035355023241468837,0.046531661413609982,0.056658207625150683,0.041183462366461754,0.016053387895226479,0.0011744582249472539,-0.013900821935385466,-0.023901708656921983,-0.04638984240591526,-0.075850259512662888,-0.11643654108047485,-0.14922407269477844,-0.17054043710231781,-0.17950702210267386,-0.17546585202217102,-0.16721777121225992,-0.15397621691226959,-0.1281267503897349,-0.10838057349125545,-0.087865352630615234,-0.082596275955438614,-0.094302244484424591,-0.12619380280375481,-0.16154787689447403,-0.19778773188591003,-0.20347708463668823,-0.23103685677051544,-0.22029435634613037,0.0,-0.21912911534309387,0.0,-0.21337087452411652,0.0,-0.20961365848779678,-0.19412962347269058,-0.2111002504825592,-0.22367128729820252,-0.24781902134418488,-0.2492058202624321
-0.0049312311291162458,0.0032383150495055211,0.013787537547094482,0.022708786651492119,0.033713282085955143,0.041731068398803473,0.046437859535217285,0.035569277902444206,0.0049519767984747883,-0.021374336754282314,-0.038193121552467346,-0.049594417214393616,-0.073645785450935364,-0.098158955574035645,-0.13493885546922685,-0.16605443507432938,-0.18228879570960999,-0.19484216471513113,-0.19860347360372543,-0.1788935661315918,-0.14992205053567886,-0.11611445993185043,-0.10515653342008591,-0.091348405927419662,-0.11495423689484596,-0.13984014093875885,-0.15827152132987976,-0.16355663537979126,-0.17301607877016068,-0.18647334724664688,-0.20927530527114868,-0.22960296273231506,-0.2443934828042984,-0.23981136083602905,-0.26967325806617737,-0.24334312975406647,-0.22155159711837769,-0.20187582820653915,-0.19330988079309464,-0.21780925244092941,-0.23654846847057343,-0.24368399381637573
-0.0099097724471773427,-0.0096834213472902775,-0.002198216893399755,0.012181552747885386,0.012428054430832466,0.016743389268716175,0.03113116944829623,0.029780223965644836,0.012244188692420721,-0.012565139681100845,-0.031533417291939259,-0.044474924604098,-0.060430791229009628,-0.093948587775230408,-0.12200447171926498,-0.15906603137652078,-0.18582667410373688,-0.21620764583349228,-0.21961461007595062,-0.20921804010868073,-0.17701647430658341,-0.16282587498426437,-0.11421163380146027,-0.1286444365978241,0.0,-0.15379784256219864,-0.1730102002620697,-0.1561264768242836,-0.14049017429351807,-0.14741425216197968,-0.20135688781738281,-0.21372829377651215,-0.25343307852745056,-0.27215126156806946,-0.2753797322511673,-0.24891224503517151,-0.22328950464725494,-0.20274932682514191,-0.19170373678207398,-0.21737504005432129,-0.22964702546596527,-0.23391897231340408
-0.0021621527848765254,-0.010745300562120974,-0.008506824821233749,0.0044407237631579237,-0.0030918415868654847,-0.0015424713492393494,0.020463724154978991,0.032236961647868156,0.024486332200467587,0.0047740499721840024,-0.017339479643851519,-0.032453357242047787,-0.049345886334776878,-0.066528134047985077,-0.098999235779047012,-0.14147540181875229,-0.17845886945724487,-0.22557853907346726,-0.24807336926460266,-0.23253121972084045,-0.20322701334953308,-0.18541339039802551,-0.16336449235677719,-0.18052232265472412,-0.16925866901874542,-0.19999338686466217,-0.18975774943828583,-0.17422284185886383,-0.14578518271446228,-0.14055806398391724,-0.16708613187074661,-0.21358919143676758,-0.24059437215328217,-0.27579152584075928,-0.2816314697265625,-0.26365889608860016,-0.20819178223609924,-0.18386876583099365,-0.19082754850387573,-0.17722398042678833,-0.22162269055843353,-0.21818625926971436
0.0088921437971293919,-0.0065687207970768213,-0.010985927656292915,-0.0065069584719215827,-0.010800105286762118,-0.001259838929399848,0.016698343679308891,0.037583135068416595,0.047980135306715965,0.024388927035033703,-0.0085237231105566025,-0.031190561130642891,-0.046501473834117256,-0.061839345842599869,-0.083521641790866852,-0.095753774046897888,-0.16104459762573242,-0.2054612934589386,-0.24575783312320709,0.0,-0.23173625022172928,-0.21357040852308273,-0.19050926715135574,-0.19779253005981445,-0.20482876151800156,-0.21351669728755951,-0.21952272206544876,-0.18478615581989288,-0.16747739911079407,-0.14718613028526306,-0.16660524904727936,-0.17420487105846405,-0.21913426369428635,-0.2582322359085083,-0.28127720952033997,-0.27947205305099487,-0.21556798368692398,-0.16858816146850586,-0.1587902382016182,-0.19293542206287384,-0.17871249467134476,-0.16821882128715515
0.019892956828698516,0.0014609782956540585,-0.0077487898524850607,-0.0062550975562771782,-0.0047372761182487011,0.00028668789309449494,0.0134554672986269,0.03834482841193676,0.055891714990139008,0.029814388602972031,0.0099095217883586884,-0.024029627908021212,0.0,-0.049217086285352707,-0.051568647846579552,-0.0742475651204586,-0.11301734298467636,-0.19752764701843262,0.0,-0.23905844241380692,-0.23336422443389893,-0.19863639771938324,-0.19750005006790161,-0.19493397325277329,-0.21519588679075241,-0.24296613037586212,-0.21882611513137817,-0.22170670330524445,-0.17521214485168457,-0.16013667732477188,-0.14742492139339447,-0.15638136118650436,-0.21304792165756226,-0.23252987116575241,-0.26772791147232056,-0.26676258444786072,-0.2312883585691452,-0.14747896790504456,-0.11883093789219856,-0.10490333288908005,-0.122943215072155,-0.15685059130191803
0.02182695921510458,0.011151310182564581,0.0073663754155859351,0.00545736460480839,0.011843552075636884,0.0010097329504787922,0.0028120878462990126,0.01901799812912941,0.027672968804836273,0.018146547023206949,-0.0033089783973991871,-0.024583532009273767,-0.036994609981775284,-0.04637497290968895,-0.043949741870164871,-0.052044481039047241,-0.084443207830190659,-0.13282094150781632,-0.19206596165895462,-0.22348660230636597,-0.21305522322654724,-0.1984083354473114,-0.187143474817276,-0.17988882958889008,-0.19276565313339233,-0.22319401800632477,-0.23740386217832565,-0.20395506918430328,-0.18348675966262817,0.0,-0.14297179877758026,0.0,-0.17429796606302261,-0.22157047688961029,0.0,-0.25370559096336365,-0.22252077609300613,-0.16154468804597855,-0.10960703343153,-0.079413078725337982,0.0,-0.08601849153637886
