SouthSea_Web/demo/jsonfile/2017-12-14-12.json
{"header": {"parameterUnit":"m.s-1","parameterNumber":3,"dx":0.1,"dy":0.1,"parameterNumberName":"Northward current","la1":29.0,"la2":12.0,"parameterCategory":2,"lo2":131.0,"nx":250,"ny":171,"refTime":"2017-12-14T12:00:00","lo1":106.0}, "data":
[rows 95 to 113 of 171, columns 43 to 85 of 250]
0.0,0.0,0.0,0.0,0.0,-0.037834301344007365,-0.055511105825111429,-0.12396612629725211,-0.15058417883755146,-0.15137774371183835,-0.15413691238923508,-0.15596549569939575,-0.090001515157165979,-0.028478664897480292,0.029708834731894913,0.022779758711269981,0.031745199288600229,0.052758199133677408,0.048095701928104972,-0.021320195823547342,0.055485782205748062,0.14209864636262257,0.24603608661684498,0.14243656219138454,0.00038412835931888331,-0.018277951899578732,-0.032424224971327929,-0.08848457128208663,-0.078994139921851461,-0.16456606957529271,-0.14661186002194881,-0.12034096223888574,-0.038058163862539608,0.056428418611176312,0.1108073956436581,0.087287729156428365,0.061826381004518934,0.13317751935843764,0.20479461206839636,0.27298426284239841,0.30098851898620871,0.29382967591285708,0.3465874082055585
0.0,0.0,0.0,0.0,-0.0079025883120443438,-0.047470917209430842,-0.074000410873302683,-0.13374304200988263,-0.1730593486648539,-0.18602215427241914,-0.16694794459776444,-0.13336200132966042,-0.058753993756412951,0.015184507497906452,0.034763790266070932,0.0048518493877520831,-0.008662641043883923,0.039447504307397387,0.016406324506181503,0.085792830341961238,0.16398139709028706,0.20723391056060792,0.10484256984532944,-0.043650802240396538,-0.029296425214313245,-0.052485239967979769,-0.097248490000593255,-0.10166132609759059,-0.11849983781576157,-0.090254354689802446,-0.058132942076082585,-0.028750013536829593,0.020127702181020543,0.06113440403714776,0.087244227528572083,0.084737845041133741,0.0752285965360128,0.06190721752742926,0.0761157231262097,0.13901631746973311,0.18467340425208764,0.18970043626096514,0.28648558976473631
0.0,0.0,0.0,-0.071137304671786042,-0.0419260050842365,-0.041741542919414044,-0.1099856119160052,-0.16090543723919176,-0.19664979797034038,-0.22412174742888003,-0.18197494857013224,-0.11238656309433281,-0.057729992126537996,-0.0072282577942435937,0.015512503754634539,0.0072502482728327086,0.080526945414021611,0.12685210087469645,0.13721941784024239,0.14442114916539961,0.17103415727615356,0.091152769996336216,-0.021989072175246888,-0.00049727101993214868,-0.023901614572553496,-0.074759833771606971,-0.051355987442312415,-0.039639585518411229,-0.045785535264898231,-0.044292169490030835,-0.055182041945280855,-0.050869678014091084,0.014106698463105463,0.081591567248106,0.084043636228199353,0.050546214414330631,0.045782820321619511,0.048072509467601776,0.055224601036080949,0.059178934329085879,0.082108594047335476,0.12808499139334476,0.24418126101847049
0.0,0.0,0.0,-0.12103372953929971,-0.077199746793100862,-0.084672419210114785,-0.095567149568408255,-0.13716012746095657,-0.16105389875524184,-0.12663376824382475,-0.070167384808883071,-0.038505355393191658,-0.041664616805395453,-0.054241119724948231,-0.025473611665310692,0.074468282875184533,0.10028950550726481,0.082511565764434636,0.08600068811712594,0.15163843566551805,0.11935641963420243,0.00095702874763258568,0.025419730770712096,0.0037021862567755684,-0.027648576136146272,-0.045653360563197305,-0.039094591080876331,-0.0021499787488629897,0.018908376933217771,-0.0075477897355865154,-0.03137864253949374,-0.022806462644699162,0.02963731694628088,0.048496452470620476,0.019644353498608387,0.010388440703256773,0.052143454551696777,0.078103880286216731,0.087741573208144727,0.072759167601664856,0.060952233343288816,0.090707547102983177,0.20314800977706909
0.0,0.0,0.0,-0.16267121547271551,-0.082302960019077415,-0.11478160001719609,-0.13311611727500955,-0.11932585791995128,-0.098517387331306161,-0.085902976895302116,-0.098892702162265783,-0.0857017340936831,0.017172569516909923,0.072672238278134571,0.11083431213505958,0.10033259138857063,0.13035295086522256,0.11356059101720652,0.1242928710399252,0.14740973815036518,0.055694790490503819,0.02477720205448956,-0.02179999722986771,-0.034468672065823165,-0.031527364144808258,-0.068771908680597946,-0.031833328595557424,0.031731308950973605,0.0038448556525898831,-0.024162794001832872,-0.040043132216669622,-0.028322333836479596,0.031701139274186323,0.053809868792692818,0.048400203958153726,0.046755210905685088,0.0924515497338559,0.11277983763388225,0.149432428829048,0.13036660380937434,0.086841976843201191,0.065348768893342749,0.14857941994379306
0.0,0.0,-0.18470752694466638,-0.19351165990034738,-0.12900842365816356,-0.12368511821369867,-0.14167658995864982,-0.18706303183893555,-0.14522259609075264,-0.0652366827663641,-0.054513435645136409,-0.046734850367774132,-0.0026636671869912083,0.0057986162758495016,-0.022505734639707953,0.019526720619685346,0.095314164043349373,0.12301006442045465,0.053666576442699281,-0.082109906544376693,-0.087108608218841255,-0.053401890809514692,-0.033944948835091457,0.0092606590157535314,-0.064116043038666248,-0.064542191492644355,0.019438525922201473,0.008419254658152707,-0.035261672494622566,-0.071737007637109079,-0.096071473107888147,-0.075675625487097678,-0.0094316005642111934,0.038029860172952921,0.0524275778234005,0.07773892001973258,0.10498364413013825,0.11126149732332963,0.12795211906944,0.13078224301338196,0.097438449756457254,0.07225734846932548,0.1123254534143668
0.0,0.0,-0.25015236465976787,-0.21175313788846556,-0.11120210096969152,-0.090693887491366254,-0.0758703882045423,-0.096917073206198454,-0.10965019440907356,-0.10478652758846203,-0.1430879457324159,-0.0799337734503712,-0.017484103045209722,0.06333505250368035,0.024597113476400929,0.060132753226513923,0.061004199264006631,0.036961967393643026,-0.0532596894455227,-0.04929210593192173,-0.030957311936487843,-0.024826471903361381,0.037701463137636892,0.0096007702727715864,-0.047454721626958678,-0.0071244887699971771,0.008515294554984263,-0.012927733525949796,-0.056341721174808651,-0.11382986439598931,-0.13325459108902857,-0.086235807676400461,-0.0089578004949726169,0.037038976016143955,0.071530985287748844,0.10610515366380031,0.12103950948669361,0.12519845992326736,0.12642881245567247,0.12233773418343984,0.10913174971938133,0.080769450068473816,0.094869068035712614
0.0,0.0,-0.22886788569481928,-0.2449259785371658,-0.14442208724677877,-0.13262670648641914,-0.14398438674915168,-0.16737912950393197,-0.14593498879171249,-0.0925359843650012,-0.11366690628230572,-0.056142327328085558,-0.044849410055719907,0.031527022592018582,0.070628071150609428,0.076685439345651654,0.00032340086545445956,-0.0030419033989476573,0.014476768921927683,0.033676323846780827,0.011877875159760671,0.088714810171430666,0.074795315075399618,0.001335345616906933,0.0028681201144570003,-0.012117505940425741,0.01911910565999838,-0.0154250191221945,-0.059654659695095487,-0.098320614280445237,-0.10359553903341294,-0.059412389165825315,-0.0014123193160720314,0.053950659465044737,0.10655538799862067,0.1589655836041157,0.188091521859169,0.18853924285482476,0.14635397315025331,0.1291889056031193,0.1251292127583708,0.12134998828172684,0.13058626049986252
-0.00950722337561466,-0.0887145795135549,-0.13828554484139763,-0.14149424202829422,-0.13220515018305207,-0.21361481773592259,-0.18277028990754238,-0.11498569914165439,-0.055370540200808158,-0.059748109626776444,-0.057986126177840762,-0.09610031018169915,-0.0815981434037288,-0.012808869342176964,0.017401325982064009,-0.014564924141138493,0.0267557711368652,0.031250971226936916,0.034257708283673437,0.055244426309530227,0.079037185625306192,0.061325927575429283,0.060868891576925911,0.044873539752398543,0.03597007541415783,0.015828308981290319,0.048005920901362388,-0.015740125224477163,-0.038904447481036185,-0.040757827391778981,-0.052011015514532723,-0.04111193697854805,-0.00062929400592111047,0.053887169575318694,0.12534248203039169,0.19130794703960419,0.2297271125846439,0.22326481044292451,0.17448472497718676,0.1450740285217762,0.14315104857087135,0.15863935649394989,0.16695860276619592
0.030019838570714077,-0.0797942365231806,-0.15523580137859611,-0.13086702088939953,-0.13603420849475595,-0.13434875105615,-0.10217832577855963,-0.076730177312800033,-0.093397528465305052,-0.078679179342893452,-0.093728600318233171,-0.06708644765527233,-0.070005804820753192,-0.0096556387798045762,0.034878578365615177,0.039546678664491457,0.036841988659881315,0.015312940104714861,0.044367315380700996,0.067814363373650446,0.098295160037066259,0.10078618827241438,0.043341068964865476,0.043990452513098716,0.047769203249897273,0.055828147209607638,0.051181557516639047,0.01020172026563579,-0.0164185474693243,-0.0272595030863,-0.018655694413768208,-0.000762117041561466,0.04079009390746554,0.091460841298103335,0.13694679290056228,0.177582249045372,0.20523925764220102,0.21146081387996674,0.17550074992080531,0.15137555837631225,0.15539339867730936,0.16306811819473902,0.16022196511427561
-0.030996657137808345,-0.11113506188266911,-0.13578963320894888,-0.13699768128198223,-0.13643575961056811,-0.070064222688236519,-0.090565045840210384,-0.0879465751349926,-0.065838183491275862,-0.059394561122496463,-0.027455310621185273,-0.0038053410216109893,0.036264219612348825,0.05248874558075782,0.066163692983888814,0.082307572251763841,0.048071762413850853,0.046761425012456517,0.042091945984533856,0.0570500702769668,0.084161512967613011,0.073497307415191948,0.048880769284787004,0.0423692105194697,0.0552564247045666,0.057122270737228725,0.000785199816480441,-0.0184621838144031,-0.00054774939333303622,0.002233198463307837,0.0075771456770151136,0.0170727925400974,0.062461406565629519,0.10642713584281781,0.12809402614831925,0.1507991193621247,0.18405182141324747,0.18629972235514566,0.16314269712677709,0.14387170970439911,0.14877023696899414,0.17042094644378214,0.1623061219851176
-0.099932199984013065,-0.12663405809795736,-0.14875800265468731,-0.1556237921377138,-0.067117395362897542,-0.089779593304816982,-0.091946199105507664,-0.10477009632542164,-0.05633532381258332,-0.027130044910103776,-0.00498224987377933,0.026495045593037503,0.043917687866708327,0.066384850776401064,0.096577708476356092,0.079241761538599215,0.059319832741662311,0.03422382497228682,0.033341256142766389,0.062332401948946493,0.0476322014314624,0.065812992552916214,0.035308443233370783,0.028192868604317203,0.020588323353203358,0.035772710393827692,0.0018766307384120646,-0.042133206537423223,-0.053960920239870362,-0.025962228299644979,0.010392307752260455,0.017885910347104073,0.034510880410671234,0.073532812159370492,0.10376572222621353,0.12184099824382709,0.12004476097913888,0.12759049415588378,0.12371145077049732,0.11100605699945898,0.1204034666220347,0.14991853724826465,0.14899584970303945
-0.11927131536664497,-0.11537249403201062,-0.11544339571473053,-0.12374094702204727,-0.10054113732430299,-0.12476952640561882,-0.085380260428448887,-0.030752428900450469,-0.036466621861952105,-0.023289231973731974,0.0063062864064704627,0.029113142252234474,0.025688334528742165,0.052868977905466005,0.06154277101159096,0.039525091275572778,0.036335451994091272,0.029597335528316244,0.033059098181270417,0.038954408425423831,0.045492283135120361,0.056321983635425565,0.026250228196052678,-0.015245850908935868,-0.0080967158161608186,0.0028342281174263918,-0.018545360886491835,-0.066715037855117218,-0.084609083831310272,-0.038352843709290027,-0.00065799064569823122,-0.0030282231536693871,-0.0031817588824196719,0.021965059663423082,0.0523671117456009,0.0733178669343824,0.072177773341536522,0.089196732815574192,0.092390917241573334,0.083316861518791738,0.085951484739780426,0.10118384456092661,0.11009745193379265
-0.099596773833440649,-0.10528163052474222,-0.12934254156583447,-0.13938045980872718,-0.087605201603868338,-0.045665579928706089,-0.051261636585941614,-0.035207369654542867,-0.014341439056131224,-0.0156276379711926,-0.027780017656578612,-0.0057197880512965772,0.018729060739278793,0.022550169056138165,0.024015658646821977,0.029557779431343079,0.029772035432634531,0.017071742117404937,0.023436803334894087,0.043227524419004716,0.042652935792620368,0.06208892290790876,0.040817862985512383,-0.018220288888551296,-0.0210253266171397,-0.00464298832014686,-0.03264598340981386,-0.055964701324701306,-0.051901558075438843,-0.025617476863165695,-0.0093285926919807454,0.0058445955080969727,0.012730988691328094,0.028498219168977813,0.045866245403885841,0.056005076669594818,0.056010627352139526,0.063222311933835346,0.0738961153796741,0.068563007104855314,0.057063145097345114,0.058286238461732864,0.068726557617386178
-0.12537020637987051,-0.12379007834069272,-0.077654909460070767,-0.069489662744250252,-0.084092612113013415,-0.039657636993349746,-0.0058182252675017462,0.0054347742537044852,-0.00634551111229316,-0.035442723259329796,-0.047303090936371257,-0.018069984659982417,0.010690538691253297,0.011721866554580629,0.011538727940725429,0.021628553779529675,0.005583850621146017,0.0014644920783421884,0.008774510852672392,0.034174256990181992,0.060259820463565678,0.0704204772412777,0.044645324492683776,0.011007207416696474,0.010399678399351062,-0.0069173047288685393,-0.02615432346077717,-0.02400005483121442,-0.015071557064185896,0.027667262824252248,0.052328122407197954,0.043692970746441892,0.053852513236434835,0.073405700735747814,0.073922852054238319,0.071405015087553439,0.060989332447449369,0.057243569133182369,0.056351691794892154,0.057595641352236271,0.053621033206582069,0.044859587081841061,0.046810745572050415
-0.12625686182334961,-0.10192454564902517,-0.09416860873962557,-0.064890713862858815,-0.030424787763606857,0.0048182477977307923,0.048958960130359185,0.023756736423820257,-0.024787074001505972,-0.031487829914247548,-0.011070850942944941,0.0047208527022780016,0.026398378457607969,0.015793967102321664,-0.0029142350582073311,-0.00021463189429293076,-0.0099149454409988326,-0.0051953226382985508,0.023124018162167793,0.07817596010863781,0.10947321940745626,0.0874338749051094,0.038460223503144722,0.022664906619035679,0.016209805364875745,0.0041024247378421324,0.023799346886913885,0.050223460088350942,0.071992049091740659,0.10011196546256543,0.095745447091758251,0.077752884477376938,0.069319120841100812,0.048466497100889683,0.014666433306410908,0.0095549590097597017,0.013292597793042659,0.027768467591765027,0.042864466784521937,0.059067881533077786,0.065681657443443939,0.052741169184446338,0.041965262033045292
-0.11507252914584186,-0.080268181561336027,-0.069341745382795736,-0.033077498731602518,-0.013318838041308227,0.011797973464609868,-0.00039130509442960221,-0.0044584737286361186,-0.024161642972523205,-0.035476848611543918,-0.018176014645307857,0.0028232799000020518,0.0082685067900456488,-0.0089194766215739719,-0.024936679168604314,-0.0083741643747705357,0.01471553760849678,0.035685542970895767,0.06823546529330056,0.10517728452881177,0.095538914776765377,0.040421799041463861,-0.0015325746816988275,0.015507917180657386,0.022127928026020528,0.031129221229449562,0.08138272556520644,0.1045945996329898,0.10747287892981579,0.11249692620415437,0.12098747491836548,0.1161679584119055,0.10396843403577805,0.067540159448981285,0.011543879013819,-0.016211168628863314,-0.019986896690997211,-0.0062505046589649282,0.030127635225653648,0.065242832260472436,0.083322546134392425,0.074869859218597415,0.055116041749715808
-0.042889094148136554,-0.12802343484428194,-0.086071890414409019,-0.035625074138598785,-0.013717999697887692,-0.01849851004779339,-0.040670873459290574,-0.0394746848781194,-0.023010860213303362,-0.043310755623444434,-0.033757810962611233,-0.026030832272325014,-0.021299661137163639,-0.007448073487356658,0.0035230986486567417,0.017906934044927963,0.040138960618412857,0.065099352349837616,0.0932467979463664,0.11170390767581535,0.081166919320821762,0.034640619104752191,0.024076500530194105,0.050727580888913229,0.060663054339014567,0.081197227218321386,0.13902036134492268,0.13141645278249467,0.097474779046717142,0.085779559455419846,0.094821539241820574,0.098596349358558655,0.089769913681915822,0.074408469578394518,0.047643923793326722,0.018329210515896029,-0.00916086540867885,-0.013182064518332481,0.0050565122094537529,0.046620794758200648,0.077518641948699951,0.085555806756019592,0.078739079336325332
-0.15178754233888217,-0.046793552009122712,-0.046715160769720869,-0.054848769803841908,-0.038779622302032433,-0.0518815619526086,-0.086505318129504169,-0.081234816461801529,-0.06785056903026998,-0.070689826984615886,-0.037630402120865054,-0.0357575563447816,-0.0098110863128615736,0.015596533762474888,0.022607887984209117,0.063114958349615335,0.091128057653182437,0.09874409005830162,0.11859194934368134,0.140414560754453,0.11490630209445954,0.077398268257578215,0.081333152435976885,0.11924736361418452,0.11667586576480132,0.12295344242682824,0.17397871166467666,0.16051432490348816,0.14386950572952628,0.13204792928364542,0.1151734482910898,0.095684282978375751,0.071687798947095871,0.047917847267606041,0.029422072228044271,0.012759600547724403,-0.0099612244973993971,-0.026884086430072784,-0.030439130341013271,0.0052509351323048277,0.045116473454982042,0.072369408607482907,0.07873651633659999
