SouthSea_Web/demo/jsonfile/2017-12-14-04.json
{"header": {"parameterUnit":"m.s-1","parameterNumber":2,"dx":0.1,"dy":0.1,"parameterNumberName":"Eastward current","la1":29.0,"la2":12.0,"parameterCategory":2,"lo2":131.0,"nx":250,"ny":171,"refTime":"2017-12-14T04:01:52.5","lo1":106.0}, "data":
[rows 95 to 113 of 171, columns 126 to 167 of 250]
-0.34398692846298218,-0.29387063384056089,-0.27279881834983827,-0.26421955972909927,-0.24106591514178685,-0.24954702953497568,-0.31575296322504681,-0.39609303325414658,-0.37771036227544147,-0.32167400121688844,-0.30531959732373554,-0.27798356860876083,-0.2538805827498436,-0.25940690934658051,-0.27638357877731323,-0.29838433861732483,-0.3009428083896637,-0.3151368722319603,-0.39213671618037754,-0.44749846061070758,-0.36969017343861715,-0.37669596617872064,-0.37929577739150439,-0.36294143704267651,-0.31881421473291183,-0.14605866963772671,0.041205940821852818,0.09914630482829101,-0.15627961629667345,-0.64519935784240567,-0.64358855919404467,-0.52991478181466822,-0.55324173986911773,-0.5221326373241566,-0.31384250307878986,-0.322541282493241,-0.26765289062108749,-0.17787963108104818,-0.13974298440640973,-0.19886510908603669,-0.24450857006013393,-0.22932938133415423
-0.31875407695770264,-0.28935586214065551,-0.25731512904167175,-0.2654849052429199,-0.24725126475095749,-0.23184650540351867,-0.2875598631799221,-0.35475154966115952,-0.37298572808504105,-0.34193270405133563,-0.29838164895772934,-0.25296708941459656,-0.23875611275434494,-0.28555862108866376,-0.32449840307235717,-0.29185753464698794,-0.22815587222576142,-0.21120644834908572,-0.27627526596188545,-0.36964761962493259,-0.4404877041067396,-0.384190171957016,-0.25682321123101493,-0.19325895987164515,-0.26049730991539749,-0.34871645136313006,-0.1675139945873525,0.00884250452897201,0.08814180783568494,-0.43130951945980389,-0.64382696037109077,-0.66016453504562378,-0.60099809820001771,-0.57882786349014,-0.47544221119447189,-0.31146149661230005,-0.28997335602075625,-0.22141582053154707,-0.13499840162694454,-0.15075694317264216,-0.17643394942084947,-0.19133603811264038
-0.28804711500803631,-0.26733806729316711,-0.26186305284500122,-0.276011864344279,-0.26016082242131233,-0.22984104851881662,-0.26823212206363678,-0.30649993568658829,-0.3127884368101756,-0.31472957134246826,-0.2894563575585683,-0.23281136751174927,-0.26496927142143251,-0.34096571306387585,-0.36059372127056122,-0.30591219663619995,-0.23586287688125263,-0.22941779792308809,-0.23388991455237071,-0.23122923738426632,-0.27588401505580318,-0.34921400186916191,-0.26343100269635517,-0.028038429241860285,-0.028962436279038058,-0.2594166693206017,-0.49847135557369754,-0.43834862830462279,-0.1224921416655621,-0.41003955390066082,-0.781125107053983,-0.848288737914779,-0.8186705842310068,-0.669366643196199,-0.48568995771082962,-0.34550705717669594,-0.289437036216259,-0.2928297050071485,-0.24862790363175527,-0.24707913079432078,-0.22035766641298929,-0.19237202880057422
-0.25319385031859082,-0.24947497745354971,-0.28013343612353009,-0.28949355334043503,-0.266925851504008,-0.24777310714125633,-0.25888598958651227,-0.25172549486160278,-0.25991430878639221,-0.2585923969745636,-0.24200537552436194,-0.22518436113993326,-0.29516368110974628,-0.38565375655889511,-0.35806403160095213,-0.30461913016107345,-0.30613163113594055,-0.31917818693014294,-0.27266276462210548,-0.20027183225521675,-0.16618049860000611,-0.17377710471982541,-0.1857937318938119,-0.13178104399280113,-0.096994311064481739,-0.13627889408515051,-0.301411215127224,-0.5027069439653491,-0.54294185741589618,-0.73744694431622826,-0.7530337899923325,-0.79214536450630013,-0.8916240826897,-0.76698136613482526,-0.56739067083055328,-0.43162415807063764,-0.35724906325340272,-0.31760564534103169,-0.27936420403420925,-0.27959315159491133,-0.27135078608989716,-0.2374096941202879
-0.23192404955625534,-0.22710572183132172,-0.25695051997900009,-0.28646981716156006,-0.26441562175750732,-0.25398768484592438,-0.2475927397608757,-0.21531105786561966,-0.20830241963267326,-0.20219771862030028,-0.18691579500834146,-0.20883703976869583,-0.31210371106863022,-0.3595367968082428,-0.31447049602866173,-0.27794991681973141,-0.33029924519360065,-0.35655333715326648,-0.29287852134023395,-0.19668024065701859,-0.13125361005465189,-0.059740758268162608,-0.021402348272709384,-0.10488912250465629,-0.12663285544625036,-0.15902412786733272,-0.11194042877164172,-0.26700868008329587,-0.2579064153610392,-0.22117660017240615,-0.21014601455794441,-0.1562824503829082,-0.32066271127182611,-0.79471348775060557,-0.66547060830920346,-0.56199882889902864,-0.52428844571113586,-0.39676091937642349,-0.29372511371489496,-0.28214256321230241,-0.27264233807037619,-0.23881434773405394
-0.21416303515434265,-0.21392451226711273,-0.23835331201553345,-0.27576741576194763,-0.24443329125642777,-0.23170320689678192,-0.21134772896766663,-0.19018787145614624,-0.15827583968639375,-0.14806898683309555,-0.13668522983789444,-0.1574510157108307,-0.23843785822391511,-0.27904852665960789,-0.25553207844495773,-0.239102890715003,-0.30404115882184768,-0.31075449694286694,-0.25558732926845551,-0.14031997850785652,-0.068326443200930953,0.018424727581441404,0.078772072576814234,0.081051526147694813,-0.059772285167127848,-0.24078238495560581,-0.24095309474419249,-0.088209834957937,-0.055570995497803852,-0.08723703600466251,-0.11739533424985651,-0.13669170157776939,-0.0997348683046513,-0.503805032367573,-0.66090161520987745,-0.66648300335957456,-0.56796303107624957,-0.49844919346474315,-0.39692785159537669,-0.31240085512399673,-0.298221414287885,-0.27693766412826687
-0.18526796996593475,-0.21690087020397186,-0.2405896931886673,-0.27007248997688293,-0.22823768109083176,-0.20465920865535736,-0.18881307542324066,-0.15435338765382767,-0.13783209522565207,-0.12954893410205842,-0.12006084124247234,-0.14218857288360595,-0.16785099696029315,-0.17974618077278137,-0.1835919221242269,-0.20252161845564842,-0.25399551743810828,-0.22320866316556931,-0.14635893966381749,-0.054779153727438482,0.034924092996669445,0.10867152447727593,0.13764702138446627,0.22431677121382493,0.22796028439376143,-0.20015698384959252,-0.38258542444067772,-0.11749231636067016,-0.051826882344985406,-0.14411759633651894,-0.17461828268685584,-0.207554748167797,-0.15912630593603744,-0.46166596301542273,-0.55816303199709771,-0.71759858846664426,-0.66317881508307019,-0.58692207783460615,-0.486180594644031,-0.37887102450643267,-0.29852842565240534,-0.28269866329652293
-0.15578760951757431,-0.17137719690799713,-0.23505847156047821,-0.25356580317020416,-0.23084297776222229,-0.21821457147598267,-0.19753259420394898,-0.1810271367430687,-0.16687750220298767,-0.14439422786235809,-0.1496899425983429,-0.14712036401033402,-0.12760429026988837,-0.10226363688707352,-0.082538940115935266,-0.10562646652882297,-0.13856083309898773,-0.087859843353119985,0.0058204420492984354,0.091917863835326644,0.12418977512667577,0.15595710996923776,0.13123582529299188,0.23140725130970413,0.31706225186586379,0.18334751259535551,-0.23930260142961127,-0.52192384818780058,-0.57012661080807447,-0.58695936914700175,-0.534309908747673,-0.5719174301624298,-0.77870899634925939,-0.74019467013787077,-0.80062118453799558,-0.85273410689156015,-0.780784848663542,-0.68207373667736437,-0.528669414872473,-0.38939434133077921,-0.30814878270030022,-0.26253218562514696
0.0,-0.1843850165605545,-0.20453357696533203,0.0,-0.25632490714391071,-0.25919976830482483,-0.23836606740951538,-0.24579053744673729,-0.20972310751676559,-0.17606878919260843,-0.15817418694496155,-0.1378876076390346,-0.095707384993632641,-0.02308410332382967,0.028971720759397034,0.036825525183230637,0.047719146504532545,0.065106404449325056,0.12631345593503543,0.19539548953374228,0.13188435567113069,-0.077952015903990785,-0.062355496069030451,0.07888567120928025,0.19372708226243654,0.23082401355107626,0.14269339198389472,-0.17395284936064853,-0.6785949319601059,-0.94563762270487273,-0.91831532898156543,-0.9651224541664124,-0.84649200797080992,-0.50287741856141521,-0.58393945991992946,-0.80294184699470617,-0.83030674788686964,-0.7532087663809458,-0.56856960917894661,-0.41396619822527914,-0.312797659460236,-0.26100652789076167
-0.093734666705131531,-0.12195177376270294,-0.20093268901109695,-0.2449350580573082,-0.27331802248954773,-0.2765830010175705,-0.27833196520805359,-0.29060535132884979,-0.24096581637859343,-0.17226212365286692,-0.12447730749845505,-0.10219476584877286,-0.030371784015248218,0.022512051839095711,0.078934330337991312,0.14925054758787154,0.16545724733309311,0.16249384092433111,0.15429876539213905,0.18517962183084405,0.0063348015054787805,-0.34246543157791748,-0.14207499045110547,-0.12347609542233211,0.0080046012397226012,0.12918134208126558,0.13022712486041388,-0.19706936892725935,-0.44920194856822493,-0.59194214354481611,-0.66506417496846271,-0.60843395873904227,-0.29100443506795987,0.0038325844006612897,-0.074876095814903718,-0.4568145841845041,-0.616288808159392,-0.80178062459255783,-0.56715076516071961,-0.41266478660206,-0.31944224544060534,-0.2448130456670638
-0.072093740105628967,-0.14150112867355347,0.0,-0.21176548798878989,-0.27096804976463318,-0.28214846551418304,-0.30304069072008133,-0.31682624419530231,-0.2618038237094879,-0.1668742448091507,-0.096449824422597891,-0.059430628216692379,0.0099550482424858363,0.06835855171084404,0.10951579787901469,0.16201871023936706,0.16428661268008382,0.2016662311553955,0.18052546797614349,0.010055888678124618,0.000924695641375505,-0.25384784671591548,-0.049168614298105241,0.0,0.0,0.0,0.0,-0.31022804549762178,-0.20798326674483569,-0.0576220136049583,0.056534341635816762,0.31501374462476145,0.41327165873213245,0.48557801122935312,0.11485782815892806,-0.12471281448944688,-0.14385680213892532,-0.45606906595064994,-0.55207026157623684,-0.34397156855889727,-0.26449409599711254,-0.19866880859647479
-0.043305632658302784,-0.099151469767093658,-0.16445816308259964,-0.22417619824409485,-0.24736088514328003,-0.26171323657035828,-0.282650426030159,-0.30024074018001556,-0.23549489038331167,-0.13323498517274857,-0.0791501442768744,-0.030780705141036639,0.02117679829366113,0.08309884320782579,0.11863224864006043,0.13179131597280502,0.13369841258163037,0.18946917580835748,0.206539562415509,0.019235824554034851,-0.028341971860425745,0.0,0.0,0.0,0.0,0.0,0.0,0.0,0.1151174749580345,0.07238571301254873,0.22172318873013358,0.59501757792064125,0.648955948786302,0.39572658289123225,0.092697328817276117,-0.048484012304520221,0.0,-0.23293006925676249,-0.31300424310294067,-0.28536982789184107,-0.2144156117802081,-0.17169246615635025
-0.04013055469840765,-0.10628660768270493,-0.1216268390417099,-0.16504495590925217,-0.19856347143650055,-0.22365821152925491,-0.22989644855260849,-0.25678933784365654,-0.20456538597742716,-0.094640154391527176,-0.049973062884349093,-0.017987282446119933,0.043842107106588389,0.090220515494761261,0.11558343544602394,0.13601976037025451,0.17587450864138426,0.16473373193894664,0.16908519200625874,0.04273060108935766,-0.018717938912397421,0.0,0.0,0.0,0.0,0.0,0.0,0.0,0.0,0.0,0.014867696924609066,0.20080451053768597,0.27967876736279373,0.081058083863123714,0.014848151298054262,0.020293276011943816,0.0,0.010146934374492487,-0.12756966988973575,-0.18770917279547766,-0.1792117552831769,-0.17726515272730276
-0.054290130734443665,-0.073776286095380783,-0.1255250871181488,-0.11446011811494827,-0.15078381448984146,-0.15498952008783817,-0.174532238394022,-0.18935283025105795,-0.1654274140795072,-0.076077751242197483,-0.020600802165323069,0.0091972320654389,0.061294091710199915,0.10845090803645906,0.13883293814518871,0.17383650231819886,0.14946989521936135,0.10315448586351989,0.10285172743322112,-0.12461342172414817,-0.047620758414268494,0.0,0.0,0.0,0.0,0.0,0.0,0.0,0.0,0.0,0.0,0.0,0.0,0.0,0.0,0.0,-0.092107015351454422,0.027210932332591128,-0.033590541054002887,-0.12058374291429153,-0.19069076180458069,-0.2007355195911307
-0.055987611413002014,-0.081199463456869125,-0.074214838445186615,-0.065809138119220734,-0.073335291196902588,-0.062808558965722724,-0.084058821201324463,-0.109781913459301,-0.11736304100070681,-0.032258505718066141,0.01629498105806609,0.038192161758031161,0.0715043775382496,0.1371248360723257,0.19649098999798298,0.21489059523894236,0.13162730517797172,0.10234721905963365,0.062679518367211265,-0.0073098580852577772,0.0,0.0,0.0,0.0,0.0,0.0,0.0,0.0,0.0,0.0,0.0,0.0,0.0,0.0,0.0,0.0,-0.10212931616279349,-0.10546747342956186,-0.16090669904066168,-0.21048456430435181,-0.25398985635150562,-0.25258765452437931
-0.064599758014082909,-0.072856791317462921,-0.049907054752111435,-0.033807824365794659,-0.0028254161588847637,0.018093654420226812,0.0003223694860935211,-0.025541506335139276,-0.026169640322526295,0.016212842107051983,0.038247850590518544,0.065162434364142624,0.10264979016322356,0.16752716898918152,0.23317515671253206,0.24718823869313514,0.19669891553265709,0.2018589866265916,0.10397194148214758,-0.042029726316071943,0.0,0.0,0.0,0.0,0.0,0.0,0.0,0.0,0.0,0.0,0.0,0.0,0.0,0.0,0.0,0.0,-0.136145679527659,-0.21981304461086118,-0.29174164434274036,-0.32405384443700314,-0.341555742174387,-0.32252916151827032
-0.053640838712453842,-0.0510614849627018,-0.0173566872254014,0.0072098500095307827,0.040221301838755608,0.060600614796082176,0.085421393625438213,0.047455087304115295,0.041465436574071646,0.05078197528536503,0.063216369312543139,0.11322261568378,0.142598039470613,0.191192531869525,0.23011446682115397,0.26019329925378165,0.2693330902192328,0.2398525724808375,0.11609848178060357,-0.0489931108430028,0.0,0.0,0.0,0.0,0.0,0.0,0.0,0.0,0.0,0.0,0.0,0.0,0.0,0.0,0.0,0.0,-0.19364844748633914,-0.26800485012622982,-0.36778002391968456,-0.4016722447342343,-0.41625996953562688,-0.37731230620181921
-0.0333569785580039,0.0,0.014749856665730476,0.044325528666377068,0.073146086186170578,0.080949921160936356,0.0963069535791874,0.094297905762990311,0.080241461594899491,0.07482498325407505,0.093267021700739861,0.15009928594032923,0.18243132531642914,0.19898384877226569,0.21732030866237787,0.25054363714110467,0.27089778315730212,0.26101391273801045,0.094051230958164991,-0.025227023288607597,0.0,0.0,0.0,0.0,0.0,0.0,0.0,0.0,0.0,0.0,0.0,0.0,0.0,0.0,0.0,-0.054222210465619959,-0.14962433243769852,-0.19890242735544841,-0.31634680009805238,-0.421711657444636,-0.43774709427678909,-0.40194543544203043
-0.032570529729127884,0.0020900501403957605,0.021336035802960396,0.060421595349907875,0.087634392082691193,0.060156187042593956,0.054452074070771538,0.10222741775214672,0.12465107254683971,0.13584702536463739,0.14155033665398756,0.17387354373931885,0.18667225167155266,0.19504084872702757,0.20520646224419276,0.23399208966762788,0.23580527026206255,0.23541519691155652,0.090128783588054,0.0,0.0,0.0,0.0,0.0,0.0,0.0,0.0,0.0,0.0,0.0,0.0,0.0,0.0,0.0,0.0,0.0557117760181427,-0.031594968659257053,-0.020496421164974476,-0.12790686808491372,-0.32967506602723545,-0.39330358132719995,-0.39211302333407932
