SouthSea_Web/demo/jsonfile/2017-12-15-11.json
{"header": {"parameterUnit":"m.s-1","parameterNumber":2,"dx":0.1,"dy":0.1,"parameterNumberName":"Eastward current","la1":29.0,"la2":12.0,"parameterCategory":2,"lo2":131.0,"nx":250,"ny":171,"refTime":"2017-12-15T10:58:07.5","lo1":106.0}, "data":
[rows 57 to 75 of 171, columns 84 to 125 of 250]
0.0,0.0,0.0,0.0,0.0,0.0,0.0,0.0,0.0,0.0,0.0,0.0,0.0,0.0,0.0,0.0,0.0,0.0,0.0,0.0,0.0,0.0,-0.10859067847739053,-0.25797070779703751,-0.0026356887097744555,0.12467462422866975,0.16213417098377692,0.24617201575996184,0.21732407491507494,0.13944074183702468,0.09917653352022171,0.083602426170900065,0.098405258025269254,0.1336333881531443,0.17248584713254656,0.20196687646450534,0.14093109882540172,0.095590644019345444,0.019046692243136931,-0.097425410019544259,-0.18794336766004563,-0.24242038889364762
0.0,0.0,0.0,0.0,0.0,0.0,0.0,0.0,0.0,0.0,0.0,0.0,0.0,0.0,0.0,0.0,0.0,0.0,0.0,0.0,0.0,0.0,0.045847298993513419,0.13388488905371299,0.23560613389689844,0.16693994711185323,0.13050142296080319,0.12329273792830381,0.10875348371243285,0.080731197188679993,0.067819318707500187,0.041156563570658708,0.07386955613213958,0.10589016489684582,0.15941221553545731,0.15387571087250343,0.15149870572181848,0.07481587429841359,0.0718207550900323,0.028032187093049287,-0.056316775681140525,-0.1690802573256435
0.0,0.0,0.0,0.0,0.0,0.0,0.0,0.0,0.0,0.0,0.0,0.0,0.0,0.0,0.0,0.0,0.0,0.0,0.0,0.0,0.0,-0.015671550965635106,-0.0038850911212368654,0.054380875637030437,0.0801078189295112,0.099527636305852374,0.086113545435423752,0.053476836901002876,0.0397692187404146,0.027713926362826727,-0.010159673352697582,-0.022765235216807452,0.052134145583425252,0.096694170646369454,0.15860168151557447,0.19540241236488024,0.11211108988417047,0.10870122367685492,0.097406504124038576,0.071989439725875848,0.12483528442680836,0.22040515211928222
0.0,0.0,0.0,0.0,0.0,0.0,0.0,0.0,0.0,0.0,0.0,0.0,0.0,0.0,0.0,0.0,0.0,0.0,0.0,0.058914988612135254,0.0,0.089329957548114985,0.0640374965615563,0.082710422196046074,0.057271633350935117,0.043380492459982635,0.0272663081327374,-0.044814427517768408,-0.081146096946989613,-0.070545200775894851,-0.086466314078404979,-0.12809848239911453,-0.060006808784506843,-0.034310616588260491,0.0166101181659744,0.081530394375716381,0.10367529104567236,-0.08052524463790986,-0.021116946306493547,-0.029033778837936765,0.09219222865680135,0.0842623483389616
0.0,0.0,0.0,0.0,0.0,0.0,0.0,0.0,0.0,0.005512742514507619,0.0,0.0,-0.0056777208741742042,0.0072749876223194105,0.0,0.0,0.0,0.0,0.032574877596335435,0.055049886078975062,0.1143682599067688,0.14233862225559218,0.031516114213715168,-0.0061954256552444013,-0.017255426942233035,-0.026002246225280034,-0.086354617574956091,-0.16872360938932837,-0.16665875083870357,-0.17541167094851984,-0.16887768220018457,-0.21751183807849883,-0.1806550310416655,-0.14205718269714943,-0.071026745664242372,-0.069938729015680462,-0.021278556436300278,-0.053772650600876659,-0.29563361903031665,-0.28275355001290642,-0.25327060164676773,-0.2950506794732064
0.0,0.0,-0.0064052584566525184,0.0093252083009264311,0.0086885254285122872,-0.013554327470126365,0.0042258472430097846,-0.0028706258445822096,0.016216329141061227,0.031402925404503,0.02000053056218529,0.00948394542898644,0.0028692166702101183,0.0070205605974282461,0.027492987760342657,-0.0893814159461703,-0.043391779259793824,0.016676683805599168,-0.011394174449378625,-0.038738527027696062,-0.049590515626522787,-0.050509836826542462,-0.064852030881281414,-0.089638053290545944,-0.13515910685062407,-0.17663053671518961,-0.20989822337160941,-0.19475899222824308,-0.20792443848945,-0.18171942522448878,-0.16801495270596611,-0.19393810842718398,-0.25038287394187031,-0.21550978057914311,-0.085391902830451727,-0.082216968759894371,-0.12011910771781748,-0.0681238321121782,0.0064346966488907737,-0.06226925957228311,-0.18658571849976266,-0.25311571732163429
0.0,-0.015112530573754123,-0.011077025989747266,0.0075379749706690428,0.0,-0.056924862955735643,-0.067556026717390222,-0.037193434295425577,-0.012211736547304069,-0.00079593874893984509,0.03424034446903864,0.025380283068498655,-0.069354367948934556,-0.18789943291081324,-0.20224011747632176,-0.20640622567935069,-0.18121406821341352,-0.16062626203424052,-0.14850106038022459,-0.13790210990006463,-0.13467910830621366,-0.14764017394997858,-0.18713212159334444,-0.21811843765716926,-0.24531841681649289,-0.26868414607915009,-0.23466475257142025,-0.15419595724060423,-0.081415802349939059,-0.071498726014838074,-0.082971630188135,-0.13779243223723911,-0.20308651402592659,-0.26993506981266868,-0.2925476595759392,-0.28948020562529564,-0.14218770945444703,-0.14246060663006371,-0.25846606940031053,-0.18281177886658245,-0.099102460675769388,-0.21203756332397461
-0.011558399883369017,-0.0071595133110900532,-0.0037916228456628255,-0.015001082864086508,-0.047968729561839833,-0.063645226180847989,-0.11724037590863316,-0.15587332053967049,-0.16736430785170309,-0.17610683415121245,-0.18278307942778208,-0.18672172577804125,-0.28499002493805736,-0.32947743852292338,-0.35157693458385153,-0.37736755452658,-0.34282380797095219,-0.29113079607486725,-0.23063050968605175,-0.23798901077948118,-0.23452060855925083,-0.25377299001923315,-0.28464090155095473,-0.25796766852845954,-0.18572247311472892,-0.095336410996257046,-0.054410866631025616,-0.037038327194750309,-0.037132108608554849,-0.081389202632837832,-0.12756818830966948,-0.20838085686167082,-0.25228319366772972,-0.30943426489830017,-0.35375773534178734,-0.38221765416009085,-0.42689303681254387,-0.42029427819781834,-0.42724168962902492,-0.43063132677759441,-0.47159373334475924,-0.43388982330049786
-0.047140726055694381,-0.018848099149545307,-0.045932075820906741,-0.075424649359244977,-0.14283279113439254,-0.2414701928036532,-0.25103655648092893,-0.2836567528786198,-0.32088313020508863,-0.32486137444690122,-0.31307136302902583,-0.33838847893125873,-0.37711490001251446,-0.43097345996648073,-0.48165894463910897,-0.39846034377228978,-0.37988870894467391,-0.38502707911862266,-0.33733883716843344,-0.2925853444771333,-0.21734905511140823,-0.17303576109544286,-0.14324706706863183,-0.11230892898901454,-0.095374863387809858,-0.0706655706744641,-0.063303690111520247,-0.0670144319562193,-0.100273882644251,-0.14625745884735475,-0.20043661911040545,-0.28199293407110065,-0.33961183610169782,-0.39598851854150946,-0.42717230692505836,-0.45206940599850248,-0.54461471949304852,-0.60221774379412329,-0.60073705514272058,-0.5536263485749563,-0.52844769954681392,-0.42736529452460154
-0.058476023532169415,-0.062624652690435725,-0.037779804639886394,-0.10097205129937387,-0.23046518429633109,-0.27482985667252946,-0.32935206095377606,-0.41226322286658817,-0.36614456641323428,-0.34427313151813688,-0.3444109959848996,-0.3956372529268265,-0.458229529761499,-0.5171173123212961,-0.40736150176360691,-0.35392179109833455,-0.3922235091527303,-0.43408323185784475,-0.41841132442156476,-0.37851736762306909,-0.330410306183797,-0.28605155055892878,-0.26127602598246408,-0.20104170934512064,-0.17861565456111381,-0.13510220497846603,-0.16775188231190971,-0.21528208557818387,-0.27724525256034654,-0.29079136124679023,-0.31149443771157947,-0.33822924034162,-0.38556190994050765,-0.42801783127444132,-0.45237753540277481,-0.54405243481908527,-0.64063911885023117,-0.685983555657523,-0.60814262287957332,-0.50804727524518967,-0.32972747584184009,-0.23849958926439285
-0.056779996426972817,-0.093531131624214114,-0.11875172529482481,-0.19854245915570679,-0.26947322689880759,-0.35165239988811431,-0.38301654033741711,-0.3437248801191648,-0.39029755323163923,-0.38986342119388895,-0.38140796671311061,-0.32555249705910683,-0.37559710341995045,-0.37940534683210508,-0.26720382422208788,-0.2755792538324992,-0.28713071346282959,-0.32226698708777524,-0.38990334707957047,-0.3563440553113526,-0.32975740274604487,-0.29637781920887174,-0.26614949140283795,-0.25335767674140441,-0.23551050373693791,-0.25025709654603684,-0.28245963607773639,-0.28794790165764944,-0.29480283202663543,-0.29115171836955206,-0.33763686081637506,-0.37586004189822986,-0.45130836022527593,-0.4945182760556539,-0.536692887544632,-0.59613596068488228,-0.60959887504577637,-0.57793039083480835,-0.45210034648577374,-0.35093122224013013,-0.26482533344200682,-0.10242870971560478
-0.17131921772676084,-0.16861014552863249,-0.17764600449138218,-0.299666975709525,-0.33336019515991211,-0.32184152769260721,-0.33781472008143154,-0.39568550758442639,-0.44456888004845263,-0.44469538394440994,-0.42266493240992226,-0.38771064420963858,-0.30309478255609673,-0.20009040254719404,-0.15002847732381619,-0.19995727679795688,-0.22606029957532883,-0.2253922435798143,-0.25851456337683909,-0.27454640439578465,-0.26418373207835588,-0.26495361234992743,-0.25664808203776679,-0.27538486953937646,-0.26258691613163265,-0.24223518988181805,-0.2276238463819027,-0.21759070952733359,-0.22731625767690794,-0.23692750682433447,-0.28608974986351454,-0.31784160375595094,-0.370423891544342,-0.38798728428388896,-0.47351747292738694,-0.49851683594963769,-0.53045902028679848,-0.440977726663862,-0.35761273072825539,-0.30061108246445656,-0.28132473180691403,-0.20134548749774694
-0.28891628950533238,-0.25707503835360207,-0.24588592867884371,-0.2621122674336509,-0.27457935437560083,-0.32704301256882518,-0.35460953495719216,-0.36760454074196192,-0.36149201895061295,-0.34987310982412761,-0.3351640755479986,-0.32519420236349106,-0.29601277907689411,-0.24329052968271847,-0.21452445288499197,-0.18648282917482512,-0.18051281211705045,-0.17263294314896618,-0.14232464932969638,-0.13839082978665829,-0.13119431997516326,-0.12294322468473443,-0.13205621740349602,-0.14941184916372957,-0.18664628783097634,-0.15779587139303869,-0.12687214601922919,-0.12266881886424254,-0.11039521683145452,-0.17069722929348549,-0.24108626750799325,-0.3276127353310585,-0.42449231516747249,-0.38182090388404,-0.42263388984343586,-0.4703843891620636,-0.46246823171774548,-0.34958636139829952,-0.15908892384984277,-0.072301176799969238,-0.067730577895417809,-0.007891327408807618
-0.31037512520949045,-0.3392617404460907,-0.26772765454746061,-0.21801638783052049,-0.20788522707481011,-0.23080326686071795,-0.26247523179868371,-0.28210653364658356,-0.28162376486486,-0.27930064712251934,-0.26957100510597232,-0.24284990934225229,-0.23485683677373109,-0.26592555928688782,-0.26903584361076355,-0.25216748966620517,-0.22172412808452333,-0.17861783819702956,-0.12717271704847613,-0.0587780090655932,-0.0065399922982410149,0.018786464602901384,0.028604603399379321,-0.0027291537620700323,-0.057447496691435972,-0.0071129140993765431,0.0433583073151697,0.082461911328136919,-0.069422047791214511,-0.27187311390171881,-0.36916409108949744,-0.45393429944912594,-0.34065059536979314,-0.30064648546670614,-0.38664074880736216,-0.49110710422197978,-0.38415682502090931,-0.17821295960591391,-0.083152962289750582,-0.023939211295025114,-0.011980240543683371,0.058549246750772
-0.19759869864627497,-0.29244920130698909,-0.32745448235542546,-0.30886109173297882,-0.25757611740608605,-0.19499671459197998,-0.14035095827233407,-0.10844522217909496,-0.091534115141257644,-0.071314005692749136,-0.07443348205505082,-0.073593511881951526,-0.11723385091214109,-0.1931001297556437,-0.22396285885146686,-0.23238133352536422,-0.15528403595089912,-0.066003523702765327,-0.01927513549104333,0.011888474140765279,0.0074044160210178234,-0.033852583005292605,-0.046187357555481867,-0.021022152939434,0.0018780465886395956,0.087141737686815088,0.040391477406956255,-0.040922162002297466,-0.11898022847106823,-0.25463600815446291,-0.2547409629279917,-0.32577687031344366,-0.31362598507027878,-0.24392970237467024,-0.31790005108889413,-0.36160091705182018,-0.18125999061500325,-0.0600242487301952,-0.033532702914354479,-0.00093032503597593552,0.02424670399632305,0.072929295711219311
-0.14199748680447089,-0.12336935272270982,-0.18095567735532919,-0.23487005017849863,-0.260907707688136,-0.24283477904335146,-0.18271635644710982,-0.11275744165938634,-0.047754414690037571,-0.016328757246956229,0.0097789076001693811,0.024650481610129085,-0.00990498568541531,-0.14648724852928094,-0.21889037585684232,-0.1899715034025056,-0.06771910873552163,-0.073779095574442677,-0.043389479174705529,0.00061966289750075545,-0.054050251600399078,-0.15181285565098127,-0.058525573422472617,0.083609537221491337,0.10794711902483621,-0.013809877913445234,-0.13053350311158032,-0.1389761797056116,-0.012437911614632377,-0.0275843684341655,-0.1245593849139718,-0.21552500724792481,-0.23652514380713305,-0.2137582458200909,-0.26923117590577977,-0.16424573716871879,-0.0405339856777573,-0.024633294837549329,-0.064124737104231666,-0.06366081302985549,-0.02283043686587077,0.040183627512305975
-0.24719315060114455,-0.20400721655558732,-0.14316252134149038,-0.11080076707446057,-0.12550828158855437,-0.13917027014706815,-0.14992492149273554,-0.13968738278856985,-0.14340540979589736,-0.14728786713547176,-0.15011703471342722,-0.13784721508049047,-0.12106907593884639,-0.15590124896594457,-0.18187031406780768,-0.127348939737966,-0.045609411494485261,0.02035193045792932,-0.02190218888426898,-0.19932300072190734,-0.21303552156314254,-0.08982340186467451,0.092791523194007047,0.031701703972154945,-0.1997813269457159,-0.29932636790203326,-0.23223118018358946,-0.0614607785246335,0.05277936785192839,0.017098140603463565,-0.21299960823463543,-0.33344454739404761,-0.29928561073282489,-0.30176666108044709,-0.19670244235368,0.029218877333083322,0.067325374063026786,0.043034494612329582,-0.012360881129279733,-0.02208895417344239,-0.017092942468783196,-0.0059356378158554437
-0.30822404677217657,-0.29243754374760167,-0.2583310224470638,-0.18989069900802663,-0.13094503139810904,-0.097045156955719,-0.060286568349291539,-0.043785686604678631,-0.14305992968953574,-0.24660447184686307,-0.25195885863569045,-0.21011559125678292,-0.15532191204173224,-0.18779658646352829,-0.20146435499191284,-0.11407224653709319,0.02629346211142547,0.010993908989864092,-0.35701580952401413,-0.31551516387197709,-0.12932195804185337,0.058900018924185518,0.044547957106260583,-0.2451934668621639,-0.5090752413143983,-0.43890606412073463,-0.28191172000434661,-0.1432214333292316,0.035115585267810862,-0.088999164687642213,-0.417576651121008,-0.43549814571936923,-0.3905940254529317,-0.32672151207923888,0.0099131111055612564,0.16707926392555236,0.171729747738157,0.12999456882476806,0.0709362779320641,0.033663268263141317,0.013488615381132919,-0.025733302463777363
-0.26041409538851845,-0.28436547766129178,-0.28688890569739872,-0.25098774929841361,-0.17815926979328023,-0.12079467833042144,-0.077272872906178236,-0.08497377656400204,-0.13723291030951909,-0.13409384491818924,-0.086430416370813667,-0.073922838244972561,-0.11568041698586556,-0.20726401684805751,-0.23403346394338914,-0.093577948851244791,-0.087536239750786782,-0.37137385122478006,-0.44038194488911403,-0.27945311580385479,-0.10016384534537792,0.015887720034354263,-0.0734101993243248,-0.38733959613844404,-0.576243115232346,-0.45275309619804222,-0.30132893634879071,-0.14923968856654515,-0.048799576741215343,-0.20797339014031671,-0.38118585367356578,-0.33894226380756926,-0.41727170233543104,-0.28862301346201163,0.0774012267966533,0.19739737835797397,0.17324646534743132,0.12972807418555021,0.073925436101853842,0.03668109723366797,0.025330833732508697,-0.0030338411769745026
