SouthSea_Web/demo/jsonfile/2017-12-16-10.json
{"header": {"parameterUnit":"m.s-1","parameterNumber":2,"dx":0.1,"dy":0.1,"parameterNumberName":"Eastward current","la1":29.0,"la2":12.0,"parameterCategory":2,"lo2":131.0,"nx":250,"ny":171,"refTime":"2017-12-16T10:01:52.5","lo1":106.0}, "data":
[rows 133 to 151 of 171, columns 126 to 167 of 250]
-0.065472718328237534,-0.059609652807315193,-0.045614725910127163,-0.031500628218054771,-0.024103215895593166,-0.012075590280195078,-0.0021304515030351467,0.0043103788497815413,0.021865179244842794,0.036259418146477804,0.017812459912550236,-0.022581936379608054,-0.052472522609274493,-0.019499312767660933,0.0,0.0,0.0,0.0,0.0,0.0,0.0,0.0,0.0,0.0,0.0,0.0,0.0,0.0,0.0,0.0,0.099049840122461319,0.024923076196997004,-0.0032612710259854794,-0.030521834501996636,-0.12178429464499156,-0.21363881602883339,-0.26747304350137713,-0.34883457753393388,-0.41824186593294144,-0.44948953721258378,-0.51935792714357376,-0.62912276387214661
-0.10124931484460831,-0.076649941504001617,-0.043373876561721168,-0.013064695638604462,-0.0026108210052674017,-0.0016353885512216948,0.028421981260180473,0.03882933035492897,0.035652197728102859,0.046794719655405388,0.0333313142711466,0.0041321731405332685,-0.050570281222462654,-0.030203570922215778,0.0,0.0,0.0,0.0,0.0,0.0,0.0,0.0,0.0,0.0,0.0,0.0,0.0,0.0,0.0,0.0,0.067549677653005347,-0.020534040829674763,-0.015448555246823363,-0.0819412452930754,-0.20482868227091702,-0.27329193303982419,-0.31955867192961951,-0.37983194291591643,-0.43103099862734479,-0.44848445057868958,-0.530430281162262,-0.650942474603653
-0.096132747828960419,-0.05912812752649188,-0.031326708694299064,0.0022976469093312821,0.032078628117839493,0.053061270021966526,0.067770692623323858,0.05724439314670033,0.04904997804098659,0.048563680301109947,0.045300223761134677,0.022012435365468264,-0.029197603056672961,-0.035804718732833862,0.0,0.0,0.0,0.0,0.0,0.0,0.0,0.0,0.0,0.0,0.0,0.0,0.0,0.0,0.0,0.032495581079274416,-0.033556392726798855,-0.082841944481645308,-0.090799345550211991,-0.12504656612873077,-0.23351061344146729,-0.30407317118211225,-0.36404451396730209,-0.40855517610907555,-0.44534577429294586,-0.48387888818979263,-0.56669986248016357,-0.67704495042562485
-0.02317607426084578,-0.00131460124005874,0.0077775632671546191,0.022447290481068194,0.048717637313529849,0.083511333912611008,0.091004884801805019,0.075494306782881423,0.056173755702647293,0.047958693156639733,0.033656481446491346,0.017866158683318645,-0.015121375960815284,-0.030010172165930271,0.0,0.0,0.0,0.0,0.0,0.0,0.0,0.0,0.0,0.0,0.0,0.0,0.0,0.0,-0.041421450674533844,0.017092217691242695,-0.10308192996308208,-0.1939277619123459,-0.23967860295222357,-0.24854494631290436,-0.27795664303832585,-0.30054726699988049,-0.33562287417325104,-0.38960143110968848,-0.42141902115609908,-0.48272722065448759,-0.56677020920647514,-0.66968019604682927
0.021431755895415943,0.034293649097283684,0.0347292764733235,0.065421556681394571,0.093124454841017723,0.095401162547724586,0.10153173820839988,0.086152646690607071,0.05912197008728981,0.047223737463355064,0.036707387971026559,0.036362486722117122,0.014901626231481455,-0.0066553797417630749,-0.015328399837017059,0.0,0.0,0.0,0.0,0.0,0.0,0.0,0.0,0.0,0.0,0.0,0.0,0.0,-0.010678009042749181,0.029380192793905736,-0.076814896504705146,-0.23801701764265695,-0.30974135133955216,-0.34463004271189374,-0.35486635234620834,-0.32879936695098877,-0.31608955264091493,-0.37764338321155971,-0.41309401392936707,-0.48342843353748322,-0.57098120450973511,-0.67568792237175834
0.050541335095961891,0.0651219052573045,0.062186839058995247,0.081969337165355677,0.12278370410203934,0.1205860897898674,0.10482343286275864,0.0783451646566391,0.062540914863348007,0.060565085615962744,0.055585580981440015,0.06775670824572444,0.061792370759778552,0.028384847508277744,-0.0070353150367736816,0.0,0.0,0.0,0.0,0.0,0.0,0.0,0.0,0.0,0.0,0.0,0.0,0.0,0.034641832113265991,0.068957763058798652,0.01985547337681055,-0.12069604013647352,-0.18709392249584197,-0.26532392799854276,-0.34003362556298572,-0.34881526827812193,-0.35634952485561372,-0.42161253636533563,-0.47748110294342039,-0.53415941379287024,-0.62298950552940369,-0.71494958798090613
0.097502653797467545,0.097907202939192459,0.10913235880434513,0.12620311975479126,0.14376695752143859,0.13477344810962677,0.11153819598257542,0.07449024096131325,0.049442515149712561,0.054384421091526747,0.069708289070562882,0.0859469258122974,0.09126423618623189,0.084654922996248522,0.0058846055374791222,0.0,0.0,0.0,0.0,0.0,0.0,0.0,0.0,0.0,0.0,0.0,0.0,0.0,0.0,0.033128155084947743,0.093668345775869161,0.082276277864972755,0.031806186307221651,-0.029335922212339938,-0.20144667476415634,-0.31204819408330048,-0.3819426506757736,-0.46934061869978905,-0.51197997927665706,-0.52468945980072024,-0.59401659170786536,-0.66969870924949648
0.14448582008481026,0.15816441178321838,0.16278487940629324,0.17197104692459106,0.17526258279879889,0.1601675216640745,0.13090131006070546,0.087233339436352253,0.068800875172019008,0.068373146280646321,0.091093397699296474,0.1116936169564724,0.12891699224710465,0.1108363111104284,0.050836106845443804,0.0,0.0,0.0,0.0,0.0,0.0,0.0,0.0,0.0,0.0,0.0,0.0,0.0,0.0,0.0,0.023679883056320249,0.10156997394832698,0.023111385409720242,0.0,-0.081326903658919036,-0.12136425556881088,-0.22717076838016509,-0.35255803763866422,-0.383307008580728,-0.44556145866711933,-0.50182286175814539,-0.565684688091278
0.16994098573923111,0.19803293546040854,0.21037558317184449,0.204177255431811,0.20392606854438783,0.19250207394361496,0.16982428357005119,0.12674803845584393,0.11914545297622681,0.11912955865263938,0.14095594402816561,0.15206506186061436,0.14582275040447712,0.12854859842495484,0.078443099744617939,0.060777772217988968,0.0097765710500728655,0.0,0.0,0.0,0.0,0.0,0.0,0.0,0.0,0.0,0.0,0.0,0.0,0.0,-0.018806731677614152,0.015389539840335991,0.034058972913771871,0.0,0.0,0.0,-0.0030300620943307876,-0.084279491333290935,-0.13878526259213686,-0.2544725090265274,-0.41644384644248267,-0.48697440326213837
0.18054505685965219,0.20744143923123679,0.21868949135144553,0.21268662437796593,0.20824834456046423,0.20660905838012694,0.19088364498955862,0.17323398093382517,0.16565228998661041,0.16220914423465729,0.15540991574525834,0.14609164425304957,0.12554884515702725,0.11061419174075127,0.093854416575696736,0.10242831334471703,0.050051545491442084,0.054263475234620273,0.0,0.0,-0.018534284085035324,0.0,0.0,0.0,0.0,0.0,0.0,0.0,0.0,0.0,-0.033364197704941034,-0.050529474340793162,0.02665568666998297,0.051451175784071289,0.0031137606129050255,0.064814048619674783,0.1028035581111908,0.18661863593151792,0.1880314382336413,0.043816824164241555,-0.106702209993576,-0.23992737202735787
0.18416678160429,0.20711022242903709,0.21114838123321533,0.20519516617059708,0.1984083279967308,0.20494663715362549,0.20447342470288277,0.19672076553106307,0.18665491603314877,0.181927652657032,0.161447437107563,0.14227217584848403,0.12841339875012636,0.10846662831803162,0.1157686859369278,0.11833888495510275,0.054016719638769119,0.0,0.0,0.0,0.0078841055277735,0.011979934593130435,0.039075673557817936,0.0005510672926902771,0.0,0.0,0.0,0.0,0.0,0.0,0.14575561881065369,0.16053694699491775,0.09553643674231492,0.057684296643128616,0.09604470431804657,0.10564576224847273,0.15350578808122212,0.20249872903029123,0.2172064296901226,0.13915079547201886,0.086050054430961614,0.074563560231278345
0.19663489361604056,0.20282682776451111,0.19538486748933792,0.18830620646476745,0.1920246660709381,0.20300067216157913,0.19918906901563918,0.19069478809833526,0.17635930515825748,0.16731563061475754,0.14872611612081527,0.1419068668037653,0.13859670609235764,0.1321668972571691,0.14709108602255583,0.16804130673408507,0.13179149478673935,0.11364873498678207,0.024983270093798637,0.0,0.032986514891187348,0.03590711357537657,0.037274612113833427,0.015448585106059908,-0.047953572124242783,0.0,0.0,0.0,0.0,0.0,0.021823051851242781,0.09569703311555916,0.10684839785099029,0.063080902909860015,-0.013457798957824707,0.02400720080671211,0.027104937979443508,0.071861249136014119,0.029313453261486509,-0.0052623486103997993,0.042225924087688327,0.082110781636503011
0.19853230317433676,0.19278436899185181,0.17814816037813822,0.17892442271113396,0.17605511844158173,0.18447656716619218,0.18491754787308828,0.17663010127014583,0.15892955660820007,0.12914365281661352,0.11593941930267546,0.11613906107165596,0.12462981707519955,0.14480474293231965,0.16185552288185467,0.17548768884605831,0.14096835007270178,0.08833340058724086,0.036584872112143785,0.0,0.014138971765836081,0.010617520834784955,0.036370126840968929,0.05541783685071601,-0.0099099695216864347,0.0,0.0,0.0,0.0,0.0,0.024999452754855156,-0.0133696049451828,-0.0355123852125623,-0.021253944025374949,-0.062036034439436415,-0.12642734226855365,-0.17130943511923155,-0.17757631167769433,-0.21335385218262673,-0.1708235926926136,-0.11436842314221642,-0.055790832583707844
0.18668889999389648,0.17928457260131836,0.15757491687933603,0.14813207387924193,0.15132864192128182,0.17369667813181877,0.18531844764947891,0.17979036271572113,0.15730155342155033,0.12033370211720466,0.0926816888153553,0.090255512855947018,0.1004571948539127,0.11571841551498933,0.13165532729842447,0.14746725807587305,0.1509507182571623,0.12353094418843587,0.073120513930916786,0.11278394013643264,-0.0034665459922204414,-0.04147062636911869,-0.036914653331041339,0.0,0.0,0.0,0.0,0.0,0.0,0.0,0.0,-0.075938297967825613,-0.11104289740324021,-0.1036506243981421,-0.14622487737373871,-0.21278536048802463,-0.26144099086523054,-0.32058725953102113,-0.35290588438510895,-0.31112517551942304,-0.23700586259365081,-0.16906135943200853
0.1491794635852178,0.13906556740403175,0.13897641996542612,0.11151088774204254,0.11907106786966323,0.14425239073378698,0.15900538489222527,0.1581300999969244,0.14007307142019271,0.11628962680697441,0.093380228430032727,0.08736130730672316,0.083379239775240421,0.088812934404069732,0.082211474577585861,0.093436331234195022,0.1373306984702746,0.13231109827756882,0.053971305722370744,0.038613810798981123,0.020634228922426702,-0.0073003663371006651,0.0,0.0,0.0,0.0,0.0,0.0,0.0,0.0,0.0,-0.06713391188532114,-0.11768124575933649,-0.18282624276784751,-0.20977374775843186,-0.27059495324889821,-0.32715586324532825,-0.32778989937570358,-0.33035651221871376,-0.38159215450286865,-0.20790480077266693,-0.25812628865242004
0.095864292234182358,0.094911776483058929,0.093462532386183739,0.082203278318047524,0.091326636572678879,0.11575252003967762,0.12914192179838815,0.13311230923448289,0.12608377113938332,0.11622977587911818,0.099811112880706793,0.081427762077914342,0.0606113305936257,0.04791422219326099,0.044275083446076939,0.035714968128807166,0.060277433134615421,0.079134636041190892,0.015490581397898495,0.0051249935964329373,-0.031653536949306726,0.0,0.0,0.0,0.0,0.0,0.0,0.0,0.0,0.0,0.0,0.0,-0.031020402532621203,-0.072243147423829548,-0.11899194804330666,-0.15999370316664377,-0.24181052669882774,-0.13165634548446784,0.0,0.0,0.0,0.0
0.083314713090658188,0.082162568345665932,0.077707539002100631,0.064509539864957333,0.062080882489681244,0.082612220197916031,0.10697945654392242,0.10853838548064232,0.11621271818876267,0.11334554768270916,0.095537019520998,0.053617231361567971,0.017051142394646175,-0.012609241172098197,-0.024383938480501195,-0.030473168689890633,-0.038696445416038235,0.0011743027985525818,-0.020496193629999954,0.00019930466078221798,0.013546615598897915,0.0,0.0,0.0,0.0,0.0,0.0,0.0,0.0,0.0,0.0,0.0,0.022200770676136017,-0.0048872061412442817,0.015698390826582909,0.0064438965171575548,-0.0063770081615075469,0.033594679087400436,0.0,0.0,0.0,0.0
0.08746999129652977,0.090403556823730469,0.084759082645177841,0.0705089382827282,0.060332909226417542,0.075397500768303871,0.099082486331462855,0.0882902102810996,0.088040654148374281,0.072631812840700152,0.038209816958341331,-0.00015055403928272427,-0.029712081095203756,-0.091458185934103459,-0.13651827126741409,-0.13007338416008724,-0.10721766410602464,-0.0064567651425022632,0.035292003769427538,0.014279758557677269,0.033407417242415249,0.0,0.0,0.0,0.0,0.0,0.0,0.0,0.0,0.0,0.0,0.0,0.0,-0.042925955262035131,-0.0346442334767845,-0.0066577959029624862,0.028528880211524665,0.040758538991212845,0.0,0.0,0.0,0.0
0.088816791772842407,0.085700597614049912,0.075336851179599762,0.060483673587441444,0.048693553544580936,0.054814323782920837,0.073609592393040657,0.070077764987945559,0.061259447829797864,0.0034875692282285956,-0.034551637945696712,-0.041932811262086034,-0.084151644546252027,-0.18006914634914958,-0.22753229145226733,-0.14887801590521121,-0.076370783999343134,0.0823213867333834,0.0461160038156729,0.02587296408213054,0.029963121865876019,0.0,0.0,0.0,0.0,0.0,0.0,0.0,0.0,0.0,0.0,0.0,0.0,0.0,0.0,0.0046061896719038486,0.0083348507614573464,0.0,0.0,0.0,0.0,0.0
