SouthSea_Web/demo/jsonfile/2017-12-14-20.json
{"header": {"parameterUnit":"m.s-1","parameterNumber":2,"dx":0.1,"dy":0.1,"parameterNumberName":"Eastward current","la1":29.0,"la2":12.0,"parameterCategory":2,"lo2":131.0,"nx":250,"ny":171,"refTime":"2017-12-14T19:58:07.5","lo1":106.0}, "data":
[rows 95 to 113 of 171, columns 168 to 209 of 250]
-0.033096658114932086,-0.10617013399799664,-0.20632980231727874,-0.21391266355147728,-0.154497050990661,-0.1100847952067852,-0.066190095825327769,-0.040600653737783432,-0.058916512876749039,-0.0758492611348629,-0.055236482371886574,-0.013979346491396427,0.010065655515063554,0.047781794331967831,0.10361073166131973,0.12701889872550964,0.093991883099079132,0.027606367133557796,-0.0075561073608696461,0.013423045398667455,0.011845213826745749,0.0511405635625124,0.061048272997140884,0.077137097716331482,0.0746762603521347,0.0980856642127037,0.1431092843413353,0.17148269712924957,0.19309021532535553,0.19936864823102951,0.1825234442949295,0.10525521636009216,0.05151868611574173,0.0,-0.070504829287528992,-0.13415061682462692,-0.21101262420415878,0.0,-0.26608356833457947,-0.27138471603393555,-0.23398604989051819,-0.17671085149049759
0.01568354499575339,-0.068549870321636688,-0.16345393005758524,-0.16742662712931633,-0.11847209185361862,-0.099695679816332733,-0.058601167052984238,-0.045767903327941895,-0.062014470994472506,-0.072053217887878412,-0.057443223893642426,-0.017329012742266059,0.011923285356412331,0.050170479963223137,0.095374353229999542,0.11691595613956451,0.089975425352652863,0.032454579719342291,0.019860356580466032,0.026314279064536095,0.058481467887759209,0.091920580714941025,0.099435031414031982,0.091866228729486465,0.09007146954536438,0.10428649559617043,0.14504995942115784,0.17920167744159699,0.19248802959918976,0.20018249750137329,0.1772807240486145,0.13508833944797516,0.088997796177864075,0.02423693984746933,-0.047117121517658234,-0.15087728202342987,-0.18169260025024414,-0.24006929993629456,-0.28649643063545227,-0.27264851331710815,-0.24364782869815826,-0.15779729187488556
-0.0021168766792730559,-0.022020173832667449,-0.031675714897573926,-0.038806583701322478,-0.045920563292262767,-0.048932861187495291,-0.035954810585826634,-0.028056309325620532,-0.035137545006970562,-0.050755217671394348,-0.041936013847589493,-0.0097065342124551535,0.046549575775861739,0.082144655287265778,0.12603550404310226,0.14381400495767593,0.10613469779491425,0.048942695371806622,0.031919985078275204,0.050439485659201942,0.080273386090993881,0.099064722657203674,0.1024145595729351,0.089762933552265167,0.082779757678508759,0.10748063772916794,0.14512159675359726,0.18219926953315735,0.20383361726999283,0.20192866772413254,0.18080934137105942,0.14419011771678925,0.0,0.018428720533847809,-0.064317449927330017,-0.10525524616241455,-0.19168336689472199,-0.2363242506980896,-0.26257431507110596,-0.27305880188941956,0.0,-0.19212945550680161
-0.072245588082642781,-0.10939449424806394,-0.0967475130326218,0.0043231798481429,0.065936918021179736,0.060204440184558429,0.020031716105424695,0.0066815815683055136,-0.0024175159891860355,-0.000994078748460327,0.0064231951255351305,0.025155189726501704,0.095123042662938431,0.13666143454611301,0.17251615226268768,0.16801918049653372,0.10534290969371796,0.049319355748593807,0.027331117540597916,0.049696857730547585,0.081605967134237289,0.098766211420297623,0.0944601558148861,0.083724513649940491,0.087160762399435043,0.11766980588436127,0.16107042133808136,0.19829613715410233,0.21472615003585815,0.2063336968421936,0.0,0.15787696093320847,0.10155197232961655,0.0089944899082183838,-0.062966190278530121,-0.12292111292481422,0.0,-0.21002013981342316,-0.26312011480331421,-0.25265491008758545,-0.23807805776596069,0.0
-0.080914848200652909,-0.12302440866118386,-0.12756839120074323,-0.085119898485786771,-0.027386621913562219,0.013086752189944187,-0.014015977445524186,-0.030937539439441428,-0.051261089076953273,-0.027224610249201458,-0.012307204771786928,0.028701789444312453,0.0738862007856369,0.12431762553751469,0.15299897144238153,0.12675313279032707,0.0929127037525177,0.027748314042886097,0.019875134341418743,0.040109090507030487,0.071459588905175522,0.094607997685670853,0.090873625129461288,0.089040890336036682,0.11516295373439789,0.14036120474338532,0.18222399055957794,0.21401439607143402,0.0,0.22285772114992142,0.19340525567531586,0.16797423362731934,0.12341713905334473,0.0037007946521043777,-0.0639023631811142,-0.11812246590852737,-0.1674458235502243,-0.22811055183410645,-0.2139042466878891,-0.23516049981117249,-0.19904383271932602,-0.15933643281459808
-0.087228912050309387,-0.076426576556903977,-0.043296259490920135,-0.0652272384846583,-0.071539143566042185,-0.0811190066429285,-0.10964697057550604,-0.11968646778000726,-0.12130422464438848,-0.10132313799113035,-0.080131041817367077,-0.04358511529862881,0.00832992885261774,0.0730363791808486,0.088236590226491288,0.0671225693076849,0.04543965682387352,0.011376377350340286,0.01897453935816884,0.041791755706071854,0.069365443661808968,0.10287529602646828,0.102234847843647,0.11480167135596275,0.1389283761382103,0.16419987380504608,0.18911264836788178,0.2183312401175499,0.23570363223552704,0.25010918080806732,0.21874621510505676,0.18889275193214417,0.077352344989776611,-0.026924440637230873,0.0,-0.099186159670352936,-0.14349514245986939,-0.17382542788982391,-0.19014713168144226,0.0,-0.16963878273963928,-0.12995327264070511
-0.095206242192674567,-0.043273331131786108,0.0024085860204650089,-0.0089916520005585074,-0.040615561767481267,-0.088561846491168522,-0.13316064192490143,-0.15963320434093475,-0.14165783590740627,-0.143507681787014,-0.12774175157149634,-0.096017241477966309,-0.041417506212989487,0.024763975913325947,0.052084642151991524,0.019479710608720779,0.012674188241362572,0.0098850834183394909,0.014877179637551308,0.052264247089624405,0.081853076815605164,0.10685386508703232,0.11006958037614822,0.13883519669373831,0.15458883345127106,0.1704820841550827,0.18874590843915939,0.21038767695426941,0.25216184556484222,0.25705969333648682,0.23459307849407196,0.18194326758384705,0.12050276249647141,0.013582703657448292,-0.073394365608692169,0.0,-0.121707022190094,-0.15663182735443115,-0.15883998572826386,-0.15451732277870178,0.0,-0.11589430272579193
-0.059780447672192864,-0.018369089035938185,-0.0019941146879102149,-0.037341220215672537,-0.044618453131988645,-0.056993773316635805,-0.091336638799735484,-0.12695685774087906,-0.13458013960293361,-0.15813504585197993,-0.15998846665024757,-0.1117255911231041,-0.039986363301674523,0.013555867713876069,0.0317451860755682,-0.010237793438136578,-0.00011806644033640623,0.016298010479658842,0.030274933204054832,0.075107946991920471,0.1066407822072506,0.11719600856304169,0.14387977868318558,0.15762630105018616,0.16590319573879242,0.0,0.19378972798585892,0.24514161050319672,0.25535678863525391,0.26615512371063232,0.21707205474376679,0.15169417858123779,0.070180779322981834,-0.0020630545914173126,-0.052860263735055923,-0.095552772283554077,0.0,-0.0929950475692749,-0.12529562413692474,-0.1205296590924263,-0.11895313858985901,0.0
0.026943318457342685,0.040086590111828767,-0.0026033540295126536,-0.058548053354024888,-0.071517262388678157,-0.046408890513703227,-0.053823825670406222,-0.094545646928823918,-0.14351414609700441,-0.17825243302753993,-0.16795691847801209,-0.12231707200407982,-0.055063541978597641,0.0062245586887001991,0.0024774436678853817,-0.022383661940693855,5.443464033305645E-05,0.022308713756501675,0.042774932458996773,0.0921660711367925,0.13794321566820145,0.15371836721897125,0.16776025295257568,0.16569167375564575,0.16300031542778015,0.17384908348321915,0.19656879454851151,0.21649445593357086,0.24832590669393539,0.2602982372045517,0.22896658629179,0.12063436210155487,0.025054505094885826,-0.043428730219602585,-0.062832631170749664,-0.083457894623279572,-0.0899086445569992,-0.071385413408279419,0.0,-0.084687449038028717,-0.088709756731987,-0.0880458652973175
0.0753753471116607,0.10890640031832916,0.01729348804136472,-0.050523976256188596,-0.084420372918248179,-0.063223023712635038,-0.0339235762367025,-0.076299931854009628,-0.13705007856090865,-0.16639088945729391,-0.15940363705158234,-0.11557002365589142,-0.059613195806741716,-0.019967987667769194,-0.022721005603671074,-0.026872973268230755,0.0020433144309208728,0.02530796080827713,0.061585953459143639,0.10121303424239159,0.15330228954553604,0.16673931479454041,0.1670447364449501,0.15588008364041647,0.13258019089698792,0.16162130981683731,0.18234722316265106,0.213993102312088,0.23316818475723267,0.22412900626659393,0.15896657109260559,0.10597514361143112,0.0023541247937828302,-0.053208239376544952,-0.070275217294693,-0.069352671504020691,-0.0687159076333046,-0.040953438729047775,-0.037467768415808678,0.0,-0.0562698133289814,-0.070122197270393372
0.10023439244832844,0.12399078876926349,0.062832671556283123,-0.021486383663224324,-0.083963290249046529,-0.054628593595943561,-0.011366687781576599,-0.061047718993255069,-0.11772307101637125,-0.13264204478926128,-0.1243849140074518,-0.098047627136111259,-0.048314434786637626,-0.025123609229922295,-0.024710324282447498,-0.012468844186514616,0.011432702420279384,0.043109167367219925,0.078328870236873627,0.11298208683729172,0.14770782738924027,0.15584695339202881,0.14159952104091644,0.14732477068901062,0.12333280593156815,0.12899281829595566,0.13284119963645935,0.17626471817493439,0.19990889728069305,0.18740353733301163,0.13042394816875458,0.0085497358813881874,0.0,-0.063131242990493774,-0.064896225929260254,-0.038312971591949463,-0.024701880756765604,-0.017672890797257423,-0.0068771382793784142,-0.027971312403678894,0.0,-0.05797986313700676
0.098168339460126819,0.12230175668778627,0.096132041643495147,0.02760694040972296,-0.050192584283649921,-0.014213417103746906,0.033894469903316349,-0.0243108456363968,-0.085636856241358653,-0.1061895377933979,-0.097919747233390808,-0.07084665199120839,-0.027157122967764735,0.0020224462496116757,-0.004050207169105609,0.0085628645222944524,0.033782069571316242,0.0654594786465168,0.097128827124834061,0.12748211994767189,0.14370112121105194,0.14290174096822739,0.12612997740507126,0.099549924333890275,0.078671768307685852,0.078751686960458755,0.11009903252124786,0.13661716878414154,0.13074582815170288,0.11021430045366287,0.078932620584964752,0.0030255264136940241,-0.057074297219514847,-0.063724681735038757,-0.039602320641279221,-0.00028597333584912121,0.03956897184252739,0.051522649824619293,0.029375018551945686,-0.0006929030641913414,-0.0385226234793663,0.0
0.054173712618649006,0.10376136979231468,0.097904034636237411,0.074927141113827631,0.033853908069431782,0.026753123657887474,0.061676985025405882,0.030286953497964602,-0.044786524958908558,-0.076010480523109436,-0.07507302674154441,-0.064284934103488928,-0.014609949663281441,0.020761347375810146,0.014337819535285235,0.027421203752358753,0.056506020948290825,0.080372557044029236,0.0965089425444603,0.12345302104949951,0.13502981513738632,0.12584583461284638,0.10131187736988068,0.06363794207572937,0.041040524840354919,0.047599712386727333,0.084462627768516541,0.092623699456453323,0.0863911360502243,0.0596197284758091,-0.00075528526213020086,-0.028805579990148544,-0.054414082318544388,-0.044685527682304382,-0.0024287390988320112,0.0,0.062543023377656937,0.06565827876329422,0.0,0.013047600165009499,-0.022369964048266411,-0.038090445101261139
0.019631539886177052,0.074944150000810617,0.083797095417976378,0.088786208494143051,0.10841303318738937,0.086761571932584047,0.066035973373800516,0.046890780019263424,-0.020654216046548553,-0.035822773559225932,-0.028963185898545716,-0.020950972568243742,0.017048735171556473,0.025097684313853581,0.029349771793931723,0.047094885259866714,0.068683091551065445,0.0821133553981781,0.099952057003974915,0.12686797976493835,0.13316169381141663,0.11543270200490952,0.077047474682331085,0.032745333388447762,0.015188610181212425,0.0312900822609663,0.056282032281160355,0.06469695083796978,0.0,0.053488578647375107,0.012236850336194038,-0.027301957830786705,-0.023548602126538754,-0.015260807238519192,0.022297194227576256,0.06336762011051178,0.0,0.091856032609939575,0.035581630654633045,0.0,-0.014705895446240902,-0.026255318894982338
-0.038101804602774791,0.016027131986683579,0.052535626494015254,0.0682833707806739,0.097664357800232734,0.091097521409392354,0.081757720559835434,0.051067954072585471,-0.010692464289604686,-0.019777511130087078,0.0073754097102209926,0.028774902969598771,0.039489470422267914,0.026209238916635513,0.041491132229566574,0.062655195593833923,0.0722845047712326,0.084370817989110947,0.10158388689160347,0.12318887561559677,0.13368436694145203,0.10983927547931671,0.067155428230762482,0.019915339071303606,-0.0010872888378798962,0.0105871157720685,0.028473488986492157,0.030721481889486313,0.027242677286267281,0.0,0.013688929611817002,-0.0018421997083351016,0.00839223526418209,0.054402757436037064,0.033837862312793732,0.082235533744096756,0.098673798143863678,0.088592745363712311,0.05048070102930069,0.0043556969612836838,0.0,0.0060025770217180252
-0.086168539311204634,-0.0056911464349401215,0.045462909600009087,0.068623617799444633,0.099550732225179669,0.1228514370672843,0.069150615793963269,0.015551520868514974,-0.016190887153656644,-0.016284088707632489,0.0099276936213885027,0.0341740275422732,0.045403353869915009,0.044503089040517807,0.058303002268075943,0.082516409456729889,0.078870276610056564,0.095535621047019958,0.1126532219350338,0.13541029393672943,0.14067712426185608,0.11356155574321747,0.055268462747335434,-0.0019186462741345167,-0.0095439599826931953,0.002818800276145339,-0.0014712210977450013,0.013674378395080566,0.0068320119753479958,-0.016057854518294334,-0.0022989423014223576,0.0,0.02294737845659256,0.07854153960943222,0.0,0.11421715468168259,0.098310895264148712,0.076950743794441223,0.051731515675783157,0.015356029267422855,-0.024629371240735054,-0.014571570791304112
-0.12810402785738309,-0.022730357801684968,0.06373640475794673,0.1055470545860854,0.15129586085677146,0.11089974955508583,0.017274526670328614,-0.026121157166712424,-0.021641716028430631,-0.019841235723685135,-0.013089073676383123,0.0038263563765212893,0.032221141736954451,0.053284216672182083,0.076513382295767471,0.094201900064945221,0.091299114127953843,0.10820923000574112,0.13346470147371292,0.15942718088626862,0.14693688601255417,0.098287228494882584,0.031828261911869049,0.0,-0.014487917767837644,-0.01604926586151123,-0.02677344623953104,-0.059216529130935669,-0.038750769570469856,-0.013086198829114437,-0.0196162611246109,0.027127873152494431,0.0,0.070990271866321564,0.10955202206969261,0.0,0.080614209175109863,0.063788607716560364,0.0,0.02714928612112999,0.0,-0.023113872855901718
-0.14961397730641896,-0.046504624062575974,0.044980476208200511,0.0910260325128382,0.10803569356600444,0.060359385083703435,0.020271461895283532,-0.007428504430743701,-0.020283355791535642,-0.030616486953063446,-0.041907827473349042,-0.017802876536734402,0.015233750687912107,0.037107769399881363,0.07190299779176712,0.09815409779548645,0.11246820539236069,0.12792007252573967,0.1275915652513504,0.15018303692340851,0.12402212247252464,0.081578388810157776,0.015135843597818166,-0.0076723634265363216,-0.011262062005698681,-0.035331636667251587,-0.055566485971212387,-0.087262775748968124,-0.094612784683704376,-0.045854873955249786,-0.009762786328792572,0.024028962478041649,0.057711973786354065,0.084009349346160889,0.069936163723468781,0.073320038616657257,0.0,0.060326732695102692,0.037717405706644058,0.0,-0.013315226184204221,0.0
-0.12863922427440511,-0.073648118569205209,0.020886463820716017,0.066391457581803912,0.063564425706863409,0.0525389026850462,0.039835874224081635,0.035896682313510349,0.0014086104913855837,-0.022134328345683487,-0.029172562062740326,-0.018250682158395648,0.010743731419400623,0.037235058844089508,0.067720364779233932,0.095483794808387756,0.12334697941939037,0.13803169131278992,0.12070411816239357,0.1076149195432663,0.078204821795225143,0.037179039791226387,0.0072119715623557568,-0.014974623452872038,-0.025245349854230881,-0.073702763766050339,0.0,-0.12815701961517334,-0.10975044220685959,-0.053169380873441696,-0.023853318765759468,-0.0045991595834493637,0.026162707712501287,0.044360026717185974,0.048751071095466614,0.044401150196790695,0.056714218109846115,0.062771424651145935,0.035056371241807938,0.012344423914328218,0.0,-0.069058313965797424
