SouthSea_Web/demo/jsonfile/2017-12-14-15.json
{"header": {"parameterUnit":"m.s-1","parameterNumber":2,"dx":0.1,"dy":0.1,"parameterNumberName":"Eastward current","la1":29.0,"la2":12.0,"parameterCategory":2,"lo2":131.0,"nx":250,"ny":171,"refTime":"2017-12-14T15:00:00","lo1":106.0}, "data":
[rows 114 to 132 of 171, columns 168 to 209 of 250]
-0.015077275179904856,0.034823434524393328,0.10650007070406624,0.13575642108917235,0.10185266989800665,0.0790837626246845,0.07797433715313673,0.093381190562949468,0.1099728735593649,0.11154212281107903,0.12434504074709755,0.13116472363471984,0.11281461268663406,0.079832471907138824,0.051152897533029318,0.036187255755066872,0.009785484677801529,-0.003865320235490799,-0.066490426659584045,-0.11274145543575287,-0.1541358083486557,-0.17693784832954407,-0.13998495042324066,-0.1207728385925293,-0.10776150226593018,-0.098261065781116486,-0.09487692266702652,-0.078549720346927643,-0.081503398716449738,-0.052763376384973526,-0.087832167744636536,0.0,-0.088817223906517029,-0.050999399274587631,0.0,-0.01628418080508709,0.0,0.049821760505437851,0.044370323419570923,0.02380242757499218,0.0093891704455018044,-0.041169998236000538
-0.0007463788637583743,0.016937558056303748,0.053281833284667561,0.10039895307272673,0.0918157800204224,0.074425277300179,0.081009906004456914,0.085597129166126246,0.094287432052872391,0.099455977124827247,0.10620688114847456,0.091921050101518631,0.062019802629947662,0.027026370167732239,-0.0142148052691482,-0.034554218873381615,-0.045250714756548405,-0.052009495906531811,-0.10221091657876968,-0.13239607959985733,-0.1595553532242775,-0.1881488710641861,-0.16048701107501984,-0.12152234092354775,-0.10047459602355957,-0.11342031508684158,-0.11691682413220406,-0.13689284026622772,-0.12037145346403122,0.0,-0.10462578386068344,-0.099193379282951355,0.0,-0.096765533089637756,-0.045051597058773041,0.0,0.012027394492179155,0.03253476694226265,0.0064826966263353825,-0.017308594658970833,0.0,-0.061998724937438965
0.0026835232499926804,0.013363789390063002,0.029464133970794223,0.05550603121519089,0.075329193379729986,0.06061345967464149,0.0702338993549347,0.085569216559330627,0.085052231326699257,0.0850432004247393,0.07048585861921311,0.052211690694093704,0.0062214982074995833,-0.02225229237228632,-0.073298008491595582,-0.093458672364552811,-0.10567837953567505,-0.11647408828139305,-0.11930915340781212,-0.15982548892498016,-0.19329935312271118,-0.17060172557830811,-0.17204579710960388,-0.13688857853412628,-0.11183826625347138,-0.12075340002775192,-0.13687136024236679,-0.16702228784561157,-0.16709206253290176,-0.17311954498291016,-0.12214750051498413,-0.12137247249484062,-0.12096564471721649,-0.087688930332660675,-0.054679952561855316,-0.015350276604294777,0.0,0.00471204100176692,0.0,-0.011065645143389702,-0.043001268059015274,0.0
0.03358920132396398,0.035212227669746979,0.054002573419558372,0.067850225112017465,0.090005184213320419,0.093157092109322548,0.10000164372225602,0.095555499816934272,0.092929112911224368,0.077822656681140259,0.052736967802047729,0.016258825082331896,-0.034247010946273804,-0.081368010491132736,-0.115538589656353,-0.13622049242258072,-0.15173938125371933,-0.16206873953342438,0.0,-0.16354922950267792,-0.15441083163022995,-0.16231860220432282,-0.16556878387928009,-0.13648629188537598,-0.11721766740083695,-0.11905716359615326,-0.13783275336027145,-0.20497120916843414,-0.189492866396904,-0.1888112872838974,-0.17301149666309357,-0.13908439874649048,-0.12948411703109741,-0.09458596259355545,-0.071808569133281708,-0.050241913646459579,-0.029191244393587112,-0.020885489881038666,-0.030668850988149643,-0.044282130897045136,-0.073967324569821358,-0.100352443754673
0.087919701052748642,0.057589759074506308,0.079959339927881956,0.084251288076241812,0.10782125539013318,0.13064715159790857,0.12418519374397066,0.098636294404665634,0.0924332320690155,0.08044656366109848,0.037724027410149574,-0.009308653025073,-0.052404486574232578,-0.10329281787077586,-0.14497620860735574,-0.16943179816007614,-0.18673082441091538,-0.20625998824834824,-0.21490942686796188,-0.17558553069829941,-0.14030152559280396,0.0,-0.14268950372934341,-0.13688328862190247,-0.12021526694297791,0.0,-0.14303268492221832,-0.19977280497550964,0.0,-0.20658056437969208,-0.16379177570343018,0.0,-0.13400726020336151,-0.0937919020652771,0.0,-0.059802427887916565,0.0,-0.045327860862016678,-0.051982730627059937,0.0,-0.092808723449707031,0.0
0.11714672703634609,0.072673073805430352,0.062186903009812035,0.060620248317718506,0.089407427857319519,0.11781964131764003,0.10355340223759413,0.0819980800151825,0.074554874002933508,0.06181972473859787,0.026206486974842846,-0.027965692182381947,-0.073686562478542328,-0.11650475114583969,-0.1532527282834053,-0.18560539931058884,-0.2232908234000206,-0.25475846230983734,-0.25138002634048462,-0.2196490615606308,-0.18945743888616562,-0.16682074964046478,-0.14934926480054855,0.0,-0.14285645633935928,-0.14616264402866364,0.0,-0.19312195479869843,-0.20361171662807465,0.0,-0.20652152597904205,-0.14728827774524689,0.0,-0.10718592256307602,-0.064120709896087646,0.0,-0.04878784716129303,0.0,-0.044620156288146973,-0.052136827260255814,0.0,-0.10526110976934433
0.12260630833251136,0.085142764178189362,0.060545528476888481,0.05448000840842724,0.075821908190846443,0.090832151472568512,0.080608924229939774,0.066927414387464523,0.053694826861222587,0.0316963717341423,0.0015614600852131844,-0.03419648390263319,-0.072470267613728837,-0.10760213434696198,-0.1550825759768486,-0.20993493497371674,-0.253471739590168,-0.27281782031059265,-0.274629145860672,-0.24675565958023071,-0.20975549519062042,-0.19084656238555908,0.0,-0.16882288455963135,-0.15525393187999725,-0.17337792366743088,-0.18670858442783356,-0.20958279073238373,-0.18693716824054718,-0.19070391356945038,-0.17360122501850128,-0.13204068318009377,0.0,-0.090383034199476242,-0.065194569528102875,-0.057477246969938278,-0.054778650403022766,-0.062893398106098175,-0.060702331364154816,-0.090341050177812576,0.0,-0.11780156567692757
0.11102651059627533,0.070769596844911575,0.051863645669072866,0.059519154950976372,0.0673760985955596,0.077310425539811448,0.067083524540066719,0.048390062525868416,0.029822334088385104,-0.005081223149318248,-0.033009226123491921,-0.048598280176520348,-0.075384922325611114,-0.10222845152020454,-0.12913139164447784,-0.17289097607135773,-0.22365809231996536,-0.260244682431221,-0.26788392663002014,-0.21904680132865906,-0.16965465247631073,-0.172813780605793,-0.15006645023822784,-0.15748687088489533,-0.16388166695833206,-0.1878279447555542,-0.21649712324142456,-0.20390097051858902,-0.18165479600429535,0.0,-0.17295199632644653,-0.12185757607221603,0.0,-0.08347136527299881,-0.063628211617469788,0.0,-0.070885069668293,0.0,-0.086830481886863708,0.0,0.0,0.0
0.0758660463616252,0.044579642824828625,0.0518514791296588,0.059114029631018639,0.062799330800771713,0.060891332725683846,0.03963429806753993,0.022314835339784622,0.0037749537499621511,-0.034040838479995728,-0.071322244902451828,-0.084182457998394966,-0.103084372356534,-0.12544193491339684,-0.15671660006046295,-0.19956127802530924,-0.24363987147808075,0.0,-0.263677457968394,-0.24933122843503952,-0.23162390291690826,-0.20419520884752274,-0.18435132503509522,-0.16056565940380096,-0.1753176748752594,0.0,-0.1752946674823761,-0.16150552034378052,0.0,-0.16170960664749146,-0.12881970405578613,0.0,-0.090273283421993256,-0.062562838196754456,0.0,-0.052002251148223877,0.0,-0.077100113034248352,-0.10113514959812164,-0.11665759980678558,-0.12097808718681335,-0.13353066146373749
0.051762164316394112,0.033925397321581841,0.041534048194686569,0.04252481646835804,0.036943280138075352,0.022355210781097413,0.0011610421740139525,-0.010265928925946355,-0.03888373589143157,-0.060218257208665214,-0.094238020479679108,-0.1130207007129987,-0.1339317113161087,-0.153561070561409,-0.18740701675415039,-0.21949738264083862,-0.23987755924463272,-0.25279588997364044,-0.24898286163806915,-0.25570417940616608,-0.22782212495803833,-0.19387613236904144,-0.19076641649007797,-0.18962889909744263,-0.15698440372943878,-0.16088699549436569,-0.13618088513612747,0.0,-0.13357526063919067,-0.11443142592906952,0.0,-0.0820823684334755,-0.072540627792477608,-0.069009967148303986,-0.053094495087862015,-0.064469251781702042,-0.09418804943561554,-0.10634936392307282,-0.1101149320602417,-0.11673524975776672,-0.13068975508213043,-0.14216352999210358
0.028016575878219947,0.010638272634241729,0.008040177752263844,0.0035550309985410422,-0.0091377068116950486,-0.027071989141404629,-0.0510838370770216,-0.0728525435552001,-0.070503871887922287,-0.10001650080084801,-0.1204079935948054,-0.14310532808303833,-0.16087617352604866,-0.20283601184686026,-0.22409406304359436,-0.23804477602243424,-0.24378656595945358,-0.24175044149160385,-0.24507471919059753,-0.24694071710109711,-0.23275701701641083,-0.20450184494256973,-0.1902562826871872,-0.15484482049942017,-0.14582078903913498,0.0,-0.11497089266777039,-0.086012743413448334,-0.069269804283976555,-0.080178044736385345,-0.029835063964128494,-0.041073671542108059,-0.052081149071455,-0.035657316446304321,-0.057985350489616394,-0.071929931640625,0.0,-0.1095634251832962,-0.1203945130109787,0.0,-0.13765217363834381,0.0
0.00063039946835488083,-0.025568854581150744,-0.042557772481814027,-0.0549417311946551,-0.0662718874712785,-0.082469324581325054,-0.10944954901933671,-0.11678279563784599,-0.13039257526397705,-0.13633899390697479,-0.1441794236501058,-0.16273280481497446,-0.18244448304176331,-0.20876418054103851,-0.24878641963005066,-0.25120841711759567,-0.24988194306691489,-0.24325208365917206,-0.24130602180957794,-0.24368306249380112,-0.2227277010679245,-0.20270636677742004,-0.15664137899875641,-0.13113924860954285,-0.092160925269126892,-0.079342857003211975,-0.089038722217082977,-0.046061514876782894,0.0077837510034441948,0.0039558587595820427,-0.0086145875975489616,0.0076621971093118191,0.0,-0.027683103457093239,-0.059731597080826759,0.0,-0.08941805362701416,0.0,-0.11314965039491653,-0.14333692193031311,0.0,-0.15757662057876587
-0.021582488785497844,-0.047612506557594643,-0.077646110206842422,-0.10761407390236855,-0.12609602830239705,-0.14620893448591232,-0.16177770793437957,-0.16794666945934295,-0.16972515980402628,-0.17369215562939644,-0.18872472643852234,-0.19114475945631662,-0.20602784678339958,-0.24262408912181854,-0.25667325655619305,-0.26635390520095825,-0.26548902690410614,-0.24866452813148499,-0.23597600559393564,-0.22293708473443985,-0.19191078841686249,-0.16272859275341034,-0.13433597981929779,-0.074300214648246765,-0.061836972832679749,-0.016354866325855255,-0.0046340972185134888,0.020626023411750793,0.074442865327000618,0.0,0.078271366655826569,0.053455671295523643,0.0051313736476004124,0.0,-0.049637503921985626,-0.088434100151062012,-0.074787355959415436,-0.10923853516578674,-0.10784588381648064,-0.12675711512565613,-0.13561053574085236,-0.14402195811271668
-0.060154610209994845,-0.067213100381195545,-0.098108486272394657,-0.14974793046712875,-0.17640952517588934,-0.18982203304767609,-0.19618730247020721,-0.20553764204184213,-0.21208004901806513,-0.21750445291399956,-0.22495695203542709,-0.20804780721664429,-0.2197274218002955,-0.23406005402406058,-0.22708330551783243,-0.20991566280523935,-0.19867239892482758,-0.18225164214769998,-0.15758423507213593,-0.15105940401554108,-0.092860056087374687,-0.072758801281452179,-0.037800833582878113,-0.0068020648322999477,0.029433487914502621,0.04815538227558136,0.10971342772245407,0.0,0.16712579131126404,0.15531321614980698,0.10678555816411972,0.0,0.041826993227005005,-0.0095524834468960762,-0.02345706894993782,-0.064435992389917374,-0.10340456664562225,-0.08747786283493042,-0.11271482706069946,-0.10277615487575531,-0.10830856859683991,0.0
-0.10445973742753267,-0.10140812479787403,-0.13117436195413271,-0.17727954685688019,-0.21236965308586756,-0.22302462905645371,-0.23209955543279648,-0.26049575954675674,-0.27484309673309326,-0.28125429153442383,-0.29054005146026612,-0.26384712755680084,-0.23350410908460617,-0.18929180502891541,-0.16852278510729471,-0.15917948385079703,-0.12297886982560158,-0.072450766339898109,-0.05318392813205719,-0.026800811931025237,0.034863974899053574,0.062332659959793091,0.0,0.10079374412695567,0.14035332947969437,0.20752991735935211,0.21158555150032044,0.22144552320241928,0.25471732765436172,0.0,0.19109319895505905,0.16310447454452515,0.09952138364315033,0.039778333157300949,0.00225031073205173,-0.02229057252407074,-0.067752331495285034,0.0,-0.084038518369197845,-0.11812738329172134,0.0,-0.10822475701570511
-0.16337533481419087,-0.1685180626809597,-0.17046501934528352,-0.2094124803940455,-0.23882905580103397,-0.26370829343795776,-0.29356096188227337,-0.33134016990661619,-0.34852581719557446,-0.37304846197366714,-0.3455574929714203,-0.31334569056828815,-0.25052322819828987,-0.19084463268518448,-0.134585440158844,-0.13096019874016443,-0.099790461361408234,-0.054476387798786163,-0.013866721807668606,0.027656850405037403,0.068498691543936729,0.099757775664329529,0.13636580854654312,0.18606588244438171,0.2377946674823761,0.305264413356781,0.29800727963447571,0.341904416680336,0.0,0.30277104675769806,0.27444484829902649,0.21265742182731628,0.15398894250392914,0.0,0.07977072149515152,-0.032191562262596563,0.0,-0.10008047521114349,-0.10080152004957199,-0.10441726446151733,-0.092432945966720581,-0.11182870715856552
-0.21556293033063412,-0.23982591288430349,-0.23436522235472998,-0.26259736078126089,-0.2887383043766022,-0.33674251437187197,-0.39083038767178852,-0.41833583017190296,-0.43388294577598574,-0.4282909135023753,-0.39005229622125626,-0.34613623619079592,-0.29241402943929035,-0.2416011355817318,-0.18402803937594095,-0.14235419780015945,-0.086595127979914352,-0.059754102180401482,-0.027125068474560976,0.000591961977382501,0.035080047324299812,0.065275941044092178,0.12572189792990685,0.19886845350265503,0.26672665774822235,0.33397498726844788,0.3906465470790863,0.36703193187713623,0.396843284368515,0.38656759262084961,0.35907167196273804,0.31531603634357452,0.0,0.17163866013288498,0.047815900295972824,0.0,-0.035172145813703537,-0.060540253296494484,-0.066519491374492645,-0.070913292467594147,-0.0628114640712738,-0.064476713538169861
-0.25935104737679165,-0.29518896767071318,-0.3174012303352356,-0.323224401473999,-0.3776121623814106,-0.43239514529705048,-0.46977100372314451,-0.49104269913264681,-0.49279948472976687,-0.47445099055767059,-0.44598318139712018,-0.39874659975369769,-0.36445421576499937,-0.34392036000887555,-0.289707250893116,-0.23136393427848817,-0.1531702553232511,-0.10299205283323924,-0.08356134220957756,-0.063404332846403122,-0.013669649604707956,0.030701605603098869,0.10252408683300018,0.16600120067596436,0.23602470755577087,0.25904978811740875,0.35106037557125092,0.3883112370967865,0.42577232420444489,0.41777102649211884,0.0,0.38459065556526184,0.2810390293598175,0.18710193037986755,0.12581691145896912,0.053140757605433464,0.011189672164618969,-0.038624558597803116,-0.038194276392459869,0.0,-0.023251907201483846,0.0
-0.30816961824893951,-0.362230509519577,-0.38161973868097576,-0.4068197820867811,-0.45719694718718529,-0.51074894766012824,-0.5271647572517395,-0.5408925839832851,-0.54316160082817078,-0.52922878662745154,-0.49072403567177908,-0.46688685417175291,-0.46730249126752216,-0.43402939538160962,-0.38578874468803404,-0.31356938928365707,-0.23143969476222992,-0.14706147462129593,-0.12983629604180655,-0.088595863431692123,-0.027233710046857595,0.034388073720037937,0.060719897970557213,0.10375523939728737,0.13942359760403633,0.2072112113237381,0.29556477069854736,0.36040192842483521,0.38955821096897125,0.40682850778102875,0.39608663320541382,0.351127952337265,0.0,0.24176828563213348,0.19290508329868317,0.11073791608214378,0.073875203728675842,0.0,-0.0084162475541234016,-0.014173791743814945,0.0,0.014518454670906067
