SouthSea_Web/demo/jsonfile/2017-12-16-17.json
{"header": {"parameterUnit":"m.s-1","parameterNumber":2,"dx":0.1,"dy":0.1,"parameterNumberName":"Eastward current","la1":29.0,"la2":12.0,"parameterCategory":2,"lo2":131.0,"nx":250,"ny":171,"refTime":"2017-12-16T16:58:07.5","lo1":106.0}, "data":
[rows 57 to 75 of 171, columns 126 to 167 of 250]
-0.7722704195313983,-0.59297095326816329,-0.41295572880067322,-0.25077473648956844,-0.15973176613034731,0.025804273447168891,0.13619898202337533,-0.015720192220113758,0.092540784331504256,-0.01537469444135069,-0.46176856228938468,-0.14594779221547974,-0.31164511524397753,-0.23302380045255025,-0.024599015445898424,-0.12666384412220616,0.0,0.0,0.0,0.0,0.0,0.0,0.0,0.0,0.0,0.0,0.0,0.0,-0.1261478285132735,-0.077694029584036844,-0.25435791385005896,-0.44284172610538763,-0.36736385380068132,-0.34461170310775441,-0.3348352185317448,-0.30816651174896642,-0.26727781196435291,-0.20886323707444326,-0.17936327878166647,-0.21219601269279206,-0.22572504822164774,-0.24791735112667085
-0.82214238374463977,-0.73026954531669619,-0.51817447263183014,-0.1597210378933917,0.05835663785723768,0.21397971186567755,0.23792125949183027,0.14147819465558445,1.4053549054565269E-05,0.15527408412080021,-0.16157556378415652,-0.41848513089558659,-0.34791073203086853,-0.23771410744364668,-0.202036431732964,-0.16393543874739475,0.0,0.0,0.0,0.0,0.0,0.0,0.0,0.0,0.0,0.0,0.0,0.0,-0.043440339451285115,-0.030137024316808567,-0.2852996000303672,-0.3857969215938023,-0.39229505371164392,-0.37832713775012805,-0.31306813210248946,-0.2972109317779541,-0.27534883283078671,-0.22738388706656063,-0.17102279939821788,-0.16698831220467886,-0.20871460093901709,-0.24115817511782928
-0.59062503814697265,-0.71372498314956134,-0.5060712260007858,-0.097805574086719541,0.07581014242023229,0.31596955040405539,0.21235554723133301,0.18826649144843774,0.039716950333159834,-0.43672997752825421,-0.4695874483635028,-0.49697904861890352,-0.36579130164214541,-0.194303372744904,-0.06985543156042695,-0.24834485352039337,0.0,0.0,0.0,0.0,0.0,0.0,0.0,0.0,0.0,0.0,0.0,-0.012323831208050251,0.2047271632505322,0.0041541769322449044,-0.3443416608704461,-0.33225994776276979,-0.37219348779091466,-0.36174690181558783,-0.32477812916040422,-0.27802692453066508,-0.26269258856773375,-0.2214930378473722,-0.16916248415197646,-0.1380230188369751,-0.18402169071711028,-0.22877738837684905
-0.75012952089309692,-0.57410462349653246,-0.33828177931718528,-0.022279592028454594,0.021952630597211066,-0.13865884737111628,-0.095576761709526184,-0.13356927963659951,-0.40393054733673733,-0.520535895228386,-0.49953283369541168,-0.540452048830364,-0.47132509505307235,-0.23253261126004732,0.14659341864740133,0.26153451203713662,0.10864915434891979,0.0,0.0,0.0,0.0,0.0,0.0,0.0,0.0,0.0,0.0,0.27911083334633574,0.1688403337616968,-0.15227501780994363,-0.32070052027702334,-0.2691939835037504,-0.35260587268405491,-0.35944773191991058,-0.29999894604963417,-0.27061944802602134,-0.24621910315293533,-0.21763398899481848,-0.17547270197134751,-0.1491742730140686,-0.20709505925575891,-0.2411561654164241
-0.48803253006190062,-0.40098392218351364,-0.3570333071466949,-0.39474689215421677,-0.29440839851603789,-0.38831097652253349,-0.50845284573733807,-0.4084581546485424,-0.45916143760961647,-0.464767818388186,-0.51206480321430026,-0.49444244589124409,-0.48003089979842856,-0.3460749952179013,-0.10990117713420962,0.095078936438364237,0.074683468104066217,0.0,0.0,0.0,0.0,0.0,0.0,0.0,0.0,0.0,0.045270947429041065,0.28665874372945715,0.083976531937106011,-0.30646781234637549,-0.2912151080531043,-0.27279827164279091,-0.31644763969458067,-0.31917481720447538,-0.289306457553591,-0.26612615187962851,-0.25310690303643546,-0.24083759954997472,-0.19826209545135498,-0.17396789044141769,-0.23065222892910242,-0.27596278701509747
-0.10614197514951229,-0.26912496296259075,-0.61696712034089229,-0.597328422324998,-0.60777138517453122,-0.666006381313006,-0.61247006484440392,-0.5621524453163147,-0.50211269967257977,-0.46197678811020321,-0.39392018589106476,-0.5114010244607925,-0.60262187667514966,-0.56853416349206654,-0.37230789178126567,-0.075816952491136777,0.060230971388779739,0.0,0.0,0.0,0.0,0.0,0.0,0.0,0.0,0.0,0.16175366551356596,0.15821256714177803,-0.05493109723912519,-0.37368667315929494,-0.23320333114484462,-0.31714665216784321,-0.30471380054950714,-0.28862865811044519,-0.28336522914469242,-0.280146453777949,-0.26623152295748392,-0.26161561480590273,-0.2300873441355569,-0.18709588795900345,-0.22599649158391086,-0.30055415401091945
-0.2927991257359584,-0.49031997174024583,-0.76894132494926448,-0.83662756946351791,-0.82140577832857764,-0.69844601371071557,-0.79894322156906128,-0.64940342732838219,-0.48521864589522867,-0.44970743171870708,-0.57239020509379246,-0.62071326375007629,-0.662837494974551,-0.63358513856756271,-0.46593573864768534,-0.27051395669579503,-0.097660520027624445,-0.0026804436392222461,0.0,0.0,0.0,0.0,0.0,0.0,-0.09265752467844221,0.050748513930331952,0.089208896918527528,-0.02479156486012719,-0.036080464735747345,-0.1347599658290802,-0.18450825288891792,-0.30138945393264294,-0.279607318341732,-0.27847019547507879,-0.29266086220741272,-0.31177517771720886,-0.29824046691258749,-0.28112841110963088,-0.24970760826881117,-0.1859062393506368,-0.19430412848790488,-0.2799143652830805
-0.71926719943682349,-0.75672531872987747,-0.87186381646565025,-0.90126170714696252,-0.88864712913831079,-0.90032494068145752,-0.81193921782753686,-0.60124384898405814,-0.52290746111136222,-0.57336254517237351,-0.53826147615909581,-0.45746509818469777,-0.44527832542856532,-0.46677756309509277,-0.43696594854881021,-0.37484593902315411,-0.25817141887634548,-0.14093168866660061,0.0,0.0,0.0,0.0,0.0,0.0,-0.046776815702747783,-0.0877377631928267,-0.16447272282980738,-0.18777300217854126,-0.20405623626034214,0.01794371410428236,-0.14406238051808692,-0.26129724547780792,-0.2535500384189866,-0.24903239783915607,-0.25911284424364567,-0.30127477996489582,-0.3027714422115913,-0.27651381918362211,-0.252663784302198,-0.18541630109151205,-0.17837323674133845,-0.26205417833157946
-0.81446069478988647,-0.86319963137308753,-0.90927622147968834,-0.95175531932285851,-0.95266430907779265,-0.89446527957916255,-0.722216476093639,-0.5809321254491806,-0.57364892959594727,-0.50595550984144211,-0.31633586305029254,-0.26665412137905758,-0.30945910648866132,-0.39143264423245971,-0.38694927537882767,-0.32237944420841,-0.38650314282562775,-0.29132400029789535,-0.14019886858419495,0.0,0.0,0.0,0.0,0.057882465422153473,-0.11544596774746542,-0.1853346673505647,-0.27137479699048839,-0.11251259567560973,-0.18268940753714982,-0.15287865934575476,-0.2096964567899704,-0.21243058696941095,-0.19775079873700938,-0.18629322023618788,-0.2446622448532205,-0.30325785550204193,-0.2911010129111154,-0.26857050508260727,-0.26428445801138878,-0.21384684617320696,-0.19980567120588744,-0.25861749053001404
-0.78971341252326965,-0.89062833786010742,-0.94625656306743622,-0.97101587802171707,-0.88402193122439909,-0.74559203783671058,-0.60561298131942753,-0.49769243846337,-0.39654935781772321,-0.26677010854085287,-0.21339994768301646,-0.22676248600085577,-0.26659178207902345,-0.32936208662779437,-0.36310459772745768,-0.30074784562394424,-0.4192046020179987,-0.39068924569908309,-0.0874268891187623,0.037568831612940334,0.065637174993753433,0.0,0.0,-0.078686222400177613,-0.17325137262091492,-0.16971750191429205,-0.24782263702816434,-0.18765064086765051,-0.17497185191937856,-0.19354977984638774,-0.22280013908942539,-0.1577772230937563,-0.1360912466278443,-0.14655586555600167,-0.24646726425956278,-0.32366698980331421,-0.28973745505015053,-0.26370330290360883,-0.28008080025513965,-0.25054516815222228,-0.23765901724497476,-0.26725280284881592
-0.54785561561584473,-0.68819933012127876,-0.71168558299541473,-0.78481834464603,-0.679138757288456,-0.60123167254708032,-0.43937521055340767,-0.37341756522655489,-0.23321024924516678,-0.094248649082146585,-0.045510041045158038,-0.098013420422406253,-0.16331494599580765,-0.27148025518371943,-0.323095782995224,-0.266512423257033,-0.31864693426356022,-0.2555895164316776,-0.040482692542321029,0.0050405606814434359,0.042218401027345878,0.086710810661315918,0.0,-0.096006229671504378,-0.16845354970012391,-0.23795358865868813,-0.39553883824592984,-0.37835573185892668,-0.39023106834954685,-0.50577862560749054,-0.28914219886064529,-0.18667445306120248,-0.13773603647947311,-0.14517811611294745,-0.26236835998647351,-0.32552585800488792,-0.29105298794232881,-0.27565873265266416,-0.30632237493991854,-0.28644875969205585,-0.26983128488063812,-0.277582056247271
-0.2999259140342474,-0.43713797841753277,-0.56030414253473282,-0.67031743377447128,-0.59147248417139053,-0.494532220893436,-0.42711953412402759,-0.30062997747551312,-0.0971198437566107,0.029081929785509903,0.085235827416181562,0.0364036511829389,-0.062644739145118936,-0.20037825964391232,-0.25336004728856293,-0.19292703990278573,-0.26445986496077645,-0.17133256040935246,0.080129111261264263,0.08075611238052062,-0.034012056426413785,0.039163232975018523,0.0,-0.12674083098591793,-0.23705968470909658,-0.31731310745944147,-0.424780935049057,-0.43061848328663754,-0.5218852055924279,-0.61428821299757275,-0.30984727674868051,-0.21651923464190576,-0.17867508415992445,-0.18463745500360215,-0.28209969313705668,-0.30805031259854637,-0.2905614693959554,-0.28845985233783722,-0.31737410751256073,-0.33444073994954426,-0.31501133166826689,-0.3157926012169231
-0.22547080048492976,-0.43680694273539949,-0.53075398877263069,-0.518419216076533,-0.41706733571158516,-0.33225490649541217,-0.25003194510936738,-0.091264829225838187,0.00032043173753966886,0.093499958515167236,0.13230997662652622,0.04997667985818615,-0.040066120928774276,-0.11536139014520143,-0.12520644600902284,-0.1307021239772439,-0.21086856722831726,-0.11576895592495418,0.085942629852243477,0.10691418621561252,-0.16710069529168928,-0.0991179096020117,0.0,-0.094598230734147665,-0.22704748319436427,-0.3823255903499071,-0.41451215671329966,-0.37066572383046148,-0.37113120406866074,-0.421685956928828,-0.19020011555403471,-0.18651762108008066,-0.19592596164771489,-0.21174643776918711,-0.28581950234042275,-0.28121828474104404,-0.27090361913045247,-0.28515729308128357,-0.32130208611488342,-0.34502785251690793,-0.34935050010681151,-0.33984642991652858
-0.12665873269240061,-0.25421796441078187,-0.29565246190343586,-0.25921616330742836,-0.20531133934855461,-0.12545972410589457,-0.04446655567153357,0.015237159830576275,0.034912993717524737,0.093354092910885811,0.0946607847387592,-0.027646182632694642,-0.069218014725125759,-0.1164575622362249,-0.10769908916619089,-0.12550445869565011,-0.12969604507088661,-0.0015739332205460717,0.16333370896823266,0.096616838714107867,-0.066367646172569184,0.042744827830644608,-0.1029308548507591,-0.12617696789125879,-0.15222067385911942,-0.33763778054465848,-0.3314011854094428,-0.31782196249280659,-0.28563898259943182,-0.2685448166095849,-0.14166886989568664,-0.154709369671054,-0.18567885139158794,-0.22544328229767935,-0.25957766274611155,-0.26036086281140647,-0.25293975839248073,-0.27445083168836742,-0.32868105471134185,-0.3562787962811334,-0.36432869235674542,-0.34540571831166744
-0.18219408144553503,-0.21895323507487774,-0.22279787063598633,-0.23570736683905125,-0.17684193514287472,-0.077036675597940168,-0.021844126837095246,-0.016685370446793968,-0.016586613666731864,0.0099757242016494281,-0.032681979196654123,-0.14312874468473288,-0.11373867640892664,-0.15689764810459955,-0.18503788376555724,-0.19936747931771809,-0.0620147531406711,0.090538305550580844,0.15429033067178083,0.10131414553948812,0.1997226665003432,0.55147861619619376,0.30520589456091796,-0.057096220516980996,-0.11381446870584641,-0.24183912433329083,-0.21091564563480583,-0.21867596942025261,-0.28647715256020828,-0.29972375397171291,-0.21840457399101818,-0.21569548700100336,-0.195552296936512,-0.22374122725291687,-0.23412559049970963,-0.25719575371061054,-0.26810460856982637,-0.28716733509844,-0.332030713558197,-0.37821346292128932,-0.39460886212495655,-0.36229175967829569
-0.26349710114300251,-0.25149240903556347,-0.27017338201403618,-0.25629530208451407,-0.2062593549489975,-0.14565163768000072,-0.11512296522657077,-0.11397925019264221,-0.085850686766207218,-0.088419364558325872,-0.14501843638718129,-0.20650887489318848,-0.16869995685724112,-0.21268906593322753,-0.26710065733641386,-0.22766278766923481,-0.0681892124153415,0.06914073639464649,0.043208645872288835,0.077111685508862132,0.3066067100855811,0.72846933654559554,0.89458056050920631,0.29420333841815594,-0.063984058557390144,-0.1696116458147,-0.12895872164517641,-0.14972035959362984,-0.31473514520459706,-0.46265114082230463,-0.31142218326622584,-0.19327437799227865,-0.1914052776992321,-0.21755207516252995,-0.21496379375457764,-0.254789232143334,-0.26705388476451236,-0.27871093029777211,-0.32676850259304047,-0.36474456638097763,-0.43154902641589826,-0.412681071087718
-0.3366914859839848,-0.29265987128019333,-0.2974170409142971,-0.28502313047647476,-0.23286542296409607,-0.22344085999897548,-0.2158444012914385,-0.19851218461990355,-0.17872991826799181,-0.201896470785141,-0.26054387092590331,-0.29835354198109021,-0.30533486948563504,-0.33345982432365417,-0.32342982079301563,-0.2231221217662096,-0.14485570043325424,-0.042843668128956451,-0.034258690763912768,0.041057572591428955,0.26210178492160946,0.45200661584442736,0.47479693412403517,-0.029391902197924692,-0.15352254073050889,-0.10964881256222725,-0.052562915795152224,-0.1421523877652362,-0.2711273721522755,-0.4310474441103313,-0.5216204790132386,-0.26759137498571517,-0.19336422026157379,-0.18258811663026395,-0.20235094866331885,-0.24048850735028585,-0.23308276037375134,-0.2720203926930061,-0.34676428635915119,-0.36669010420640308,-0.44620523773706877,-0.4701703978436334
-0.42672094431790436,-0.40096247527334428,-0.34141031759125845,-0.28249934646818375,-0.25886034034192562,-0.28631963829199475,-0.26740447538239615,-0.30461089100156513,-0.32619209587574005,-0.35042665402094525,-0.38378702600797016,-0.40476503074169157,-0.41459509188478644,-0.37895353635152179,-0.3641425852592175,-0.27307659174714771,-0.17971781641244888,-0.10383336641825736,-0.085114152835948129,0.010418546530196355,0.15036825599769751,0.23134717029152493,0.0931993463498995,-0.14995251069126955,-0.066210625147713087,0.064681072253733873,0.00260425148687015,-0.15516097439186913,-0.2783426416642738,-0.32029255603750545,-0.52314000292257834,-0.2512356884156664,-0.19221931199232736,-0.16013591177761555,-0.20512713491916657,-0.22312789366525762,-0.22278742690881093,-0.25654316521607912,-0.3563427686691284,-0.37352107252393452,-0.43096152123282938,-0.48048810748492971
-0.53571556674109566,-0.50365876778960228,-0.40299297656331745,-0.33448799593108042,-0.32495316437312532,-0.39154594019055367,-0.37856866206441608,-0.45062178799084257,-0.47692040354013443,-0.46020715151514324,-0.43484020978212357,-0.46246020330323112,-0.4449432849884033,-0.35676087141036988,-0.33014601739970123,-0.29306903375046595,-0.21923229967554411,-0.17543391883373261,-0.14484124434621712,-0.0852719679294916,-0.00795830690409415,-0.083100743824616075,-0.2144352225586772,-0.10265547539474386,0.098512728570093369,0.12889779127877335,0.094563193940396972,-0.10843164509823246,-0.26779850884791345,-0.29451228945683211,-0.42674574193855125,-0.28224099035325806,-0.21932262033224106,-0.17908457781259829,-0.1850411519408226,-0.2137258438503041,-0.2135828575667213,-0.24646847943464914,-0.34097782373428343,-0.37538101567941551,-0.43029338296721964,-0.49697549202862906
