SouthSea_Web/demo/jsonfile/2017-12-14-14.json
{"header": {"parameterUnit":"m.s-1","parameterNumber":2,"dx":0.1,"dy":0.1,"parameterNumberName":"Eastward current","la1":29.0,"la2":12.0,"parameterCategory":2,"lo2":131.0,"nx":250,"ny":171,"refTime":"2017-12-14T13:58:07.5","lo1":106.0}, "data":
[rows 19 to 37 of 171, columns 126 to 167 of 250]
0.0,0.0,0.0,0.0,0.0,0.0,0.0,0.0,0.0,0.0,0.0,0.0,0.0,0.0,0.0,0.0,0.0,0.095164415978259684,0.10609488505700059,0.072096234040492521,-0.071014030735160966,-0.14320669487371282,-0.10629733813305696,-0.11393977108143144,-0.089859494999531775,-0.043027364836234483,0.039288219124654911,0.088149679922743848,0.14748915212183464,0.17629462240203733,0.1945964050920386,0.16053501303706849,0.1455886994416897,0.20930631458759308,0.14518958736549725,0.077517058413762316,0.068501323461532593,0.059086474527915316,0.12216959098974864,0.14553530915425375,0.13071737438440323,0.11658207001164556
0.0,0.0,0.0,0.0,0.0,0.0,0.0,0.0,0.0,0.0,0.0,0.0,0.0,0.0,0.0,0.0,0.097468340788812682,0.075468274860511289,0.13929840911812377,-0.015548333097752687,-0.12748869296264098,-0.035807680072528977,-0.10855372946908963,-0.1035611528903246,-0.047299416573550246,0.013191046799935673,0.066380265651753659,0.09428971095217599,0.11921783624326482,0.14221016080542046,0.13689676998183131,0.15363380542168251,0.11750363271970016,0.17662119594487277,0.11205536872148514,0.086777329444885254,0.069161554177602128,0.068743213762839636,0.081109973788261416,0.064057322995116309,0.043918593320995569,0.0062105364299246246
0.0,0.0,0.0,0.0,0.0,0.0,0.0,0.0,0.0,0.0,0.0,0.0,-0.010460378136485815,0.0,0.038550329666274287,0.16899070759083973,0.153042441241123,0.10714940520640659,0.060468117671420754,-0.0199295699256254,-0.068529594850180481,-0.13086248617086527,-0.12132894273912698,-0.071485505873958272,-0.043033800347418084,0.01147228860698471,0.086240751668810844,0.12698806311403002,0.14475725094477335,0.15957960273538316,0.16338687922273362,0.18614144852528206,0.16268925741314888,0.14368408308787781,0.10440217051655054,0.11970442160964012,0.10419069677591324,0.10311180874705314,0.040237138463583379,-0.0086584829065638278,0.0031497192879517875,-0.021289182793615118
0.0,0.0,0.0,0.0,0.0,0.0,0.0,0.0,0.0,0.0,0.058155483159849745,0.074111318740809409,-0.052445939143769889,-0.00623785296920687,-0.087796603112000521,0.071702449383333963,0.075685809355098485,0.040705860718844633,0.0037692238164143761,-0.095462556159685533,-0.12820992462577358,-0.13886611023039189,-0.11152038053940919,-0.071805093894627955,0.0033078895441056894,0.066873604462117611,0.13574912298370051,0.2151480098920209,0.239381048342456,0.2326603374983135,0.23178586889715755,0.20554716426592606,0.12934094560997828,0.12712135497066709,0.15260592910150686,0.16307934456401402,0.083879201672971249,0.085972840897738934,0.023236218529442947,-0.0059323349435414586,-0.017094444669783115,-0.021976925432682037
0.0,0.0,0.0,0.0,0.0,0.0,0.0,0.0,0.0,0.0,0.080999145195264272,0.156772991983971,0.080162611635652983,-0.10983839917188888,-0.12448267870741081,0.040868864944925351,0.02901522774350284,0.00479561411940862,0.0032474189394232273,-0.1053910170448944,-0.13165070538719495,-0.13107897149342479,-0.062298272775175668,0.036474380776655442,0.14174694078112091,0.19620475519535152,0.22693108428608289,0.2749780582693907,0.27524933573745547,0.25182043191264658,0.26624575257301331,0.23630925714969636,0.20387387027343115,0.16885090676637796,0.15866878222335468,0.11043143295682967,0.039190486655570567,0.063781486824154854,0.033516291839381061,0.029949901811778545,-0.0082375898491591215,0.0075976024381816387
0.0,0.0,0.0,0.0,0.0,0.0,0.0,0.0,0.0,0.0,0.12353503272526849,0.2592632537242025,0.0031909573208981929,-0.229751748520545,0.16188583137957069,0.098690170730362875,0.10093810545153273,0.10384811896689179,-0.081790094609908146,-0.12508649503191313,-0.13412978175667026,-0.084492840804159641,-0.00241658503065472,0.10101558871824166,0.1514862736930018,0.16715472851480756,0.20345678978732654,0.24414028823375703,0.25318422507156024,0.19439337271101334,0.21200332577739442,0.18175240286758967,0.220817560950915,0.13143448978662492,0.090507196728140116,0.056212058989331126,0.037703235633671284,0.038078382611274719,0.06037954017519951,0.053574203513562679,0.064184057215849563,0.064141266047954559
0.0,0.0,0.0,0.0,0.0,0.0,0.0,0.0,0.0,0.0,0.026175009675652665,0.065548874177139907,0.12476430610238043,0.25158052834180683,0.220668173063555,0.19965365384643277,0.085982596964403329,-0.085087292522468883,-0.16055740131174817,-0.13275559168112905,-0.099878070039161743,-0.044855153007853414,0.014542606086189184,0.090232314351870083,0.1309106366780515,0.00096020103498761138,0.080116632824333817,0.07472461927127802,0.24451487865298988,0.23529929880584991,0.22861772030591965,0.18661108985543251,0.21215663974483809,0.18023018240928651,0.17279724217951298,0.16367953891555467,0.14879904314875603,0.088180840760469434,0.0792558832714955,0.031564535573124886,0.068710032850503922,0.088132436786379137
0.0,0.0,0.0,0.0,0.0,0.0,0.0,0.0,0.0,0.0,0.072810579756540914,0.12908948286843233,0.14479438915824225,0.19170360085092825,0.099084873859179814,0.1103931700443874,0.016301536426966315,-0.13780501161647193,-0.13617217682942909,0.0080157918977289411,-0.051166718769254105,-0.0054963716632171,0.04680089584435336,0.12508854651173881,0.20495881678329575,0.0756174407278498,0.087591001608719424,0.050385624741292781,0.12541843424825108,0.24874370326014125,0.28766918995163659,0.26744904244939488,0.28842371453841525,0.30432518571615219,0.31647720081465586,0.34933850914239883,0.30031955738862354,0.19589675714572272,0.12928123399615288,0.076183193922042841,0.07362769118377141,0.087373117605845138
0.0,0.0,0.0,0.0,0.0,0.0,0.0,0.0,0.0,0.0,0.19547748286277056,0.14229822063020298,0.0437909084473157,-0.080981218532056157,-0.018199053971744289,0.093623326497782072,-0.0533839195947318,-0.074054887289038071,0.0081359498111331571,0.021583864338493023,-0.012243306683718829,0.06293935958790231,0.11418313372202894,0.16374367309941185,0.20641541255242896,0.22082969160943194,0.16293705999851227,0.16713533785782361,0.17089512292295694,0.2257230520248413,0.27561195294062296,0.30857362747192385,0.3979131244122982,0.40915409723917645,0.42283253868420917,0.427698016166687,0.38120296597480774,0.31682754755020143,0.29276323318481445,0.21227556094527245,0.19864264343466079,0.18337781810098225
0.0,0.0,0.0,0.0,0.0,0.0,0.0,0.0,0.0,0.0,0.055477520719785053,0.11951379335007742,0.011075569250266955,-0.038114735652270332,0.0747542408324132,-0.054353424264630731,-0.091011854833450867,-0.065946817567402671,-0.051079335788797052,-0.047656214290808116,0.0541563774459064,0.098733961408914522,0.13183733134677536,0.12451703044084403,0.14459971090157828,0.17951480012673599,0.17462194406173445,0.1524564644152468,0.18284044020316181,0.26644859250102726,0.325454070017888,0.35168502330780027,0.4296837096864527,0.43040673221860615,0.44883394986391068,0.48600812256336212,0.41872019072373706,0.37731832265853882,0.362776305526495,0.332835890352726,0.32263200730085373,0.30509355291724205
0.0,0.0,0.0,0.0,0.0,0.0,0.0,0.0,0.0,0.26061718054543964,0.2695636540800998,0.16228950008896462,0.10740490061862422,0.095589832654531415,-0.04624824096763968,-0.12434566747161406,-0.10912118273884502,-0.087705271962014109,-0.0874331259727478,-0.0012134438200684433,0.066686231891314188,0.11844215616583824,0.11464575269529896,0.13351712864020776,0.17949606375447635,0.15668468363583088,0.12397563457489014,0.110043715685606,0.22909280243847105,0.344035977763789,0.39984304629839384,0.3458501948760106,0.35205273543085369,0.33570584654808044,0.38269262512524921,0.38688786966460093,0.38768785766192843,0.36339676380157471,0.35299577936530113,0.33393126726150513,0.33139436082406476,0.33131972643045277
0.0,0.0,0.0,0.0,0.0,0.0,0.0,0.0,0.0,-0.040808981496163389,0.25677063842030134,0.23372459050988254,-0.009248662104397589,-0.0496936237184978,-0.047565166906253259,-0.10806391968884889,-0.10715155880297383,-0.099613870003006671,-0.05254511481832326,0.0092827841276075778,0.077271351683884854,0.12006252352148294,0.13688572781050906,0.16903326853557868,0.21495217138103076,0.15751314846177897,0.16813269532040545,0.21440453305840493,0.3152148302863626,0.42861509110246387,0.34387004375457764,0.31798350065946579,0.28674122095108034,0.26173074841499328,0.281280942261219,0.30110858380794525,0.31743627389272056,0.314713054895401,0.30883426828817889,0.2929611772298813,0.2875158732587641,0.30375016006556427
0.0,0.0,0.0,0.0,0.0,0.0,0.0,0.0,0.0,0.0,0.010914812384105129,-0.062975257471769422,-0.034936096318806675,0.029781245393678546,-0.11460731615527318,-0.081540000214077091,-0.0728489632808393,-0.052332739652438946,0.014620973107715448,0.015306903682027372,0.029429616990168335,-0.0069594511521920083,-0.050107939329383705,0.10442349019770821,0.14524415479256556,0.1619750956694285,0.19733661648474241,0.29020483419299126,0.31871169110139214,0.42446290453275043,0.30721813191970188,0.28736279691968647,0.22853846351305643,0.26001165956258776,0.21881406701036862,0.19213276617228986,0.12199295312166214,0.13360632097880756,0.15975465422326868,0.14866934033731619,0.1563365968565146,0.16829135842048204
0.0,0.0,0.0,0.0,0.0,0.0,0.0,0.0,0.0,0.0,0.019394725277048896,0.069373699545883766,0.088084866936059339,-0.029819269462295517,-0.12608674466609954,-0.11786326611680643,-0.084048759476360632,-0.00907632990694967,-0.0034104374564312241,-0.072356123795233124,0.016728030209354049,0.097515054526073591,0.0075617836756182132,0.10275979601563169,0.13163741199033602,0.1546568540127381,0.18681397645369821,0.29243352224952296,0.22182045983416693,0.29717110196749369,0.19819680725534758,0.10989230498671532,0.0683842427097261,-0.00800071601920268,-0.077846527025103571,-0.15606654458679259,-0.086497662123292685,0.01878165066591464,0.058128862742645046,0.014136000794958538,0.012393324635922909,-0.010249643192554895
0.0,0.0,0.0,0.0,0.0,0.0,0.0,0.0,0.0,0.067423403965193751,0.059321042765372409,0.14758172701036337,0.26705141961991891,0.10598765753190188,-0.092107670948557235,-0.11443282663822174,-0.11020396687090397,-0.044281311636096894,0.018627152165087559,-0.013832869444740936,-0.00059804454046700681,0.098525293280973147,0.10197641221540314,0.11567323406537373,0.10519883096218109,0.087772983571757446,0.13840798356316306,0.14684317931532859,0.11678147092461585,0.1096187377969424,0.00412474825190237,-0.13812380532423654,-0.18759091347455978,-0.15893671537439028,-0.086491322467246876,-0.071806277015379491,-0.016289564354034763,0.063583360369583328,-0.011919570308236871,-0.24209282398223878,-0.28818445093929768,-0.22707040722553545
0.0,0.0,0.0,0.0,0.0,0.0,0.0,0.0,-0.0085261519998312,0.060912956176749009,0.098049291259744917,0.042191597205456108,0.15311390092272473,0.1692933528311289,-0.14369341771711003,-0.12432665354930438,-0.0922343462967036,-0.059125528582986794,-0.022761610871118425,0.0339864881709218,0.088623940595425665,0.092715542887647953,0.034877058749081133,0.046126244173917384,0.09195669814944267,0.047723313570022581,0.040168403862044212,-0.02571354706136238,-0.049239426851272583,-0.04166195169433623,-0.13452926985919475,-0.23567889224399219,-0.19878710691745466,-0.078656242805577453,-0.14847698494791983,-0.1838097180361333,-0.17966354431377518,-0.15193952759727836,-0.1293896998350437,-0.15686717044029916,-0.14147174581885338,-0.1618560126516968
0.0,0.0,0.0,0.0,0.0,0.0,0.006206535193963315,-0.00033771964668659842,0.017234106906542757,0.010341958462959155,0.059063791462374615,-0.016834073842065186,0.0594575162026651,-0.18444709661507031,-0.24039662518986948,-0.16077445164836687,-0.1147153820779364,-0.060451233759522438,-0.01411085153742489,0.0070830835045651635,0.049786824450799912,0.020199418178110915,0.072802236569779258,0.033113433639160715,0.032717126309526737,0.023571831798180939,-0.015261342462438803,-0.2120948446293672,-0.18622537501729453,-0.13042314989226206,-0.24192649906589872,-0.32553972566829009,-0.246800746768713,-0.17443697489798068,-0.24802576927911668,-0.3352906008561452,-0.43248674439059365,-0.457201079527537,-0.41820313533147174,-0.21461228380600611,-0.050789196729002631,-0.015674859541468321
0.0,0.0,0.0,0.0,0.0,0.048210924145103876,0.034629254968710547,0.0091228307200043879,0.077545106490482185,0.076265402337984067,0.047361289369932273,0.043650496697551847,-0.15363032345867481,-0.33039111662201764,-0.2869748634951455,-0.21087319450452924,-0.15410061566425221,-0.11043947891277425,-0.088161911227201156,-0.083751726925613418,-0.072719014685360656,-0.025887339752024181,-0.042494232858119249,0.029772689838990056,0.047308713085949423,0.054802882209144255,0.00893365393858403,-0.20452057257952058,-0.19687072501370781,-0.10019406781336943,-0.19545244526218725,-0.45692925832488318,-0.42778713730248535,-0.38261631001596863,-0.36080743696378625,-0.5349303690286783,-0.71342827975749967,-0.56381438672542572,-0.39195282600427928,-0.19941523189053817,-0.061472116531256366,-0.0025250137769035064
0.0,0.0,0.0,-0.013179083670755582,0.0045048248347879022,0.0,0.072068755112757732,0.13771158353535129,-0.043521164661000214,-0.046494508518635722,-0.037503007956500342,-0.11662124778658088,-0.25250029953831171,-0.35651965467435009,-0.30825945176184177,-0.26266289540266585,-0.22688307068668878,-0.1931197541681203,-0.12915500071717473,-0.10743815379758034,-0.064572989816466961,-0.022706646799903224,0.0068668320395604329,0.045806845934130251,0.095658921636641026,0.12627472060129924,0.16621306375032519,0.14020237636387997,0.2802890208782628,0.61740739770637931,0.10837088243461886,-0.47992357337161112,-0.53888364906968744,-0.29020954043634478,-0.22206672840208436,-0.24869809361795583,-0.230006645891505,-0.19386690411785687,-0.19035413541964122,-0.063776860648067674,0.00420907064450576,0.038009165708596505
