SouthSea_Web/demo/jsonfile/2017-12-14-11.json
{"header": {"parameterUnit":"m.s-1","parameterNumber":3,"dx":0.1,"dy":0.1,"parameterNumberName":"Northward current","la1":29.0,"la2":12.0,"parameterCategory":2,"lo2":131.0,"nx":250,"ny":171,"refTime":"2017-12-14T10:58:07.5","lo1":106.0}, "data":
[rows 114 to 132 of 171, columns 86 to 128 of 250]
0.072997922698656723,0.0922163724899292,0.10598197331031163,0.10743723809719086,0.084060080349445343,0.0741003006696701,0.0647398354485631,0.053223802397648491,0.045417586341500282,0.039837965120871864,0.073516286909580231,0.088035538792610168,0.14301730692386627,0.14746065934499106,0.17445412278175354,0.17751450091600418,0.0,0.18404609461625418,0.17560939490795136,0.14395306259393692,0.10759162902832031,0.055132151581346989,0.0,0.018594631925225258,-0.00075717916479334235,-0.036259174346923828,-0.067903615534305573,-0.11363942921161652,0.0,-0.13820259273052216,-0.14614579081535339,0.0,-0.13616089522838593,-0.12422039732336998,-0.10862622037529945,-0.090151961892843246,-0.09504101425409317,-0.10950024425983429,-0.033713521435856819,0.0072255320847034454,0.025459360331296921,0.019006912130862474,0.0316290557384491
0.082847849776347474,0.11647045115629832,0.13101073540747166,0.11652635037899017,0.092715971171855927,0.06286287605762482,0.051328400770823158,0.049755930155515674,0.046030443161726,0.041481235375006996,0.045496239016453423,0.078011464327573776,0.10739743337035179,0.13117679581046104,0.14921420812606812,0.1792130172252655,0.190551295876503,0.19748546183109283,0.19355422258377075,0.17223390936851502,0.16360433399677277,0.10587466508150101,0.071946464478969574,0.062094923108816147,0.0,0.0098957868758589029,0.0,-0.061410406604409218,-0.09405796229839325,-0.10900454595685005,-0.11826799437403679,-0.12207597494125366,-0.1099240668118,0.0,-0.065991759300231934,-0.068114824593067169,-0.049394603818655014,-0.051751542836427689,0.013419084716588259,0.044131159782409668,0.0,0.054118437692523,0.041909079998731613
0.10201200221975644,0.15486742556095123,0.15390788912773132,0.12499715685844422,0.1110573373734951,0.096546931192278862,0.085635647177696228,0.073034033179283142,0.061268431134521961,0.055108197964727879,0.048747052438557148,0.052321936935186386,0.069927863776683807,0.095280572772026062,0.13022032380104065,0.17815503478050232,0.18904244154691696,0.19691212475299835,0.19961167126893997,0.19389848411083221,0.0,0.15136893093585968,0.13072644174098969,0.08978426456451416,0.054755009710788727,0.0,-0.0055674831382930279,-0.035957574844360352,-0.063918657600879669,-0.088057540357112885,-0.090315893292427063,-0.099082350730896,-0.10898552089929581,-0.07584197074174881,-0.070291003212332726,-0.0367361418902874,-0.015760352136567235,0.010224186815321446,0.037865698337554932,0.069939315319061279,0.057473557069897652,0.048074584454298019,0.032383502461016178
0.10434720665216446,0.15515214204788208,0.15624916553497315,0.12326405011117458,0.10720280855894089,0.10895836055278778,0.10959988683462144,0.10281617194414139,0.077533262471357986,0.063576514832675457,0.059841717034578322,0.046378658463557564,0.05038230617841085,0.066240664571523666,0.11719933897256851,0.1473657637834549,0.1388060599565506,0.17597010731697083,0.17378661036491394,0.20082081854343414,0.189963698387146,0.18548188358545303,0.17757445573806763,0.11059142649173737,0.089246906340122223,0.06364111602306366,0.04402490146458149,0.0,-0.017390275374054909,-0.055851325392723083,-0.0883871540427208,-0.0987214595079422,0.0,-0.086974006146192551,0.0,-0.013802266679704189,0.010512977838516235,0.029945800080895424,0.056549957022070885,0.023370826616883278,0.052440930157899857,0.0,0.0456270556896925
0.069249370694160456,0.12517477944493294,0.14664265016714731,0.1232085570693016,0.10222736373543739,0.11272213732202847,0.1349478829652071,0.13687996193766594,0.10821339301764965,0.083526198565959928,0.063168682157993317,0.039619562216103077,0.027588943019509315,0.033220173791050911,0.0500384122133255,0.093536324799060822,0.0,0.116264458745718,0.16590116918087006,0.18478849530220032,0.18775881081819534,0.18548974394798279,0.17653226852416992,0.15300194919109345,0.14552320539951325,0.11105825006961823,0.08792182058095932,0.0435640849173069,0.0,-0.007349072489887476,-0.061512740328907967,-0.10353250056505203,-0.11810269951820374,-0.084432147443294525,-0.062122877687215805,-0.047457169741392136,-0.012758267112076283,0.043923327699303627,0.027011772617697716,0.033099401742219925,0.0405385447666049,0.052177578210830688,0.13033092021942139
0.01289353302369515,0.062494055368006229,0.10241251811385155,0.09751090407371521,0.081416318813959762,0.10636512376368046,0.14496344576279321,0.16021888703107834,0.14089846760034561,0.10666994750499725,0.068661858886480326,0.022991244370738666,0.00889211924125751,0.0012968957889825106,0.01243278018955607,0.02071353979408741,0.060498671606183052,0.029041875153779984,0.10082123428583145,0.13025611639022827,0.1508820652961731,0.16219921410083771,0.17221662402153015,0.19073042273521423,0.0,0.14675909280776978,0.11178845912218094,0.090102769434452057,0.02983781136572361,0.03850608691573143,-0.0590410940349102,-0.069472327828407288,-0.094326548278331757,0.0,-0.055184166878461838,-0.060255605727434158,0.01407941896468401,0.037125475704669952,0.032960288226604462,0.027540821582078934,0.0,0.13799478113651276,0.19878710806369782
-0.012975328951142728,-0.0021922272280789912,0.018858948528456192,0.018439944988737505,0.04611898772418499,0.10052148997783661,0.12753845751285553,0.14376899898052215,0.14161611348390579,0.11992965079843998,0.060060201957821843,0.018864489160478115,-0.009449809993384406,-0.026323640719056129,-0.025094728916883469,-0.027128552086651325,-0.020908460021018982,0.019310958217829466,0.012572874315083027,0.077285565435886383,0.0,0.17136724293231964,0.18498046696186066,0.18819361180067062,0.18795318156480789,0.0,0.1518322080373764,0.11759649962186813,0.069959670305252075,-0.011961502023041248,0.0032495257910341024,-0.023704491555690765,-0.04228418692946434,-0.053671866655349731,-0.069066241383552551,-0.052989795804023743,-0.0014205962652340531,0.005747857503592968,0.024133744649589062,0.074576213955879211,0.0893229419986407,0.18454864621162415,0.19939681887626648
-0.030944293209662039,-0.047818424180150032,-0.0413665311144931,-0.022575935190876147,0.019046612955467675,0.059642733739955087,0.10183212906122208,0.11643448621034622,0.11528498530387879,0.084729517810046673,0.054753249511122704,-0.00039846356958150864,-0.026762546505779028,-0.046593088656663895,-0.05850418284535408,-0.059529747813940048,-0.058386998251080513,-0.044606465846300125,-0.016752654686570168,0.00028146349359303713,0.10105101019144058,0.14753939211368561,0.15551428496837616,0.20549720525741577,0.2162177711725235,0.18240843713283539,0.17864274978637695,0.13263474404811859,0.092316035181283951,0.037786655128002167,0.0,0.0060931446496397257,0.0,-0.024357870221138,-0.044467760249972343,-0.057720471173524857,-0.040822830982506275,0.019806016236543655,0.029163576662540436,0.0531483069062233,0.10536251962184906,0.14602721482515335,0.16705189645290375
-0.06584121038516362,-0.0752750610311826,-0.064426554134115577,-0.012919501556704441,0.023699370523293812,0.03703119233250618,0.065376667926708862,0.082801947991053268,0.079834409058094025,0.05536270588636398,0.015171859529800713,-0.019702700898051262,-0.038743188604712486,-0.0600837767124176,-0.075286749750375748,-0.085292898118495941,-0.083840686827898026,-0.06368786096572876,-0.06731540709733963,0.012685510329902172,0.041132748126983643,0.1154550313949585,0.19372831284999847,0.20171743631362915,0.20942802727222443,0.21343633532524109,0.0,0.15633189678192139,0.098647423088550568,0.069142065942287445,0.051178116351366043,0.033675115555524826,0.0024598304880782962,0.0,-0.039547022432088852,-0.066237092018127441,0.0,0.0047061685472726822,0.024252795614302158,0.070865809917449951,0.10463064163923264,0.12348496168851852,0.13882227738698325
-0.082345918565988538,-0.097835949489048543,-0.10600793610016505,-0.060380067942397933,-0.020853958558291197,0.020019549543836286,0.052464195216695465,0.052349285781383516,0.037269691005349159,0.013752045032257835,-0.0083297900855541229,-0.034550831653177738,-0.059515738859772682,-0.081469986587762833,-0.094362854957580566,-0.096555300056934357,-0.089404948055744171,-0.088687874376773834,-0.060389846563339233,-0.055224016308784485,0.0619845874607563,0.0,0.16048940271139145,0.0,0.20706571638584137,0.19655865430831909,0.18365933001041412,0.0,0.11670855432748795,0.0,0.062471810728311539,0.030771374702453613,0.0,-0.0172476670704782,0.0,-0.04612024687230587,-0.051314808428287506,-0.032803323119878769,-0.0023849345743656158,0.048137899488210678,0.077883373945951462,0.11022007092833519,0.13126911222934723
-0.070788682624697688,-0.095882073722102432,-0.1179870358771748,-0.11938092692030801,-0.085131841478869319,-0.0050844782963395119,0.050733642652630806,0.0497949467971921,0.028489263107379276,-0.0044158771197544411,-0.023369934409856796,-0.042007887735962868,-0.061943031847476959,-0.089831307530403137,-0.10922174900770187,-0.10645242035388947,-0.10293867811560631,-0.0827295109629631,-0.0729917660355568,-0.039627879858016968,-0.016287002712488174,0.083780687302351,0.0,0.17729552090168,0.16631169617176056,0.17471393942832947,0.0,0.15677488595247269,0.12843374907970429,0.0,0.064000491052865982,0.032945003360509872,0.012876865454018116,0.0026108035817742348,-0.03418070450425148,-0.051217824220657349,-0.052092669531702995,-0.036624028347432613,-0.017209742218255997,0.019551532110199332,0.0,0.11216236650943756,0.13517504185438156
0.0027322471141815186,-0.044693783025390336,-0.086020812764763838,-0.11507589866717656,-0.099716965109109879,-0.03353340371644923,0.049274380505084994,0.06752947034935157,0.040213497976462044,0.013854924278954664,-0.015812130644917488,-0.039525933563709259,-0.0687389001250267,0.0,-0.094709262251853943,-0.11189999431371689,-0.089128606021404266,0.0,-0.063766427338123322,0.0,-0.017050189897418022,0.0096761975437402725,0.104473777115345,0.0,0.1603328287601471,0.15362890064716339,0.0,0.14205071330070496,0.12095663696527481,0.096818052232265472,0.074519850313663483,0.0,0.0043792524375021458,-0.0261133280582726,-0.048064149916172028,0.0,-0.045387066900730133,-0.043400980532169342,0.0,0.017109479755163193,0.04456731490790844,0.10184777155518532,0.146585613489151
0.14451909561951956,0.057107082288712266,-0.036860654378930727,-0.0960384590121416,-0.068902130310352028,0.019938754978486233,0.093948910278933387,0.089638179788986846,0.048528140410780907,0.022666388656944036,-0.0088729379785945639,0.0,-0.03460602555423975,-0.067130591720342636,-0.087963894009590149,0.0,-0.088224552571773529,-0.062258575111627579,0.0,-0.051506083458662033,0.0,-0.0019213258055970073,0.025933558121323586,0.10624068975448608,0.0919436365365982,0.0,0.14360223710536957,0.13151948153972626,0.0,0.093345575034618378,0.065365249291062355,0.0364011786878109,0.0,0.0,-0.039349399507045746,-0.055246476083993912,-0.051637165248394012,-0.0339525081217289,-0.012812545755878091,0.023201143834739923,0.063085280358791351,0.11028382430473964,0.15791950126489004
0.28873119290385929,0.087644873186945915,-0.022279706998961046,-0.032946729832994084,0.01672064937883988,0.11143463974197705,0.14640949418147406,0.11126590395967166,0.040398834894100823,0.035220295190811157,0.005659024347551167,-0.003000681521371007,-0.027235496789216995,0.0,-0.040902178734540939,-0.066077455878257751,-0.0700874924659729,-0.095076806843280792,-0.092723272740840912,-0.093478396534919739,-0.065366163849830627,0.0,0.0089497752487659454,0.01854153536260128,0.0,0.0942298099398613,0.0,0.12182796001434326,0.10459745675325394,0.0,0.064720727503299713,0.0,0.041673517785966396,0.001355416257865727,-9.9739503639284521E-05,-0.030253877863287926,-0.03482673317193985,0.0,0.0048633236438035965,0.010665827430784702,0.058410309255123138,0.079777590930461884,0.11903601139783859
0.11036891891406132,0.063581012332668677,-0.012463661775525128,0.1033611184518252,0.31079718523791861,0.28002836604913078,0.18021042915907773,0.082170234727008,0.025533242151141167,0.010114365024492145,0.010951301490422338,0.010567988734692335,0.011981363408267498,-0.00346211830037646,0.0,-0.023877628147602081,0.0,-0.065045787021517754,0.0,-0.11136988550424576,0.0,-0.075905099511146545,-0.065153971314430237,0.0,-0.014706171117722988,0.034830732736736536,0.0,0.072229206562042236,0.0,0.09748561680316925,0.086332656443119049,0.0,0.04799136146903038,0.0,0.028049670159816742,0.0,-0.0095341154374182224,-0.0057588671334087849,0.0021729706786572933,0.020935178734362125,0.041172513738274574,0.07049437053501606,0.090377368032932281
0.083611088016858473,-0.011122427182272077,-0.045365015761210367,0.25342490337789059,0.38080826827457975,0.28427870372931163,0.20496834648980034,0.092073960229754448,0.0051798277224103613,-0.012047864574318131,-0.0044275978580117226,-0.0045400667004287243,0.010618831962347031,0.018714167643338442,0.031583886593580246,0.0,-0.01338426023721695,0.0,-0.072768829762935638,-0.08526245504617691,-0.11452853679656982,0.0,-0.074623584747314453,-0.076802186667919159,0.0,-0.026298454031348228,0.0,0.065876111388206482,0.051247958093881607,0.0,0.0,0.0751892626285553,0.069181144237518311,0.0,0.02409164234995842,0.031313769519329071,0.0,8.7477092165499926E-05,0.0047360849566757679,0.022385463118553162,0.029153564944863319,0.04754787559310595,0.066986631602048874
0.026065176918304393,-0.16305955885244267,-0.15300223790109158,0.40649626553058626,0.36972354696347165,0.22849079469839731,0.15702444811662039,0.082664062082767484,0.019996975859006245,-0.027466898784041405,-0.042884057387709618,-0.0318738603964448,-0.0099596837535500526,0.0023490581661462784,0.015575860161334276,0.0,-0.022253274917602539,-0.022561639547348022,0.0,-0.064041741192340851,-0.1002669632434845,-0.11293268948793411,0.0,0.0,-0.084596529603004456,-0.084349580109119415,-0.021962903439998627,0.0,0.0,0.064967863261699677,0.050046525895595551,0.0,0.0,0.050974149256944656,0.043741438537836075,0.035542707890272141,0.01833728514611721,-0.0062391371466219425,0.0078537070658057928,0.023431392386555672,0.032012244686484337,0.03397994302213192,0.061115978906551995
0.0016130323444182675,-0.19946052134037018,0.30483072344213724,0.55754726666670584,0.38805948694547016,0.251861609518528,0.1622747302055359,0.07816290731231372,0.00964972225483507,-0.040599873289465904,-0.054820608347654343,-0.049914669245481491,-0.031490851193666458,0.0,-0.0099369301460683346,0.019151609390974045,0.0176381915807724,-0.020493917167186737,-0.019787482917308807,0.0,-0.076954349875450134,0.0,-0.085302233695983887,-0.10431093722581863,0.0,-0.0858018696308136,0.0,-0.038882188964635134,0.0,-0.013391555286943913,-0.0014555585803464055,0.020615198533050716,0.039343412965536118,0.030796760693192482,0.034770128317177296,0.0,0.031130736693739891,0.018947222270071506,0.01040643232408911,0.02500660065561533,0.043356195092201233,0.041839179893334709,0.063380057613054916
-0.057056488050147888,0.0625581343503048,0.53065217179911472,0.46351051330566406,0.3386794775724411,0.23236821840206781,0.14595882035791874,0.074236685410141945,0.0039294995367527008,0.0,-0.066036045551300049,-0.068754613399505615,-0.062533952295780182,-0.0448705330491066,0.0,0.012074214406311512,0.0041542709805071354,0.0,0.0030199803877621889,0.0,-0.04842337965965271,-0.069423526525497437,0.0,-0.10367120802402496,0.0,-0.094630487263202667,0.0,0.0,-0.063894793391227722,-0.064714357256889343,0.0,0.0,-0.012221458368003368,-0.014447401277720928,0.0081759477034211159,0.02042754553258419,0.021447076462209225,0.026983974501490593,0.024079682305455208,0.041290832683444023,0.040696663782000542,0.042938121904929481,0.069522534497082233
