SouthSea_Web/demo/jsonfile/2017-12-15-16.json
{"header": {"parameterUnit":"m.s-1","parameterNumber":3,"dx":0.1,"dy":0.1,"parameterNumberName":"Northward current","la1":29.0,"la2":12.0,"parameterCategory":2,"lo2":131.0,"nx":250,"ny":171,"refTime":"2017-12-15T16:01:52.5","lo1":106.0}, "data":
[rows 0 to 18 of 171, columns 172 to 214 of 250]
-0.23080589335698348,-0.24830716589222784,-0.29852114990353584,-0.29314991122200373,-0.32041302594271576,-0.34563365578651428,-0.34487930602497524,-0.33739010244607925,-0.34019924437298493,-0.35710336764653522,-0.35741202958992552,-0.37700149615605671,-0.41398868896067142,-0.42892083951405119,-0.42690198336328777,-0.40594310313463211,-0.3334003786245982,-0.27829518914222717,0.0,0.0,0.0,0.0,0.0,0.0,0.0,0.0,0.0,0.0,0.0,0.0,0.0,0.0,0.0,0.0,0.0,0.0,0.0,0.0,0.0,0.0,0.0,0.0,0.0
-0.28969643016656238,-0.27204691132773523,-0.34414720664853637,-0.31414782291366938,-0.31137933988462796,-0.28870156407356262,-0.29221772206457036,-0.32473467378055348,-0.32917373544640011,-0.361778125166893,-0.36645949880282086,-0.37700331024825573,-0.3875779677182436,-0.3796023507912954,-0.36715072592099507,-0.34154365956783295,-0.32702353994051614,-0.32853427529335022,-0.33140344669421512,-0.37195305313382832,-0.31760737299919128,0.0,0.0,0.0,0.0,0.0,0.0,0.0,0.0,0.0,0.0,0.0,0.0,0.0,0.0,0.0,0.0,0.0,0.0,0.0,0.0,0.0,0.0
-0.33779208064079286,-0.30115771423215454,-0.35625429749488829,-0.37591877295857384,-0.3207469681898753,-0.25945008620619775,-0.29381472499747024,-0.32028884689013165,-0.31976292388779776,-0.32673454284667969,-0.35556119307875633,-0.37535320222377777,-0.33973853377734914,-0.37962126930554707,-0.36143020987510682,-0.34676175032343182,-0.34767226378122967,-0.32321692790303913,-0.30064190072672708,-0.30097944289445877,-0.33032877055498272,-0.32268433570861815,-0.35721253603696823,0.0,0.0,0.0,0.0,0.0,0.0,0.0,0.0,0.0,0.0,0.0,0.0,0.0,0.0,0.0,0.0,0.0,0.0,0.0,0.0
-0.38127409375232196,-0.35175898535685107,-0.38824317306280137,-0.41253299333832483,-0.36202251283746018,-0.27942667379975317,-0.28904913034703994,-0.24548140089762838,-0.29675877466797829,-0.30713056690163082,-0.31430570681889852,-0.33307535387575626,-0.32336707040667534,-0.33954863622784615,-0.35238500038782755,-0.33638767898082733,-0.33436218542712076,-0.3149487887110029,-0.26719345524907112,-0.2779075096953999,-0.25680864070143017,-0.2710412580233354,-0.31556474474760204,-0.30015003337309909,-0.27803592383861542,-0.27503737062215805,0.0,0.0,0.0,0.0,0.0,0.0,0.0,0.0,0.0,0.0,0.0,0.0,0.0,0.0,0.0,0.0,0.0
-0.32266938996811706,-0.27556300633832026,-0.29587356249491376,-0.30894445206808008,-0.30623808774081146,-0.28645859737145274,-0.29026591405272484,-0.26165581063220378,-0.30788029895888436,-0.29795199334621431,-0.29407446086406708,-0.33573246167765725,-0.30315466225147247,-0.31426740686098736,-0.320237117655137,-0.31082222796976566,-0.284748749091075,-0.31039519182273317,-0.28951505972788882,-0.294203723852451,-0.23784529214555567,-0.2305421300909736,-0.24612078691522279,-0.256484631035063,-0.25312115252017975,-0.24843219071626663,-0.27563012018799782,-0.34538310766220093,0.0,0.0,0.0,0.0,0.0,0.0,0.0,0.0,0.0,0.0,0.0,0.0,0.0,0.0,0.0
-0.33683318847959692,-0.27452762424945831,-0.30849720302381012,-0.28962682030702891,-0.28164630187185186,-0.28483293336980481,-0.31877762244807351,-0.28730408058447,-0.3369892705231905,-0.23186393876870473,-0.26852710048357648,-0.32223021239042282,-0.26113124843686819,-0.30535797774791718,-0.28681967593729496,-0.32357216798342192,-0.26861860283783506,-0.27502818947488611,-0.2873861814538638,-0.30660868808627129,-0.24791732281446458,-0.24881231288115183,-0.23474923335015774,-0.21161647513508797,-0.21866309394439062,-0.21949592232704163,-0.22112589532678778,-0.26714180111885072,-0.33428131450306287,-0.29033995916446048,-0.28502488136291504,0.0,0.0,0.0,0.0,0.0,0.0,0.0,0.0,0.0,0.0,0.0,0.0
-0.31778138592129662,-0.30260746628046037,-0.24078707309330211,-0.25053996631973668,-0.25429862923920155,-0.28802278951594706,-0.31838026818107157,-0.34945641160011293,-0.31928740880068612,-0.22033683955669403,-0.31264150328934193,-0.36864787340164185,-0.29289878532290459,-0.24979593884199858,-0.27095598677794136,-0.285074169082301,-0.28647144941183239,-0.25531628613288587,-0.29622464254498482,-0.27580363675951958,-0.27068631516562569,-0.27096066996455193,-0.22082603722810745,-0.19524826109409332,-0.20673718800147375,-0.21018905565142632,-0.22097827307879925,-0.24983287941325794,-0.26967142928730359,-0.21808009256016125,-0.2453344545581124,-0.19898696409331429,-0.1355595737695694,0.0,0.0,0.0,0.0,0.0,0.0,0.0,0.0,0.0,0.0
-0.26902325765082713,-0.26688108789293391,-0.28135386893623754,-0.28054535388946533,-0.2873298306214182,-0.27946047981580097,-0.30344003066420555,-0.30922452608744305,-0.30714297493298848,-0.30823197960853577,-0.32093838070120129,-0.2950621089514564,-0.28579480946063995,-0.20622083842754363,-0.26291171461343765,-0.27737011412779489,-0.30994615531884706,-0.24997889724644748,-0.27287787497043609,-0.24641475247012246,-0.26607264365468708,-0.25878015905618668,-0.20922265450159708,-0.19816220303376517,-0.21826807558536529,-0.21067371964454651,-0.24190748631954193,-0.24777224063873291,-0.19898785799741744,-0.16400645052393278,-0.1429312608458779,-0.11949193376031789,-0.10785705298185348,0.019973508082330227,0.082740597426891327,0.0,0.0,0.0,0.0,0.0,0.0,0.0,0.0
-0.27705198000459108,-0.28545603156089783,-0.31759797595441341,-0.27735507984956104,-0.30183890461921692,-0.29925540275871754,-0.29301776254878326,-0.29221499179090771,-0.34133156736691794,-0.34927813609441122,-0.32309259211315827,-0.30138562619686127,-0.25658709768738064,-0.25550806894898415,-0.28821472938244158,-0.30427585355937481,-0.29153160055478416,-0.25768097937107087,-0.20637932717800139,-0.23398710361548833,-0.25951262811819714,-0.24836072884500027,-0.23339296877384186,-0.21872225776314735,-0.20127438008785248,-0.20538705959916115,-0.19937466271221638,-0.20602884516119957,-0.1520750472942988,-0.11482022838159041,-0.080025449395179749,-0.0165907534925888,0.098773844966975347,0.21943600131915167,0.24661044445302752,0.21286095761590534,0.29515621066093445,0.0,0.0,0.0,0.0,0.0,0.0
-0.25730202015903259,-0.30019702948629856,-0.32931607030332088,-0.28211652487516403,-0.27738476594289146,-0.2672708789507548,-0.24484052856763203,-0.25203314324220022,-0.338515328509467,-0.34028457403182982,-0.30763715319335461,-0.300055756018712,-0.29109079458496789,-0.25397570679585141,-0.301628477871418,-0.28612374762694043,-0.26483734846115115,-0.20758560299873352,-0.194734255472819,-0.24389820013727462,-0.28936261364391874,-0.27424913644790649,-0.23141586780548096,-0.1851667563120524,-0.16444641848405203,-0.16456620395183563,-0.12807394564151764,-0.11163023859262466,-0.067973413318395612,-0.032366246128311522,0.009565887247542074,0.034518125661027931,0.069736835439331263,0.15099335759878158,0.1575424779545177,0.3322675566781651,0.41265139646000332,0.38864778727293015,0.28411091367403668,0.0,0.0,0.0,0.0
-0.26467117667198181,-0.26947059631347658,-0.29551190324127674,-0.28393590237413135,-0.2593783512711525,-0.24464352428913117,-0.24406018853187561,-0.30402429745747495,-0.35857779016861546,-0.31144451456410543,-0.31632939832551138,-0.32117229998111724,-0.28747811454993027,-0.27919603263338405,-0.3025780709890219,-0.29052766263484953,-0.25121551326342989,-0.20695271156728268,-0.24849964465413774,-0.25907465389796663,-0.28248779773712157,-0.28511902689933777,-0.21867766479651132,-0.17637651413679123,-0.13494203984737396,-0.053666566099439351,-0.024385779106523842,-0.032181383483111857,-0.016744949379547808,-0.025568726800636134,-0.048420985372593768,-0.021781386333584254,0.029537304969770566,0.066076511381349221,0.28240620860686672,0.34752186470561558,0.34881512820720673,0.35528420739703709,0.34574371948838234,0.173792142007086,0.094243337710698441,0.0,0.0
-0.2700072880834341,-0.23528968256253463,-0.27234574407339096,-0.29070057826382772,-0.24848359716790064,-0.24327389101187388,-0.28302902254191314,-0.31196733850699204,-0.312396010527244,-0.30776562392711637,-0.29242632939265323,-0.29065139591693878,-0.29843774437904358,-0.30546069741249082,-0.27313405089080334,-0.25011715955204433,-0.26854015035288675,-0.22782908167157853,-0.24011810620625815,-0.28782665232817334,-0.28140117526054381,-0.25644379215581076,-0.20029562711715698,-0.14771178045443126,-0.066221278988652765,-0.063293198123574257,-0.092078646644949913,-0.099207697605544876,-0.07773799293984969,-0.080491501372307539,-0.037288237870338241,-0.013005922405192485,0.046651349926833063,0.22959046409680292,0.30920686821142834,0.31191150546073915,0.28569810436322141,0.27429388869892468,0.3244374692440033,0.24603606760501862,0.175683181732893,0.067836496720297471,-0.032963700825348496
-0.22979343434174857,-0.2479248084127903,-0.24811933065454164,-0.27976268529891968,-0.26676619594747369,-0.28391513457665074,-0.32522824654976529,-0.32018107446757232,-0.34684599258682947,-0.3049130976200104,-0.25631140287105852,-0.2726343075434367,-0.29290158833776203,-0.29098897178967792,-0.24783946573734283,-0.26417451351881027,-0.31358671784400938,-0.26575795561075211,-0.24195034056901932,-0.29571331044038135,-0.32769558429718015,-0.28387751181920368,-0.18430088460445404,-0.10340502982338269,-0.11865830297271411,-0.19994777606593239,-0.20089596344365013,-0.12647933512926102,-0.021400944562628865,0.050824929062010984,0.05410810772861753,0.086332187772943422,0.18988942106564841,0.27111086822473085,0.3372147787701,0.30673372497161228,0.26350543797016146,0.24181135947054083,0.28637406726678211,0.19873050451278687,0.21845510105292001,0.14633565937930887,0.034257093095220625
-0.16824555126103488,-0.20755970363433546,-0.21867544629744121,-0.22993991311107362,-0.29258886250582611,-0.331134373943011,-0.354836568236351,-0.382173627614975,-0.40141548812389372,-0.35855465829372407,-0.28925276464886135,-0.26918521523475647,-0.26381039950582719,-0.30158831179142,-0.26639584948619205,-0.28153349246297565,-0.32311946749687193,-0.28271706700325011,-0.28145611882209776,-0.33588359753290814,-0.39321893453598022,-0.30339284986257553,-0.19330135174095631,-0.13308869426449141,-0.22451876600583395,-0.27948259562253952,-0.16326746918881932,0.046176806092262268,0.15807733374337354,0.1533522938688596,0.1376175167305129,0.19515097886323929,0.28898700498617613,0.35565878947575885,0.36199199007107663,0.32738276857596177,0.28231138885021212,0.23851103267886423,0.29330594837665558,0.22289366103135622,0.25038164258003237,0.20331315100193023,0.10177648533135653
-0.15916883572936058,-0.22456565499305725,-0.20930415242910386,-0.23881270140409469,-0.33316297531127931,-0.39449573917822406,-0.41829110980033873,-0.4072653402884801,-0.36973861157894133,-0.36486648188696968,-0.31804884142345852,-0.29867745563387871,-0.28593745330969494,-0.29877576231956482,-0.27903728825705393,-0.26074247062206268,-0.278277188539505,-0.29697096347808838,-0.325968936085701,-0.369367778301239,-0.41283600330352782,-0.31940995156764984,-0.18600340400423324,-0.15575983189046383,-0.24727588742971421,-0.28068731589750812,-0.1388623233884573,0.057074499937395252,0.19554613828659057,0.18264365675193922,0.21309335191141476,0.31976867065979886,0.38909558703502017,0.41633144479531509,0.39804916083812714,0.34447877244515851,0.26487767237883347,0.25500541712556568,0.3251654475927353,0.28841739396254223,0.25165314525365828,0.18009259754961188,0.12866267748177052
-0.17815441762407622,-0.21739508360624313,-0.23609766364097595,-0.25642886757850647,-0.33153695762157442,-0.38783940672874451,-0.39460551366209984,-0.35689180791378022,-0.32025283575057983,-0.33537846803665161,-0.32885982096195221,-0.32219742025647846,-0.34990401069323224,-0.30722628533840179,-0.2940191149711609,-0.26207753270864487,-0.26915035396814346,-0.3006369223197301,-0.35023050010204315,-0.38976835707823437,-0.4066782146692276,-0.28732910007238388,-0.16580202111176082,-0.17508800886571407,-0.24956343695521355,-0.2389665259556337,-0.077691869132898064,0.16618568201859793,0.30892633497714994,0.24311117132504781,0.309836677142552,0.4250915456901897,0.50026018917560577,0.46766896889759946,0.4032980625828107,0.32452967017889023,0.26986917640481678,0.33992623251218063,0.35010575503110886,0.29687729229529697,0.23769925993222457,0.12380617757638296,0.1184426985681057
-0.13354656845331192,-0.21765311393472883,-0.23850815370678902,-0.23856298625469208,-0.27488661557435989,-0.28860639035701752,-0.33526919037103653,-0.32064659893512726,-0.31476817197269863,-0.33865910342761446,-0.36394649744033813,-0.40700468917687732,-0.41113691404461861,-0.35260628908872604,-0.32205576449632645,-0.27744778990745544,-0.27325469752152759,-0.29793147246042889,-0.34959680438041685,-0.39306141808629036,-0.4413105845451355,-0.31178095191717148,-0.20884646746245297,-0.22331843376159669,-0.15886921096931805,-0.046018618391826749,0.12473978453244154,0.30802498864276068,0.30393380385178786,0.31791056577975935,0.43892982353766757,0.5362173318862915,0.53725435833136237,0.45964918392045157,0.37631875505814183,0.3243548293908437,0.35800272226333618,0.39594505354762077,0.31932573659079416,0.30147455497221515,0.27182025036641527,0.13472477146066153,0.092595909589103284
-0.15926044248044491,-0.22358830086886883,-0.20847237606843314,-0.23466657598813376,-0.29847856983542442,-0.29965419428689138,-0.33389261364936829,-0.32145504866327557,-0.31524774059653282,-0.31814179321130115,-0.3611104091008504,-0.47689874470233917,-0.44554311462811064,-0.35038494467735293,-0.32446337342262266,-0.31911634973117281,-0.24570691337188086,-0.26529651241643087,-0.36368375165121897,-0.38497469822565716,-0.42565372958779335,-0.36224973627499174,-0.19948948505851957,-0.11355740551582792,0.040644020191393793,0.14737775244496085,0.23972868919372559,0.28936738173166909,0.2891619975368182,0.41455200811227161,0.57485270698865254,0.58727445510717535,0.54970084130764008,0.44951871250356945,0.36130909736339861,0.37316674419811796,0.43133110724962676,0.4059500006529001,0.30225000473169178,0.31164852243203384,0.24373400743518556,0.13509229222933453,0.14680113749844687
-0.21217804295676096,-0.21828551590442658,-0.22434604167938232,-0.2401449739933014,-0.2612218141555786,-0.24819778402646384,-0.23676313246999467,-0.22520074248313904,-0.23927975818514824,-0.34036728739738464,-0.44753510185650419,-0.5339639584223429,-0.41783800721168518,-0.32004545132319134,-0.2953385015328725,-0.3528679758310318,-0.25576744675636293,-0.21468175699313483,-0.36187769845128059,-0.35606552958488463,-0.30338515341281891,-0.25889395583759656,-0.11963921717622063,0.0011978475535711782,0.10397739268162033,0.11090594873978542,0.19549419329716608,0.21988901495933533,0.31461584170659385,0.52329502701759334,0.6212238073348999,0.59984245044844486,0.51999380439519882,0.38854896525541943,0.35336544880500209,0.38027037928501767,0.43250110516181361,0.36986911935465677,0.23839105559246882,0.32260742783546448,0.24714636696236475,0.12989928516057822,0.13000085284667357
