SouthSea_Web/demo/jsonfile/2017-12-16-01.json
{"header": {"parameterUnit":"m.s-1","parameterNumber":3,"dx":0.1,"dy":0.1,"parameterNumberName":"Northward current","la1":29.0,"la2":12.0,"parameterCategory":2,"lo2":131.0,"nx":250,"ny":171,"refTime":"2017-12-16T01:01:52.5","lo1":106.0}, "data":
[rows 0 to 18 of 171, columns 168 to 209 of 250]
-0.14181768987327814,-0.12107391003519297,-0.12324351098920618,-0.029558534472016618,-0.052338360164027944,-0.038609291224376015,-0.0569773903892686,-0.045800360717943737,-0.059075308624993668,-0.063366494876773732,-0.058493975136015147,-0.027554546599276364,-0.023958385428961587,-0.03139107208698988,-0.017223815533465574,-0.034431771545981364,-0.064717093016952276,-0.10072627823267664,-0.11886269466153213,-0.10612824730924331,-0.08734262051681678,-0.10670565813779831,0.0,0.0,0.0,0.0,0.0,0.0,0.0,0.0,0.0,0.0,0.0,0.0,0.0,0.0,0.0,0.0,0.0,0.0,0.0,0.0
-0.14098902023397386,-0.13770321437290736,-0.090087840998811383,-0.0325468062780731,-0.092880490235984325,-0.080359702039024108,-0.10827999464843584,-0.10475947778849375,-0.07592564397914843,-0.030010926676914094,-0.027394000342801997,-0.040947877966305786,-0.039601860516187221,-0.047915232949890196,-0.041405773535370824,-0.074646442430093884,-0.067405878333374858,-0.03352372149626414,-0.00821312468809386,0.016253806484330977,0.0057972976472228767,-0.020353020667763694,-0.073290110779150083,-0.10673125523940794,-0.16420937329530716,0.0,0.0,0.0,0.0,0.0,0.0,0.0,0.0,0.0,0.0,0.0,0.0,0.0,0.0,0.0,0.0,0.0
-0.15587357606957941,-0.16100266267513408,-0.075666442927387029,-0.094141816409925624,-0.11534785360097885,-0.12199465736098912,-0.12817519418895246,-0.11948982377847035,-0.034135509980842471,-0.041141487192362547,-0.059495644938004646,-0.038161680619749755,-0.0167036138102828,-0.032023722875035472,-0.061134870513342321,-0.046522280666977167,-0.044333478764576072,-0.049578010787566504,-0.033825993041197461,-0.022395877367151634,-0.025877190132935841,-0.0071004548434367666,0.0037575729074887931,-0.015240560443999129,-0.056623944833588138,-0.081950715603306884,-0.16344885155558586,0.0,0.0,0.0,0.0,0.0,0.0,0.0,0.0,0.0,0.0,0.0,0.0,0.0,0.0,0.0
-0.15885541922059551,-0.13610900116377864,-0.11619586354264846,-0.13232775241136552,-0.13824401633894962,-0.13256206905299967,-0.13782987743616104,-0.14383138343691826,-0.08045060883619283,-0.053109068796038626,-0.021064069678282574,-0.015268985696725156,-0.038413319271057844,-0.039046717497209706,-0.036011850958069164,-0.052597461268305779,-0.0351333727594465,-0.051444253185763955,-0.042407877370715143,-0.0313239038514439,-0.030409177598942603,-0.010361744485895283,0.01083867868874222,-0.011456856250085613,-0.01048420909293262,-0.030343408553073041,-0.049735886689562067,-0.083174753647584185,-0.1150360085691015,-0.12977796047925949,0.0,0.0,0.0,0.0,0.0,0.0,0.0,0.0,0.0,0.0,0.0,0.0
-0.15808414071798324,-0.16597548393266542,-0.18155571245230162,-0.21461055654546488,-0.14050062311192355,-0.11292663687153866,-0.10596118654523577,-0.12925858860430511,-0.10419951785694469,-0.048080246111280041,-0.025761172517377418,-0.025738256474907854,-0.062274220709999405,-0.046118061244487765,-0.037485156790353358,-0.083867443725466728,-0.043280529603362081,-0.054195692141850792,-0.048337003763984233,-0.037918946007266641,-0.018513749595373295,-0.036328476063707579,-0.023450303249634229,-0.012521209069885887,0.011876754049973732,-0.01277267403731292,-0.025145599773774546,-0.039106119838025838,-0.038507319614291192,-0.0523689977824688,-0.082598172361031175,-0.1149678248912096,0.0,0.0,0.0,0.0,0.0,0.0,0.0,0.0,0.0,0.0
-0.1593603953719139,-0.18780492554450856,-0.21596814044143842,-0.2287396691415621,-0.17293727499517528,-0.12238572821730659,-0.12124413212663249,-0.092428405426050492,-0.087872306767262917,-0.087709852877785183,-0.05723291625165277,-0.064656522563275171,-0.049266381072811782,-0.027693543458978336,-0.04421025411122375,-0.068130414627376013,-0.042403986284625717,-0.0462667973479256,-0.061123938066884875,-0.0537204397125886,-0.027389269322156906,-0.036993141794069248,-0.038534792916228376,-0.03923272283282131,-0.0085447431640204748,-0.021821460893584624,-0.014019767637364566,-0.011837867612484843,-0.018056942149996758,-0.025080881034955382,-0.027145699587311934,-0.024199368309928103,-0.061364171857183632,-0.076188910519704223,-0.1056813970208168,0.0,0.0,0.0,0.0,0.0,0.0,0.0
-0.18950554625741367,-0.20224670806656714,-0.21658637984232468,-0.18956988837037767,-0.21650249120734988,-0.15334807038307191,-0.10037648896960651,-0.10364233192644622,-0.091443197336047888,-0.10006201384883177,-0.11092915561269312,-0.0900612235069275,-0.05023608307408936,-0.0052969259520371757,-0.079191584605723619,-0.090426683177550635,-0.060252099356148392,-0.029323479408049025,-0.052594144300868111,-0.055026179179549217,-0.026253578432190876,-0.045112360125550859,-0.04799991799518466,-0.03735115728341043,-0.030631225763095751,-0.031223135534673929,-0.0072416767749624951,-0.0035689605007064528,-0.016160036437213421,-0.01615561090875417,-0.0083442899631336331,-0.039504404476081785,-0.058075579052621666,-0.043708006089383904,-0.032347628508101807,-0.0044365610390539384,0.012352983583696187,0.0,0.0,0.0,0.0,0.0
-0.20834870365532962,-0.20659095891143964,-0.21336196024309506,-0.18932535363869232,-0.18331206237014971,-0.14915956635224192,-0.13260673966846967,-0.12680308173100155,-0.12774343396487989,-0.12584157867564094,-0.09745327290147543,-0.085090096294879916,-0.073885296285152433,-0.062635110560222529,-0.095292409083672938,-0.082209817188627576,-0.046797112233060247,-0.030083823017776012,-0.028604633834523458,-0.06876300123209754,-0.04450644351891242,-0.0422243977134878,-0.040923013607971369,-0.036057811126940779,-0.039879723851169856,-0.027926851762458682,-0.0026174301989764595,0.0024535990475366511,-0.0099471483379602425,-0.0075798990825812025,-0.044560212735086681,-0.067377904802560812,-0.023957332503050564,-0.00875225637537369,0.01438602860170332,0.056888247205113825,0.081634671706706283,0.14048162185483509,0.15921294192473093,0.0,0.0,0.0
-0.22987299102048078,-0.20736676007509231,-0.20571707401956832,-0.1938701868057251,-0.17527729974073522,-0.15665020628107917,-0.15578040247783065,-0.1296747699379921,-0.13082321645582423,-0.1239022659137845,-0.11313545923022662,-0.10255419755620616,-0.11782019585371018,-0.11966164857149124,-0.095206669148276829,-0.069587017542549548,-0.038490811229816506,-0.036362639220897108,-0.061881677175943665,-0.068282138556241989,-0.051023606956005094,-0.029606359079480171,-0.0023838472086936237,-0.02463974803686142,-0.025405547115951777,-0.023163227597251534,-0.017108315415680409,0.0044754072441719472,0.015833513520192355,0.014191974980349187,0.022575288108782843,0.021067550405859947,0.083962417518099144,0.10794989426027644,0.12197373807430267,0.15006087223688761,0.21901054307818413,0.21513728338938493,0.19336763355467054,0.26117640568150413,0.34915757179260254,0.0
-0.24930562078952789,-0.24045904651284217,-0.21596960127353668,-0.18787956786783119,-0.17896946519613266,-0.18653497099876404,-0.1811792990192771,-0.14011380495503545,-0.12009818007548651,-0.10157851179440816,-0.0788545255859693,-0.090942818423112234,-0.15135574553694045,-0.12848289807637534,-0.085496461251750588,-0.062318178896720595,-0.060478998771445316,-0.043492770753800869,-0.061420224296549954,-0.050732893714060388,-0.031180510204285382,0.0018500580529992778,-0.008188574238576822,-0.029786365372794017,-0.033984237217477391,-0.022686486753324669,-0.0090318551325860117,0.0447233219553406,0.059996274920801319,0.1128903937836488,0.16668449901044369,0.17956406772136688,0.18125984221696853,0.16778160746280962,0.16055982684095702,0.14521490223705769,0.10966948591745816,0.058232670029004417,0.10530312757261774,0.39838889918544074,0.47010906537373859,0.36503912135958672
-0.25440603337789836,-0.23780371910995907,-0.22245470682779947,-0.18514028092225393,-0.18613125383853912,-0.17004841566085815,-0.16006442531943321,-0.1443636529147625,-0.11491328617557883,-0.083238277832667032,-0.0880677953362465,-0.13403408917096946,-0.14827998956808677,-0.10262815281748772,-0.10452646176729884,-0.085370934754610064,-0.069041629536793783,-0.067215112037956715,-0.084558272017882422,-0.063617225363850588,-0.029234496078320911,-0.0059976810589432716,-0.031077362996126925,-0.0377154994223799,-0.039847341924905778,-0.015912405855488032,0.031258791995545231,0.093269679695367813,0.15842413902282715,0.18514231698853628,0.16815195046365261,0.1514531321823597,0.14339157628516355,0.137286090715365,0.085169292699832186,0.043383411991141783,-0.014919967124504703,0.15388708173607787,0.40385207189963412,0.45769539144304061,0.39427888890107471,0.28214326169755721
-0.24912633864503159,-0.22431784868240356,-0.22154087354155147,-0.18419648427516222,-0.17244337126612663,-0.14584391621442941,-0.16080646642616817,-0.16848460372005189,-0.1301297896674701,-0.063817202548185986,-0.13867316462776877,-0.13540362222836569,-0.11940032587601589,-0.11263458877801895,-0.091301736350242912,-0.082826435565948486,-0.085320834484365254,-0.08746736347675324,-0.067914647050201893,-0.048235475189156,-0.049797468951770237,-0.021626764509294714,-0.034764988347887993,-0.057015844310323395,-0.037064142525196075,0.0070576356457812449,0.0878761000931263,0.15286089905670711,0.16980609132183921,0.099313303296055117,0.071064749732613564,0.081395650790496307,0.11237239961822827,0.091716512106359,0.029888688985790526,0.0096694708694345672,0.2392455608850079,0.41471626896124619,0.44957693666219711,0.44516622722148896,0.37719838665081906,0.28845566375689075
-0.23578462618238785,-0.21957011334598064,-0.18652826866933278,-0.14849035900372726,-0.13040293405453365,-0.12805938969055811,-0.12994281202554703,-0.14802880814442268,-0.1167896484786814,-0.11159138610729805,-0.15914992863933244,-0.14423939043825323,-0.13858367434956811,-0.12351967841386795,-0.0711221952851002,-0.076004671967691839,-0.08108515079532351,-0.069307866195837661,-0.048948944080621004,-0.053905773907899857,-0.072047744691371915,-0.034754428702096142,-0.031566382696231209,-0.068643433973193169,-0.055521197617053986,0.0046196857777734595,0.12295362246888024,0.127756600578626,0.062493883073329926,0.014571875896460066,0.0845839399844408,0.19986189239554936,0.2255355566740036,0.16361076065472194,0.16403207196188824,0.333682839687054,0.40128173927466076,0.44966775408157933,0.46607851440256293,0.43693238745133084,0.35710140764713288,0.27596777271140704
-0.22390488403684952,-0.19222599069277446,-0.12738976031541824,-0.07927469135476993,-0.075223377821120346,-0.079582145007757038,-0.097139603325298848,-0.089994181479726515,-0.13918560201471503,-0.14880232450862727,-0.16954016238451003,-0.18423217410842577,-0.19812556356191635,-0.12336852177977561,-0.086982704699039459,-0.068674903776910573,-0.062225784278578229,-0.074696557596325874,-0.056509365017215409,-0.062657304108142853,-0.07637933492660523,-0.048805773258209229,-0.042699006944894792,-0.091752213736375168,-0.083361028134822851,0.015808795113116503,0.097607905045151711,0.082784002025922135,0.0028657573663319149,0.028194057056680322,0.17500567560394606,0.30990351163423979,0.3440273677309354,0.33901238540808359,0.36690743054662434,0.39318189024925232,0.42836449008721572,0.45924551288286847,0.44916191467872035,0.39592014367763811,0.30923215448856356,0.23130453716624866
-0.17329825560251871,-0.13502321048424795,-0.082099137111352041,-0.038285808637738228,-0.052236293752988182,-0.085822957257429763,-0.084839893877506262,-0.083768394589424131,-0.15557451024651528,-0.18241274221376938,-0.20420564562082291,-0.20011717701951662,-0.1652737244963646,-0.13031122088432312,-0.07201181393530634,-0.04762338288128376,-0.061886824667453766,-0.078712472071250275,-0.0716215835085937,-0.05851287953555584,-0.065860655690942488,-0.071023972332477564,-0.078466404229402542,-0.11431756466627122,-0.109333136677742,-0.004729983552048604,0.081732836152826033,0.079406543169170618,0.0076032095996197311,0.044229801998219707,0.18541459739208221,0.3639427398641904,0.41675762931505839,0.38232549386365072,0.412806053053249,0.42330305392925555,0.45469708492358524,0.45605306671215939,0.41188906878232956,0.34330612150105561,0.26073271953142607,0.19735958852938243
-0.14767214230128697,-0.092492448432104926,-0.06932626833969896,-0.044002915647896851,-0.045416940934956074,-0.084787607192993164,-0.088609760006268815,-0.09187720250338316,-0.15308760926127435,-0.19134777039289475,-0.17721771076321602,-0.14169903770089148,-0.11312286555767059,-0.10620606690645218,-0.071034634858369833,-0.080771975219249725,-0.10908711453278859,-0.09633519997199376,-0.082363367080688477,-0.055699942633509636,-0.058349370025098324,-0.080143794417381287,-0.1063147559762001,-0.13804678122202554,-0.0960709514717261,0.017985176033107564,0.075940561613866267,0.031119018618483096,-0.01099024637369439,0.078247214328836315,0.27373914691534912,0.41033683021863304,0.4178727606932322,0.41563575466473895,0.42545674528394428,0.464044833725149,0.48190448184808093,0.45129346159788281,0.39516669263442356,0.30613905439774197,0.20445393983806884,0.18235797836230352
-0.12084754618505637,-0.0446559874754813,-0.038209568878466431,-0.033070390985812992,-0.0051950520079117272,-0.078133317745394171,-0.076252035330981016,-0.081749575212597847,-0.12104575429111719,-0.13487597741186619,-0.16140911355614662,-0.11296140216290951,-0.10861143055889341,-0.1438536856855665,-0.14965112693607807,-0.14930175493160883,-0.18294232524931431,-0.13388286158442497,-0.099369073286652565,-0.056998331099748611,-0.049711733435591064,-0.079208752761284515,-0.1063704788684845,-0.14304941985756159,-0.13264443073421717,-0.021716510877013206,-0.021345623514868996,-0.020800307206809521,0.0972162437709895,0.25022116709839215,0.35323871557529157,0.38713516720703672,0.36996283897986781,0.44919748489673322,0.47455330193042755,0.50706080060738778,0.50606435537338257,0.45656043929713114,0.34642725953688991,0.23117715915044149,0.16693311060468355,0.18276103679090738
-0.073228218696183622,-0.039745156280696393,-0.071533335993687316,-0.028631908935494721,-0.032082411926239729,-0.075057488400489092,-0.055777605623006821,-0.0998056282599767,-0.13108997046947479,-0.110157382275377,-0.1511807863910993,-0.14859247101204737,-0.12156138010323048,-0.14305386443932852,-0.17478727300961813,-0.22520147264003754,-0.22119933366775513,-0.1439504235982895,-0.094646281003952032,-0.063790028914809227,-0.017986332726043958,-0.070175853158746443,-0.11343302471297127,-0.15010981261730194,-0.1567160114645958,-0.064630341583064618,0.013026147149503231,0.088310005651278931,0.27653638397653896,0.33312705701047723,0.315267376601696,0.28858566284179688,0.36813343564669293,0.43985500683387119,0.46644941568374632,0.49155522539065433,0.47439517577489215,0.39646574003355844,0.24225941873513734,0.15753344712512835,0.159347897538772,0.153285274711939
-0.072474566847085947,-0.061042532790452242,-0.07871150691062212,-0.046548984146543911,-0.049980580008455684,-0.066171748297555108,-0.067278541624546051,-0.084910550713539118,-0.10094122290611267,-0.064642949029803276,-0.075076766844306669,-0.080754954900060377,-0.084205157123506069,-0.17320574074983597,-0.24448899711881364,-0.30620468159516651,-0.19592180103063583,-0.085539551451802254,-0.076266041646401092,-0.092659456034501389,-0.0094214364333311089,-0.032142208733906351,-0.1203836016356945,-0.13209624141454696,-0.095611216872930532,-0.020825759253718636,0.055520711974664169,0.19893289831551639,0.2945337945764715,0.24515456878221953,0.24552965622681838,0.29846053520838417,0.36995576421419779,0.40104339122772215,0.43607085943222046,0.43562363088130951,0.39910827080408734,0.27928292502959567,0.12216574927935234,0.078703552794953183,0.11689907427017506,0.10332669264503888
