SouthSea_Web/demo/jsonfile/2017-12-15-15.json
{"header": {"parameterUnit":"m.s-1","parameterNumber":2,"dx":0.1,"dy":0.1,"parameterNumberName":"Eastward current","la1":29.0,"la2":12.0,"parameterCategory":2,"lo2":131.0,"nx":250,"ny":171,"refTime":"2017-12-15T15:00:00","lo1":106.0}, "data":
[rows 76 to 94 of 171, columns 168 to 209 of 250]
-0.31187646704561572,-0.3378139678388834,-0.433685215190053,-0.46180365553924013,-0.38838723301887512,-0.25102198123931885,-0.14077837185727227,-0.13719796921525682,-0.17438489943742752,-0.200208095567567,-0.18822633102536202,-0.17363216479619345,-0.14412970691919327,-0.050730448216199875,-0.0025946792835990586,0.031899824117620788,0.033544730395078659,-0.011572205772002539,-0.076678238809108734,-0.085481628775596619,-0.047357639297842979,-0.0013771593221463263,0.027529552578926086,0.041577326133847237,0.0055572285006443662,-0.0468182610347867,-0.091839399188756943,-0.104529969394207,-0.10035950690507889,-0.063953204080462456,-0.044412903487682343,-0.040983023121953011,-0.075291089713573456,-0.12075178697705269,-0.11416295915842056,-0.11834536120295525,0.0,-0.10234095901250839,-0.1310502290725708,-0.16342645138502121,-0.20551648736000061,-0.2545248419046402
-0.31803802483611637,-0.35922402938206993,-0.423803516796657,-0.46130764087041221,-0.41395614905790851,-0.27850137380036438,-0.16041737049818039,-0.15224932630856833,-0.1842876046895981,-0.21670291679246084,-0.20135817527770997,-0.17438284059365591,-0.14656809841593108,-0.068482087925076485,-0.00811067596077919,0.024446971714496613,0.018962217029184103,-0.016744468982021015,-0.064347362145781517,-0.068697109818458557,-0.032391146756708622,0.01051496877335012,0.037621431052684784,0.051354385912418365,0.0176444249227643,-0.053075185045599937,-0.0921173058450222,-0.10448217764496803,-0.089309763163328171,-0.063609126955270767,-0.0600147545337677,-0.058223919942975044,-0.10740914568305016,-0.17994821071624756,-0.14946033805608749,-0.16842031478881836,-0.13364703953266144,-0.12588809430599213,-0.12891640141606331,-0.18082500994205475,-0.23660613596439362,-0.26592308282852173
-0.35479518069940452,-0.37115114401368532,-0.43238680437207222,-0.44957722425460817,-0.42964139580726624,-0.29465381056070328,-0.18080553784966469,-0.16106497744719187,-0.19538205862045288,-0.2195706938703855,-0.20858787000179291,-0.17016611993312836,-0.14086626768112182,-0.083389801283677414,-0.021813818253576756,0.0089324600994586945,0.0002913973294198513,-0.019006158380458753,-0.051048267632722855,-0.048700546845793724,-0.0092293374473229051,0.039491387084126472,0.073168881237506866,0.08692309632897377,0.045996401148537792,-0.039095892570912838,-0.086782921105623245,-0.10890494287014008,-0.095941808074712753,-0.089082453399896622,-0.064458377659320831,-0.096958126872777939,-0.15399385988712311,-0.1448889821767807,-0.19359610974788666,0.0,-0.160458043217659,-0.12915432453155518,-0.1294233649969101,-0.17479991912841797,-0.23025444149971008,-0.26808837056159973
-0.3594448058044209,-0.36811076893525962,-0.42427562602928709,-0.43778119129793985,-0.43524171113967897,-0.30454235672950747,-0.18309905007481575,-0.17056970484554768,-0.21094140708446502,-0.22926689982414245,-0.21045716355244318,-0.16814170281092325,-0.14941470921039582,-0.090604286640882492,-0.031497855670750141,-0.013628186852050325,-0.015542642679065466,-0.018983425572514534,-0.042084772139787674,-0.027830806560814381,0.02175287576392293,0.07977559044957161,0.12202981859445572,0.13464784249663353,0.073657895748813942,-0.02737016323953867,-0.085953902453184128,-0.10475380718708038,-0.10934727266430855,-0.11717521771788597,-0.10227496549487114,-0.14175302535295486,-0.21096377074718475,-0.20925513654947281,-0.22797106951475143,-0.20616774260997772,-0.17246125638484955,-0.13777123391628265,-0.14211982488632202,-0.17694051563739777,-0.2162720337510109,-0.24428901076316834
-0.38002057451950877,-0.36944052775700886,-0.39969662576913834,-0.42315629763262613,-0.42497810125350954,-0.30871697664260866,-0.19292711218198141,-0.19101732117789133,-0.22561055421829224,-0.23751693964004517,-0.20937162141005197,-0.16163995116949081,-0.1491582915186882,-0.099478434771299362,-0.046585753560066223,-0.032980368783076607,-0.026835905387997627,-0.02800360694527626,-0.046254917979240417,-0.017540085595101118,0.047514483332633972,0.11729136854410172,0.17136865109205246,0.18061593174934387,0.12702421844005585,-0.017301347106695175,-0.079072272405028343,-0.11002261564135552,-0.11822759360074997,-0.12562903761863709,-0.13046421855688095,-0.16293089836835861,-0.17562972009181976,-0.23903781175613403,0.0,-0.22745263576507568,-0.17845065891742706,-0.13139308989048004,-0.137028306722641,-0.16718138009309769,-0.20599429309368134,-0.20755556225776672
-0.41025192597333121,-0.38058829493820667,-0.38472563879830496,-0.40728214134772617,-0.40784572742202063,-0.29203494720988804,-0.19705138169229031,-0.19979858824184962,-0.23722940124571323,-0.2324743539094925,-0.1993680497010549,-0.172586839646101,-0.16151233613491059,-0.11741313586632411,-0.0649460069835186,-0.051941812038421631,-0.043070605024695396,-0.051939245313405991,-0.067466080188751221,-0.025622842833399773,0.061135856434702873,0.1477876752614975,0.2007061168551445,0.21308512985706329,0.11421822880705197,0.00075712986290454864,0.0,-0.10475558042526245,-0.11127670481801033,-0.12581610679626465,-0.13519433885812759,-0.16749683022499085,-0.20715798437595367,-0.24060790985822678,-0.24495919048786163,-0.22888392955064774,-0.17421583831310272,-0.12715198844671249,-0.12235251814126968,-0.14110547304153442,-0.17693956941366196,-0.21208009123802185
-0.41214826703071594,-0.38143080472946167,-0.38233595628004807,-0.38126816600561142,-0.36856987613898057,-0.26755952462553978,-0.18958162330091,-0.20725684799253941,-0.23402180025974909,-0.21697972714900971,-0.1840189223488172,-0.18833655416965484,-0.18469453603029251,-0.15572071075439453,-0.10433247933785121,-0.078119881451129913,-0.072035476565361023,-0.086381018161773682,-0.091036554425954819,-0.035078979097306728,0.062513997778296471,0.15331520140171051,0.2193351611495018,0.20791485160589218,0.11762863770127296,0.030658948235213757,-0.061160823330283165,-0.086581125855445862,-0.089513715356588364,-0.11259922757744789,-0.12071836739778519,-0.15280815958976746,-0.195664681494236,-0.1989419013261795,-0.22271881997585297,-0.20389648526906967,-0.15628890693187714,-0.11121387034654617,-0.10517954826354981,-0.11017363518476486,-0.13838585466146469,-0.17027166485786438
-0.40857660373051963,-0.38198788166046144,-0.38272083600362145,-0.37522470206022263,-0.34327703118324282,-0.247831083006329,-0.16897617067609513,-0.18733366280794145,-0.22551978379487991,-0.21557839512825011,-0.18152328332265219,-0.19761419792970023,-0.21032256881395975,-0.17491992563009262,-0.14073167244593302,-0.097481913864612579,-0.11153144637743633,-0.12710295617580414,-0.1125037856400013,-0.047021646052598953,0.053842566907405853,0.15600535273551941,0.21494235098361969,0.2273329496383667,0.14481056109070778,0.05827475618571043,-0.033423484303057194,-0.057908214628696442,-0.050914071500301361,-0.087094828486442566,-0.088448826223611832,-0.13892761617898941,-0.15257448703050613,0.0,-0.17749221622943878,-0.16155751049518585,-0.12684619426727295,-0.087967097759246826,-0.081049706786870956,-0.090758897364139557,-0.11488074064254761,-0.13992780447006226
-0.4023681895600425,-0.39145241677761078,-0.39572098163458019,-0.38529811664061114,-0.33608447511990863,-0.23885762029223973,-0.14891699627041816,-0.16064639637867609,-0.21908767521381378,-0.216825994849205,-0.19256888702511787,-0.20114302262663841,-0.22786857932806015,-0.21170191963513693,-0.17546922465165457,-0.13818315416574478,-0.14207732677459717,-0.15094272792339325,-0.1275414265692234,-0.054987875744700432,0.041377387940883636,0.14286205917596817,0.21624798327684403,0.2311584105094274,0.15926645696163178,0.080245146527886391,-0.0038158269599080086,-0.03189634345471859,-0.065661326050758362,-0.0486428327858448,0.0,-0.089926578104496,-0.074124477803707123,-0.12296998500823975,-0.13143859058618546,-0.1135401614010334,-0.087603937834501266,-0.050417166203260422,-0.050022076815366745,-0.076119028031826019,0.0,-0.10972330719232559
-0.39274203777313232,-0.39453921598546643,-0.40536447900992173,-0.38701447573575104,-0.32005768743428314,-0.22679943963885307,-0.14774106975112641,-0.14806539139577321,-0.21936682363351187,-0.22063286304473878,-0.20158069580793381,-0.22046284675598143,-0.25609370072682697,-0.24374599009752274,-0.20596758524576822,-0.16491259634494782,-0.15717396636803946,-0.15285882353782654,-0.11894179135560989,-0.049285788089036942,0.034257236868143082,0.14004217088222504,0.21804530918598175,0.23552441100279489,0.16936406493186951,0.0,0.018019472016021609,-0.012886600568890572,-0.029633181169629097,-0.0035948241129517555,-0.0325580146163702,-0.00833862740546465,-0.031522218137979507,-0.0768934041261673,-0.094000160694122314,-0.0747949406504631,-0.040412025526165962,-0.02030327171087265,0.0,-0.046564636752009392,-0.058636549860239029,-0.1140691488981247
-0.35843406880603118,-0.36772328828062328,-0.39549366136391956,-0.38254792852835223,-0.31171042323112486,-0.223617532187038,-0.16173803806304932,-0.15214169664042337,-0.2114031445235014,-0.22964220941066743,-0.22504081204533577,-0.24482441445191702,-0.26232152432203293,-0.25434152781963348,-0.21382375061511993,-0.16112184524536133,-0.15280150373776755,-0.13111128658056259,-0.08798600360751152,-0.020902032032608986,0.049436924979090691,0.14757582545280457,0.22733303904533386,0.25231923162937164,0.17283561080694199,0.09350273385643959,0.032325915992259979,0.0038836151361465454,-0.0031458991579711437,0.035223251208662987,0.026447674259543419,0.051757987588644028,0.010867942124605179,-0.03211673442274332,-0.04910794273018837,-0.03516375832259655,-0.0032525823917239904,0.0026918402872979641,-0.020314216613769531,-0.016946401447057724,-0.055551614612340927,-0.10097239911556244
-0.37614705041050911,-0.33712036721408367,-0.35734620477472034,-0.36191842291090226,-0.27831926806406543,-0.19593227240774366,-0.15135114888350168,-0.14971417188644409,-0.19655775278806686,-0.22239900752902031,-0.23033609688282014,-0.25339342653751373,-0.25580205023288727,-0.23236477871735892,-0.20834187169869742,-0.16837336619695029,-0.14215604960918427,-0.0983828455209732,-0.060471862554550171,-0.0022000372409820557,0.081166371703147888,0.16315366327762604,0.23880919814109802,0.2608649879693985,0.19521201650301615,0.10369916260242462,0.060580551624298096,0.018030742183327675,0.031190327368676662,0.0,0.069542862474918365,0.067511089146137238,0.043480318039655685,0.018256367649883032,0.0064435778185725212,0.012843729928135872,0.031145794317126274,0.017003502696752548,0.00026414290186949074,-0.046161942183971405,-0.035405997186899185,-0.076056286692619324
-0.37759094027911916,-0.31041247291224344,-0.29792729318141936,-0.29337005441387493,-0.22598819103505877,-0.17021280340850353,-0.13943650014698505,-0.13132356852293015,-0.15750352044900259,-0.19562216848134995,-0.21312456329663596,-0.22537128031253814,-0.21439710259437561,-0.17908655107021332,-0.16714353859424591,-0.14565326273441315,-0.1122191920876503,-0.061964229991038643,-0.018433700315654278,0.04300038143992424,0.11484204977750778,0.19416886568069458,0.25399710237979889,0.26857984066009521,0.22799982875585556,0.15261841317017874,0.13412907719612122,0.069450296461582184,0.074656479060649872,0.071814227849245071,0.089043337851762772,0.0885053239762783,0.065582985058426857,0.049914546310901642,0.0370330847799778,0.048260832205414772,0.055339068174362183,0.046720888465642929,0.031161908991634846,-0.010659086634404957,0.0,-0.061774676665663719
-0.36502422392368317,-0.301260507106781,-0.25365527843435604,-0.22419826279986987,-0.16712096519768238,-0.12584180065563747,-0.098742763201395675,-0.0624217933842114,-0.079637290537357325,-0.1268630564212799,-0.1406017854809761,-0.15447897215684256,-0.1585168739159902,-0.1270754411816597,-0.1238703764975071,-0.11850941926240921,-0.087129507213830948,-0.023752124980092049,0.018862396478652954,0.082572426646947861,0.15237775444984436,0.22605263441801071,0.26671892404556274,0.26748551428318024,0.24038128554821014,0.19492194056510925,0.1741170734167099,0.12595239281654358,0.12054571136832237,0.11799750849604607,0.12014381587505341,0.11100298166275024,0.086831361055374146,0.07110726460814476,0.073256619274616241,0.0914553701877594,0.08188243955373764,0.075769506394863129,0.034052170813083649,0.007815483957529068,-0.027865741401910782,-0.076372832059860229
-0.34451382979750633,-0.29887248575687408,-0.24267266690731049,-0.17323799307147661,-0.12816198584106234,-0.095264608040452,-0.061592371203005314,-0.015501825005880423,-0.011180361360311508,-0.025757163390517236,-0.056353817135095595,-0.07696076575666666,-0.076814704388380048,-0.080866776406764984,-0.090001482516527176,-0.096946731209754944,-0.073780495673418045,-0.033706419790784516,0.042793700471520424,0.11097802594304085,0.18915489315986633,0.24584582448005676,0.28067567944526672,0.27409358322620392,0.24867460131645203,0.22242556512355804,0.20501375198364258,0.17957981675863266,0.17004393041133881,0.15274833142757416,0.15230211615562439,0.12228419631719589,0.10885076969861984,0.08907800167798996,0.10226156562566757,0.0,0.10938326641917229,0.0,0.066296486184000969,0.03190038725733757,-0.01848808117210865,-0.05820428766310215
-0.2933969365225898,-0.27460984978824854,-0.20622490495443344,-0.10604776442050934,-0.086753947152332825,-0.090199429541826248,-0.071798658929765224,-0.028692618943750858,-0.0025899925036355852,-0.014167157700285316,-0.025939906761050225,-0.023689323104918003,-0.021496076136827469,-0.043347436934709549,-0.064748181030154228,-0.077283377448717758,-0.0583423413336277,-0.021786657356036205,0.060794804245233536,0.14020204544067383,0.23057654500007629,0.28500252962112427,0.3141656368970871,0.30590634047985077,0.26306556165218353,0.24549122899770737,0.23809898644685745,0.2244318500161171,0.20010647922754288,0.18931817263364792,0.17580088973045349,0.144627183675766,0.11982976272702217,0.11230835318565369,0.12002380564808846,0.12003494799137116,0.0,0.0895267203450203,0.048061087727546692,0.004574832390062511,0.0,-0.075438596308231354
-0.25582220322555965,-0.23114476700623829,-0.15204122712214788,-0.044402535797821149,-0.020819380087777971,-0.0464970245026052,-0.060193898156285286,-0.042998570017516613,-0.025682535395026206,-0.027900905162096024,-0.0356568805873394,-0.020960787311196327,-0.00496595399454236,-0.028373576700687408,-0.04115468760331472,-0.051249204824368157,-0.027630066033452749,-0.0089864479377865791,0.078493595123291016,0.18344275653362274,0.27756516635417938,0.33426962792873383,0.36502842605113983,0.35566671192646027,0.30450993776321411,0.28064338862895966,0.25998345017433167,0.25148479640483856,0.23305058479309082,0.22157417982816696,0.20048689097166061,0.16304491460323334,0.12959161400794983,0.13327585905790329,0.13092371821403503,0.1239236406981945,0.11273089796304703,0.069021830335259438,0.044525779783725739,0.002800618764013052,-0.054383713752031326,0.0
-0.26415610127151012,-0.21360447577067784,-0.0885607310069295,0.020551310759037732,0.040832098321698138,0.0016721454012440518,-0.042874004691839218,-0.045193557161837816,-0.02837483547627926,-0.029704440850764513,-0.03933318704366684,-0.020588867366313934,4.4477754272520542E-05,-0.024551314301788807,-0.025000886991620064,-0.027062625934680302,0.0063419206999242306,0.03464109729975462,0.13188259551922479,0.23830229043960571,0.32251749932765961,0.37682747840881348,0.40441565215587616,0.38147839903831482,0.34534281492233276,0.310731440782547,0.27951903641223907,0.271935373544693,0.23943719267845154,0.24095530807971954,0.19569008052349091,0.17397388815879822,0.14467496424913406,0.14102277159690857,0.0,0.13192525506019592,0.10352670401334763,0.0,0.013825921807438135,-0.0070641892962157726,-0.062565930187702179,-0.10631045699119568
-0.26933278457114573,-0.168600182980299,-0.024978068530220877,0.082167615581836023,0.0777084182947874,0.030614659469574691,-0.025557361042754363,-0.043722989037632942,-0.035006774216890336,-0.025501937791705131,-0.034330178052186966,-0.017919245176017284,-0.00015796387257675329,-0.013486336189089343,-0.020123098976910114,-0.016309843398630619,0.029543924378231168,0.077964628115296364,0.18335493902365366,0.27938017249107361,0.35922348499298096,0.40398453176021576,0.41725146770477295,0.39019139111042023,0.34681849181652069,0.31874503195285797,0.29140710830688477,0.26451720297336578,0.24466238915920258,0.23247417062520981,0.19967358559370041,0.16644567251205444,0.15655940771102905,0.15117474645376205,0.13869567215442658,0.12758427858352661,0.09336886927485466,0.0332567123696208,-0.017533361911773682,-0.058964625000953674,-0.063009962439537048,-0.10341877490282059
