SouthSea_Web/demo/jsonfile/2017-12-16-10.json
{"header": {"parameterUnit":"m.s-1","parameterNumber":2,"dx":0.1,"dy":0.1,"parameterNumberName":"Eastward current","la1":29.0,"la2":12.0,"parameterCategory":2,"lo2":131.0,"nx":250,"ny":171,"refTime":"2017-12-16T10:01:52.5","lo1":106.0}, "data":
[rows 95 to 113 of 171, columns 42 to 83 of 250]
0.0,0.0,0.0,0.0,0.0,0.0,-0.072819590958600716,-0.10619153687974858,-0.29974097069226152,-0.36068474903874015,-0.39922419052857622,-0.442508401112123,-0.43761677481234074,-0.42793779500893186,-0.49231228310810893,-0.51897794459805346,-0.49070076362506765,-0.39919736455468569,-0.32118312362581491,-0.33034893684089184,-0.40723955919665678,-0.57206082940101621,-0.541908057530721,-0.57435870376126519,-0.5257271746794383,-0.39766427874565125,-0.31392278856244582,-0.30480555246273677,-0.30582197649138315,-0.42656283378601073,-0.44373900975499836,-0.43845320741335553,-0.43826881934095313,-0.41458414619167644,-0.44144445231982637,-0.451827398052922,-0.468456062777289,-0.40119778558059976,-0.37431572840131561,-0.39357195794582367,-0.3694085834118036,-0.36803380785317258
0.0,0.0,0.0,0.0,0.0,-0.012163320622732451,-0.10194136250715752,-0.24872078882750645,-0.37240118673071265,-0.39000882402710291,-0.4372247710619887,-0.46214714050292971,-0.46132453203201296,-0.47153650901534339,-0.45853872671723367,-0.42906855543454486,-0.45143030087153119,-0.39962236955761909,-0.3452820804986087,-0.42807197282391207,-0.61022732655207312,-0.58221473364994447,-0.53332033753395081,-0.51814949193171089,-0.38064716855684916,-0.3597557136306056,-0.32589572116180704,-0.36943596498719578,-0.48358124281678883,-0.51004874816647283,-0.48637821951082777,-0.479724810079292,-0.44058933051732868,-0.399278375837538,-0.45753158504764241,-0.46344057413247913,-0.46370746360884774,-0.40607707317058855,-0.38351251805822056,-0.35819934767026168,-0.33978287662778583,-0.36245602479687444
0.0,0.0,0.0,0.0,-0.032478900414637545,-0.078787364371522672,-0.18358416330880958,-0.34649043254085354,-0.40176222053441135,-0.406641254112834,-0.41139768064022064,-0.43434152454137803,-0.4350202449907859,-0.42483617704023013,-0.39247808995701017,-0.38475382258725721,-0.36983483442754456,-0.26778902624334605,-0.29178820678165979,-0.44590760668118795,-0.5291520741678053,-0.45527074911764692,-0.45279443815902426,-0.38283228565906657,-0.3703564905694553,-0.34962044656276703,-0.36243677447582112,-0.44173801938692731,-0.460285838161196,-0.47177125568743106,-0.50945267187697552,-0.50481590187108072,-0.4547348011817251,-0.43336439345564159,-0.500051931142807,-0.51373384396235144,-0.47967199637339664,-0.40642623816217693,-0.35857535641768884,-0.35008310354672945,-0.31278434285411127,-0.30800894361275893
0.0,0.0,0.0,0.0,-0.067103014844178688,-0.16762325104396297,-0.28984995234397148,-0.37407045539409395,-0.42443780869245529,-0.43619455765275394,-0.42976407312295017,-0.42795572908861296,-0.39992683266217893,-0.39187052439559589,-0.36722937153606883,-0.28990010514452652,-0.20398942588104141,-0.29178124708788733,-0.43118791654706,-0.51064403612038189,-0.41023960243910551,-0.40806272214856643,-0.4076173747407979,-0.3526296748055352,-0.34293045154933272,-0.3587347375495093,-0.43359426409006119,-0.4499617059315954,-0.42039088675609004,-0.47255161956504538,-0.47817734628915787,-0.4323225227686075,-0.41641602558749063,-0.45535035155437609,-0.52354467687783413,-0.5530791036013899,-0.47427257666221034,-0.4210186107800557,-0.37545343160629274,-0.34680085735661642,-0.29035877739941635,-0.28634885570098612
0.0,0.0,0.0,0.0,-0.089831646659534747,-0.23358633493977871,-0.32175364287999958,-0.35793311968445779,-0.38398148554066819,-0.38361665800020295,-0.39994935628394007,-0.378522223730882,-0.39466063647854083,-0.38968177757612088,-0.27634900081448438,-0.22777759205353887,-0.25752465819057663,-0.41466476263538482,-0.48969020446141559,-0.42663904302047961,-0.43251340619979367,-0.44954978142465862,-0.36467009882132212,-0.28990653722450649,-0.29274609243428268,-0.41164563544865312,-0.39671456703433283,-0.34884594877560932,-0.39311769163167037,-0.42605720992599216,-0.4276596488697188,-0.37774154305458069,-0.37067716430734704,-0.45875253847667147,-0.51543672989915923,-0.50170403957366938,-0.44787423849105834,-0.423308541732175,-0.3828339310629027,-0.35586803244507831,-0.29465967637521251,-0.26165243811332262
0.0,0.0,0.0,-0.050457117463728149,-0.15954129110369722,-0.29551643775246006,-0.34438689286644392,-0.37900495753252417,-0.42602603759580443,-0.423867417126894,-0.41407309291940747,-0.39589171742017454,-0.36119628276513971,-0.34049812224176196,-0.30049443856263774,-0.29891029745340347,-0.398821355835084,-0.40022479961900148,-0.41889193215790915,-0.4910100784993941,-0.49688270155872616,-0.40323469322174788,-0.28406057666455,-0.21798511456560205,-0.2973439672897602,-0.39129931995501888,-0.31907564401626587,-0.36289217003754209,-0.38762033444184524,-0.36766397842654475,-0.35959772233452114,-0.33796405448363376,-0.34732558791126522,-0.45598876365908869,-0.50523407757282257,-0.480991952419281,-0.44182042060074983,-0.4293952492567209,-0.38712591505967653,-0.34693952224084307,-0.29837403059005735,-0.25069224490569186
0.0,0.0,0.0,-0.051726106397650136,-0.18924831139894438,-0.30038481176081783,-0.36192932545111095,-0.37269400556882221,-0.37113432600660229,-0.36454594057875794,-0.35288340357633735,-0.36338046251558792,-0.27859998947900272,-0.34835530990778013,-0.46247084885835649,-0.44313328010695319,-0.37778795941879872,-0.44968746738000348,-0.53775689818642358,-0.5058397677811709,-0.43691461746181759,-0.31456035960997852,-0.21424365689357122,-0.21991547250321933,-0.34345164067215389,-0.33189736413104193,-0.30803140997886658,-0.3552346740450178,-0.34213736121143612,-0.33974307202375853,-0.31201614053161059,-0.26366470524897945,-0.28884652842368397,-0.40195654988288881,-0.47392406438787776,-0.48016520646902233,-0.469179983322437,-0.42413333975351775,-0.37627860903739929,-0.33108874238454378,-0.27814282591526324,-0.24010697690149149
0.0,0.0,0.0,0.035254486319900025,-0.2069294382953917,-0.28903442964194315,-0.37190209232808974,-0.41471638050344256,-0.41940032405273936,-0.38280440093595769,-0.40371823512901694,-0.29100908756256105,-0.2928851991891861,-0.40281938094841807,-0.38905007533124975,-0.3838261340345655,-0.42354711581920756,-0.45804355759173632,-0.4313577339053154,-0.42829404558454243,-0.31765135111553328,-0.22529362035649164,-0.24408742679016932,-0.33811385078089579,-0.35796303550402325,-0.31823839743932086,-0.35397608471768244,-0.34828239450087917,-0.34691881299018862,-0.331013239092297,-0.26122046581336428,-0.22157970666885377,-0.25676001663561221,-0.33496055121605212,-0.39946870612246649,-0.45488987738887471,-0.46024705125735355,-0.42399169802665709,-0.37995186668855174,-0.34805640816688538,-0.29249503037759234,-0.23483518191746303
-0.067207038402557373,0.0013485639173152994,-0.068954318433040465,-0.19692539997661449,-0.32658899972538746,-0.35065326978788353,-0.34797713062623992,-0.33539351867511868,-0.38839334768986483,-0.361692563102052,-0.37859049285280294,-0.32656207415792676,-0.32819571436905282,-0.370519804812613,-0.36208246504106828,-0.37555164459979895,-0.41140792305980411,-0.42836827135855154,-0.39945617215386753,-0.33224677400929586,-0.26976704703910009,-0.27832088672689032,-0.35350852763211288,-0.34005329233628734,-0.31708435599620527,-0.32378117625529951,-0.35825509548187257,-0.35725374839135576,-0.36332370064876696,-0.32541296482086179,-0.25398513178030652,-0.21463104806564473,-0.24116773502184793,-0.29177004694938657,-0.32572653020421666,-0.401674622297287,-0.444680685034165,-0.42913646057800009,-0.39888747572898864,-0.36948894602911814,-0.29978388609985512,-0.21096412278711796
-0.021677332521753748,-0.056184859738800066,-0.26861045628453545,-0.3836154882089492,-0.41927351081435055,-0.42977669230765769,-0.43367024502789664,-0.40444025993347166,-0.38719075136971703,-0.33531788587570188,-0.35202034505513996,-0.29263348314497206,-0.29018384139788778,-0.3095366095795351,-0.32625619415193796,-0.35645823421016815,-0.35389447124565349,-0.35242488055393612,-0.33034819683858324,-0.30731458323342459,-0.31295380989710492,-0.34691917257649557,-0.34611786957140322,-0.32001633997316714,-0.31161528587341308,-0.35000154801777433,-0.3765014261007309,-0.33913203156911409,-0.31718454452661365,-0.28382300372634617,-0.23491608124712241,-0.21144769049209097,-0.23497210271083391,-0.2595914552609126,-0.2820762759447098,-0.34782571911811827,-0.40409674406051638,-0.40119081096989767,-0.37921571400430465,-0.33934349318345386,-0.27354738175868987,-0.18214689319332442
-0.27357538653208385,-0.423282516006968,-0.44541407786309717,-0.4279810401101376,-0.41755657273968427,-0.46153641985012933,-0.4126534106418433,-0.37639223337173461,-0.3300283345911238,-0.32006146541008584,-0.29422823426335359,-0.28723900783352735,-0.30208160792078292,-0.30010847561061382,-0.30169094474084918,-0.31241826472743867,-0.32897992277967519,-0.33654609535421642,-0.30444596282073427,-0.28424747181790216,-0.28932047552532619,-0.32832454862418,-0.33387343470866865,-0.29800216798429136,-0.29736032508886778,-0.35024324307839078,-0.38114178077927952,-0.31460553018943122,-0.26409366726875305,-0.25141879171133041,-0.21287335684666267,-0.20375359001067969,-0.20665643667733227,-0.21630787792114112,-0.2588195392379054,-0.3255767297744751,-0.357881435641536,-0.36465552578801697,-0.36288063801251924,-0.34275151182104041,-0.28115880986054737,-0.20510093122720718
-0.42480641082905263,-0.48488342767286896,-0.50052078479638129,-0.51944522979931951,-0.52690684433617341,-0.49131673625830946,-0.43464841768444784,-0.42855847814456133,-0.35641648158242428,-0.34723931608291775,-0.33285884247269742,-0.30663171848830056,-0.28365322388708591,-0.250898241482932,-0.24653766484096132,-0.2644446183528219,-0.27650248472179684,-0.28022308702822085,-0.24721528749380792,-0.24552805059485966,-0.24445842868751949,-0.26846031844615936,-0.26270175256111006,-0.25381242513656616,-0.28571232809470248,-0.31670564081933761,-0.3377387592425713,-0.29261568023098838,-0.21805478231264994,-0.22940224065230444,-0.20470985446287238,-0.16516484320163727,-0.17503870010375977,-0.20411761164665221,-0.23362885912259421,-0.282495923616268,-0.30097911678827727,-0.30890970849073851,-0.32350621581077577,-0.31955631524324418,-0.28495748078121858,-0.23402259747187296
-0.49544375452717965,-0.50419679341530643,-0.54515409627249023,-0.59355144958441441,-0.54341338861067567,-0.43369676979412708,-0.44120727233383633,-0.39056447429477043,-0.37604113171497983,-0.36632319630646126,-0.29000891112920008,-0.24824956009785335,-0.2511353242610182,-0.26723345600325488,-0.26565858950981724,-0.25621475517749787,-0.27390746474266053,-0.26702010205813814,-0.2508679287774222,-0.25325532967136022,-0.25901295906967586,-0.29676798039249014,-0.28827939987182616,-0.27283854285875958,-0.30385901991810116,-0.30727754905819893,-0.28443285942077634,-0.24520570612870729,-0.20425118246804114,-0.21206536717139757,-0.17994884461164473,-0.12174184749955716,-0.12068670243024826,-0.14830233187725148,-0.18203302134167065,-0.21750675390164057,-0.23411283091358517,-0.23867421664974906,-0.25812912951497469,-0.27570978601773583,-0.27066641194479807,-0.25966597224275273
-0.5550947703828859,-0.567282340510024,-0.61158697343454127,-0.56329484965841647,-0.49205418911565191,-0.44512830454588942,-0.39628014067808787,-0.37445836923491788,-0.37768634226587083,-0.26752128175326756,-0.19711830731361144,-0.19437347925626314,-0.25965705072438278,-0.29444387435913089,-0.31324491592553944,-0.31779448151588441,-0.31334400177001953,-0.28992747156708326,-0.28498238086700439,-0.29590960420095,-0.31995302438735962,-0.344947758775491,-0.33613729476928711,-0.2920486181974411,-0.27072495102882388,-0.27800134321053821,-0.26956362636001024,-0.26764831691980362,-0.25042996525764466,-0.20889833230863919,-0.16354105231307803,-0.14223642576308476,-0.15911973156034948,-0.1922219328582287,-0.22524179220199586,-0.26224968621605321,-0.26990755428286162,-0.24145691096782684,-0.2152917186419169,-0.22136987958635604,-0.24626579995338732,-0.27263979986310005
-0.63926257325124136,-0.69276009993409637,-0.58685115095994156,-0.49904615564863813,-0.56342907268789755,-0.49312071168061461,-0.41129214335710573,-0.36270888625307285,-0.26278715005942754,-0.19634521393864243,-0.18795548021793365,-0.22838724298136576,-0.27999381377146793,-0.30344023859059371,-0.33010730147361755,-0.3504505327769688,-0.35285563979830059,-0.34320708364248276,-0.34751748580199021,-0.35930001258850097,-0.38107277504329024,-0.38739050924777985,-0.36398322463035582,-0.31371971506338853,-0.287944061756134,-0.29608029515846918,-0.28261052525561786,-0.28699592792469525,-0.29630527848547156,-0.27302496348108563,-0.263163760304451,-0.275972406566143,-0.27310642207923691,-0.30457044588892085,-0.33327003382146358,-0.34259393066167831,-0.331680634192058,-0.27355981965859733,-0.20925485218564668,-0.18744189664721489,-0.21373469009995461,-0.25502564199268818
-0.720047594267429,-0.69508334275762085,-0.60053495737750839,-0.59025589906892106,-0.5448440624319989,-0.49636196043040304,-0.40882903668615556,-0.31434559460842249,-0.24225708174294439,-0.23206810474395753,-0.24537416961457995,-0.25648249047143118,-0.28601684755292434,-0.32380851571049007,-0.34320771268435885,-0.35941948848111288,-0.37856538295745851,-0.38933444236006054,-0.41912412643432617,-0.43974953581546916,-0.43762807891919064,-0.41762484716517584,-0.38307002305984494,-0.34328906025205341,-0.32463674182477203,-0.32259658227364224,-0.33423555394013721,-0.35924441028725018,-0.36207189304488047,-0.32555945139182241,-0.30804668813943864,-0.2990861851722002,-0.29855481491369362,-0.31815800443291664,-0.31056394775708518,-0.28149566253026326,-0.27151531095688158,-0.25027353763580323,-0.2145716262360414,-0.18432061932981014,-0.18728588095733098,-0.2277659997344017
-0.74908378808456055,-0.73126762854047567,-0.67390310851326829,-0.58855332558353746,-0.551391428070409,-0.45293403156968048,-0.35058816615492105,-0.28876483992294028,-0.2860355835694533,-0.30118501071746534,-0.29117638283762437,-0.2860479269708906,-0.30894533793131512,-0.35220675410762908,-0.39642869368676215,-0.41344176977872849,-0.43270972274964853,-0.45320106477573,-0.50091833645297634,-0.51565661923638706,-0.49811382393042247,-0.46001698993719542,-0.42677648152623859,-0.40068976636286135,-0.37663098096847536,-0.35449582934379575,-0.34491031973258307,-0.32975024410656523,-0.32275422130312237,-0.31596672534942627,-0.30350237300521449,-0.31263900796572369,-0.3277006248633067,-0.34158350740160259,-0.34411061803499859,-0.31114018211762112,-0.26306485858830536,-0.23953481831333853,-0.22640576772391796,-0.19318310703550065,-0.16871615392821177,-0.191488487025102
-0.65070855518182114,-0.75392976842942783,-0.71829900476667619,-0.6188717030960581,-0.51424334049224851,-0.42186333290461836,-0.34935717582702636,-0.32034443153275383,-0.33128857825483593,-0.35025085457440081,-0.35211269605544304,-0.34646774365984162,-0.33971344135903025,-0.35378339525425073,-0.38500629591219354,-0.4399581840261817,-0.49439319484942668,-0.53293095664544543,-0.54903249126492126,-0.53281308665420068,-0.49925515055656433,-0.44378996708176355,-0.41999662950121125,-0.40550973805887947,-0.36023776118571943,-0.32495349645614624,-0.31712143194107784,-0.3089170049537312,-0.29728145400683087,-0.29249473128999981,-0.29897437283867284,-0.34213316068053246,-0.34675569193703787,-0.35412008421761648,-0.35380091804724473,-0.33528143167495728,-0.28390745547684754,-0.22686006128787994,-0.19456090778112412,-0.15928461721965245,-0.14547257423400878,-0.16418434083461761
-0.68413767963647842,-0.71490927083151679,-0.72845243045261932,-0.57769843339920046,-0.47359634538491568,-0.40601996160470522,-0.379808705162119,-0.35596850404032954,-0.36455872555573782,-0.37809285614639521,-0.38213176499394808,-0.37297959791289437,-0.34740961364337375,-0.37620693366778524,-0.42752921502841146,-0.50099044186728336,-0.56674658755461371,-0.58418841111032582,-0.54926202485435882,-0.52164161566532019,-0.49263503474573933,-0.45710174242655438,-0.41923759380976361,-0.36668925655299217,-0.33072621268885477,-0.31132790446281433,-0.33472308172629428,-0.36646132916212082,-0.341551027364201,-0.32107254676520824,-0.32694530155923629,-0.34546255568663281,-0.33331804871559145,-0.3141654065022102,-0.30207654021003028,-0.27057981491088867,-0.22935039922595024,-0.1801931063334147,-0.14906537532806397,-0.14295656979084015,-0.13635600854953131,-0.13940982520580292
