SouthSea_Web/demo/jsonfile/2017-12-16-19.json
{"header": {"parameterUnit":"m.s-1","parameterNumber":3,"dx":0.1,"dy":0.1,"parameterNumberName":"Northward current","la1":29.0,"la2":12.0,"parameterCategory":2,"lo2":131.0,"nx":250,"ny":171,"refTime":"2017-12-16T19:01:52.5","lo1":106.0}, "data":
[rows 114 to 132 of 171, columns 0 to 42 of 250]
0.0,0.0,0.0,0.0,0.0,-0.19200864930947623,-0.1697876768984965,-0.16300205886363983,-0.18139613622968848,-0.22682278425920577,-0.2573123913672235,-0.24116870562235515,-0.21314303390681744,-0.19849273065725961,-0.1722180595000585,-0.13228530064225197,-0.091716170310974121,-0.029384097860505182,0.0098408185876905918,0.024962595663964748,0.053181243439515434,0.069939876596132919,0.093428514897823334,0.11720780283212662,0.13007163256406784,0.17378721535205841,0.21106566786766051,0.26091957092285156,0.27810314794381458,0.28011022508144379,0.24090082943439484,0.16717340983450413,0.15227572194167546,0.1721049596865972,0.14077323178450266,0.0917619600892067,0.0469889763210501,0.0022625720128417017,-0.078385518242915467,-0.19245272645583519,-0.28511861380603576,-0.31257103577904077,-0.38554085073647676
0.0,0.0,0.0,0.0,0.0,0.0,-0.16352649731038327,-0.1801920415711229,-0.19834787385948635,-0.19469026689018523,-0.24320511655374008,-0.25956995884577433,-0.24529352287451425,-0.22541168630123137,-0.22531511882940927,-0.17429369091987609,-0.12654639035463333,-0.057126623888810478,-0.024099437519907951,0.0053960294462740421,0.054390748962759972,0.0579642578959465,0.060939351469278334,0.074207258969545359,0.11029227823019028,0.19812061488628388,0.24557200287069594,0.28542688488960266,0.3228886177142461,0.30291671057542163,0.21889965236186981,0.189519627019763,0.19524494558572769,0.19852037429809571,0.1624254584312439,0.082181910673777267,-0.00744320172816515,-0.065852879732847217,-0.15431699007749558,-0.25460251420736313,-0.28682917753855386,-0.29483024705023991,-0.32349971478635614
0.0,0.0,0.0,0.0,0.0,0.0,-0.020970363480349381,-0.2104380507578795,-0.18557040092925872,-0.21509577401659705,-0.24221002594346092,-0.255840752273798,-0.25882206360499066,-0.2409936168364116,-0.25393149895327433,-0.214459498723348,-0.16355940401554109,-0.10767002776265144,-0.06382454838603735,-0.025725676988561947,0.023333235643804073,0.031802371144294739,0.044052337761968374,0.064159852763017014,0.12360405425230663,0.23648903891444206,0.32575709223747251,0.3496265783905983,0.34786278009414673,0.30542893920625958,0.23920575280984244,0.22383037954568863,0.23023088648915291,0.19927531055041722,0.12239107936620712,0.020188562199473382,-0.07821738036970298,-0.16400079131126405,-0.24249254465103148,-0.29760735143314709,-0.28012225776910782,-0.25127274468541144,-0.25128385035888007
0.0,0.0,0.0,0.0,0.0,0.0,0.0,0.0,-0.19368789743070733,-0.19077365065184165,-0.24962354073157678,-0.26135548539459708,-0.24265383541584015,-0.23185491810242334,-0.26503079798486495,-0.25841244806845981,-0.207281631231308,-0.14403515557448068,-0.090828066070874527,-0.035415272538860641,0.0033682936142819622,0.043173405031363167,0.0455394359305501,0.0779961921274662,0.13537106911341348,0.22285093665122985,0.36787508428096771,0.3989979475736618,0.35955634713172913,0.28821558185986113,0.24298694481452307,0.24286630749702454,0.24604956167084829,0.19863111153244972,0.11238664239645005,-0.010248387154812614,-0.089149887363115951,-0.17421058648162419,-0.266939651966095,-0.28534309909893918,-0.22532815900113848,-0.19489433914422988,-0.18837470948696136
0.0,0.0,0.0,0.0,0.0,0.0,0.0,0.0,0.0,-0.19737757523270214,-0.20025837849015776,-0.24368244443427434,-0.26438108622096479,-0.30769853700291028,-0.33205969719325795,-0.27681335806846619,-0.24564755894243717,-0.18519237885872522,-0.13903368078172207,-0.096899861469864845,-0.031007219105958939,0.028700012092789013,0.050780777633190152,0.075215214863419533,0.14387368708848952,0.2619013364116351,0.37905404823166983,0.419582262635231,0.34827534357706708,0.27080461382865906,0.23892169942458472,0.23680811127026877,0.21011711657047272,0.13761901296675205,0.065999936312437057,-0.00959964895931383,-0.10197217123849052,-0.18621428310871124,-0.22993151166222312,-0.18235655998190245,-0.14033046116431555,-0.12201067902471709,-0.13221324079980454
0.0,0.0,0.0,0.0,0.0,0.0,0.0,0.0,0.0,0.0,-0.16315106776627628,-0.29522460076346324,-0.316412586470445,-0.31975458535281093,-0.25240949879993091,-0.25276759862899778,-0.26656862431102329,-0.22252734899520874,-0.18449004739522934,-0.13630995030204454,-0.05699867382645607,0.0061662020161747932,0.04235854116268456,0.080505537986755374,0.14822645038366317,0.25204342007637026,0.36723650097846983,0.41046282152334851,0.37413999438285828,0.26451513419548672,0.22278212606906891,0.23199817538261414,0.18930565938353539,0.10854310169816017,0.02874423093938579,-0.068698544055223465,-0.13753590153323281,-0.15773228638701969,-0.15015655942261219,-0.1214292966760695,-0.1007475891838903,-0.086347963971396283,-0.10926338342519906
0.0,0.0,0.0,0.0,0.0,0.0,0.0,0.0,0.0,0.0,0.0,-0.21073312366792521,-0.26304717391729354,-0.23742476889961645,-0.25414514191010418,-0.21351357067332549,-0.24843533795613509,-0.19941753961823203,-0.17078805901110172,-0.17543796698252359,-0.10766517867644627,-0.049197553656995296,0.020670436439104378,0.086773683317005634,0.14459471255540848,0.23601907193660737,0.3356080949306488,0.36022666096687317,0.29566015799840289,0.20964303612709045,0.19343416889508566,0.23219745712620871,0.2312957321604093,0.13889803141355514,-0.0040986380772665143,-0.11711878329515457,-0.14742056197590298,-0.1258142463862896,-0.108993365863959,-0.10663292888138029,-0.11073105099300544,-0.09309960836949556,-0.10862594613662133
0.0,0.0,0.0,0.0,0.0,0.0,0.0,0.0,0.0,0.0,0.0,0.0,-0.1778868375863466,-0.2001602371295769,-0.24343987206617992,-0.19847659631208939,-0.25678322885347449,-0.23075737626779647,-0.17277529835700989,-0.2162940866417355,-0.16452854406088591,-0.090406824648380277,0.0036853660945780574,0.091289424647887543,0.15223632256189981,0.20352897793054581,0.26953929960727691,0.299586421251297,0.24469063431024551,0.17788664251565933,0.17064858476320902,0.25316968262195588,0.27511703968048096,0.19198511416713396,-0.014332771168223448,-0.14293793495744467,-0.12534212817748389,-0.08196393897136052,-0.095021455415657582,-0.10952333970503374,-0.0895392454188803,-0.088090812618082215,-0.11227274624009927
0.0,0.0,0.0,0.0,0.0,0.0,0.0,0.0,0.0,0.0,0.0,0.0,0.0,-0.16229696422815323,-0.18130219636256234,-0.20572533774173865,-0.28053826239763524,-0.23514668813773565,-0.19894696297970685,-0.23641825914382936,-0.24337543760027205,-0.13263506069779396,-0.014706260258597987,0.10337643325328827,0.17089427262544632,0.19286415619509562,0.21315936744213104,0.22220512373106821,0.208100201562047,0.15765973925590515,0.15899640570084253,0.22546392679214478,0.24786074161529542,0.087963409189667024,-0.10641625337302685,-0.1247371422747771,-0.071389708202332258,-0.059135090559720993,-0.082882342860102654,-0.087602145348985985,-0.071892654523253441,-0.0819437565902869,-0.1100179020847593
0.0,0.0,0.0,0.0,0.0,0.0,0.0,0.0,0.0,0.0,0.0,0.0,0.0,0.0,-0.17783010829436152,-0.1793748111332823,-0.22117349150634946,-0.21059662872745144,-0.21696228470121112,-0.26101391868931906,-0.30960835218429567,-0.1977641973644495,-0.046895627611471959,0.0677406159894807,0.14995807185769081,0.17566995748451778,0.16751167674859366,0.15956006447474161,0.1661700208981832,0.15719678501288095,0.1529233381152153,0.16595737263560295,0.13360894918441774,-0.03639539275318384,-0.14734449556895665,-0.10508531911505593,-0.066406475587023631,-0.074441685155034062,-0.077191410213708872,-0.085587675550154271,-0.077323158435961784,-0.09356538995223887,-0.1201609592688711
0.0,0.0,0.0,0.0,0.0,0.0,0.0,0.0,0.0,0.0,0.0,0.0,0.0,0.0,0.0,-0.19961320559183757,-0.20242145233522585,-0.23599854183115371,-0.24871906618008743,-0.24910348518328232,-0.30733405351638793,-0.24984279125928879,-0.081964801313976446,0.010295364254323597,0.096093421632593323,0.15930410677736456,0.15154830449157292,0.11987520474940538,0.13417396363284853,0.15206551551818848,0.14451410621404648,0.10179733857512474,0.00039810934104025366,-0.099989132334788636,-0.12355614950259526,-0.096530914306640625,-0.098614946007728577,-0.095278136432170868,-0.0974607527256012,-0.11152852140367031,-0.1045470695410456,-0.126954750623554,-0.14426612257957458
0.0,0.0,0.0,0.0,0.0,0.0,0.0,0.0,0.0,0.0,0.0,0.0,0.0,0.0,0.0,0.0,0.0,-0.25289250806320546,-0.28037277791235182,-0.26506459730309112,-0.26425455432189138,-0.26539670346781263,-0.15704822819679976,-0.058426886674408852,0.041674237752643721,0.12233794595186527,0.10189180763868186,0.0792878434062004,0.0949044581502676,0.11195452362298966,0.086559073999524117,0.043035786133259535,-0.0490948255173862,-0.12039069831371307,-0.13076002616435289,-0.11627891752868891,-0.12613552715629339,-0.12966764138804543,-0.14348557757006752,-0.13913896456360816,-0.13319634510712189,-0.161606493805136,-0.18548495570818582
0.0,0.0,0.0,0.0,0.0,0.0,0.0,0.0,0.0,0.0,0.0,0.0,0.0,0.0,0.0,0.0,0.0,0.0,-0.2491708326907385,-0.20381426939676547,-0.17697868851246312,-0.20266674617503552,-0.21536995582985427,-0.10820216403314562,-0.031120807575505404,0.056807898768844706,0.060169471427798271,0.037338079884648323,0.034090359346009791,0.031369688163977116,0.020419780198218569,-0.012813343976934752,-0.088512821495533,-0.14691741466522218,-0.17123746871948242,-0.16732531040906906,-0.16790679655969143,-0.16763469018042088,-0.17921876055853708,-0.18383201956748962,-0.17801100828430869,-0.20416502248157153,-0.23693883419036865
0.0,0.0,0.0,0.0,0.0,0.0,0.0,0.0,0.0,0.0,0.0,0.0,0.0,0.0,0.0,0.0,0.0,0.0,0.0,-0.0427255982067436,-0.0784614309668541,-0.11818346443861033,-0.16722053566984102,-0.16237725726058405,-0.11620666191746028,-0.058117782628094708,0.0016121310958017905,0.0014817805931670591,-0.013453751155692671,-0.024184512469219044,-0.03373972273298672,-0.045359143987298012,-0.12106120139360428,-0.15725685656070709,-0.17257669940590859,-0.18835835158824921,-0.20146519939104715,-0.20632794073649816,-0.20530051738023758,-0.21604733727872372,-0.23741223249170515,-0.24548004796871772,-0.27168018495043117
0.0,0.0,0.0,0.0,0.0,0.0,0.0,0.0,0.0,0.0,0.0,0.0,0.0,0.0,0.0,0.0,0.0,0.0,0.0,0.0,0.0,-0.065739119573887714,-0.071178348747736361,-0.11928377352266883,-0.11966973807041843,-0.15288168638944627,-0.082300382703542715,-0.051694968249648809,-0.066897620580026088,-0.0685716031326188,-0.092416329309344292,-0.0958337386449178,-0.14981186762452126,-0.18531619509061179,-0.18229958415031433,-0.19895888492465019,-0.22296741108099619,-0.24137452244758606,-0.2314915657043457,-0.24911637902259826,-0.27034598423375023,-0.27943439185619356,-0.27211735465309839
0.0,0.0,0.0,0.0,0.0,0.0,0.0,0.0,0.0,0.0,0.0,0.0,0.0,0.0,0.0,0.0,0.0,0.0,0.0,0.0,0.0,-0.04250744041055441,-0.031920358457468163,0.042839393936137254,-0.017732862993736987,-0.21448576778173448,-0.19531589541584254,-0.10697660789541576,-0.1187708916572424,-0.13706636772705957,-0.16214241726057871,-0.17010477610996791,-0.20217124621073404,-0.23602503836154937,-0.2389204315841198,-0.23961373418569565,-0.25905851523081463,-0.26667641401290892,-0.28913970291614532,-0.29333393275737762,-0.29753016432126361,-0.29404299333691597,-0.27827728336507623
0.0,0.0,0.0,0.0,0.0,0.0,0.0,0.0,0.0,0.0,0.0,0.0,0.0,0.0,0.0,0.0,0.0,0.0,0.0,0.0,0.0,0.0,0.0,0.080548614024479381,-0.026916947794112203,-0.11361395218216627,-0.29085868390479891,-0.21890095186730227,-0.15804549876381369,-0.18056292946522051,-0.20599851418625226,-0.23913576205571493,-0.25264632205168408,-0.28657427430152893,-0.3056553453207016,-0.29163569808006284,-0.2956123910844326,-0.305114334821701,-0.33713866770267487,-0.341076597571373,-0.32657551268736523,-0.30212616920471191,-0.29476871093114215
0.0,0.0,0.0,0.0,0.0,0.0,0.0,0.0,0.0,0.0,0.0,0.0,0.0,0.0,0.0,0.0,0.0,0.0,0.0,0.0,0.0,0.0,0.0,0.045333355749015161,0.038411132159591604,-0.022233045889370261,-0.2888943546709894,-0.3708482226356864,-0.23774148747324944,-0.21134830359369516,-0.23593528568744659,-0.29752891404288156,-0.31451212242245674,-0.35564643641312915,-0.34033037722110748,-0.31412906050682066,-0.30789099931716918,-0.32761544734239578,-0.3687777618567149,-0.36594171822071075,-0.3412046531836192,-0.31697740654150647,-0.32398497064908344
0.0,0.0,0.0,0.0,0.0,0.0,0.0,0.0,0.0,0.0,0.0,0.0,0.0,0.0,0.0,0.0,0.0,0.0,0.0,0.0,0.0,0.0,0.0,0.0,0.0098883660125116315,0.0044977496068653033,-0.20230269854638114,-0.41000835895538329,-0.3487553673405801,-0.246881704120075,-0.27073985089858371,-0.35203219543803821,-0.36266975477337837,-0.39031344652175903,-0.40330741802851361,-0.36743639111518861,-0.34035474658012388,-0.35095096485955374,-0.37458533545335132,-0.38660621047019961,-0.36391121645768482,-0.34412240982055664,-0.35437997324126108
