SouthSea_Web/demo/jsonfile/2017-12-16-11.json
{"header": {"parameterUnit":"m.s-1","parameterNumber":3,"dx":0.1,"dy":0.1,"parameterNumberName":"Northward current","la1":29.0,"la2":12.0,"parameterCategory":2,"lo2":131.0,"nx":250,"ny":171,"refTime":"2017-12-16T10:58:07.5","lo1":106.0}, "data":
[rows 133 to 151 of 171, columns 172 to 214 of 250]
0.10372149624994823,0.1641740445047617,0.22798203676939011,0.33171486192279392,0.41340253182819914,0.49330514669418335,0.54427324732144677,0.59904954263142174,0.64121322631835942,0.68553243875503544,0.70871984958648682,0.73133279383182526,0.72835156321525574,0.72720377445220952,0.71696159243583679,0.71396730343500769,0.69235577185948693,0.69468830029169715,0.63703140616416931,0.57201367616653442,0.55911266803741455,0.5219300389289856,0.43627184629440308,0.373677521944046,0.27400384843349457,0.1544148325920105,-0.0060950862243771553,-0.10772860050201416,-0.15003211796283722,-0.25550080835819244,-0.348675400018692,-0.38242116570472717,0.0,-0.34860292077064514,-0.29799911379814148,-0.25692954659461975,-0.20239868760108948,-0.13542027771472931,-0.019906075671315193,0.0,0.12483908981084824,0.15227796137332916,0.0
0.068083590129390359,0.13383900467306376,0.21321832968129051,0.35100511461496353,0.46114113595750594,0.54534769058227539,0.58025694744927547,0.61866921186447144,0.66009341677029931,0.68584098134722027,0.70741455256938934,0.71989647150039671,0.72494696080684662,0.72377285361289978,0.72817140817642212,0.745527184009552,0.75692066550254822,0.74388039112091064,0.65506187081336975,0.61402100324630737,0.58327779173851013,0.53797367215156555,0.47980666160583496,0.41314399242401123,0.3206438422203064,0.16166411340236664,0.000624709005933255,-0.087754324078559875,-0.1216188371181488,-0.24085965752601624,-0.34907643496990204,0.0,-0.39909723401069641,-0.38706775009632111,-0.35224202275276184,-0.31967487931251526,-0.21628768742084503,-0.093543805181980133,0.0,0.040413223206996918,0.12368277460336685,0.10281825065612793,0.060345456004142761
0.037128955953651004,0.079894372075796125,0.17255539364284939,0.31158601194620134,0.46783924915573816,0.552252921793196,0.599702605179378,0.626753462685479,0.6548144742846489,0.67220996816953027,0.688132663567861,0.70596004525820411,0.72288763523101807,0.72947243849436438,0.7423335462808609,0.75008806586265564,0.76648708184560144,0.739313801129659,0.70588025450706482,0.63456561168034875,0.5925506055355072,0.54987974961598718,0.4952586442232132,0.42925691604614258,0.3022741973400116,0.0,0.10202870517969132,-0.011719970032572746,-0.11782560497522354,-0.21832443773746491,-0.35996878147125244,-0.38020575046539307,-0.40202847123146057,-0.4097890406847,-0.34518885612487793,0.0,-0.19851209223270416,-0.13888086378574371,-0.086033768951892853,-0.001912740059196949,0.013719836249947548,0.047211248427629471,0.01975056529045105
0.0018621346913278102,0.038272991543635726,0.11858484480116102,0.24018837677107918,0.40689509212970731,0.49519697204232216,0.57264136726205994,0.61003810167312622,0.64354715176991051,0.68559053209092879,0.70630056517464779,0.73938225848334171,0.76074117422103882,0.76209987203280127,0.76393800973892212,0.755083034435908,0.7522626519203186,0.70761702954769135,0.67197334766387939,0.616358608007431,0.58666463196277618,0.58205303549766541,0.52667486667633057,0.45786312222480774,0.0,0.23236978550752005,0.089129740372300148,0.0,-0.073157556354999542,-0.24177642911672592,-0.33677628636360168,-0.36393101513385773,0.0,-0.39372250437736511,-0.34489089250564575,-0.32396355271339417,-0.24748195707798004,0.0,-0.11920315772294998,-0.0652256291359663,0.0,-0.038897484540939331,-0.017114647722337395
-0.02221249245081304,0.0185713447475185,0.074340938404202458,0.15793877520731517,0.27780882065946405,0.42278188094496727,0.51643058657646179,0.60187557670805192,0.67342423647642136,0.724282331764698,0.76094140857458115,0.779299924770991,0.79779525597890222,0.80782586336135864,0.78887790441513062,0.76850924889246619,0.7266678512096405,0.67398190498352051,0.6492101947466532,0.62717229127883911,0.5934177041053772,0.58318790793418884,0.54652512073516846,0.50206685066223145,0.38821204503377277,0.26993021368980408,0.16386911273002625,0.02108313050121069,-0.10403265058994293,-0.19142070412635803,-0.28746381402015686,0.0,-0.36718928813934326,-0.41234827041625977,-0.34548854827880859,-0.327165424823761,-0.27408939599990845,-0.19004341214895248,0.0,-0.11185207217931747,-0.070399658754467964,0.0,-0.061792299151420593
0.0047330364274481935,0.026543912198394536,0.060091489659888406,0.12041959000958337,0.20398189574480058,0.3376312388314141,0.49020746052265168,0.61636065691709518,0.70144061909781563,0.77732194794548881,0.8143331607182821,0.81327595029558453,0.82077297142573769,0.835416336854299,0.80820073187351227,0.76046693325042725,0.70652761459350588,0.65359148383140564,0.6381034255027771,0.62490650018056237,0.60581782460212708,0.57954928278923035,0.541555643081665,0.47724239528179169,0.37895938754081726,0.26317289471626282,0.13135383278131485,0.0,-0.042303632944822311,-0.15394981205463409,-0.19898484647274017,-0.27755290269851685,0.0,-0.37687376141548157,0.0,-0.32540714740753174,-0.27390170097351074,-0.22208335995674133,-0.14388598501682282,0.0,-0.11426890641450882,-0.09433206170797348,-0.13383506238460541
0.0042428083019331094,0.0015440257666341495,0.019880648600519635,0.07662468682974577,0.14576895452207989,0.24664765430821312,0.399871574980872,0.58958731591701508,0.71705186367034912,0.80087496174706352,0.866264694266849,0.86469154059886932,0.8454127396856036,0.85263936008725849,0.82656470934549964,0.74823188781738281,0.68446826934814453,0.63504324853420258,0.61292789876461029,0.60766498247782386,0.61392933130264282,0.58702850341796875,0.54053905606269836,0.49906980991363525,0.39190956950187683,0.2679990828037262,0.16841860860586166,0.059081208892166615,0.0058958795852959156,-0.11152289435267448,-0.22897844016551971,-0.29817211627960205,-0.30836793780326843,-0.33810347318649292,-0.36199271678924561,0.0,-0.27492579817771912,-0.22400440275669098,-0.19126024842262268,-0.15769627690315247,-0.1632460355758667,-0.17955546081066132,0.0
-0.016138722861392632,-0.019174716849293973,-0.0021474083448993044,0.026146645923810347,0.092908543135438643,0.188968850299716,0.32602225740750629,0.49517856910824776,0.69331135153770451,0.82310809691747033,0.90867487589518225,0.93674535883797538,0.89879051844278968,0.87361373220171246,0.860380232334137,0.78833283980687463,0.70397074520587921,0.62247593402862544,0.58898619810740149,0.58047409852345788,0.60308092832565308,0.58282127976417542,0.57320055365562439,0.54831111431121826,0.42597094178199768,0.30940915644168854,0.17958284914493561,0.080312533304095268,0.0,-0.080370664596557617,-0.19336419552564621,-0.28273323178291321,-0.28629487752914429,-0.34199061989784241,-0.33434599637985229,-0.323515921831131,0.0,-0.26928931474685669,-0.20064924657344818,-0.21076025068759918,-0.18856574594974518,-0.18862937390804291,-0.15067306160926819
-0.052219695515102811,-0.038909969618543983,-0.030772721860557795,-0.018461296043824404,0.017207563295960425,0.11072415005441548,0.27599250631672995,0.44533332851197982,0.617134690284729,0.79876069724559784,0.9300641342997551,0.98171906173229218,0.96353598435719812,0.89101506024599075,0.87126064300537109,0.83431540926297509,0.74653872847557068,0.66320432722568512,0.6044652909040451,0.57263352473576867,0.56941536068916321,0.56079003214836121,0.5589975118637085,0.54735586047172546,0.438985933860143,0.34216073155403137,0.21198826283216476,0.0786977019160986,-0.04285777360200882,-0.15116076171398163,-0.16067638993263245,-0.24152050912380219,-0.31503921747207642,-0.34950891137123108,-0.35237875580787659,-0.34170812368392944,-0.31322002410888672,-0.23756267130374908,0.0,-0.22605523467063904,0.0,-0.1934916228055954,-0.1462683230638504
-0.079279377228683889,-0.068316088782416448,-0.079226355999708176,-0.088956539519131184,-0.078406495766507253,0.0047233129589585587,0.13973542249628476,0.30561415106058121,0.48236465081572533,0.70773836225271225,0.89990417446408955,0.98702310323715214,0.99767779452460148,0.92840523189968538,0.8753343886799283,0.84791810171944759,0.79010343551635742,0.71768562793731694,0.64005021750926971,0.62352375686168671,0.57888108491897583,0.56875535845756531,0.54347751537958777,0.504723533987999,0.0,0.34668274223804474,0.21022386848926544,0.10437797009944916,-0.0066882530227303505,-0.1090620830655098,-0.21558140218257904,0.0,-0.30200760066509247,-0.36285024881362915,0.0,-0.35665087401866913,-0.33687564730644226,-0.29372337460517883,-0.23829546570777893,0.0,-0.21330566704273224,0.0,-0.1699562668800354
-0.11873689889907838,-0.14278667196631431,-0.12488910307486852,-0.11418324895203114,-0.093287379791339234,-0.037140258188758581,0.071615983318123549,0.203508290151755,0.41260108351707458,0.60368549823760986,0.8266773447394371,0.94522741862705772,0.99723975360393524,0.98683905601501465,0.90923213213682175,0.86136013269424438,0.80046755926949642,0.74088577429453528,0.70862038433551788,0.67771491408348083,0.6334701577822367,0.59378981590271,0.55204325914382935,0.52424001693725586,0.437113955616951,0.36014030873775482,0.22976106405258179,0.10485805571079254,0.0011934004724025726,-0.10089932382106781,-0.19299706071615219,-0.28531187772750854,0.0,-0.34887036681175232,-0.35568402707576752,-0.3545672595500946,-0.33487817645072937,-0.309896856546402,-0.27240028977394104,-0.23529431223869324,-0.23247736692428589,-0.21782247722148895,-0.19594225287437439
-0.11209946870803833,-0.10212856584361621,-0.07555688582360745,-0.067016738156477615,-0.040967556448387246,-0.010724853232709898,0.034497738059144467,0.11128029517001575,0.27479316294193268,0.551983255892992,0.77081427574157713,0.92591931422551477,0.987621009349823,1.005706250667572,0.93375564366579056,0.848401215341356,0.80771126917430336,0.75047590335210168,0.71855222185452783,0.68806096911430359,0.64926848808924353,0.5852508544921875,0.5271547635396322,0.46392543613910675,0.0,0.34774197638034821,0.28662094473838806,0.17252195626497269,0.02614226471632719,-0.083405591547489166,-0.14004576206207275,-0.237897627055645,-0.26344054937362671,-0.31823740899562836,0.0,-0.32876619696617126,-0.34084987640380859,0.0,-0.2717704176902771,-0.22292119264602661,-0.22783489525318146,-0.2383217066526413,-0.19118674099445343
-0.18430736495388878,-0.0788348029471106,-0.046454636729322374,-0.015131641289271,-0.0072787754543242045,-0.025630352752549306,-0.015311888811993413,0.00628881164205571,0.15340517567736761,0.43949534992376965,0.64555796980857849,0.87895789316722328,0.96674778064092,0.97474941185542519,0.96473712580544613,0.83638922870159149,0.77676722738477921,0.73548174755913875,0.71241717040538788,0.67492789030075073,0.63187864422798157,0.58128315210342407,0.54053160548210144,0.48176570236682892,0.40646234154701233,0.30677855014801025,0.0,0.22712142765522003,0.097916685044765472,-0.016217666678130627,-0.13714233040809631,-0.19259624928236008,-0.24345205724239349,-0.2855212390422821,-0.31691387295722961,-0.33976888656616211,-0.33597174286842346,-0.30361330509185791,0.0,-0.24193862080574036,-0.23479115962982178,0.0,-0.18479734659194946
-0.19667588987133719,-0.15357434824109079,-0.13437759876251221,-0.089295831819375351,-0.092535748146474361,-0.14199804607778788,-0.11035825622578462,-0.069705600983330188,0.078749852787171087,0.3087374806404114,0.49433664977550507,0.75140654047330224,0.90558384656906132,0.91481516758600867,0.92650150060653691,0.82962505817413335,0.76722336560487747,0.73549797534942629,0.72939946651458742,0.7067819436391195,0.64789658784866333,0.60415478547414148,0.538496345281601,0.47319597005844116,0.0,0.35581947863101959,0.26514488458633423,0.17474488168954849,0.0,0.069331727921962738,-0.0789036899805069,-0.20226570963859558,0.0,-0.30695286393165588,-0.33415699005126953,-0.345186710357666,-0.33481653034687042,-0.32676279544830322,-0.29045164585113525,0.0,-0.24399246275424957,-0.20751649141311646,0.0
-0.18829486601882511,-0.18353710621595382,-0.19392672429482141,-0.13586824480444193,-0.13394634957824433,-0.21444626525044441,-0.19682686775922775,-0.086131308227777481,0.0099002423696219928,0.20186984751905715,0.3690609335899353,0.64985985755920406,0.85663918654123938,0.8753560066223145,0.86576620340347288,0.85492247343063354,0.77463575601577761,0.76496858894824982,0.76999479532241821,0.76064834992090857,0.72074043750762939,0.66861426830291748,0.61636501550674438,0.559696227312088,0.48891924321651459,0.38960173726081848,0.0,0.29156015813350677,0.1691133975982666,0.0079535078257322311,0.0,-0.14932238310575485,-0.24294489622116089,-0.32699191570281982,0.0,-0.34820809960365295,0.0,-0.32630074024200439,-0.30531460046768188,-0.26876628398895264,-0.24768400192260742,-0.19783817231655121,-0.16364291310310364
-0.19421589076519014,-0.20088554345644438,-0.26988885619423608,-0.20468749918720938,-0.19769857823848724,-0.25010035745799541,-0.25209514370986391,-0.09222847343023334,0.048627467360347509,0.11669568717479706,0.19760499397913614,0.55876352389653527,0.8657242854436239,0.85028994083404541,0.81883189082145691,0.83506606022516883,0.79090115427970886,0.773717075586319,0.79082365334033966,0.76801970601081848,0.7490173876285553,0.69227311015129089,0.6248595118522644,0.56743127107620239,0.0,0.49316030740737915,0.39990708231925964,0.26711395382881165,0.0,0.0756198912858963,-0.088558830320835114,-0.17728982865810394,0.0,-0.276534765958786,-0.33962753415107727,0.0,-0.34236598014831543,-0.29647636413574219,0.0,-0.22676281630992889,0.0,-0.18002183735370636,-0.1399492621421814
-0.091970687399485287,-0.14597710110247136,-0.3648979167143504,-0.23642296642065047,-0.21594652668996292,-0.24337896953026453,-0.23668158867142417,-0.14639648688691004,0.035737980633712141,0.10955555271357298,-0.024149246048182249,0.59830056627591455,0.8883341749509176,0.834612250328064,0.74250146746635437,0.73943769931793213,0.74609789252281189,0.75042025248209632,0.75185557206471765,0.73859578371047974,0.75163039565086365,0.71472597122192383,0.668757438659668,0.64189910888671875,0.591439962387085,0.52688516676425934,0.45412269234657288,0.331527903676033,0.17309017479419708,0.037735484540462494,-0.073603339493274689,-0.17522717267274857,-0.22984477877616882,-0.24756744503974915,-0.31163337826728821,-0.36215266585350037,-0.3668026328086853,-0.33516937494277954,-0.22838887572288513,0.0,-0.1687014102935791,0.0,-0.10579335689544678
0.12725798475842637,0.17064669728279114,-0.32849575579166412,-0.20045999987050892,-0.20918132960796357,-0.26048668846488,-0.30465987324714661,-0.21700977108308248,-0.056503642816096544,0.10993557050824165,0.0,0.86936435103416443,0.90487658977508545,0.74624866247177124,0.47635301947593689,0.639237642288208,0.62184402346611023,0.66905835270881653,0.53242838382720947,0.81328141689300537,0.67583662271499634,0.62977945804595947,0.46303412318229675,0.68545317649841309,0.50978539884090424,0.43468815088272095,0.27944502234458923,0.3317616879940033,0.16432163864374161,0.0052922843024134636,-0.0021802738774567842,-0.12825670838356018,-0.19024654477834702,-0.20898878574371338,-0.2350446879863739,-0.25976372510194778,-0.20946592092514038,-0.22297565639019013,-0.14516152441501617,0.0,-0.092329263687133789,0.015267903916537762,-0.082594439387321472
0.07861728043380109,0.070229652337729931,0.0,-0.088017014786601067,-0.0942610815167427,-0.10050137092669804,-0.29650215953588488,-0.30575770636399585,-0.11446022149175406,0.020394457659373682,0.0,0.0,0.98375654220581055,0.805422842502594,0.52546292543411255,0.36240525543689728,0.324502170085907,0.24116379022598267,0.0,0.14072637259960175,0.13446550071239471,0.11885290592908859,0.0,0.11238770931959152,0.090750977396965027,0.036414120346307755,0.0,-0.070809707045555115,-0.16246183216571808,0.0,-0.20668701827526093,-0.21754726767539978,-0.22800818085670471,0.0,-0.25586259365081787,-0.33333724737167358,0.0,-0.32356631755828857,-0.19330386817455292,0.0,-0.0037724312860518694,0.0,0.0
