SouthSea_Web/demo/jsonfile/2017-12-16-18.json
{"header": {"parameterUnit":"m.s-1","parameterNumber":3,"dx":0.1,"dy":0.1,"parameterNumberName":"Northward current","la1":29.0,"la2":12.0,"parameterCategory":2,"lo2":131.0,"nx":250,"ny":171,"refTime":"2017-12-16T18:00:00","lo1":106.0}, "data":
[rows 114 to 132 of 171, columns 86 to 128 of 250]
0.031523705149690308,0.046184341112772621,0.042096974949042,0.034905744095643364,0.039514733478426933,0.057353785882393517,0.079453527927398682,0.1001665194829305,0.1149597130715847,0.12132227669159572,0.13063997775316238,0.12227784469723702,0.0976015105843544,0.078017043570677444,0.032218199223279953,0.008419774763751775,0.0,-0.046936266124248505,-0.062700264155864716,-0.04859471507370472,-0.037653617560863495,0.00352618470788002,0.0,0.031806565821170807,0.039821594953536987,0.082825757563114166,0.090053543448448181,0.096349634230136871,0.0,0.073755092918872833,0.04195110872387886,0.0,0.016690725460648537,0.0073989620432257652,-0.0061445934697985649,-0.027539925184100866,-0.043621581047773361,0.065406277775764465,0.11449626833200455,0.1399642825126648,0.15661308169364929,0.16030890494585037,0.16208192706108093
0.012510833020011583,0.026002076144019764,0.020528898574411869,0.012446992317563854,0.022967534838244319,0.061260280013084409,0.094901718199253082,0.11099000126123429,0.11841133832931519,0.11766376594702403,0.11895230909188588,0.11189192160964012,0.10013282299041748,0.077169947326183319,0.044981848448514938,0.014187837135978043,-0.019180822186172009,-0.065649889409542084,-0.079133130609989166,-0.081878311932086945,-0.09223577007651329,-0.039014562964439392,-0.028904683887958527,-0.020167145878076553,0.0,0.025824759155511856,0.0,0.056147061288356781,0.043319914489984512,0.031296986155211926,0.0084336430300027132,0.0029782194178551435,-0.0059938132762908936,0.0,-0.028246140107512474,-0.035293012857437134,-0.013549536466598511,0.045492101926356554,0.11290781944990158,0.13637685775756836,0.0,0.15623244643211365,0.15305638313293457
-0.0033832254654650265,-0.0085998454131186,-0.019439655489986763,-0.032265525311231613,-0.0059504264791030437,0.035746776033192873,0.072028271108865741,0.096897976472973824,0.11126623675227165,0.11977650038897991,0.11949961818754673,0.11922599971294404,0.10782793536782265,0.087908897548913956,0.061900142580270767,-0.0031208570580929518,-0.036137977614998817,-0.055963512510061264,-0.091765064746141434,-0.11629177629947662,0.0,-0.098363116383552551,-0.093577712774276733,-0.058493586257100105,-0.0246497243642807,0.0,-0.00014381804794538766,0.00992406737350393,0.018223732709884644,0.0031555260065943003,-0.0013972519664093852,-0.0065903718641493469,-0.01043790765106678,-0.018911318853497505,-0.0066131735220551491,-0.013887473731301725,-0.031754160299897194,0.02175981504842639,0.0755653828382492,0.11436471715569496,0.11403696611523628,0.1166241317987442,0.14917699247598648
-0.019108088376621406,-0.030917266849428415,-0.054200759778420128,-0.04523681104183197,0.00047927340492606165,0.037099533155560492,0.062318028509616853,0.072649089619517326,0.089637433489163712,0.10544478893280029,0.11554928869009018,0.12195563316345215,0.11428245157003403,0.07672431692481041,0.0445290133357048,0.016587525606155396,-0.01789993466809392,-0.06194395013153553,-0.084151707589626312,-0.11952842772006989,-0.13122722506523132,-0.13210772722959518,-0.13377541303634644,-0.080438725650310516,-0.0694226622581482,-0.062151066958904266,-0.034686107188463211,0.0,-0.021401464473456144,-0.00907799694687128,-0.0088063590228557587,0.017634162679314613,0.0,0.010514239082112908,0.0,0.014165104366838932,0.015394189860671759,0.031487394124269485,0.067276697605848312,0.057261653244495392,0.054664704948663712,0.0,0.10725652426481247
-0.040653005242347717,-0.052592623357971512,-0.059562108789881073,-0.04145910516381264,-0.01460012816824019,0.018412704734752577,0.035480258520692587,0.053359662182629108,0.06328131165355444,0.088292995095252985,0.10078565031290054,0.10802428796887398,0.097166549414396286,0.074961420148611069,0.052291810512542725,0.01994854211807251,0.0,-0.024021678604185581,-0.07798314094543457,-0.10021546483039856,-0.11158415302634239,-0.11941901221871376,-0.12576774880290031,-0.11990417167544365,-0.11844585835933685,-0.072345815598964691,-0.083330310881137848,-0.047967404127120972,0.0,-0.022659968584775925,-0.0085091537330299616,0.021064452826976776,0.024049635976552963,0.044579328969120979,0.033943608403205872,0.03183725755661726,0.04549088329076767,0.031351983547210693,0.0046182977966964245,0.01100985798984766,-0.0059804185293614864,0.0333334980532527,0.080590188503265381
-0.05457287778457006,-0.053462476780017219,-0.053439643234014511,-0.055046978592872622,-0.040461801302929722,-0.0087431359570473433,0.015666151264061529,0.025469005107879639,0.0434184730052948,0.059727877378463745,0.064666345715522766,0.07370309655865033,0.065545033663511276,0.058929823338985443,0.052740944549441338,0.039525676518678665,0.022787048481404781,0.046056158840656281,-0.0023982297861948609,-0.040030702948570251,-0.057796835899353027,-0.053853906691074371,-0.11669116467237473,-0.11846239119768143,0.0,-0.11484283581376076,-0.075270511209964752,-0.085966400802135468,-0.052293933928012848,-0.058175664395093918,-0.014962242916226387,0.028846697881817818,0.051964946091175079,0.0,0.042905855923891068,0.054431915283203125,0.03692265972495079,0.014162984676659107,0.0066490517929196358,-0.0018789829919114709,0.0,0.040558451786637306,0.089605145156383514
-0.040638843551278114,-0.040367573965340853,-0.048658364762862526,-0.056222076838215194,-0.025952841155231,-0.0052996606158558276,-0.009298021858558058,-0.00079355053603649142,0.013825073823682033,0.019116465235129,0.011651676613837481,0.014296305365860462,0.027151321060955524,0.038115877658128738,0.055273700505495071,0.060878962278366089,0.059836868196725845,0.0609036460518837,0.071430675685405731,0.033056860789656639,0.0,-0.069771535694599152,-0.062472041696310043,-0.084433374926447868,-0.10277901962399483,0.0,-0.10315747559070587,-0.10089615359902382,-0.092022918164730072,-0.059011448174715042,-0.034219823777675629,0.0320892296731472,0.032473094761371613,0.045991070568561554,0.045664370059967041,0.062967345118522644,0.07454865425825119,0.04410133883357048,0.01016638008877635,0.022429591044783592,0.0420801949997743,0.0768982395529747,0.072127047926187515
-0.046831732615828514,-0.052065071339408554,-0.061069465109280179,-0.051772291106837134,-0.010165370052813419,0.0020794357925686719,-0.011764076189137995,-0.016088704392313958,-0.0077781362459063532,-0.021543726557865739,-0.031707091489806771,-0.032784011835853256,-0.0077217319048941135,-0.0063137663528323174,0.029161743819713593,0.054993253201246262,0.068083545193076134,0.082338079810142517,0.081965744495391846,0.081812813878059387,0.032425119541585445,0.01735205389559269,0.032855246216058731,-0.030250713229179382,-0.048265762627124786,-0.11409611999988556,-0.062383271753787994,-0.0869603380560875,-0.092101220041513443,-0.087784118950366974,0.0,0.0070208960678428411,0.0,0.024863030761480331,0.025557270273566246,0.045164186507463455,0.050256477668881416,0.056947872042655945,0.059874020516872406,0.050158604979515076,0.07256658747792244,0.082317259162664413,0.0712658166885376
-0.064529750496149063,-0.050252359360456467,-0.03475015820004046,-0.026190143078565598,-0.0053772794781252742,0.011571487504988908,0.016877480433322489,0.021533422831756372,0.0014092328492552042,-0.028477921523153781,-0.057161680422723293,-0.05272659038503965,-0.043104007840156555,-0.018948962911963463,0.0075765186920762062,0.026295443996787071,0.055990155786275864,0.078087002038955688,0.078532405197620392,0.088571533560752869,0.096349984407424927,0.087284445762634277,0.038501746952533722,0.067254172638058662,0.010257292538881302,-0.025449713692069054,0.0,-0.06584584154188633,-0.059333249926567078,-0.070940092206001282,-0.044057708233594894,-0.020763423293828964,-0.0066272779367864132,0.0,-0.0025855113053694367,0.032071780413389206,0.0,0.061364874243736267,0.047716455534100533,0.0522909089922905,0.091245245188474655,0.11011709272861481,0.12224283317724864
-0.079048097133636475,-0.044630032298820357,-0.025661136023700237,-0.00588611705461517,-0.0054723394132452086,0.015218986131783043,0.048884450147549309,0.044628557190299033,0.016399191692471504,-0.024402594193816185,-0.0531036164611578,-0.05382767878472805,-0.060889935120940208,-0.030924965627491474,-0.013173121958971024,0.021346878260374069,0.032540068030357361,0.055569257587194443,0.07147834450006485,0.074477776885032654,0.11861053854227066,0.0,0.1331656388938427,0.0,0.085885267704725266,0.063585199415683746,0.0054588345810770988,0.0,-0.0413551414385438,0.0,-0.028044376522302628,-0.025570734404027462,0.0,-0.0071766650071367621,0.0,0.032059062272310257,0.067242786288261414,0.0733061358332634,0.062137657776474953,0.06688883900642395,0.0985078401863575,0.12156753614544869,0.13622282445430756
-0.11581709906458855,-0.097484491765499115,-0.086576410879691437,-0.054832715127203197,-0.022365552489645779,0.02046331373276189,0.053042835555970669,0.053702026605606079,0.02039534233820935,-0.012587986682774499,-0.032677311450242996,-0.057601284235715866,-0.07332659512758255,-0.060200201347470284,-0.023001225665211678,-0.017084717750549316,0.029729089699685574,0.049612514674663544,0.068473175168037415,0.0812292993068695,0.1067764163017273,0.1589198037981987,0.0,0.16206379234790802,0.14390404522418976,0.059512857347726822,0.0,0.019826427102088928,-0.0062304860912263393,0.0,-0.022762201726436615,-0.025455093011260033,-0.012335257604718208,-0.021399453282356262,-0.006071288138628006,0.018133450299501419,0.038132298737764359,0.075977027416229248,0.09645099937915802,0.0936082974076271,0.0,0.11073876917362213,0.11335083469748497
-0.16890529543161392,-0.15345605994973863,-0.12997236847877502,-0.10158954374492168,-0.062201249413192272,-0.010377239968095506,0.045142756029963496,0.0599180826296409,0.036304727817575135,0.00757727740953366,-0.029390999116003513,-0.0575160663574934,-0.075748223811388016,0.0,-0.068574819713830948,-0.027064938098192215,0.0175209182780236,0.0,0.0666414275765419,0.0,0.11903876811265945,0.16108794510364533,0.19069986790418625,0.0,0.13385619223117828,0.096617706120014191,0.0,0.027997720986604691,0.02083895355463028,0.0022320863790810108,-0.0081290453672409058,0.0,-0.0094695361331105232,-0.013370723347179592,-0.0048384438268840313,0.0,0.042854160070419312,0.045233558863401413,0.0,0.10595013201236725,0.11051233112812042,0.10726331919431686,0.098580565303564072
-0.16283296446005505,-0.14685424168904623,-0.1330628698070844,-0.10867880571347016,-0.079848712453475371,-0.016261361798064575,0.051405384604419978,0.081990855435530349,0.053421148409446083,0.023507291144293656,-0.030390840955078602,0.0,-0.078243076801300049,-0.096243921667337418,-0.065596632659435272,0.0,-0.0029864038806408644,0.063852496445178986,0.0,0.10011791437864304,0.0,0.16469147801399231,0.19914732873439789,0.17627999186515808,0.1481214314699173,0.0,0.07661321759223938,0.056985799223184586,0.0,0.025856338441371918,0.0088067029137164354,-0.016234729439020157,0.0,0.0,-0.013868179172277451,0.013814849779009819,0.015751032158732414,0.037465840578079224,0.057570727542042732,0.0853658989071846,0.1190832145512104,0.1159641444683075,0.089605900148550674
-0.11918891380940165,-0.18279928447944777,-0.16495736340681713,-0.11736159505588668,-0.0558500469529203,0.0097575816786653977,0.069452478239933654,0.092062979936599731,0.068344163397947952,0.018300957977771759,-0.026909468229860067,-0.06929267942905426,-0.098062708973884583,0.0,-0.094651602208614349,-0.032642252743244171,0.031302213668823242,0.048097994178533554,0.064459525048732758,0.092025700956583023,0.14201386272907257,0.0,0.17010332643985748,0.1674981564283371,0.0,0.12426852434873581,0.0,0.047253549098968506,0.046482410281896591,0.0,0.013502081856131554,0.0,-0.0080154263414442539,-0.023232940584421158,-0.015715800225734711,-0.0071945538511499763,0.0068387272767722607,0.0,0.047979708760976791,0.055625651031732559,0.090709753334522247,0.10545826703310013,0.087733847399552659
-0.1070358157157898,-0.16068177498303926,-0.18769649309771402,-0.048371456995872517,0.0922728419370417,0.10186289101839066,0.10984890162944794,0.090100207499095378,0.059902908901373543,0.0392743106931448,0.004285633796826005,-0.0520690493285656,-0.086378991603851318,-0.10078108683228493,0.0,-0.064761798828840256,0.0,0.01589197781868279,0.0,0.065674394369125366,0.0,0.13211698830127716,0.1580284982919693,0.0,0.14936287701129913,0.11805823445320129,0.0,0.094964385032653809,0.0,0.043737646192312241,0.038312382996082306,0.0,-0.0019135785987600684,0.0,-0.0034155116882175207,0.0,-0.017894186545163393,0.005800269078463316,0.0051135481335222721,0.029654253041371703,0.057077392935752869,0.0703408233821392,0.066726358607411385
-0.068448820581229836,-0.17522991448640823,-0.11243803756168255,0.13179173866020782,0.25927106823240009,0.19588724573453267,0.13643300450510448,0.078401139937341213,0.064082052558660507,0.052461922168731689,0.037275020033121109,-0.0013841846957802773,-0.049421830102801323,-0.085507985204458237,-0.082832589745521545,0.0,-0.030319416895508766,0.0,0.014996900223195553,0.019325034692883492,0.087807692587375641,0.0,0.13500188291072846,0.1304427832365036,0.0,0.12702879309654236,0.0,0.086972475051879883,0.0924038365483284,0.0,0.0,0.024029120802879333,0.024140620604157448,0.0,-0.0060017523355782032,-0.014724838547408581,0.0,-0.02572404220700264,-0.030099054798483849,-0.016379395732656121,0.0055496568384114653,0.034705334653457008,0.03834933415055275
-0.11871899930494172,-0.10677862014355403,0.074702843092381954,0.27135496735572817,0.27319498818654281,0.18272944192091625,0.11758049908611509,0.070666629076004031,0.062830598404010132,0.068667784333229065,0.0572531633079052,0.029744839295744896,-0.010983227286487818,-0.049835223704576492,-0.053523452952504158,0.0,-0.030145607888698578,-0.0227863360196352,0.0,0.0069251353852450848,0.069608286023139954,0.087787725031375885,0.0,0.0,0.098739922046661377,0.08358195424079895,0.12682923674583435,0.0,0.0,0.061067737638950348,0.057626049965620041,0.0,0.0,0.017618874087929726,0.012798922136425972,-0.0062413383275270462,-0.030216069892048836,-0.053441755473613739,-0.046863991767168045,-0.03979143500328064,-0.043658606708049774,-0.015024495136458427,0.00877927317439268
-0.10344575941562653,-0.070430537951844077,0.14342597199720331,0.3194840710896712,0.26419935127099353,0.17191680222749711,0.11286305040121078,0.070204362273216248,0.060003669932484627,0.063328307121992111,0.055265229195356369,0.034264750778675079,0.0019992380402982235,0.0,-0.0227200617082417,-0.048038668930530548,-0.044339548796415329,-0.029167629778385162,-0.025564560666680336,0.0,0.017962832003831863,0.0,0.050350669771432877,0.039800133556127548,0.0,0.081080630421638489,0.0,0.094344325363636017,0.0,0.10449713468551636,0.062123958021402359,0.049353651702404022,0.032476320862770081,0.019592760130763054,0.012931203003972769,0.0,-0.028106387704610825,-0.052338305860757828,-0.054144661873579025,-0.055118586868047714,-0.073193639516830444,-0.042602812250455223,-0.02191296115051955
-0.20605324904123942,-0.10118078775703907,0.19477400183677673,0.26209431198927075,0.21538695444663367,0.13281028469403586,0.081856157630681992,0.058810623362660408,0.047609888017177582,0.0,0.057963628321886063,0.044966459274291992,0.024012229405343533,0.0073486960027366877,0.0,-0.027983680367469788,-0.031270403414964676,0.0,-0.00015060209261719137,0.0,0.01553153432905674,0.0055747660808265209,0.0,0.030594207346439362,0.0,0.021430859342217445,0.0,0.0,0.058465052396059036,0.06746567040681839,0.0,0.0,0.031412173062562943,0.038715783506631851,-0.00036132929380983114,-0.012005835771560669,-0.025765843689441681,-0.04488721489906311,-0.048716757446527481,-0.061044912785291672,-0.076644528657197952,-0.063296412428220108,-0.063546790741384029
