SouthSea_Web/demo/jsonfile/2017-12-16-15.json
{"header": {"parameterUnit":"m.s-1","parameterNumber":2,"dx":0.1,"dy":0.1,"parameterNumberName":"Eastward current","la1":29.0,"la2":12.0,"parameterCategory":2,"lo2":131.0,"nx":250,"ny":171,"refTime":"2017-12-16T15:00:00","lo1":106.0}, "data":
[rows 152 to 170 of 171, columns 84 to 125 of 250]
-0.010758258402347565,-0.015415515750646591,-0.020972199738025665,-0.046025117859244347,-0.065280318260192871,-0.097024448215961456,-0.13691695034503937,-0.17175458371639252,-0.17735037207603455,-0.20168998837471008,-0.19299581646919251,-0.17379114031791687,-0.14223193377256393,-0.09238162636756897,-0.062919639050960541,-0.025472752749919891,0.042293265461921692,0.021723156794905663,0.086034566164016724,0.070333965122699738,0.11643382534384728,0.13234959542751312,0.11509064584970474,0.11447726190090179,0.0,0.099592700600624084,0.059787770733237267,0.0,0.025882521644234657,0.017514420673251152,0.0066764871589839458,0.0017916017677634955,0.006151869660243392,0.016546325758099556,0.00743733043782413,-0.0023986564483493567,-0.0027156765572726727,-0.018150446936488152,-0.027342222630977631,-0.048476435244083405,-0.039145013317465782,-0.0272350599989295
-0.015472416998818517,-0.023427816107869148,-0.035940321162343025,-0.0770030990242958,-0.092523589730262756,-0.13174810260534287,-0.16698619723320007,-0.19417362660169601,-0.21157814562320709,0.0,-0.22351144999265671,-0.21439851820468903,-0.17242155969142914,-0.17715032398700714,-0.11828995496034622,-0.092504857107996941,-0.065072715282440186,0.0083864210173487663,0.0,0.00095158518524840474,0.039987731724977493,0.0012414947850629687,0.041621202602982521,0.052673216909170151,0.048250753432512283,0.047355597838759422,0.0,0.022719986736774445,-0.013603551778942347,0.0,-0.032917115837335587,-0.032146487385034561,-0.024372145533561707,-0.035762883722782135,-0.026064198464155197,-0.028755616396665573,-0.034048883244395256,-0.052439838647842407,-0.063302241265773773,-0.079135037958621979,-0.076508067548275,-0.08167591318488121
-0.020168052986264229,-0.0440954826772213,-0.055878043174743652,-0.065624222159385681,-0.11910101026296616,-0.15902091562747955,-0.19448134303092957,-0.22095882147550583,-0.2424069344997406,-0.23581676185131073,-0.22396145761013031,0.0,-0.22723209112882614,-0.23137806355953217,0.0,-0.20704491436481476,-0.12881475687026978,-0.10676741786301136,-0.088227085769176483,0.0,-0.035925883799791336,-0.1023741289973259,0.0,-0.085024029016494751,-0.0432879738509655,-0.042932861484587193,-0.0466078445315361,-0.029061205685138702,-0.051206324249506,-0.051299691200256348,-0.062764454632997513,0.0,-0.059190191328525543,-0.066247276961803436,-0.062986500561237335,0.0,-0.0716443806886673,-0.076171875,-0.096466433256864548,-0.11846622824668884,-0.14677430689334869,-0.14846792072057724
-0.07580944150686264,-0.054061226546764374,-0.068433545529842377,-0.10945634916424751,0.0,-0.17036382853984833,-0.22611545026302338,-0.24505420029163361,-0.25048986077308655,-0.26171085238456726,-0.26280352473258972,-0.25259736180305481,-0.25355085730552673,0.0,-0.29080644249916077,-0.30722808837890625,0.0,-0.27249754965305328,-0.19493517279624939,-0.23584726452827454,-0.16806384921073914,0.0,-0.14383752644062042,-0.2047513872385025,0.0,-0.17623531818389893,-0.12459791451692581,-0.16198597848415375,-0.12311171740293503,-0.09708143025636673,-0.11428719758987427,-0.097099542617797852,-0.098278798162937164,0.0,-0.094304833561182022,-0.090022098273038864,-0.10721635073423386,0.0,-0.13735039904713631,-0.16015323996543884,-0.19406567513942719,-0.21709173172712326
-0.10278976708650589,-0.12129426002502441,-0.11103136464953423,0.0,-0.15326142311096191,-0.21351536363363266,-0.26887521147727966,0.0,-0.28109186887741089,-0.27975662052631378,-0.27821213006973267,-0.2982485294342041,-0.31488916277885437,-0.33256646990776062,-0.35527738928794861,0.0,-0.38480129837989807,-0.40167927742004395,0.0,-0.3811313658952713,-0.31053179502487183,-0.37025266885757446,-0.28994400799274445,0.0,-0.24897867441177368,-0.2765287458896637,0.0,-0.23308771848678589,-0.17612066864967346,-0.1986209899187088,-0.14721920341253281,-0.11632753908634186,-0.13256967067718506,-0.12735487520694733,-0.12367568910121918,-0.15054099261760712,-0.13535933196544647,-0.14176911488175392,-0.19159030914306641,-0.24197459220886231,-0.25894542783498764,-0.26291346549987793
-0.14931172132492065,-0.13570411503314972,-0.15635406970977783,-0.17450228333473206,-0.1919918954372406,0.0,-0.24882379174232483,-0.2632955014705658,-0.29892152547836304,0.0,-0.31752794981002808,-0.3510994017124176,-0.3664068877696991,-0.41537818312644958,-0.43545255064964294,-0.46160745620727539,-0.46936771273612976,0.0,-0.50243082642555237,-0.52675759792327881,0.0,-0.48284971714019775,-0.47226333618164062,-0.45261543989181519,-0.34515437483787537,-0.37913432717323303,-0.30878397822380066,-0.28919628262519836,0.0,-0.22092859447002411,-0.20135447382926941,-0.18335182964801788,-0.14939434826374054,-0.15999395400285721,-0.1685633510351181,-0.16454789042472839,0.0,-0.1848481222987175,-0.20420908182859421,-0.27482157945632935,-0.30095827579498291,-0.29597808420658112
-0.17382965981960297,0.0,-0.20372476428747177,-0.22034858167171478,-0.23135456442832947,-0.25305522233247757,-0.27534916996955872,-0.28297008574008942,0.0,-0.29399394989013672,-0.31621524691581726,0.0,-0.43203619122505188,-0.49418649077415466,0.0,-0.54620087146759033,-0.55441588163375854,-0.5957071185112,0.0,-0.60484063625335693,-0.57210355997085571,-0.59556335210800171,0.0,-0.52393811941146851,-0.49371789395809174,-0.46273624897003174,-0.35908278822898865,-0.37456172704696655,-0.29676482081413269,0.0,-0.23625704646110535,-0.19496375322341919,-0.19468295574188232,-0.19361350685358048,-0.18828378617763519,-0.19235886633396149,-0.19961726665496826,0.0,-0.235410675406456,-0.25920356810092926,-0.2794993668794632,-0.2672211229801178
-0.16264815628528595,-0.22260864078998566,-0.24992485344409943,0.0,-0.26668444275856018,0.0,-0.287429541349411,-0.30808976292610168,-0.30210873484611511,-0.32331743836402893,-0.36398953199386597,-0.37483939528465271,-0.45789918303489685,0.0,-0.551182746887207,-0.62283068895339966,0.0,-0.6594308614730835,-0.68638375401496887,-0.71257483959198,-0.64509159326553345,-0.67538273334503174,-0.616233766078949,0.0,-0.579860508441925,-0.4814736545085907,-0.48881816864013672,-0.40603792667388916,-0.35491098463535309,-0.302997350692749,0.0,-0.23808040469884872,-0.19594570994377136,0.0,-0.18896368145942688,-0.20074757933616638,-0.21128421276807785,-0.24795307219028473,-0.24935343861579895,-0.34233275055885315,-0.34771421551704407,-0.33874709904193878
-0.2033919095993042,-0.20528706908226013,0.0,-0.28769958019256592,-0.32199537754058838,-0.28992769122123718,-0.32054829597473145,0.0,-0.32718110084533691,-0.35596886277198792,-0.36288559436798096,-0.4381171315908432,-0.510392963886261,-0.537838876247406,0.0,-0.60009866952896118,-0.64448004961013794,0.0,-0.71298867464065552,-0.75984817743301392,-0.76556795835495,-0.72615671157836914,-0.65914535522460938,-0.65752196311950684,0.0,-0.57106894254684448,-0.53144347667694092,0.0,-0.46509833633899689,-0.3403925895690918,-0.37124449014663696,-0.24778787791728973,0.0,-0.24262012541294098,0.0,-0.26531091332435608,-0.31608696281909943,-0.39454150199890137,-0.32807236909866333,-0.37160244584083557,-0.53958934545516968,0.0
-0.27565628290176392,-0.27210530638694763,-0.31763860583305359,-0.33016137778759,0.0,-0.34847468137741089,0.0,-0.32791909575462341,-0.34472644329071045,0.0,-0.41430047154426575,-0.48588341474533081,0.0,-0.56482434272766113,-0.60256218910217285,-0.6313902735710144,-0.665325939655304,-0.67860901355743408,-0.72711372375488281,0.0,-0.7051272988319397,-0.71950757503509521,-0.705162763595581,-0.68397796154022217,-0.63932305574417114,-0.60352778434753418,0.0,-0.55907896161079407,0.0,-0.552784264087677,-0.49885833263397217,-0.43645882606506348,-0.35016217827796936,-0.38275447487831116,-0.33881622552871704,-0.764272928237915,-0.75718557834625244,-0.8435322642326355,-0.74321126937866211,-0.77298149466514587,-0.79496324062347412,-0.76798766851425171
-0.27807530760765076,-0.361265629529953,0.0,-0.402874231338501,-0.41167259216308594,-0.39400352537631989,-0.36304756999015808,-0.37017181515693665,0.0,-0.38082396984100342,-0.44666555523872375,0.0,-0.49272933602333069,-0.54770147800445557,0.0,-0.60462260246276855,-0.59260296821594238,-0.64241588115692139,-0.66769552230834961,-0.67151635885238647,-0.69962596893310547,0.0,-0.75361412763595581,0.0,-0.6948237419128418,-0.68779081106185913,0.0,-0.65152657032012939,-0.58944374322891235,0.0,0.0,-0.82072538137435913,-0.78929239511489868,-0.86178058385849,-0.763595461845398,-0.86197733879089355,-0.85413086414337158,0.0,0.0,0.0,0.0,0.0
0.0,-0.32615485787391663,-0.37916290760040283,0.0,0.0,-0.41179502010345459,0.0,-0.3853374719619751,-0.38098892569541931,-0.41129657626152039,-0.42665362358093262,-0.43330627679824829,-0.47068914771080017,0.0,-0.53230983018875122,0.0,-0.7006690502166748,-0.71937829256057739,0.0,-0.78423544764518738,-0.8423161506652832,-0.797868013381958,-0.82968407869338989,-0.77502834796905518,0.0,0.0,-0.889962375164032,-0.87128502130508423,0.0,-0.865129292011261,-0.88726657629013062,0.0,-0.88018631935119629,0.0,0.0,0.0,0.0,0.0,0.0,0.0,0.0,0.0
-0.39140304923057556,-0.39855325222015381,-0.4316767156124115,-0.43381986021995544,-0.46487313508987427,0.0,-0.41772818565368652,0.0,0.0,-0.38106128573417664,0.0,-0.39869490265846252,-0.42782843112945557,-0.50137418508529663,-0.578117698431015,-0.66894376277923584,0.0,-0.74984890222549438,0.0,-0.73978716135025024,0.0,-0.8588750958442688,-0.88436514139175415,0.0,-0.90370288491249084,-0.90388906002044678,0.0,-0.90208184719085693,0.0,0.0,0.0,0.0,0.0,0.0,0.0,0.0,0.0,0.0,0.0,0.0,0.0,0.0
-0.42390277981758118,0.0,-0.46060740947723389,-0.45118877291679382,-0.31751832365989685,-0.42222288250923157,-0.32048326730728149,-0.43982529640197754,-0.37356626987457275,-0.38270056247711182,-0.40754720568656921,0.0,0.0,-0.51584607362747192,-0.531383216381073,0.0,-0.59432053565979,-0.585414707660675,-0.69234281778335571,-0.66458404064178467,-0.75173217058181763,0.0,0.0,0.0,0.0,0.0,0.0,0.0,0.0,0.0,0.0,0.0,0.0,0.0,0.0,0.0,0.0,0.0,0.0,0.0,0.0,0.0
-0.36012884974479675,0.0,-0.35595101118087769,0.0,0.0,-0.56207579374313354,0.0,-0.59212344884872437,0.0,-0.573627233505249,0.0,-0.53097778558731079,-0.47949406504631042,0.0,-0.44856593012809753,0.0,-0.5039370059967041,0.0,0.0,0.0,0.0,0.0,0.0,0.0,0.0,0.0,0.0,0.0,0.0,0.0,0.0,0.0,0.0,0.0,0.0,0.0,0.0,0.0,0.0,0.0,0.0,0.0
-0.515445351600647,0.0,-0.55799618363380432,-0.53688442707061768,-0.55208820104599,0.0,-0.57190465927124023,0.0,-0.57224822044372559,0.0,-0.551205575466156,0.0,0.0,0.0,0.0,0.0,0.0,0.0,0.0,0.0,0.0,0.0,0.0,0.0,0.0,0.0,0.0,0.0,0.0,0.0,0.0,0.0,0.0,0.0,0.0,0.0,0.0,0.0,0.0,0.0,0.0,0.0
0.0,-0.521635890007019,0.0,0.0,0.0,0.0,0.0,0.0,0.0,0.0,0.0,0.0,0.0,0.0,0.0,0.0,0.0,0.0,0.0,0.0,0.0,0.0,0.0,0.0,0.0,0.0,0.0,0.0,0.0,0.0,0.0,0.0,0.0,0.0,0.0,0.0,0.0,0.0,0.0,0.0,0.0,0.0
0.0,0.0,0.0,0.0,0.0,0.0,0.0,0.0,0.0,0.0,0.0,0.0,0.0,0.0,0.0,0.0,0.0,0.0,0.0,0.0,0.0,0.0,0.0,0.0,0.0,0.0,0.0,0.0,0.0,0.0,0.0,0.0,0.0,0.0,0.0,0.0,0.0,0.0,0.0,0.0,0.0,0.0
0.0,0.0,0.0,0.0,0.0,0.0,0.0,0.0,0.0,0.0,0.0,0.0,0.0,0.0,0.0,0.0,0.0,0.0,0.0,0.0,0.0,0.0,0.0,0.0,0.0,0.0,0.0,0.0,0.0,0.0,0.0,0.0,0.0,0.0,0.0,0.0,0.0,0.0,0.0,0.0,0.0,0.0
