SouthSea_Web/demo/jsonfile/2017-12-16-21.json
{"header": {"parameterUnit":"m.s-1","parameterNumber":2,"dx":0.1,"dy":0.1,"parameterNumberName":"Eastward current","la1":29.0,"la2":12.0,"parameterCategory":2,"lo2":131.0,"nx":250,"ny":171,"refTime":"2017-12-16T21:00:00","lo1":106.0}, "data":
[rows 152 to 170 of 171, columns 86 to 128 of 250]
-0.042074281722307205,-0.053876195102930069,-0.06144363060593605,-0.067510813474655151,-0.080105386674404144,-0.092694759368896484,-0.093919478356838226,-0.12404898181557655,-0.15501128137111664,-0.17768090963363648,-0.16716399788856506,-0.14633813500404358,-0.12754353880882263,-0.10412551462650299,-0.083861768245697021,-0.11310246586799622,-0.096555255353450775,-0.11210418492555618,-0.074973542243242264,-0.033167533576488495,-0.048487249761819839,-0.011439146153861657,0.0,-0.021372305229306221,-0.047586425207555294,0.0,-0.060423552989959717,-0.05866529792547226,-0.072261136025190353,-0.094286151230335236,-0.10130475834012032,-0.10481648147106171,-0.13298872858285904,-0.15457379817962647,-0.15385196357965469,-0.1740434542298317,-0.18609045445919037,-0.20617634803056717,-0.20087776333093643,-0.18898069113492966,-0.18053899705410004,-0.16416814923286438,-0.14587609966595969
-0.060619957745075226,-0.079038560390472412,-0.090507261455059052,-0.10340968891978264,-0.11420196294784546,-0.13154609501361847,-0.15220096707344055,0.0,-0.18481361865997315,-0.21526424586772919,-0.20687642693519592,-0.21680308878421783,-0.17742767930030823,-0.16151237487792969,-0.15648068487644196,-0.13740900158882141,0.0,-0.169830784201622,-0.13660933077335358,-0.15891507267951965,-0.11084957793354988,-0.073475129902362823,-0.094568103551864624,-0.075808946043252945,0.0,-0.076380059123039246,-0.091921448707580566,0.0,-0.113893523812294,-0.12716083228588104,-0.14959657192230225,-0.18623635172843933,-0.18810084462165833,-0.18992292881011963,-0.20988907665014267,-0.23047642409801483,-0.22664628177881241,-0.22611372172832489,-0.22877931594848633,-0.2198680192232132,-0.20938992500305176,-0.19481818377971649,-0.1861032098531723
-0.083703126758337021,-0.085773419588804245,-0.11372818797826767,-0.14127569645643234,-0.17383575439453125,-0.18524619936943054,-0.18828678131103516,-0.22164095938205719,-0.235658198595047,0.0,-0.26314572244882584,-0.27906864881515503,0.0,-0.26702241599559784,-0.2219785749912262,-0.22458274662494659,-0.22032991051673889,0.0,-0.19194607436656952,-0.25720202922821045,0.0,-0.23118755221366882,-0.17260251939296722,-0.1728188693523407,-0.16680678725242615,-0.12110558897256851,-0.14345183968544006,-0.13901634514331818,-0.16373595595359802,0.0,-0.1789545789361,-0.21750208735466003,-0.23533317446708679,0.0,-0.26389023661613464,-0.26540517807006836,-0.26881003379821777,-0.26007466018199921,-0.257513165473938,-0.25223968923091888,-0.24321537464857101,-0.23091714084148407,-0.24343562871217728
-0.093624033033847809,-0.12281372398138046,0.0,-0.16467970609664917,-0.19925804436206818,-0.23406706005334854,-0.27399230003356934,-0.28051051497459412,-0.27632904052734375,-0.31291985511779785,-0.3111598789691925,0.0,-0.34605051577091217,-0.372072696685791,0.0,-0.35680116713047028,-0.31043654680252075,-0.33481255173683167,-0.29846502840518951,0.0,-0.28552719950675964,-0.34706202149391174,0.0,-0.31052345037460327,-0.23155543208122253,-0.27839383482933044,-0.213665671646595,-0.1770392656326294,-0.21693281829357147,-0.21316146850585938,-0.23789388686418533,0.0,-0.25579341500997543,-0.27167859673500061,-0.30317288637161255,0.0,-0.31349366903305054,-0.30947667360305786,-0.30154833197593689,-0.29024030268192291,-0.28557676076889038,-0.3020944744348526,-0.303409606218338
-0.12134624645113945,0.0,-0.15031982958316803,-0.2089768573641777,-0.26632487773895264,0.0,-0.31158742308616638,-0.34696915745735168,-0.38189226388931274,-0.37627100944519043,-0.37709489464759827,-0.40900313854217529,-0.42094647884368896,0.0,-0.45136100053787231,-0.46888735890388489,0.0,-0.45692054927349091,-0.42377951741218567,-0.45721599459648132,-0.41275334358215332,0.0,-0.38944718241691589,-0.4041629433631897,0.0,-0.34669026732444763,-0.27494117617607117,-0.3073553740978241,-0.26057583838701248,-0.23703356087207794,-0.265480637550354,-0.27452129125595093,-0.287859708070755,-0.30583521723747253,-0.31308509409427643,-0.32881844043731689,-0.35696160793304443,-0.3738483190536499,-0.3506530225276947,-0.32103779911994934,-0.33162806928157806,-0.33673956990242004,-0.34160514175891876
-0.1488964706659317,-0.15535794198513031,-0.18755669891834259,0.0,-0.25094452500343323,-0.30162733793258667,-0.39953818917274475,0.0,-0.42986378073692322,-0.46250042319297791,-0.47831651568412781,-0.48197108507156372,-0.48985329270362854,-0.52701860666275024,-0.53156083822250366,0.0,-0.54985979199409485,-0.57232826948165894,0.0,-0.555031418800354,-0.556650310754776,-0.55206692218780518,-0.47582963109016418,-0.504854679107666,-0.43534111976623535,-0.40960830450057983,0.0,-0.34042882919311523,-0.32666230201721191,-0.31932592391967773,-0.28307551145553589,-0.29826781153678894,-0.30603933334350586,-0.31823074817657471,0.0,-0.34560878574848175,-0.36476074159145355,-0.38653454184532166,-0.38251993060112,-0.35837653279304504,-0.35727931559085846,-0.3594641387462616,-0.35259111225605011
-0.18772456794977188,-0.20586934685707092,-0.21480327844619751,-0.25683431327342987,-0.31140068173408508,-0.353478342294693,0.0,-0.42971286177635193,-0.46019867062568665,0.0,-0.55852115154266357,-0.571873128414154,0.0,-0.59499591588974,-0.6139754056930542,-0.65125304460525513,0.0,-0.62813436985015869,-0.60310178995132446,-0.65941888093948364,0.0,-0.61691009998321533,-0.60247153043746948,-0.58024740219116211,-0.48463928699493408,-0.5075000524520874,-0.42224153876304626,0.0,-0.37680351734161377,-0.3271070122718811,-0.32897940278053284,-0.31227536499500275,-0.31288102269172668,-0.32438984513282776,-0.33697035908699036,0.0,-0.35261650383472443,-0.37016251683235168,-0.34759606420993805,-0.31941214203834534,-0.30980557203292847,-0.32556901872158051,-0.35455755889415741
-0.23450189828872681,0.0,-0.26755329966545105,0.0,-0.34751345217227936,-0.40747466683387756,-0.4473671019077301,-0.48821768164634705,-0.52142399549484253,-0.54234123229980469,-0.57235687971115112,0.0,-0.62534376978874207,-0.68514823913574219,0.0,-0.71862000226974487,-0.73684051632881165,-0.73884874582290649,-0.68552595376968384,-0.71181011199951172,-0.676940381526947,0.0,-0.676436185836792,-0.60761821269989014,-0.60194528102874756,-0.53290623426437378,-0.48368369042873383,-0.43215379118919373,0.0,-0.37136881053447723,-0.30691960453987122,0.0,-0.27512156963348389,-0.3065885603427887,-0.31756429374217987,-0.33444780111312866,-0.33290886878967285,-0.41441705822944641,-0.4009304940700531,-0.39366702735424042,-0.3683197945356369,-0.349405974149704,-0.36396235227584839
0.0,-0.26354974508285522,-0.33763620257377625,-0.29908302426338196,-0.40131852030754089,0.0,-0.48014503717422485,-0.54960918426513672,-0.57077157497406006,-0.60711702704429626,-0.63286364078521729,-0.64719295501708984,0.0,-0.679882824420929,-0.716492772102356,0.0,-0.79301267862319946,-0.8097991943359375,-0.79159295558929443,-0.78130984306335449,-0.7311546802520752,-0.730863094329834,0.0,-0.67638480663299561,-0.65238863229751587,0.0,-0.57439234852790833,-0.47885018587112427,-0.48515385389328003,-0.36833176016807556,0.0,-0.34190917015075684,0.0,-0.37177792191505432,-0.39958280324935913,-0.46931493282318115,-0.41003647446632385,-0.4415116012096405,-0.60271349549293518,0.0,-0.76601883769035339,-0.68936550617218018,-0.71345335245132446
-0.29706406593322754,-0.32200513780117035,0.0,-0.37895581126213074,0.0,-0.44739437103271484,-0.53233981132507324,0.0,-0.61263179779052734,-0.6423485279083252,0.0,-0.66664743423461914,-0.69492724537849426,-0.73185074329376221,-0.75250047445297241,-0.77523589134216309,-0.80782574415206909,0.0,-0.78874975442886353,-0.802428662776947,-0.78492605686187744,-0.75994908809661865,-0.72854664921760559,-0.68917727470397949,0.0,-0.65334099531173706,0.0,-0.63027101755142212,-0.573801726102829,-0.5101134181022644,-0.45422625541687012,-0.44289007782936096,-0.40556260943412781,-0.83407634496688843,-0.82284694910049438,-0.90996634960174561,-0.806704580783844,-0.83943352103233337,-0.87420827150344849,-0.84478586912155151,0.0,0.0,0.0
0.0,-0.39476236701011658,-0.41311603784561157,-0.43498390913009644,-0.47002020478248596,-0.51502740383148193,0.0,-0.583405613899231,-0.62287461757659912,0.0,-0.616572380065918,-0.66747140884399414,0.0,-0.72159558534622192,-0.7176278829574585,-0.75452491641044617,-0.77798104286193848,-0.79293549060821533,-0.80172902345657349,0.0,-0.81023550033569336,0.0,-0.77726870775222778,-0.74199837446212769,0.0,-0.69014912843704224,-0.63972264528274536,0.0,0.0,-0.87730598449707031,-0.846844494342804,-0.93281340599060059,-0.83022469282150269,-0.93482828140258789,-0.92507654428482056,0.0,0.0,0.0,0.0,0.0,0.0,0.0,0.0
-0.39171326160430908,0.0,0.0,-0.4477614164352417,0.0,-0.503801554441452,-0.54258012771606445,-0.550030529499054,-0.55684614181518555,-0.55138474702835083,-0.59144258499145508,0.0,-0.65587460994720459,0.0,-0.82518923282623291,-0.83101963996887207,0.0,-0.89361327886581421,-0.93599838018417358,-0.85872668027877808,-0.90106832981109619,-0.8370891809463501,0.0,0.0,-0.96624088287353516,-0.93845105171203613,0.0,-0.93160399794578552,-0.95723336935043335,0.0,-0.94669425487518311,0.0,0.0,0.0,0.0,0.0,0.0,0.0,0.0,0.0,0.0,0.0,0.0
-0.43831342458724976,-0.4464496374130249,-0.45665621757507324,0.0,-0.47661635279655457,0.0,0.0,-0.49720263481140137,0.0,-0.56927973031997681,-0.58791393041610718,-0.65719223022460938,-0.71948820352554321,-0.81587827205657959,0.0,-0.89756250381469727,0.0,-0.85227400064468384,0.0,-0.956349790096283,-0.954118549823761,0.0,-0.95922458171844482,-0.96886301040649414,0.0,-0.97392463684082031,0.0,0.0,0.0,0.0,0.0,0.0,0.0,0.0,0.0,0.0,0.0,0.0,0.0,0.0,0.0,0.0,0.0
-0.4180968701839447,-0.41495034098625183,-0.34591168165206909,-0.45494979619979858,-0.39376112818717957,-0.5171663761138916,-0.43065556883811951,-0.41853991150856018,-0.515450656414032,0.0,0.0,-0.55253618955612183,-0.58414208889007568,0.0,-0.67286205291748047,-0.667558491230011,-0.8028264045715332,-0.77405029535293579,-0.86419355869293213,0.0,0.0,0.0,0.0,0.0,0.0,0.0,0.0,0.0,0.0,0.0,0.0,0.0,0.0,0.0,0.0,0.0,0.0,0.0,0.0,0.0,0.0,0.0,0.0
-0.37268024682998657,0.0,0.0,-0.603434145450592,0.0,-0.63810634613037109,0.0,-0.62341052293777466,0.0,-0.55920475721359253,-0.49775323271751404,0.0,-0.48483741283416748,0.0,-0.56537622213363647,0.0,0.0,0.0,0.0,0.0,0.0,0.0,0.0,0.0,0.0,0.0,0.0,0.0,0.0,0.0,0.0,0.0,0.0,0.0,0.0,0.0,0.0,0.0,0.0,0.0,0.0,0.0,0.0
-0.57176539301872253,-0.55392599105834961,-0.57440507411956787,0.0,-0.62000834941864014,0.0,-0.63069158792495728,0.0,-0.61550825834274292,0.0,0.0,0.0,0.0,0.0,0.0,0.0,0.0,0.0,0.0,0.0,0.0,0.0,0.0,0.0,0.0,0.0,0.0,0.0,0.0,0.0,0.0,0.0,0.0,0.0,0.0,0.0,0.0,0.0,0.0,0.0,0.0,0.0,0.0
0.0,0.0,0.0,0.0,0.0,0.0,0.0,0.0,0.0,0.0,0.0,0.0,0.0,0.0,0.0,0.0,0.0,0.0,0.0,0.0,0.0,0.0,0.0,0.0,0.0,0.0,0.0,0.0,0.0,0.0,0.0,0.0,0.0,0.0,0.0,0.0,0.0,0.0,0.0,0.0,0.0,0.0,0.0
0.0,0.0,0.0,0.0,0.0,0.0,0.0,0.0,0.0,0.0,0.0,0.0,0.0,0.0,0.0,0.0,0.0,0.0,0.0,0.0,0.0,0.0,0.0,0.0,0.0,0.0,0.0,0.0,0.0,0.0,0.0,0.0,0.0,0.0,0.0,0.0,0.0,0.0,0.0,0.0,0.0,0.0,0.0
0.0,0.0,0.0,0.0,0.0,0.0,0.0,0.0,0.0,0.0,0.0,0.0,0.0,0.0,0.0,0.0,0.0,0.0,0.0,0.0,0.0,0.0,0.0,0.0,0.0,0.0,0.0,0.0,0.0,0.0,0.0,0.0,0.0,0.0,0.0,0.0,0.0,0.0,0.0,0.0,0.0,0.0,0.0
