SouthSea_Web/demo/jsonfile/2017-12-15-17.json
{"header": {"parameterUnit":"m.s-1","parameterNumber":3,"dx":0.1,"dy":0.1,"parameterNumberName":"Northward current","la1":29.0,"la2":12.0,"parameterCategory":2,"lo2":131.0,"nx":250,"ny":171,"refTime":"2017-12-15T16:58:07.5","lo1":106.0}, "data":
[rows 76 to 94 of 171, columns 43 to 85 of 250]
0.0,-0.0775348563876116,0.0,-0.061150372224418742,-0.18559156672650715,-0.093820922741671489,-0.029899074748797386,-0.046511481720226587,-0.17366684442330263,-0.23103012348416818,0.0031457853943983229,-0.010408853716924082,-0.043240497658650082,-0.0693642168950576,-0.08231094714842345,-0.10925968995959055,-0.17734760021169979,-0.20194400529392431,-0.2668371839799743,-0.2450736697514852,-0.17634596278270084,-0.21705355202214102,-0.2532685213330863,-0.29080406106435336,-0.25186529588788303,-0.17831985112549603,-0.11915664546764813,-0.11358234382444812,-0.10331056645866167,-0.15111812027329105,-0.24760608854940383,-0.23919626094143967,-0.19047573663420597,-0.15682860476485752,-0.12661897304157416,-0.13423398973649009,-0.16838029734158921,-0.17919024392962457,-0.1475112734314723,-0.11219817260280252,-0.12623000529504591,-0.085214887293321745,-0.037833769067094243
0.0,-0.17759991573514289,0.0029729142345869069,-0.31699698989168834,-0.077473787607285058,-0.0851110206151069,-0.092082845549220624,-0.13445523643383273,-0.18380300946738742,-0.14169266371398556,-0.07078786596123661,-0.061495899921283126,-0.098124354456861809,-0.1651190525439919,-0.20024661334198818,-0.062997055190355811,-0.22439576559147592,-0.30634920923940595,-0.28095992445014417,-0.27041435132131858,-0.16860596069267819,-0.16161449592221866,-0.15355988514067523,-0.15091665366948662,-0.13987360080847375,-0.131675876211375,-0.12457905172324571,-0.14910080100669235,-0.16914795289436976,-0.1800410432805275,-0.22759998341401419,-0.26194920763373375,-0.23776700307022441,-0.17758359710375468,-0.14869778560331234,-0.12310449965298176,-0.10213722295507237,-0.084173945430666211,-0.083312193035251558,-0.095024181710135547,-0.083081562457413508,-0.08434354168949304,-0.084573661478666157
0.0,-0.24322048461954182,-0.074717916180352714,-0.087126901854671465,-0.09839698434097309,-0.10562516342509877,-0.16859841227848479,-0.19573540166020392,-0.17927742050244258,-0.14716445555289587,-0.12052681363586869,-0.15805026528735955,-0.15499308769559039,-0.24803788505368313,-0.27776640437303052,-0.17753032787606635,-0.14973374876764514,-0.24483264535665511,-0.23471068252216687,-0.21401207393310109,-0.20498542916594129,-0.18508363049477339,-0.1917365886271,-0.13680788155710488,-0.1403778992869236,-0.16260393574589588,-0.1462396015894824,-0.18400172575523979,-0.17155679403725316,-0.213966298158522,-0.18897096868955865,-0.21089059257736573,-0.22584956490768576,-0.17924351526631249,-0.12733962646750516,-0.10773485954850912,-0.10614258212012213,-0.093389225937426087,-0.068716195141596173,-0.061501579292650731,-0.089914360083639622,-0.11977851808071137,-0.098694276213645932
-0.14909140493740172,-0.11205827928402486,-0.21558901340729564,-0.031911989753300278,-0.092768752939987167,-0.17418964670764076,-0.20867359931721832,-0.21894695824485713,-0.1937713749327902,-0.1862243545257439,-0.19158849070469539,-0.24216994820004803,-0.25287645283554283,-0.18838828722281115,-0.20267416177124814,-0.17584614530205728,-0.18187844653924307,-0.19434659256309758,-0.1681594612269566,-0.18857576148431809,-0.1971576278065813,-0.18434275004823328,-0.19486532205680632,-0.17496315836906434,-0.15593999932552205,-0.1524808259223992,-0.16030562210541505,-0.1376085988446778,-0.15057560414075852,-0.16965909237446991,-0.16002844638294644,-0.16167790347184891,-0.1849394954741001,-0.15892549795763833,-0.1334324251202976,-0.10711502690206874,-0.071630022458491788,-0.024322758476924281,-0.025468141454356639,-0.041633931230063793,-0.060746760693965132,-0.066498655378818508,-0.088104977671589174
-0.31851201847266564,-0.19194897764599792,-0.054174465989907744,-0.027793091894553524,-0.21246444471493489,-0.25228932386997976,-0.24494933593889762,-0.2354899893204371,-0.25179179896742609,-0.25286672690085005,-0.2874483940965038,-0.25853605328926016,-0.20398199999773944,-0.2217183904569657,-0.21043002711875097,-0.20102755725383759,-0.19558996214705,-0.18936876083413759,-0.1822375839544555,-0.19096319557263933,-0.17189566631402289,-0.19666770918696536,-0.19210535636607637,-0.19074527303809705,-0.18684558812962021,-0.15734493086735407,-0.14005812646990473,-0.14809664232390268,-0.1246566403657198,-0.15662406992755437,-0.16363853795660865,-0.15149729786550298,-0.14608992780408553,-0.14480327862885692,-0.1151259896846918,-0.087530079696859636,-0.0927699302824644,-0.0680211891454679,-0.069288983941078186,-0.10007621099551518,-0.11995800460378329,-0.097090338766574857,-0.072271397393196823
-0.088988612660243382,-0.24938304756967109,-0.24794573296051409,0.1708030675592136,-0.21541744284025444,-0.30143785955650465,-0.26140943875438288,-0.26986994887036936,-0.3683372493517601,-0.31930418438830616,-0.25638246592485681,-0.235705061682633,-0.20925341180113496,-0.2297089603440515,-0.21610866685708363,-0.1902212105822145,-0.18353161508919763,-0.19638781720086149,-0.18332424785121013,-0.14562623242014333,-0.18404760591264041,-0.16912767942994833,-0.20013196056797392,-0.21427484697256333,-0.16003500552553879,-0.16130788232150831,-0.14600522432363394,-0.13774518829745217,-0.12298650588050034,-0.11582888173870742,-0.15234690578654409,-0.14547010279934983,-0.14254414490782297,-0.13383371143468789,-0.12918378247155082,-0.098658306989818811,-0.084961201852330789,-0.091707106265756816,-0.084096185676753518,-0.018107521723812588,0.00069653031096095219,-0.0017430418843610419,-0.033635292152981631
-0.16821998937262428,-0.16686715264683896,-0.328647582070394,-0.30128412080410727,-0.18778539011499992,-0.36221325645844143,-0.29741977900266647,-0.30805043182496367,-0.41954848978479031,-0.355482230412549,-0.26972164561351142,-0.23915289544453056,-0.23347355039982959,-0.20243919913967451,-0.19496267095760064,-0.2104935746254592,-0.21194856681606986,-0.18079915256411941,-0.17533457279205322,-0.17803031571057379,-0.13665401611639105,-0.15440193659219986,-0.18474870494433812,-0.17802093309514663,-0.16196439528104031,-0.1485612936543696,-0.11519820468895363,-0.11859634891152382,-0.10881578149618926,-0.1154986181192928,-0.11601199422563825,-0.131785476150421,-0.16021010058897514,-0.16633045867733334,-0.14655442370308769,-0.15821699597514594,-0.13250637874007226,-0.030140058022750185,0.0084583775629289443,-0.026261296559823677,-0.039769969733983827,-0.0809854493924865,-0.13914524534573922
0.014169434233037971,0.18269486851503253,-0.1261625584354486,-0.30569282755619143,-0.32928010934875124,-0.46032339132438271,-0.39425917501960484,-0.37971697460141096,-0.41566521391786376,-0.34013657499167876,-0.29476799276368371,-0.23968995350306152,-0.19899425747101768,-0.20695819413023336,-0.20564715085285051,-0.18898819724343857,-0.19703726664833401,-0.18327718384044114,-0.15515994363360935,-0.15831053398904346,-0.13924250072416136,-0.14835358478806235,-0.18181075113160269,-0.1789178505539894,-0.16378172636032104,-0.17258050369805303,-0.17137319825846573,-0.1336495034672596,-0.12085729321608177,-0.11992369649501947,-0.12739632992694774,-0.12818160307194507,-0.14715005829930306,-0.15135372516054374,-0.11647754669189453,-0.060938104414022885,-0.029197209263936832,-0.018516834064420045,-0.026040075182983721,-0.070424702269240066,-0.12681458862843337,-0.14307713823822829,-0.15933806662048614
0.0,-0.068033282997882583,-0.14925304139122225,-0.3983018899957339,-0.51008073504515516,-0.57264735328184591,-0.5306981096142217,-0.44258165707190833,-0.39681384496150479,-0.350592845776042,-0.29489648864980328,-0.24063189852016945,-0.2119251467563488,-0.1892550253868103,-0.1930879940589269,-0.19353207697470984,-0.18609248751249069,-0.18607111275196075,-0.18135979109340245,-0.15999338798450702,-0.13412748181050824,-0.13775931863949217,-0.15123412970985686,-0.15694291357483184,-0.14258837010021563,-0.137642922103405,-0.13974466002904451,-0.15552320847144494,-0.12823677005676124,-0.13319332926319197,-0.15693074464797974,-0.16985088493674994,-0.17329482117603565,-0.19117264105723456,-0.13030537590384483,-0.074821133453112379,-0.090562732517719263,-0.11420697470506032,-0.15449162135864125,-0.13876202968614443,-0.15455329790711403,-0.13576814615064198,-0.10589026473462582
0.0,0.0,-0.46839078598552281,-0.58196483879056693,-0.68181696775204992,-0.64437546031643644,-0.677247017202243,-0.51994728224892772,-0.43890276070564022,-0.36271379196218084,-0.30099783120331941,-0.22933601147058058,-0.20016436174858449,-0.18195414974501259,-0.16750498902466562,-0.19327755594575727,-0.17562303172819543,-0.20122467649394069,-0.18605064112564612,-0.1386191408943247,-0.14883527242475086,-0.15454983424681884,-0.16729185271721619,-0.18250818371772767,-0.14709431477464163,-0.12844434351875231,-0.14524565398693085,-0.14687516482976767,-0.1854798799753189,-0.20622307577958474,-0.22181812616494986,-0.22611632828529066,-0.18645150573165328,-0.1218340929884177,-0.11355347351895438,-0.16170104013548958,-0.19687772302755288,-0.21693009855570616,-0.22589430958032608,-0.18233224323817662,-0.13539154242191995,-0.044253022938002165,-0.002128702081141195
0.0,0.0,-0.58333342532058818,-0.55911808075273739,-0.65090641949106665,-0.51103047234518029,-0.62162681085517613,-0.5607369090119998,-0.46400731609713647,-0.36855032992741416,-0.31098416640802667,-0.22830180620605295,-0.18849240839481354,-0.18453057973008408,-0.20906355841593308,-0.18240428119897842,-0.18859265859310442,-0.22094182989427022,-0.17209971668543639,-0.13368172974636158,-0.12187845438718796,-0.10995483904012612,-0.098901638044760778,-0.11266488305948398,-0.13833296328783035,-0.16759610895452828,-0.19322814677770323,-0.19955500329916293,-0.16589444020280131,-0.1395060311143215,-0.10642651053002247,-0.075318467147924284,-0.094487153821521341,-0.15912052962396825,-0.24008749902248383,-0.29375637295069518,-0.29967830845942867,-0.2628832326995002,-0.20355679248941355,-0.20792936471601328,-0.14880714272814138,0.0081851371796801686,0.065731859898992953
-0.19702172854208741,-0.39827287575991993,-0.51358037392298383,-0.42164777146352755,-0.22620729361326941,-0.32379810719822461,-0.2299254559231608,-0.3967593170347668,-0.40471875263472734,-0.3835642735163371,-0.30806410604832218,-0.23119590147620156,-0.18415434871401107,-0.180050277902234,-0.18095211455455193,-0.1851129581530889,-0.18420791901923991,-0.173439893584985,-0.17851217606892952,-0.14821657139275754,-0.14279928173010165,-0.16987235790916852,-0.16291081696748733,-0.12069778475496504,-0.11567632436752319,-0.18195237108954676,-0.20704868711807109,-0.13112954795360565,-0.062591014955951665,-0.058994522352737409,-0.086341097817889276,-0.12977271586656569,-0.21496468553176293,-0.28952847765042233,-0.33798654803207945,-0.39031618145795971,-0.34535785295345167,-0.25284318864345551,-0.17521300757753439,-0.065995286701730008,-0.010876368796493023,0.017366907568648459,-0.052162795920351827
-0.18615990689187481,-0.11306237557893802,-0.092658094685346248,-0.17819767096830952,0.11552042077528313,0.25622888311327807,0.058777207813880128,-0.2154494605836321,-0.29027491075093631,-0.29571010669072467,-0.282602948885338,-0.24858739475409189,-0.22990198866013559,-0.18385195345790298,-0.17806393935762602,-0.20301212656956452,-0.21071710906646871,-0.19349940010794886,-0.15963719950781929,-0.15100015423916005,-0.14065457867192371,-0.12330829737974065,-0.11917824551463127,-0.13643801019147592,-0.16968326270580292,-0.18672950234678057,-0.13287201810341615,-0.031396503866374215,-0.012670459924265742,-0.042283532355213538,-0.13586828333360176,-0.22900829160654987,-0.26571871781790696,-0.27489726410971749,-0.25180453360080718,-0.27940842971719543,-0.23087379217147827,-0.1281422801591732,-0.057734762753049534,-0.017115545312033367,-0.028731211963951446,-0.087706789995233222,-0.15498392603227071
-0.083487729905544358,0.051189151084558529,-0.013797723309702525,-0.025290332994902402,0.36150377005521606,0.28216992892128856,0.096104756175143427,-0.095828329276104088,-0.24227080157687586,-0.28473568867359844,-0.28933252748988925,-0.2626061079002196,-0.24249991664180048,-0.22357557162090583,-0.20071810254683861,-0.22220681497344264,-0.17616671373446782,-0.15342099412723823,-0.16418854333460331,-0.12055262178182602,-0.05030648486205825,-0.030755411001986692,-0.074431118056444187,-0.14142757378242635,-0.21618994382711557,-0.19451122565401924,-0.054335712782900641,0.017786569073975373,-0.017962905175518244,-0.10199729725718498,-0.23153640081485113,-0.31014822881955367,-0.31870386621047708,-0.29863043702565706,-0.24932226825218934,-0.15983488261699677,-0.1464116269350052,-0.12218497091761002,-0.10776534034260388,-0.10136068483384755,-0.050841288061097396,-0.022986164027503853,0.028137735022162949
-0.0061492442509277906,0.076801389455795288,0.02307907487618727,0.16463373832004641,0.0,0.04422811990738601,0.011248807987034194,-0.12030721778079631,-0.25952235907316207,-0.30475167252800683,-0.33714710388864788,-0.26456240564584732,-0.24428598795618331,-0.24046630199466432,-0.20087370584750997,-0.18516772060558714,-0.177646833760985,-0.13992733482656808,-0.076238085355224278,-0.052656357625016463,-0.074985956773161888,-0.12469626141005549,-0.17537337025770775,-0.19485035795589972,-0.21656204169166499,-0.076186818588111133,0.0595100956313588,-0.0029157408440870971,-0.13239309406624392,-0.25044902524462453,-0.30536314129829406,-0.34401264565962331,-0.36501183013121286,-0.32257638986294085,-0.20105245295498106,-0.11496067190399537,-0.084619713414992609,-0.034376844996586442,0.012135813737081157,0.019857202150160447,0.078397660106420519,0.11894259716455753,0.1176340322708711
0.0,0.0,0.0,0.021842608221083571,0.0,0.0,0.0,-0.27512707049940149,-0.36571060188791971,-0.33534936990056718,-0.29417767588581356,-0.27949355861970354,-0.24580683739020906,-0.21186051445622597,-0.17872225470615155,-0.18309642906699861,-0.14082582655452913,-0.051384484195815663,-0.049610473215579987,-0.10021752273214274,-0.15187490811305388,-0.19402635257158959,-0.23946617447560833,-0.20625076098022638,-0.027801567043822546,0.060069169549803646,-0.005016751294113839,-0.16370296105742455,-0.25713850281856676,-0.27098791853145315,-0.35519504326361195,-0.42121199546036897,-0.36499836082969395,-0.26951911357732922,-0.093878759403846088,-0.043918324151524794,0.0064085273687461653,0.02761258782240851,0.044469432905316353,0.0656054726568982,0.084149495247871645,0.097006288490125117,0.069901242053934512
0.0,0.0,0.0,0.0,0.0,0.0,0.0,-0.4075329921701375,-0.40724816173315048,-0.31333840957709719,-0.28140017688274382,-0.28658131789416075,-0.23792053759098053,-0.16722224792465568,-0.15274383127689362,-0.16778656141832471,-0.10564493888924861,-0.0936017076260057,-0.12428859724053021,-0.17552190087735653,-0.22906442037944136,-0.25246026309636921,-0.14459926773223183,-0.0060561143499971541,0.060724901518336045,-0.024329502123974039,-0.17268635332584381,-0.26417768480522291,-0.32694761798932004,-0.37364576756954193,-0.38085338473320007,-0.3102511940179048,-0.16639247522861869,-0.084715416861905,-0.057397541031241416,-0.045587218523121857,0.0070259889009697688,0.040205245114991378,0.06052861038234926,0.057072802712874751,0.056975992051539595,0.077619935518928942,0.086537382530945325
0.0,0.0,0.0,0.0,0.0,0.0,0.0,-0.4245378595331441,-0.37103639543056488,-0.29539794632882782,-0.28316834481323466,-0.27329010778182261,-0.24127617785159281,-0.1966627939707703,-0.17835084918667288,-0.11277691018767655,-0.0836389206815511,-0.11373398058554705,-0.14068521302321863,-0.19117668319133022,-0.21192518724449749,-0.060880327163713763,0.0353760138105858,0.01849314557707489,-0.11775688515044749,-0.22571734658309392,-0.30009650576997687,-0.33095313837895024,-0.34113034376731288,-0.39766554148108874,-0.3358131306512015,-0.25266292691230774,-0.17755622875231963,-0.12813785810161521,-0.11282841005810985,-0.08104909926652909,-0.0054367604682704915,0.046418159372276731,0.047823846547140017,0.027623295577036008,0.023634331167808602,0.050688610315836706,0.062683193220032588
0.0,0.0,0.0,0.0,0.0,-0.13683975865612463,-0.059867961328159761,-0.16330553617404953,-0.31972083859685541,-0.2926045917734808,-0.28460656365622644,-0.25109265817374715,-0.21736838109791279,-0.17584608644247055,-0.14616292891533753,-0.089108953142867375,-0.0919489892997912,-0.13917423270899673,-0.14684119398395221,-0.20408956054598093,-0.061588721862062809,0.035550467078185953,-0.0064055292070271984,-0.10271151360523488,-0.20462872385978698,-0.30063788805689129,-0.38552029265297783,-0.38158317123140606,-0.37105855456104986,-0.35588799187770259,-0.24459114472071331,-0.16711887593070665,-0.11849778389128354,-0.096259639635682112,-0.075480376370251179,-0.053054627515375617,0.021706732468576066,0.064753149670583224,0.043251027304936074,0.011120175432342176,0.010528126507307644,0.058598777744919062,0.1041375736777599
