SouthSea_Web/demo/jsonfile/2017-12-15-04.json
{"header": {"parameterUnit":"m.s-1","parameterNumber":2,"dx":0.1,"dy":0.1,"parameterNumberName":"Eastward current","la1":29.0,"la2":12.0,"parameterCategory":2,"lo2":131.0,"nx":250,"ny":171,"refTime":"2017-12-15T04:01:52.5","lo1":106.0}, "data":
[rows 114 to 132 of 171, columns 126 to 167 of 250]
-0.24820636212825775,-0.23511447012424469,-0.17908263206481934,-0.17801272869110107,-0.12023381143808365,-0.11022169018785159,-0.10148290544748306,-0.044164940781359165,0.054215735090630393,0.0968755129724741,0.093510436063463043,0.11841088762650123,0.115507691743828,0.14114375671614771,0.1416524866452584,0.082473413604829043,0.063701947884900231,0.012593233039149561,0.028514833189547062,0.0,0.0,0.0,0.0,0.0,0.0,0.0,0.0,0.0,0.0,0.0,0.0,0.0,0.0,0.0,0.0,0.0,-0.00028640907473895634,0.084627816550802065,0.15483390300798772,-0.026503402802448433,-0.23519403451964968,-0.30414004448582144
0.0,-0.24870352447032929,-0.21995791792869568,-0.1505454033613205,-0.11702961102128029,-0.088512688875198364,-0.052345956116914748,-0.049467283921937145,0.011134754943971833,0.078219524983848848,0.10278549790382385,0.13317036728064219,0.12837447297005428,0.13472052277238281,0.13445618599653245,0.034905837680753393,0.035212546520467312,-0.091906666379292942,-0.18018916237197821,0.0,0.0,0.0,0.0,0.0,0.0,0.0,0.0,0.0,0.0,0.0,0.0,0.0,0.0,0.0,0.0,0.0,0.00093338073977877289,0.072871046336780335,0.15385941195548797,0.070368715209152666,-0.0793865394451596,-0.24185460635593958
-0.24092139303684235,-0.26177129149436951,-0.24726822227239609,-0.19153232872486115,-0.12207517027854919,-0.070540916174650192,-0.026151946932077407,-0.03447357565164566,-0.02818522635581238,0.03611618431750685,0.094425101171840317,0.12259906480709712,0.14550595595078034,0.13229648606932681,0.091674057692289354,-0.0076870334232808091,0.064171803876666766,0.057147499862932473,0.00957301544967624,0.0054899126818567954,0.0,0.0,0.0,0.0,0.0,0.0,0.0,0.0,0.0,0.0,0.0,0.0,0.0,0.0,0.0,0.0,0.037595421117397824,0.061434850950487334,0.1393394763931731,0.02224869323781804,-0.0017347474596770655,-0.15141167425934007
-0.20077809691429138,0.0,-0.23301739990711212,-0.16746426125367483,-0.083297848701477051,-0.050949273010094963,-0.020429165288805961,-0.016678293235599995,-0.025527253148279021,0.012355113882222213,0.076249000217233381,0.11016750584046046,0.15294954404234887,0.14605148983272639,0.083076972980052233,0.076439704602727518,0.1074080640651487,0.11491551485500838,0.049858145808801053,0.0,0.0,0.0,0.0,0.0,0.0,0.0,0.0,0.0,0.0,0.0,0.0,0.0,0.0,0.0,0.0,0.0,0.0,-0.029639723165473697,0.0024184391888334078,-0.072104054440637957,-0.0022417180589400232,-0.074658154587571815
-0.174039825797081,-0.21795380115509033,-0.14741234481334686,-0.11159167438745499,-0.058997313181559242,-0.058617793023586273,-0.041615713015198709,-0.0077067321166396138,0.020545812855873789,0.0463953020516783,0.090518386568874121,0.11922980844974518,0.16239150613546372,0.16863229771455129,0.094036144928799734,0.10447355969385667,0.13473028040701343,0.096824991454680764,0.043781418174815671,0.0,0.0,0.0,0.0,0.0,0.0,0.0,0.0,0.0,0.0,0.0,0.0,0.0,0.0,0.0,0.0,0.0,0.0,0.0,-0.12353166660683683,-0.040086579196779673,0.013951153617858052,-0.010702855421079542
0.0,-0.11677395552396774,-0.038764934986829758,-0.031635821796953678,-0.01114126124108831,-0.0095112605486065149,-0.0093826532829552889,0.0042265837080776693,0.042736719672878586,0.081464579949776336,0.11445030942559242,0.12890973966568708,0.16490979678928852,0.17706432276301914,0.14044659398496151,0.10657050609588623,0.0767996779389002,0.021623428497453762,-0.028494300320744514,0.0,0.0,0.0,0.0,0.0,0.0,0.0,0.0,0.0,0.0,0.0,0.0,0.0,0.0,0.0,0.0,0.0,0.0,0.0,-0.056052798777818678,0.0347832546571868,0.11915483884513378,0.03950809261382178
-0.074621995290120438,-0.013601093553006649,0.011621699319221079,0.026983882222945493,0.041095476597547531,0.053261667490005493,0.073039973775545761,0.072016060352325439,0.063726796635559621,0.095206011086702347,0.13415142680917466,0.15225806619439805,0.1735140217675103,0.16820362806320191,0.12468043105168776,0.094810077591853989,0.019567525241820313,-0.043555123773826795,-0.067384410516491952,0.0,0.0,0.0,0.0,0.0,0.0,0.0,0.0,0.0,0.0,0.0,0.0,0.0,0.0,0.0,0.0,0.0,0.0,0.0,0.0,0.18676932156085968,0.16963926330208778,0.079655098030343652
0.011904347455129027,0.023200089926831424,0.041035603731870651,0.059519937261939049,0.075696950157483414,0.10094187036156654,0.14636009186506271,0.16305748373270035,0.1565183162689209,0.11995328068733216,0.15903173599924361,0.18598280660808086,0.19895387547356741,0.18149593919515611,0.10412301785416073,0.045682409977806468,-0.0072917709864365561,-0.074049907736480236,-0.1293662947913011,0.0,0.0,0.0,0.0,0.0,0.0,0.0,0.0,0.0,0.0,0.0,0.0,0.0,0.0,0.0,0.0,0.0,0.0,0.0,0.0,0.1560937836766243,0.16669889742677863,0.095446135103702548
0.042032020166516304,0.050472605973482132,0.090837478637695312,0.1151120625436306,0.12008679285645485,0.12647591779629389,0.16355225816369057,0.21039611101150513,0.24048797786235809,0.21205356078488485,0.21743828430771828,0.21503413716952005,0.21500700073582785,0.19097148694775321,0.13314930680725309,0.033746081387410719,-0.04941842588596046,-0.047106492100283504,0.0,0.0,0.0,0.0,0.0,0.0,0.0,0.0,0.0,0.0,0.0,0.0,0.0,0.0,0.0,0.0,0.0,0.0,0.0,0.0,0.23405833542346954,0.24767857789993286,0.18821923434734345,0.069713486172258851
0.095039386302232742,0.088711071759462357,0.11655694991350174,0.16479049623012543,0.15229355543851852,0.18716352184613547,0.18665913343429566,0.20550322958401271,0.23891570866107942,0.27116570728165762,0.28252426783243817,0.27031949907541275,0.25709710518519086,0.21909378137853411,0.15271399418512979,0.054447836327281868,-0.028433848704610552,0.00051013804373464409,0.0,0.0,0.0,0.0,0.0,0.0,0.0,0.0,0.0,0.0,0.0,0.0,0.0,0.0,0.0,0.0,0.0,0.0,0.0,0.0,0.28247444544519695,0.25354170203208926,0.16313429507944319,0.0612780686467886
0.0,0.13976278901100159,0.14091283082962036,0.18725931644439697,0.21088760594526926,0.21629930535952249,0.23252122104167938,0.22994848872934068,0.2469055037945509,0.27644117389406475,0.29855672849549186,0.30528068873617387,0.28407268864767893,0.23868523165583611,0.1655691757798195,0.093041401069897875,-0.012912971062178258,-0.026302718068041873,0.0,0.0,0.0,0.0,0.0,0.0,0.0,0.0,0.0,0.0,0.0,0.0,0.0,0.0,0.0,0.0,0.0,0.0,0.0,0.22941939036051431,0.2383008599281311,0.19586731120944023,0.12562793269753456,0.04616023413836956
0.16519668698310852,0.16618163883686066,0.19313253462314606,0.19750576714674631,0.20646237134933471,0.21499768197536467,0.23303576000034809,0.25906050577759743,0.25386302918195724,0.24842317828110286,0.27381872981786726,0.31006190606525968,0.31896160170435905,0.19849801622331142,0.090240387530583471,0.048683446728520922,-0.031317609362304211,-0.0055253581247395938,0.0,0.0,0.0,0.0,0.0,0.0,0.0,0.0,0.0,0.0,0.0,0.0,0.0,0.0,0.0,0.0,0.0,0.0,-0.030646052211523056,0.10960003786853381,0.19989613511345603,0.13757322976986566,0.089410310818089381,0.021202854404691607
0.17235153913497925,0.20693061252435049,0.22047314047813416,0.22719232241312662,0.22391578927636147,0.22126615047454834,0.22363025508821011,0.24671570584177971,0.23556935952769387,0.21135413859571731,0.21145237485567728,0.24634636690219244,0.31492517391840619,0.18305334448814392,-0.031933479088669024,0.0252139407934414,0.063634695019572973,0.0390200816715757,0.0,0.0,0.0,0.0,0.0,0.0,0.0,0.0,0.0,0.0,0.0,0.0,0.0,0.0,0.0,0.0,0.0,0.0,0.079039284493774176,0.0938654372637922,0.15876704578598341,0.11139800623059273,0.036954370941120113,-0.010593791059694591
0.15683093667030335,0.16202187538146973,0.18234330912431082,0.20122666656970978,0.21093855053186417,0.21534406890471777,0.19414655201964909,0.189040264913014,0.18653604222668541,0.15131447677101409,0.13836703981672013,0.13321246653795243,0.18171212077140808,0.0,0.014485117824127277,0.01390498926463936,0.049110526425970927,0.038399451121222228,0.0,0.0,0.0,0.0,0.0,0.0,0.0,0.0,0.0,0.0,0.0,0.0,0.0,0.0,0.0,0.0,0.0,0.0,0.059855341166257861,0.14301734045147896,0.13996622115373611,0.074806397315114737,-0.0033350893063470721,-0.042555642500519755
0.097462110221385956,0.12510663643479347,0.13335336744785309,0.156254630535841,0.16987965404987335,0.17288234829902649,0.15001359768211842,0.14861716628074645,0.12679030653089285,0.094812586903572083,0.081187456846237183,0.052895438158884645,0.0,0.0,0.0,-0.034745204076170919,0.0025944185035768896,0.00095470730836192763,0.00040404079481959343,0.0,0.0,0.0,0.0,0.0,0.0,0.0,0.0,0.0,0.0,0.0,0.0,0.0,0.0,0.0,0.06192706897854805,0.17570247687399387,0.37233451008796692,0.2290563926100731,0.10446313603056802,0.016902094846591352,-0.042993604089133441,-0.080189627129584551
0.053508345037698746,0.075789590676625565,0.0933007076382637,0.11940650455653667,0.13933513561884561,0.13431824992100397,0.10672673417462243,0.12633139118552209,0.11826302525069979,0.077408378097144043,0.06150597520172596,0.025136670582772542,0.0,0.0,0.0,-0.0089797296871741619,-0.05402491226171454,-0.10848460718989372,-0.090083733201026916,0.0,0.0,0.0,0.0,0.0,0.0,0.0,0.0,0.0,0.0,0.0,0.0,0.0,0.084439609199762344,0.10372082144021988,0.084841670468449593,0.24965609051287174,0.26736948390801746,0.18125441670417786,0.033536169264051646,-0.0652798212133348,-0.10225591063499451,-0.11729965265840292
0.0299382908269763,0.035857000698645912,0.058243059863646827,0.0791386254131794,0.11404903357227643,0.12743845369134629,0.11227235421538354,0.12334366440773011,0.1238047992810607,0.088102791797031052,0.071322517935186625,0.036330495866423007,0.0,0.0,0.0,0.0,0.0,0.0,0.0,0.0,0.0,0.0,0.0,0.0,0.0,0.0,0.0,0.0,0.0,0.0,0.0,-0.042494370202933042,0.041723862756043673,0.15876702964305878,0.26304623484611511,0.2632642388343811,0.18078502360731363,0.061835046112537387,-0.06760752247646451,-0.15146250210025095,-0.16091475449502468,-0.15608036145567894
0.048173367977142334,0.047121352205673851,0.063676208257675171,0.079041587188839912,0.10692667216062546,0.13833529502153397,0.15693942159414293,0.15718408823013305,0.145376518368721,0.11892187181446287,0.11063318986159104,0.095297450030391861,0.099514325760537758,0.063199336640536785,0.0,0.0,0.0,0.0,0.0,0.0,0.0,0.0,0.0,0.0,0.0,0.0,0.0,0.0,0.0,0.0,-0.094828148682912186,-0.021141342259943484,0.11346047930419445,0.16505597366227043,0.18780163377523423,0.13184206086126241,0.063882635743357244,-0.047666586625079312,-0.15353167951107025,-0.214260783046484,-0.20297971740365028,-0.19999979250133038
0.080246254801750183,0.0829533152282238,0.091112179681658745,0.11987842433154583,0.12554535518089929,0.15090788900852203,0.15508318096399307,0.16059356629848481,0.17319049686193466,0.16574894636869431,0.1385270282626152,0.095973315338293716,0.015301201681722887,0.023245123532516034,0.0,0.0,0.0,0.0,0.0,0.0,0.0,0.0,0.0,0.0,0.0,0.0,0.0,0.0,0.0,0.0,-0.021826651671694383,0.030888312072916466,0.042700573732145128,0.049232770973321752,0.015508376569910483,-0.057818311351266777,-0.091865773499012,-0.15021099460621676,-0.20555235114362505,-0.23610037896368238,-0.22139258123934269,-0.23713406258159214
