SouthSea_Web/demo/jsonfile/2017-12-14-21.json
{"header": {"parameterUnit":"m.s-1","parameterNumber":2,"dx":0.1,"dy":0.1,"parameterNumberName":"Eastward current","la1":29.0,"la2":12.0,"parameterCategory":2,"lo2":131.0,"nx":250,"ny":171,"refTime":"2017-12-14T21:00:00","lo1":106.0}, "data":
[rows 114 to 132 of 171, columns 0 to 41 of 250]
0.0,0.0,0.0,0.0,0.0,0.099520235011974975,0.089315347879060675,0.059445672233899433,0.06219255743604718,0.17148216920239584,0.15322906441158718,0.079652819933835411,0.011966188292717561,-0.021137886680662632,-0.045352961868047714,-0.052953599020838737,-0.062966904292504,-0.069435444970925644,-0.075276639312505722,-0.0729057714343071,-0.046812870850165687,-0.046038379271825157,-0.024974367270867031,-0.01252056029625237,-0.024244424421340227,-0.021120755560696126,-0.050360932946205139,-0.076201052870601416,-0.1316120040913423,-0.070672383066266775,-0.06930159917101264,-0.13835230283439159,-0.16874248853751592,-0.15544884403546652,-0.19523193687200546,-0.2421996772289276,-0.24102411738463811,-0.28426131010055544,-0.34334545334180194,-0.4415219540779407,-0.61500118838416207,-0.64518817093061365
0.0,0.0,0.0,0.0,0.0,0.0,0.088657299793074226,0.11335556045935973,0.084300812460103278,0.15439972148409911,0.23931983858346939,0.17876279155413311,0.081328222528100014,0.026921438961289824,-0.0069913136151929694,-0.026022119726985694,-0.039222988300025463,-0.045592974871397018,-0.053796052001416683,-0.062010485678911209,-0.04397142305970192,-0.061139198640982308,-0.063769213855266571,-0.054865457117557526,-0.057413026690483093,-0.0576870858669281,-0.05183474613087518,-0.062411457300186157,-0.11817020177841187,-0.12525135899583498,-0.15349564382008143,-0.17738279141485691,-0.16970370958248773,-0.14702258706092836,-0.17188785076141358,-0.22375282893578211,-0.25225334862867993,-0.273034805059433,-0.33177765309810636,-0.45424295216798782,-0.4879709581534068,-0.45697672452245441
0.0,0.0,0.0,0.0,0.0,0.0,0.0064031898655230179,0.12859899088226515,0.14686421016531606,0.13509498344677867,0.18464777192899159,0.23898958191275596,0.19280763901770115,0.11117822996207646,0.0493278286552855,0.011824237803618113,0.0091925212182104588,-0.00445894745644182,-0.0053451973071787506,-0.046499691903591156,-0.039450735319405794,-0.063477501273155212,-0.063227812759578228,-0.078329180677731827,-0.070856849352518722,-0.063607163727283478,-0.060922628641128539,-0.071626491844654083,-0.10565556678920984,-0.13629306639943803,-0.19158069292704263,-0.20422283311684927,-0.17448375746607781,-0.17725666718823568,-0.19776611924171447,-0.23691974878311156,-0.2600066636999448,-0.26594719886779783,-0.31993327438831332,-0.45073837583715265,-0.47215833514928818,-0.39920006692409515
0.0,0.0,0.0,0.0,0.0,0.0,0.0,0.0,0.16079750830588274,0.19705408717703632,0.20286001540147342,0.23877223506569861,0.28543044209480284,0.25995813061793643,0.18129850841230816,0.0759238035728534,0.084891682118177408,0.06553558136026065,0.032484413745502629,-0.02057303177813689,-0.024175383150577545,-0.036932529260714851,-0.064397417940199375,-0.08452557772397995,-0.10536113133033116,-0.10007164627313614,-0.10826283072431882,-0.15992199629545212,-0.19205558896064759,-0.19422020230974471,-0.24360125015179315,-0.24589923024177551,-0.2088758157832282,-0.19758004322648048,-0.21568017303943635,-0.25255491584539413,-0.26899045705795288,-0.32389268941349453,-0.4150201678276062,-0.40561940578313976,-0.35171231130758923,-0.3413038834929466
0.0,0.0,0.0,0.0,0.0,0.0,0.0,0.0,0.0,0.18914610892534256,0.22847737708817359,0.23467338000508872,0.2663759789429605,0.30048491128466348,0.27110211112919974,0.19980232119560243,0.21612357720732689,0.18108335882425308,0.10135435219854116,0.06049058586359024,0.0099506905923287068,0.00882323645055294,-0.039624047651886943,-0.070845711976289749,-0.0949303537607193,-0.097442747404177979,-0.0986311212182045,-0.14137840519348779,-0.19123735527197519,-0.22726412365833917,-0.26503556470076245,-0.2482201928893725,-0.21719089150428772,-0.21708285808563232,-0.21997975409030915,-0.22002391517162323,-0.252570424761091,-0.34219300746917725,-0.37783566117286682,-0.299897479514281,-0.25541028132041294,-0.24136449137459631
0.0,0.0,0.0,0.0,0.0,0.0,0.0,0.0,0.0,0.0,0.2024164064364,0.2333300398773889,0.23413077952961128,0.28523536785082382,0.23655423928390851,0.27487892061471941,0.370913522111045,0.3341288626194,0.22370867803692818,0.12522154425581297,0.056269524618983269,0.0356205552816391,0.0016713944496586919,-0.052003039792180059,-0.069833225011825567,-0.084396973252296448,-0.082845199108123782,-0.11634406074881554,-0.16217111547787985,-0.23281272252400717,-0.26131643652915953,-0.24049786726633707,-0.2013559564948082,-0.18901353081067404,-0.22590639442205429,-0.2010252351562182,-0.23750735157065922,-0.29573803312248653,-0.23579332791268826,-0.19222803134471178,-0.19139934752298438,-0.16495929968853793
0.0,0.0,0.0,0.0,0.0,0.0,0.0,0.0,0.0,0.0,0.0,0.041434705204121743,0.14367941783741117,0.22892774453288631,0.31179575709735646,0.28069580828442292,0.35070315920389616,0.39165112105282868,0.32448773831129074,0.21590628723303476,0.10357666512330373,0.079410156235098839,0.04824061319231987,-0.0074963163351640105,-0.038644570112228396,-0.062396205961704254,-0.0835186851521333,-0.10645064115524291,-0.14032617956399918,-0.19161072373390198,-0.2241707444190979,-0.21522513031959534,-0.18604964266220728,-0.19983775913715363,-0.22777143865823746,-0.20095053315162659,-0.23162592781914604,-0.19971050992608069,-0.15382106006145477,-0.14857906765407986,-0.16684453313549361,-0.16848938814971759
0.0,0.0,0.0,0.0,0.0,0.0,0.0,0.0,0.0,0.0,0.0,0.0,0.092657573848824809,0.16400104493438128,0.2690246918135219,0.33403399518945,0.36442657916442206,0.34433817153885249,0.3854929655790329,0.30245188540882534,0.18918899074196816,0.12844750285148621,0.0942800834774971,0.05276786101361116,-0.013206686004802274,-0.037707098138829075,-0.059382265061140062,-0.077846463024616244,-0.10375933349132538,-0.12957045684258142,-0.14057333767414093,-0.16614024937152863,-0.14248602837324143,-0.17778780808051428,-0.21954758891037532,-0.20483567006886005,-0.20484409481287003,-0.11028971957663696,-0.15204877725669316,-0.1625041819431565,-0.14785748784956726,-0.17215460471131586
0.0,0.0,0.0,0.0,0.0,0.0,0.0,0.0,0.0,0.0,0.0,0.0,0.0,0.11494308644905686,0.14866937522651158,0.19648165596743761,0.26500282626526028,0.27936533519199919,0.32666956701061944,0.356022709608078,0.27865592283861979,0.20660164703925452,0.15076517845903123,0.090331913637263436,0.001078231066154937,-0.030591100188238279,-0.046374160530311723,-0.059672676559005468,-0.069973923731595278,-0.0847621453659875,-0.0872802163163821,-0.1243071723729372,-0.14055920243263245,-0.15655906498432159,-0.18294802095208848,-0.21611050019661585,-0.15814984403550625,-0.11754628829658032,-0.16032914398238063,-0.16228533412019411,-0.14314551725983621,-0.16922305938270357
0.0,0.0,0.0,0.0,0.0,0.0,0.0,0.0,0.0,0.0,0.0,0.0,0.0,0.0,0.14544665244849106,0.16731211733097998,0.19553404138201758,0.21887437109985658,0.25520903595856259,0.33259028622082304,0.36597149769465126,0.28344211541116238,0.21868045255541802,0.15502135136297771,0.049128330219537018,-0.021921371908060143,-0.04316500056948927,-0.0546941322584947,-0.075463679929574326,-0.080203949163357421,-0.077671978622674942,-0.10271753557026386,-0.16554646492004393,-0.22716356813907623,-0.23097711375781468,-0.21260948313607109,-0.14989405042595333,-0.13283787593245505,-0.1435835376381874,-0.15690918479646956,-0.15635362705763647,-0.17444881095605738
0.0,0.0,0.0,0.0,0.0,0.0,0.0,0.0,0.0,0.0,0.0,0.0,0.0,0.0,0.0,0.15772555271784464,0.18181528193436988,0.20943130930400875,0.21732982046700813,0.27459271477930475,0.36515767723321912,0.37865296602249143,0.30387006898721058,0.20626912740143863,0.11837324872612953,0.012124707626009529,-0.033787825455268226,-0.05120927351526916,-0.086009313662846879,-0.091679483652114868,-0.075165806959072753,-0.10498344153165817,-0.16461549401283265,-0.19437875350316367,-0.20492550482352576,-0.1994743368455342,-0.15456399652693006,-0.1331574022769928,-0.14484601691365243,-0.18893486261367798,-0.20312339067459106,-0.20292738266289234
0.0,0.0,0.0,0.0,0.0,0.0,0.0,0.0,0.0,0.0,0.0,0.0,0.0,0.0,0.0,0.0,0.0,0.19418762762879216,0.19681401782565647,0.19925561841837194,0.25688905543402624,0.36479914049769557,0.37186628331740695,0.29896350989216253,0.19971239666144053,0.074341603196584255,0.0047395063582091378,-0.03201034311205149,-0.061541027389466763,-0.088258996605873108,-0.07950320839881897,-0.10384637241562207,-0.12848597392439842,-0.14653968364000319,-0.19517236016690731,-0.19584402441978455,-0.16112673468887806,-0.14818261563777924,-0.16076588796244729,-0.20071883648633956,-0.21082081713459708,-0.21214159790958678
0.0,0.0,0.0,0.0,0.0,0.0,0.0,0.0,0.0,0.0,0.0,0.0,0.0,0.0,0.0,0.0,0.0,0.0,0.16472595291478293,0.169611430681985,0.23486763816326856,0.25170908662232949,0.34887936823772936,0.36540537891965924,0.29259784874461947,0.18014387190341949,0.040946501440235546,-0.0076786719834093346,-0.034357929835096,-0.0881363246589899,-0.084307035165173669,-0.1250582424302896,-0.11963516622781753,-0.10905392616987228,-0.16275056948264441,-0.18336679289738336,-0.17476651072502136,-0.16085311584174633,-0.16369960350649698,-0.19131285883486271,-0.19380065934224564,-0.19082643091678619
0.0,0.0,0.0,0.0,0.0,0.0,0.0,0.0,0.0,0.0,0.0,0.0,0.0,0.0,0.0,0.0,0.0,0.0,0.0,0.18938053150971732,0.11220991486487419,0.12352112521171227,0.21488032694540771,0.35632389567552075,0.39195719208472812,0.30744115842713249,0.12204496056905814,0.033420368873824678,0.00025857260657681362,-0.074967976659536362,-0.08349323059831347,-0.12719381600618362,-0.14998859763145447,-0.098730560392141342,-0.1129072830080986,-0.140593231552177,-0.16260870546102524,-0.16586413766656602,-0.17017189413309097,-0.21888293698430061,-0.22573510309060416,-0.18478028705486885
0.0,0.0,0.0,0.0,0.0,0.0,0.0,0.0,0.0,0.0,0.0,0.0,0.0,0.0,0.0,0.0,0.0,0.0,0.0,0.0,0.0,0.06189218460433725,0.10193760773786879,0.2469711401561896,0.366477111975352,0.39717505744525367,0.24779913187026978,0.069950319593772292,0.019342556629063829,-0.059099340190490089,-0.073123385198414326,-0.12181385482350986,-0.19583610817790031,-0.12920408075054488,-0.11014198213815689,-0.13555427640676498,-0.14743001262346903,-0.1669352650642395,-0.19200200438499451,-0.25379659235477448,-0.255578155318896,-0.20589742362499236
0.0,0.0,0.0,0.0,0.0,0.0,0.0,0.0,0.0,0.0,0.0,0.0,0.0,0.0,0.0,0.0,0.0,0.0,0.0,0.0,0.0,0.00695265586188422,-0.00023407786133381107,0.065913076616391453,0.20023136176899367,0.386093835234642,0.38644863590598105,0.16546718533272328,0.045977620228838459,-0.040386574710002884,-0.075103857687541423,-0.16144548569406783,-0.2424903561671575,-0.17835655212402343,-0.14993146061897278,-0.17465994879603386,-0.16540043304363886,-0.16304362416267396,-0.19522776703039804,-0.24220659832159677,-0.24940521270036697,-0.21759250573813915
0.0,0.0,0.0,0.0,0.0,0.0,0.0,0.0,0.0,0.0,0.0,0.0,0.0,0.0,0.0,0.0,0.0,0.0,0.0,0.0,0.0,0.0,0.0,-0.018702432943233479,-0.014640449035090691,0.1895999778754692,0.39593364814720533,0.32410892657935619,0.093059649471850955,-0.018676285640909694,-0.071158626540140671,-0.22427500784397125,-0.265217125415802,-0.22325359284877777,-0.21317611634731293,-0.24192254543304442,-0.20967342704534531,-0.17315507531166077,-0.20562615245580673,-0.23977832868695259,-0.23704018195470175,-0.20361300744116306
0.0,0.0,0.0,0.0,0.0,0.0,0.0,0.0,0.0,0.0,0.0,0.0,0.0,0.0,0.0,0.0,0.0,0.0,0.0,0.0,0.0,0.0,0.0,-0.0529845904050119,0.073252353181001234,0.082944511569075979,0.202265648867841,0.35587078426033258,0.18010039031505584,0.023500762862340707,-0.045922043267637491,-0.20557817071676254,-0.27064259350299835,-0.2229242573181788,-0.2754938155412674,-0.28690686821937561,-0.22696483433246611,-0.18016260117292404,-0.20905315379301706,-0.23748018344243368,-0.22446587185064951,-0.19735217342774072
0.0,0.0,0.0,0.0,0.0,0.0,0.0,0.0,0.0,0.0,0.0,0.0,0.0,0.0,0.0,0.0,0.0,0.0,0.0,0.0,0.0,0.0,0.0,0.0,0.11413367098340621,0.12354060793916384,0.087968119545214218,0.248348776375254,0.23655550758684835,0.079819836763336371,-0.0027448025454456606,-0.12873527744192292,-0.25450532138347626,-0.21508912146091461,-0.33331886927286786,-0.33759957551956177,-0.25101995468139648,-0.18361805166516984,-0.18812041481335959,-0.22580207586288453,-0.23395941158135733,-0.2290668822824955
