SouthSea_Web/demo/jsonfile/2017-12-16-10.json
{"header": {"parameterUnit":"m.s-1","parameterNumber":3,"dx":0.1,"dy":0.1,"parameterNumberName":"Northward current","la1":29.0,"la2":12.0,"parameterCategory":2,"lo2":131.0,"nx":250,"ny":171,"refTime":"2017-12-16T10:01:52.5","lo1":106.0}, "data":
[rows 152 to 170 of 171, columns 86 to 128 of 250]
0.028514464075366657,0.017100825905799866,0.023817846551537514,0.02663583867251873,0.043077930808067322,0.055738016963005066,0.071425028145313263,0.061385229229927063,0.085784256458282471,0.12520207464694977,0.16064389795064926,0.18908078968524933,0.23009981215000153,0.26348575949668884,0.27537423372268677,0.26580122113227844,0.25636157393455505,0.24087034165859222,0.20292862504720688,0.1529298722743988,0.1099369078874588,0.061312654986977577,0.0,-0.014882864430546761,-0.10086876899003983,0.0,-0.17472577095031738,-0.2132001668214798,-0.22114403545856476,-0.22444742918014526,-0.21578323096036911,-0.21070484817028046,-0.20983818173408508,-0.2089824378490448,-0.20492056012153626,-0.20790824294090271,-0.211716428399086,-0.19938991218805313,-0.20258118212223053,-0.22715824842453003,-0.24911361932754517,-0.26392143964767456,-0.2849695086479187
0.031386077404022217,0.015810823068022728,0.00038188113830983639,0.0018335215281695128,0.01308821327984333,0.017168765887618065,0.02880924753844738,0.0,0.0494672330096364,0.083711110055446625,0.15184710919857025,0.20101551711559296,0.20756135880947113,0.25140420347452164,0.28042358160018921,0.27886095643043518,0.0,0.20200672745704651,0.14449070394039154,0.11429803818464279,0.039420939050614834,-0.019798900932073593,-0.048188205808401108,-0.092639856040477753,0.0,-0.15500140190124512,-0.22153385728597641,0.0,-0.25862514972686768,-0.24718955159187317,-0.23357020318508148,-0.23691174387931824,-0.2333570271730423,-0.2278531938791275,-0.22912354022264481,-0.22959928214550018,-0.21955879777669907,-0.21380917727947235,-0.20716710388660431,-0.2282102108001709,-0.25166767090559006,-0.27436156570911407,-0.29802604516347247
0.043926091864705086,0.026018437929451466,0.00055485079064965248,-0.024520431645214558,-0.0422089546918869,-0.026135069318115711,-0.005567492451518774,0.003857101546600461,0.063174009323120117,0.0,0.11785010620951653,0.16855916380882263,0.0,0.24329555034637451,0.25030940771102905,0.26131118834018707,0.25532218813896179,0.0,0.19980511069297791,0.052232582122087479,0.0,-0.065934045240283012,-0.1344548761844635,-0.16935421526432037,-0.20185896754264832,-0.21517060697078705,-0.23438727855682373,-0.25257837772369385,-0.26802840828895569,0.0,-0.25231113284826279,-0.2599615752696991,-0.2647845447063446,0.0,-0.26254314184188843,-0.24863976240158081,-0.23825599253177643,-0.23460371047258377,-0.24706429243087769,-0.25594528019428253,-0.27341143786907196,-0.29105117917060852,-0.31162962317466736
0.067441582679748535,0.007324691629037261,0.0,-0.021637367084622383,-0.048379786312580109,-0.057255182415246964,-0.049976445734500885,-0.008655287470901385,0.029515655711293221,0.0759776383638382,0.14573384821414948,0.0,0.19609407335519791,0.22305437922477722,0.0,0.24383573979139328,0.20517940819263458,0.20937152206897736,0.14000298827886581,0.0,0.024073712527751923,-0.14555445313453674,0.0,-0.22411347925662994,-0.26303112506866455,-0.26596149802207947,-0.28190776705741882,-0.28825235366821289,-0.28133532404899597,-0.2699148952960968,-0.27632839977741241,0.0,-0.28299851715564728,-0.28729617595672607,-0.29404699802398682,0.0,-0.27283886075019836,-0.26437413692474365,-0.273386150598526,-0.28805986046791077,-0.29836475849151611,-0.31389322876930237,-0.31948378682136536
0.042607585899531841,0.0,-0.0251529049128294,-0.055813513696193695,-0.070837192237377167,0.0,-0.054764118045568466,-0.032536858227103949,0.019727751612663269,0.066340081393718719,0.11487105488777161,0.15401189029216766,0.21001321077346802,0.0,0.23053242266178131,0.21573492884635925,0.0,0.16679534316062927,0.084992691874504089,0.06830250471830368,-0.051994496956467628,0.0,-0.1585235595703125,-0.25344946980476379,0.0,-0.29064120352268219,-0.30852556228637695,-0.2944464385509491,-0.29484015703201294,-0.29063662886619568,-0.29212078452110291,-0.30160880088806152,-0.31194102764129639,-0.33403244614601135,-0.31989368796348572,-0.30592536926269531,-0.30660274624824524,-0.31298133730888367,-0.31138917803764343,-0.30985653400421143,-0.32075512409210205,-0.32941848039627075,-0.3369094580411911
0.043584024533629417,0.0046343626454472542,-0.024958528578281403,0.0,-0.0722864642739296,-0.083043061196804047,-0.05652778223156929,0.0,-0.0013709486229345202,0.06045808270573616,0.081894755363464355,0.12211508676409721,0.16916695237159729,0.18740843236446381,0.22288022935390472,0.0,0.21344676613807678,0.14371836185455322,0.0,0.038294069468975067,-0.038897988153621554,-0.11138851195573807,-0.18325430154800415,-0.20513156056404114,-0.26334598660469055,-0.27415457367897034,0.0,-0.2892918586730957,-0.28810647130012512,-0.29980823397636414,-0.30591291189193726,-0.32446625828742981,-0.34364309906959534,-0.346335232257843,0.0,-0.3480735570192337,-0.33458924293518066,-0.32943820953369141,-0.32850715517997742,-0.33025306463241577,-0.32579942047595978,-0.32835114002227783,-0.33206291496753693
0.023235850501805544,0.001336660934612155,-0.041933905333280563,-0.065691446885466576,-0.080949105322360992,-0.086593538522720337,0.0,-0.042475700378417969,0.022520087659358978,0.0,0.0528397299349308,0.092541798949241638,0.0,0.15312499552965164,0.19275268912315369,0.20495150983333588,0.0,0.20278362929821014,0.11759753525257111,0.017729980871081352,0.0,-0.08271094411611557,-0.14084428176283836,-0.18337170779705048,-0.23167598247528076,-0.23209173977375031,-0.26011553406715393,0.0,-0.24207304418087006,-0.28356030583381653,-0.30294883251190186,-0.33703409135341644,-0.35210740566253662,-0.36442680656909943,-0.36625662446022034,0.0,-0.35608446598052979,-0.33419923484325409,-0.30671463906764984,-0.3166981041431427,-0.312641441822052,-0.30721840262413025,-0.3025013655424118
0.0050102979876101017,0.0,-0.051259741187095642,0.0,-0.10061244294047356,-0.087334655225276947,-0.081899456679821014,-0.039223495870828629,0.0035663892049342394,0.015858942642807961,0.059757634997367859,0.0,0.084031641483306885,0.12553031742572784,0.0,0.18703974783420563,0.20070172846317291,0.18859022855758667,0.12937572598457336,0.084021128714084625,-0.024692747741937637,0.0,-0.064561128616333008,-0.12946911156177521,-0.13245174288749695,-0.17807812988758087,-0.19065869599580765,-0.19605620205402374,0.0,-0.21644777804613113,-0.26964443922042847,0.0,-0.33691950142383575,-0.36877080798149109,-0.3834240734577179,-0.35460710525512695,-0.3317703902721405,-0.32098162174224854,-0.26799827814102173,-0.28025832772254944,-0.29811927676200867,-0.27590376138687134,-0.25048869848251343
0.0,-0.055054608732461929,-0.1104407012462616,-0.099550306797027588,-0.11124885082244873,0.0,-0.070351213216781616,-0.03637063130736351,-0.0340769924223423,0.0008406277047470212,0.033792920410633087,0.035222273319959641,0.0,0.07550647109746933,0.15267549455165863,0.0,0.19095602631568909,0.20243054628372192,0.17564791440963745,0.08381158858537674,0.0019937632605433464,-0.0204465389251709,0.0,-0.084115006029605865,-0.071486987173557281,0.0,-0.10224036872386932,-0.139872744679451,-0.12032703310251236,-0.19443053007125855,0.0,-0.27420015633106232,0.0,-0.35116931796073914,-0.36870557069778442,-0.342223584651947,-0.33698800206184387,-0.313854455947876,-0.3584226667881012,0.0,-0.471952348947525,-0.48668122291564941,-0.4920744001865387
-0.034826118499040604,-0.091524474322795868,0.0,-0.14025899767875671,0.0,-0.10897218436002731,-0.064492657780647278,0.0,-0.038721192628145218,-0.024110430851578712,0.0,0.0047096624039113522,0.035156515892595053,0.085579179227352142,0.12982036173343658,0.15989570319652557,0.2052043080329895,0.0,0.22553566098213196,0.13537797331809998,0.0771804079413414,0.014235580340027809,-0.028923371806740761,-0.049216397106647491,0.0,-0.060888929292559624,0.0,-0.062962561845779419,-0.077047273516654968,-0.12880790233612061,-0.16474267840385437,-0.21419011056423187,-0.30588757991790771,-0.32084038853645325,-0.34933066368103027,-0.38355803489685059,-0.37639760971069336,-0.40316295623779297,-0.43792939186096191,-0.46573874354362488,0.0,0.0,0.0
0.0,-0.14812423288822174,-0.1797986626625061,-0.16000641882419586,-0.11647175997495651,-0.095569036900997162,0.0,-0.054181002080440521,-0.034294966608285904,0.0,-0.030445790849626064,-0.013952739536762238,0.0,0.057151868939399719,0.0715864896774292,0.142466701567173,0.1998133659362793,0.16900327801704407,0.16257466375827789,0.0,0.069346815347671509,0.0,-0.021079890429973602,-0.038189681246876717,0.0,-0.0434381403028965,-0.07619127631187439,0.0,0.0,-0.23070448637008667,-0.25197231769561768,-0.3107207715511322,-0.27897492051124573,-0.33826103806495667,-0.36369660496711731,0.0,0.0,0.0,0.0,0.0,0.0,0.0,0.0
-0.15758626163005829,0.0,0.0,-0.19072556495666504,0.0,-0.10011336952447891,-0.064740277826786041,-0.079877428710460663,-0.043724499642848969,-0.044924873858690262,-0.05377529188990593,0.0,-0.020283332094550133,0.0,-0.017152030020952225,0.042255651205778122,0.0,0.11745759472250938,0.15978068113327026,0.12170502543449402,0.14396356046199799,0.037826821208000183,0.0,0.0,-0.070674717426300049,-0.12810023128986359,0.0,-0.18819691985845566,-0.25023052096366882,0.0,-0.28525760769844055,0.0,0.0,0.0,0.0,0.0,0.0,0.0,0.0,0.0,0.0,0.0,0.0
-0.21007297188043594,-0.1947542130947113,-0.2326502799987793,0.0,-0.16577939689159393,0.0,0.0,-0.040632877498865128,0.0,-0.057779006659984589,-0.0791470929980278,-0.094879724085330963,-0.085680168122053146,-0.0082747051492333412,0.0,0.10141115635633469,0.0,0.24347050487995148,0.0,0.22737932205200195,0.17362519353628159,0.0,0.083938278257846832,-0.034082237631082535,0.0,-0.12614092230796814,0.0,0.0,0.0,0.0,0.0,0.0,0.0,0.0,0.0,0.0,0.0,0.0,0.0,0.0,0.0,0.0,0.0
-0.24140262603759766,-0.20026971399784088,-0.18742345273494721,-0.15556536614894867,-0.17333449423313141,-0.10792283713817596,-0.10928045958280563,-0.085898295044898987,-0.061071388423442841,0.0,0.0,-0.21940726041793823,-0.10021675378084183,0.0,0.11070277541875839,0.21391034126281738,0.23335972428321838,0.23625928163528442,0.1993793249130249,0.0,0.0,0.0,0.0,0.0,0.0,0.0,0.0,0.0,0.0,0.0,0.0,0.0,0.0,0.0,0.0,0.0,0.0,0.0,0.0,0.0,0.0,0.0,0.0
-0.24652057886123657,0.0,0.0,-0.47559770941734314,0.0,-0.404920756816864,0.0,-0.31140756607055664,0.0,-0.25248671323060989,-0.20353144407272339,0.0,-0.13750098645687103,0.0,0.042189054191112518,0.0,0.0,0.0,0.0,0.0,0.0,0.0,0.0,0.0,0.0,0.0,0.0,0.0,0.0,0.0,0.0,0.0,0.0,0.0,0.0,0.0,0.0,0.0,0.0,0.0,0.0,0.0,0.0
-0.55217111110687256,-0.503609836101532,-0.47894293069839478,0.0,-0.45603674650192261,0.0,-0.37094417214393616,0.0,-0.29338210821151733,0.0,0.0,0.0,0.0,0.0,0.0,0.0,0.0,0.0,0.0,0.0,0.0,0.0,0.0,0.0,0.0,0.0,0.0,0.0,0.0,0.0,0.0,0.0,0.0,0.0,0.0,0.0,0.0,0.0,0.0,0.0,0.0,0.0,0.0
0.0,0.0,0.0,0.0,0.0,0.0,0.0,0.0,0.0,0.0,0.0,0.0,0.0,0.0,0.0,0.0,0.0,0.0,0.0,0.0,0.0,0.0,0.0,0.0,0.0,0.0,0.0,0.0,0.0,0.0,0.0,0.0,0.0,0.0,0.0,0.0,0.0,0.0,0.0,0.0,0.0,0.0,0.0
0.0,0.0,0.0,0.0,0.0,0.0,0.0,0.0,0.0,0.0,0.0,0.0,0.0,0.0,0.0,0.0,0.0,0.0,0.0,0.0,0.0,0.0,0.0,0.0,0.0,0.0,0.0,0.0,0.0,0.0,0.0,0.0,0.0,0.0,0.0,0.0,0.0,0.0,0.0,0.0,0.0,0.0,0.0
0.0,0.0,0.0,0.0,0.0,0.0,0.0,0.0,0.0,0.0,0.0,0.0,0.0,0.0,0.0,0.0,0.0,0.0,0.0,0.0,0.0,0.0,0.0,0.0,0.0,0.0,0.0,0.0,0.0,0.0,0.0,0.0,0.0,0.0,0.0,0.0,0.0,0.0,0.0,0.0,0.0,0.0,0.0
