SouthSea_Web/demo/jsonfile/2017-12-15-05.json
{"header": {"parameterUnit":"m.s-1","parameterNumber":3,"dx":0.1,"dy":0.1,"parameterNumberName":"Northward current","la1":29.0,"la2":12.0,"parameterCategory":2,"lo2":131.0,"nx":250,"ny":171,"refTime":"2017-12-15T04:58:07.5","lo1":106.0}, "data":
[rows 38 to 56 of 171, columns 172 to 214 of 250]
0.33825963735580444,0.26834399998188019,0.17728852946311235,0.098549930926631474,0.091608326882123947,0.14934362570444743,0.19024921655654908,0.25331191997975111,0.24485070364815847,0.22700960057623246,0.19127622246742249,0.15405232831835747,0.14442134834825993,0.1599192480955805,0.206254640046288,0.26785896420478822,0.2769065657082726,0.30274165553205151,0.30936275625770743,0.3233880517275437,0.21185790468007326,0.14090376644439639,0.18827669905579608,0.154912302394708,0.074802268869601757,-0.0426712742075324,-0.14921839082879679,-0.077436545304954058,0.032300451325929978,0.13623934760689735,0.16965933640797934,0.22946192696690559,0.17322593927383423,0.11109735284532819,0.095218854291098456,0.0685908729210496,0.011894501346562589,-0.038310299006601177,-0.07002476478616397,-0.041105291340500116,-0.042444885708391666,-0.058662991970777512,-0.071068845689296722
0.3514975584470309,0.29423998033299165,0.21489588636904955,0.14805219361656591,0.12093435315524831,0.15340616321191192,0.19986168245474498,0.24922909494489431,0.26097798560346874,0.26907584177596228,0.23956308700144291,0.16688571522633236,0.11305765381881169,0.13520768231579236,0.11425303891301156,0.25860524922609329,0.25359953443209332,0.18478478805014961,0.26708964716929656,0.28627297502976878,0.18727365839381324,0.062838737264327288,0.030111369309260658,0.13641132633475697,0.13118188766141734,0.10440287466805714,0.10843145632399963,0.09633970279246569,0.16222263737158341,0.19177746230905707,0.254684779047966,0.21590341441333294,0.13179704640060663,0.12155061215162277,0.11727945400135857,0.0807586715867122,0.024745113856624812,-0.018144932187472779,-0.03112426617493232,-0.0072363457099224133,-0.009815322142094374,-0.033053872485955559,-0.035495744273066523
0.35169879347085953,0.29830286958638358,0.23446927807833018,0.18380500814493964,0.18753392156213522,0.24041068466270671,0.30507887527346611,0.34140076239903766,0.32198333281737107,0.29740739800035954,0.22693088437829698,0.13166152905015385,0.073745176877959492,0.023891877906862646,0.19927286123856902,0.28058597445487976,0.16393992397934198,0.18191381713206117,0.20968071122964224,0.23394500228919482,0.024818738046831088,-0.12531873742118477,-0.050954242666753441,0.18061012292609496,0.21181412506848574,0.22660481532414753,0.30393248175581294,0.28994318284094334,0.285580949485302,0.28417872935533522,0.25343974431355792,0.18244278643812453,0.13797561824321747,0.14251872258526938,0.13313398261864981,0.095550821473201111,0.04205705039203167,-0.018573794048279524,-0.008147001382894814,0.029814542643725871,0.028923171758651733,0.01113608869491145,0.026887152343988419
0.32375448197126389,0.26403783653911789,0.22126544223112218,0.21065826188115513,0.25847595516178345,0.32771109833436851,0.40248809655507406,0.41890170176823932,0.342254440574085,0.25508898198604585,0.14125416771723673,0.12120387649961881,0.019447737230131261,0.020194247442608077,0.27100165532185483,0.15663093901597536,0.013176572509109974,0.14942442377408347,0.16740814653726724,0.10674009111750385,-0.049212482440958008,-0.13684903945110433,-0.081082908856886918,0.17399698360399765,0.21404993948009279,0.31360909874950138,0.40665486880711149,0.32792362819115323,0.34265316194958156,0.29315738976001737,0.23920464515686035,0.19149554520845413,0.16996761411428452,0.15340013553698859,0.1220900019009908,0.086073255538940435,0.031476576075268291,-0.027424963656812906,-0.0088537387317046516,0.036479479322830834,0.035998697082201637,0.032024529452125229,0.040910451362530388
0.23335859013928306,0.22265088707208633,0.25424262530663433,0.30295798513624406,0.37990321715672809,0.42687754498587716,0.45537196713335376,0.38463464577992756,0.26236634529553926,0.13766884257396062,0.14621821343898772,0.058175453916192055,-0.0089556566905230287,0.12243249352710943,0.18466382187146407,0.00013505926148758995,-0.078594559958825513,0.047335037721010546,0.083638190929042663,-0.045775494154508191,-0.038687743988913906,-0.11798197414609604,-0.09856266164056518,0.066388032726339391,0.048506790539249778,0.28532658517360687,0.33628676946346575,0.30879223015573287,0.30254977047443388,0.26782943473921883,0.24562381539079878,0.21905853102604547,0.19209238638480505,0.15675506740808487,0.11771345287561416,0.0786471776664257,0.046043140192826591,0.031677880634864174,0.02332422393374145,0.019615408265963197,0.021374990542729694,0.032808414660394192,0.018651486694579944
0.096939857710491531,0.16083353273570539,0.23610709028111565,0.31958015925354427,0.3865502145555284,0.42463705502450466,0.36626281291246415,0.25106321450542,0.17282756151897566,0.12487673619762063,0.086951098046623737,0.071905593923905761,0.12211935594677925,0.21868850929396494,0.11592493928037584,0.0038439005399898934,-0.097409523225256381,-0.010873504923298381,0.074075973390503536,0.067693952137646687,0.036090330527115022,-0.058695872815755695,-0.18167488199436443,-0.1122156313216692,0.082554347770796579,0.27568910933203167,0.28220279301915852,0.27159257531166076,0.27186703350808883,0.28388869762420654,0.27184746520859854,0.24670588544436864,0.21693891286849976,0.18280995264649391,0.14829607903957368,0.10352718830108643,0.087153796851634976,0.094815870126088456,0.060066738476355873,0.032313954705993332,0.024377326791485149,-0.015944184114535648,-0.027662786887958646
0.090605345865090683,0.14265870209783316,0.14796283799741003,0.21083022829364329,0.27862843126058578,0.34516925471169607,0.15946422684937717,0.12300582946493076,0.11178357420223099,0.1260832462991987,0.19842599928379059,0.15014656973736626,0.14212269335985184,0.23263102769851685,0.17264378390141896,-0.040132555543634763,-0.076742685244729117,0.054374662732395031,0.05333491282251019,0.080588908633217216,0.034369861950045044,0.0948418751747037,0.15907048930724463,0.16927292080301987,0.22140457895067003,0.24449001801641365,0.23921480402350426,0.25192016363143921,0.27768312560187447,0.2812250554561615,0.26323731882231577,0.26111291845639545,0.253948512673378,0.24569231023391089,0.19698277115821838,0.16379097104072571,0.14839864522218704,0.11345465108752251,0.0714281927794218,0.037468511611223221,-0.015128994826227427,-0.065207470208406448,-0.079617032781243324
0.20589338143666586,0.17740655839443206,0.13421302568167448,0.12049159975278945,0.1831635475779573,0.18648346428138515,0.0035050779614331467,0.0073496177118565695,0.069060978395017708,0.10699172300242242,0.074029424754173859,-0.087153127821358409,0.072507519317282873,0.21154538203369488,0.16449512727558613,0.12927035490671793,0.16507764756679536,0.087776723102881357,0.12828959258539335,0.18307988345623016,0.17246213952700298,0.17511584290436336,0.18354655802249908,0.20677146613597869,0.21915783102695757,0.22369864697639758,0.24065786227583885,0.26804952323436737,0.27565723657608032,0.25882120217595783,0.25942566990852356,0.26488436261812848,0.281206414103508,0.27754044532775879,0.25124519169330595,0.2207188755273819,0.17354764540990195,0.13075867295265198,0.066657525021582842,-0.0041777879814617336,-0.051553313930829368,-0.11090265214443207,-0.11648659780621529
0.27609622127869549,0.22025211993604899,0.13756443513557315,0.024733315264988367,0.04618404433131218,-0.029101354424797353,-0.10447622297717066,-0.035280193140565907,0.035689896959763934,-0.0058579330600552117,0.0,-0.17046565562486649,0.091217881689469024,0.22027304934130776,0.2352555183072885,0.21709403395652771,0.19800438393246045,0.14252046570181848,0.16253737285733222,0.2249632641673088,0.23141818550916818,0.23203790808717409,0.22185153833457402,0.21397190243005754,0.23457923937927594,0.26256615072488787,0.28550037741661072,0.29094668850302696,0.27797469000021618,0.25995705525080365,0.2657821923494339,0.269857590397199,0.31247835606336594,0.33020529896020889,0.29844831675291061,0.25237269699573517,0.19275648891925812,0.12164278576771419,0.040227302350103855,-0.040364174172282219,-0.0921471081674099,-0.12505508586764336,-0.13822676986455917
0.30397231613888459,0.19610394099179437,0.07270335778594017,-0.046608513074093742,-0.13854814457761891,-0.094362917613600272,0.01731847645714879,-0.12457896401315953,-0.11124861167821412,-0.079529987694695589,-0.24493872156987587,0.031094017089344561,0.22914517535404724,0.2774390995502472,0.29799617962403729,0.28396912515163419,0.23774183067408475,0.18287928131493655,0.21580437421798707,0.26020522084501052,0.27942853082310071,0.256608285009861,0.23788581639528275,0.25076279044151306,0.27697863512569004,0.31399769584337872,0.33479948507414925,0.326460858186086,0.30480446815490725,0.29351932406425474,0.28853797167539597,0.28566871881484984,0.3148561418056488,0.3341531902551651,0.28924511869748432,0.24389259517192841,0.14350297674536705,0.087890047580003738,-0.011343692778609693,-0.08173627033829689,-0.12335275610287984,-0.14232082664966583,-0.14382056146860123
0.26486109541012692,0.13699036442181645,0.025767981904209591,0.042067350748066716,-0.07844741973916397,-0.14295589257227748,-0.023181948296648141,-0.072837054347380609,-0.16949560209890949,-0.098568055497975468,0.10916534066200256,0.29795676800939774,0.31812226110034519,0.34217924177646636,0.33156156539916992,0.29657131433486938,0.22713851183652878,0.18901116980446708,0.2109900074345725,0.25357938185334206,0.26619599594010246,0.23854771422015297,0.24033182362715402,0.29029683023691177,0.33504850417375565,0.368097897619009,0.36895404011011124,0.34607393046220142,0.32694174051284791,0.30598420649766922,0.28284626603126528,0.28454103072484332,0.31176142394542694,0.30319774150848389,0.27974723776181537,0.21869686245918274,0.13515501717726389,0.04800138808786869,-0.023838684273262817,-0.082506541162729263,-0.11322327330708504,-0.13232753922541937,-0.1276400238275528
0.19575701310084417,0.0644590123265516,-0.03481458396029969,-0.095835047272535473,-0.099348580837249761,-0.12882632703373306,-0.023152482919394968,-0.039442117388049765,0.029670823757028716,0.16548061308761439,0.25066476687788963,0.2921107926151969,0.32417753934860227,0.34065254926681521,0.32816088199615479,0.29012918174266816,0.2056465960211224,0.17845446722848074,0.20980270455280939,0.23468226939439774,0.23154467095931372,0.23191937431693077,0.27882749835650128,0.31985864043235779,0.37694293260574341,0.39818018674850464,0.38002927601337433,0.3530411422252655,0.339848119020462,0.31126824021339417,0.31752260029315948,0.30741105973720551,0.29453361034393311,0.28123939037323,0.20627841850121817,0.18350574374198914,0.12029225130875905,0.04033465745548407,-0.015267942100763321,-0.058066185563802719,-0.0895523652434349,-0.10780923068523407,-0.10490005711714427
0.13776943584283194,0.027441303711384535,-0.048813547092405235,-0.093860366071263954,-0.1411953711261352,-0.1885013312101364,-0.14163674548268318,-0.034921462361056074,0.06452145572337839,0.14218178689479827,0.1888290908601549,0.24128191471099852,0.29102210104465487,0.31003440544009209,0.29249176383018494,0.26323974345411572,0.20385663637093135,0.17194953560829163,0.20483240485191345,0.21942326799035072,0.20741988718509674,0.23499354720115662,0.29083895257541109,0.3335292438666026,0.37382507920265196,0.38469727337360382,0.37844743579626083,0.37086002230644227,0.37279539306958515,0.35649449626604718,0.32752931614716846,0.31513020396232605,0.297514408826828,0.24842443317174912,0.18177133798599243,0.12834187348683676,0.073758563647667572,0.028784581460058689,-0.010957526043057442,-0.038202570751309395,-0.061585875228047371,-0.083248126010100051,-0.10539811104536057
0.070062838351497278,-0.0022792797690878311,-0.0509957353082987,-0.0833218120611631,-0.12380342247585456,-0.13148748222738504,-0.1024235026402907,-0.029346034997918952,0.046212197432760151,0.11194193065166473,0.185683849785063,0.23104427568614483,0.26643027216196058,0.28021785989403725,0.24425141726221358,0.21579434474309286,0.18683121912181377,0.17501465231180191,0.19594430497714452,0.21336043477058411,0.21653887033462524,0.26897499561309812,0.322281613945961,0.37147119641304016,0.40240323046843213,0.41390755772590637,0.40543743968009949,0.38453622907400131,0.35991697510083515,0.33036722242832184,0.30744475126266479,0.28782986601193744,0.23590816557407379,0.18622947111725807,0.13267307728528976,0.10270301997661591,0.0609220527112484,0.032444427721202374,0.00645792701592048,-0.01645355112850666,-0.03412930853664875,-0.058723632246255875,-0.085197006662686661
0.012608817219734192,-0.066381569082538283,-0.069285755833754167,-0.053604406071826816,-0.055273535816619791,-0.035323350779855482,-0.042304737923236996,-0.037424336864866993,0.034682767762040552,0.12683254852890968,0.20361463725566864,0.23671135306358337,0.25339091320832569,0.23364104144275188,0.19360102713108063,0.17186327775319418,0.15941957490784781,0.14831854701042174,0.17292878329753875,0.1991338406999906,0.22828089073300362,0.27323126792907715,0.34490772485733034,0.39041253924369812,0.40035936236381531,0.39810943603515625,0.37011511623859406,0.34197473526000977,0.29475245873133343,0.28715100884437561,0.247770885626475,0.2424052432179451,0.18802504986524582,0.1448712944984436,0.12297546366850536,0.088426660746335983,0.064966686069965363,0.038079598918557167,0.015766206507881481,-0.00399136682972312,-0.019578674808144569,-0.056413587182760239,-0.0909322202205658
-0.027243583061499523,-0.078280967302047283,-0.065889039193280041,-0.026834091916680337,-0.010081669151986716,0.017773422562944081,0.013846880249426855,0.015388537675607949,0.0604078924904267,0.14766840230334888,0.20694166868925096,0.20975121669471264,0.20280599097410837,0.16902317355076471,0.15071983635425568,0.12065843641757965,0.11558529734611511,0.11733985990285874,0.15447140112519264,0.20533371468385062,0.24421720579266548,0.29155763387680056,0.34795259435971576,0.37492162734270096,0.36319403847058612,0.32869549592336017,0.31128851572672528,0.28704920411109924,0.23009517043828964,0.20015578468640646,0.19939541320006052,0.18145709236462912,0.16679397225379944,0.14239070564508438,0.11300270259380341,0.0871463343501091,0.0666024349629879,0.052432570606470108,0.017871739342808723,0.0005324238445609808,-0.024109202437102795,-0.040573807433247566,-0.069827873259782791
-0.061186797420183819,-0.081305767902556586,-0.054398316540755332,0.0088679194866147417,0.026940224063134968,0.04725004198650519,0.044788514263927937,0.0444753747433424,0.082254563458263874,0.15183456159300274,0.18485131363073984,0.17178850727421896,0.13665320277214049,0.11209933012723923,0.10289138853549958,0.075989248851935073,0.0854507178068161,0.11015379925568898,0.15476340552171072,0.20913873985409737,0.24710399284958839,0.27405713995297748,0.3053320050239563,0.32934460788965225,0.30556906759738922,0.28357778489589691,0.26155049353837967,0.24441944062709808,0.20292729884386063,0.19067377597093582,0.17391540855169296,0.15632031112909317,0.14060981571674347,0.12136630962292354,0.10803291449944179,0.0909937359392643,0.0719277486205101,0.041147377962867417,0.015170084778219461,0.0093763479962944984,-0.0041205968009307981,-0.017179291229695082,-0.047897854819893837
-0.078112326562404633,-0.075877136417797628,-0.033911830909988457,-0.007049639618465638,0.02838373245879211,0.024107706049107946,0.0062847162596881391,0.023515236364411458,0.049765078557862177,0.11988099757581949,0.1533250276531492,0.13052473093072572,0.1021950900554657,0.086589830617109939,0.083304715653260544,0.0713635782400767,0.089728556573390961,0.11846670260032018,0.17068702727556229,0.21280124038457871,0.234080970287323,0.24006025493144989,0.25403513014316559,0.253843496243159,0.24416269361972809,0.23153454065322876,0.23638209700584412,0.2194330096244812,0.21011015027761459,0.19621899227301279,0.17505688220262528,0.14550679922103882,0.12736386805772781,0.11571790277957916,0.10600807890295982,0.084813795983791351,0.06717669777572155,0.040957262739539146,0.0224935719743371,0.0081827128306031227,0.0012952604884048924,-0.0087016818579286337,-0.037430807948112488
-0.037716108706912825,-0.050686641870176088,-0.030628144208874022,-0.0039938895663778696,-0.010119939890379707,-0.016897927683133345,-0.025908904083605324,-0.0050170040340162814,0.020358847570605576,0.088724385414804735,0.10215990990400314,0.084596675634384152,0.062679275870323181,0.058145366609096527,0.067343687017758683,0.076475940644741058,0.095767825841903687,0.12412181496620178,0.16633435090382895,0.19372916966676712,0.20967311412096024,0.21400973200798035,0.21581877022981644,0.21422801166772842,0.20824297517538071,0.2011572023232778,0.20997485518455505,0.22009071707725525,0.22530636688073477,0.21213164925575256,0.1801263615489006,0.14188650995492935,0.11504892259836197,0.10990246136983235,0.10318690910935402,0.085933618247509,0.062240639701485634,0.03602161817252636,0.017010767012834549,0.0062776100821793079,0.0077936493325978518,-0.006460131611675024,-0.021643984131515026
