SouthSea_Web/demo/jsonfile/2017-12-16-19.json
{"header": {"parameterUnit":"m.s-1","parameterNumber":2,"dx":0.1,"dy":0.1,"parameterNumberName":"Eastward current","la1":29.0,"la2":12.0,"parameterCategory":2,"lo2":131.0,"nx":250,"ny":171,"refTime":"2017-12-16T19:01:52.5","lo1":106.0}, "data":
[rows 76 to 94 of 171, columns 84 to 125 of 250]
-0.25472949913569859,-0.25546125553805255,-0.24561541499914946,-0.22513638436794281,-0.18595548461262995,-0.14351761283782813,-0.1197019457243956,-0.1199159820874532,-0.11226487830281258,-0.077703009226492467,-0.0940868344444495,-0.19271392272464161,-0.29589923191815615,-0.33653128979837194,-0.41313723606221814,-0.58564987523215162,-0.44039727590586009,-0.20849659007329208,-0.29967243645502173,-0.57687760311730052,-0.76401732329811367,-0.63671377698580423,-0.4394142512352236,-0.22336480049698643,-0.17954055689848386,-0.3200196037216792,-0.737818211805625,-1.0833092939178899,-0.76650708106656873,-0.33309979542441992,-0.16050946350608553,-0.29338806588202715,-0.46210489253843984,-0.67372791469097137,-0.81184057567430579,-0.85649493725403492,-0.82163354884023254,-0.79775718083748448,-0.724448699700205,-0.6310131698846817,-0.54482838740715611,-0.50048079544847657
-0.098872604469458267,-0.12734896259812209,-0.16356462957682433,-0.19137476980686188,-0.23295932566678082,-0.24867714831122645,-0.22255497398199858,-0.16281722974160623,-0.091784522868692875,-0.075999188902122636,-0.11178832813616722,-0.23936019324023147,-0.33367302928652082,-0.29577100186636951,-0.49333957334359485,-0.5486986705890069,-0.32897905531254684,-0.25667331616083783,-0.34884704937014666,-0.66250675057960773,-0.82009376337130868,-0.6308654337017624,-0.43378380742124334,-0.33258108095246919,-0.34006388515842206,-0.53444366508655339,-1.028198085907029,-1.0511845772465069,-0.62956196625353922,-0.37319712949042416,-0.18205201321027495,-0.25481216268880025,-0.517161968254274,-0.77751999887926826,-0.84663480061751151,-0.86783308936999393,-0.90727468490600582,-0.91541359159681535,-0.78504840816770283,-0.692240871489048,-0.63004952243396217,-0.58736246824264526
-0.12653481096029282,-0.14473068535327913,-0.19346399019871438,-0.23173401963252288,-0.21295584173038087,-0.16383852478530672,-0.1083302687982033,-0.084765074242438593,-0.11274302899837493,-0.13835108156005541,-0.17134807739526994,-0.33734081143682654,-0.35372287297950072,-0.32610905294617015,-0.55265603332143076,-0.5764056487781245,-0.3576828371733427,-0.35795727945291078,-0.44614896225550821,-0.8326025047363379,-0.87381332856352611,-0.577942421880819,-0.33771521457425363,-0.27696700296002236,-0.20695110644612993,-0.54885414413585787,-0.993341839223197,-0.80965565066588552,-0.545639869067576,-0.33036680976229327,-0.11006634902209043,-0.22316897717806009,-0.55370000092422256,-0.81620914340019224,-0.8493138722011021,-0.90194384409831119,-0.98848157861958374,-0.98854859113693239,-0.87640734513600671,-0.79255577259593535,-0.72236540416876471,-0.6385471522808075
-0.16540254652500153,-0.17777994221874646,-0.23446294665336609,-0.21529014132640981,-0.15218613354059365,-0.10220664187713906,-0.10823866059737546,-0.14929715568820637,-0.26642840895159492,-0.31878659899892481,-0.3862760264207335,-0.36808212473988533,-0.32409109754694831,-0.41913448912756784,-0.51826397532766511,-0.55067998678126229,-0.36581040538993537,-0.43264503392481035,-0.48591624538103739,-0.76467503575568507,-0.80184932459484448,-0.63023652337692881,-0.49573180160006963,-0.33690494318203679,-0.26023578117119855,-0.5881390805388319,-0.951668430173226,-0.66647061451179224,-0.50664049820466472,-0.3317231866000574,-0.08288016229083664,-0.25273937668572083,-0.59611909091472626,-0.79512594427381245,-0.84751134259360172,-0.92665345541068489,-1.0107997159163158,-0.96658439739890722,-0.89505596005398291,-0.85872714519500737,-0.7676892961774554,-0.66870162742478512
-0.19974523842334746,-0.21516346514225007,-0.20064438666616166,-0.15600449993060186,-0.13272743616943006,-0.15526381081768445,-0.21075158779110229,-0.35617451767126718,-0.45025879913760769,-0.41991978697478771,-0.35062442161142826,-0.307702932287665,-0.4103917475487735,-0.46619466383282732,-0.58912485692559224,-0.53879056901347877,-0.42405425093390725,-0.39858824770842027,-0.47395589570889529,-0.75339578970884669,-0.90528473258018494,-0.74462056725189607,-0.59219129106183077,-0.43091384931044147,-0.337643460155054,-0.7525476283932987,-0.95060916065142076,-0.607821032145749,-0.4536181657120239,-0.35054186679939231,-0.12807379257100732,-0.21442300498485564,-0.62495716025189652,-0.77397998174031579,-0.83060877124468491,-0.94109613161820627,-0.98772409771169933,-0.91135987758636472,-0.88178991330297374,-0.869586318731308,-0.79506739775339763,-0.71185957843607117
-0.21863802053310252,-0.18971174324934298,-0.15025463093210151,-0.132770294516251,-0.16234535324786389,-0.256368920739208,-0.43048981030782063,-0.49904891103506088,-0.46908637508749962,-0.47479852072654233,-0.48957373159272333,-0.47810233405658176,-0.46631064540461492,-0.54636107346950435,-0.61286000713058142,-0.64662095965171351,-0.56737847954539933,-0.62067719705794988,-0.57448969781398773,-0.5578074586802515,-0.74726006864957073,-0.683450327489687,-0.5421155625914299,-0.43878120171098872,-0.37817411583203536,-0.77088354176206142,-0.93810975577408107,-0.533475167886659,-0.42597459049688446,-0.41137714055366814,-0.32791545849881676,-0.23357348061270183,-0.52355193655665333,-0.66760209202766418,-0.81449205478032427,-0.93586776653925574,-0.92146650185951817,-0.87102494388818741,-0.85995593510176,-0.86184342304865524,-0.82014267719708955,-0.742176068680627
-0.17877075462429612,-0.16686477741369835,-0.17021463259502692,-0.21038688027432986,-0.29906534190688816,-0.4348563474993552,-0.41148690581321717,-0.40708233360890989,-0.485102660022676,-0.4648622355677865,-0.44582059891784892,-0.52531527962003433,-0.58892845558492757,-0.6872171816371736,-0.73350021574232316,-0.65890460231087422,-0.53286270395157831,-0.66936937341951341,-0.64194271319052754,-0.4688938618081171,-0.47859414676737683,-0.54031294130760688,-0.52985919410722293,-0.4052369372697654,-0.32934582207400726,-0.55235453551275693,-0.88306724199484954,-0.49628855557791118,-0.40423578797996818,-0.50386982798576352,-0.41790398475767554,-0.34722758315760516,-0.49496159102858567,-0.61201241867882861,-0.76377380086529645,-0.86475430069298576,-0.87379650523265207,-0.86675099186275317,-0.873195101817449,-0.85743055343627927,-0.81380370030036342,-0.739250487751431
-0.22876820713281632,-0.24720168007271631,-0.29227022605913655,-0.38398375312487282,-0.4080276606338365,-0.3393941758007839,-0.37834880886406735,-0.44306704827717375,-0.47802111857077656,-0.45093186824552473,-0.543807965517044,-0.66440362543673126,-0.596993238478899,-0.57339041842066718,-0.75422883811204333,-0.63547009346531891,-0.52147917737883909,-0.67379557788372035,-0.65165061395145152,-0.59230683253783933,-0.54895489552630439,-0.53001359066738074,-0.36219183575095876,-0.25400202350413548,-0.47428983561346466,-0.56806075874929385,-0.66666393147574532,-0.43360945945200713,-0.38982402208523875,-0.54726715056927178,-0.44268452573096617,-0.4718470573425293,-0.55214288068372153,-0.62500144628917464,-0.69475518465042119,-0.75785924328698051,-0.79503517196728635,-0.82945529710162769,-0.87320059537887573,-0.88615026076634729,-0.84705422933285057,-0.74016938606897986
-0.31567012380670617,-0.36181629324952763,-0.384012364424192,-0.38275523025255936,-0.40696690447868838,-0.34242936869462332,-0.46364499721676111,-0.529930837692753,-0.54987914760907486,-0.543346722017635,-0.590838771206992,-0.577790242102411,-0.45072279792082937,-0.63707712001916839,-0.70927103402766778,-0.65069507559140527,-0.60201250087647207,-0.63490963295886393,-0.65990403625700211,-0.68807255314744042,-0.6771227513040815,-0.60572713998884986,-0.61863830761384153,-0.42980312083078465,-0.36487968840588958,-0.58886686566094648,-0.50494760813166917,-0.45482447475959092,-0.44684288578223336,-0.44878112371653728,-0.42063426389926817,-0.5344808136041348,-0.61004186774555,-0.63281696158296918,-0.687214025135698,-0.73216399091940665,-0.78161813662602353,-0.79422820210456846,-0.83770160815295047,-0.88835147874695919,-0.86331017450852832,-0.73100510239601135
-0.4411761686205864,-0.40699963910239084,-0.34428907398666653,-0.42580003692553592,-0.37605798148339792,-0.38815247909776096,-0.540901721517245,-0.57889696142890235,-0.59073717103284951,-0.54950576182454824,-0.51888320129364729,-0.5762538219753065,-0.60225746188408291,-0.66994771153427835,-0.67823848776195361,-0.66237262734827007,-0.62347567184218045,-0.63337746304525455,-0.70429064487588822,-0.65535361029333983,-0.62870109917824724,-0.57578025006614952,-0.687794404933106,-0.64997565966585413,-0.62165877628221844,-0.39625774839997807,-0.39641880481524239,-0.42057455811665689,-0.44384887254019395,-0.38566042482852936,-0.40281095366547071,-0.53070807396149144,-0.59883472950834982,-0.60952031811078389,-0.69146306966913162,-0.75278311329228542,-0.79822489619255066,-0.79005324509408736,-0.806052299340566,-0.85762694478034973,-0.85020923614501953,-0.72248486015531754
-0.44913470638649805,-0.39376737603119444,-0.34908874284836555,-0.36004477431034221,-0.44459806879361469,-0.47674742238274936,-0.55579127868016565,-0.63288247585296631,-0.62206737001736956,-0.55326429822228174,-0.61241806546847022,-0.73669483321053642,-0.752164545896891,-0.664842954496058,-0.65951877555181815,-0.67457966133952141,-0.60134733873501156,-0.6826899439999552,-0.71470960408826423,-0.60628152521033041,-0.658720020064734,-0.76090470002722865,-0.70198963347234222,-0.65844910139600266,-0.54964998376970531,-0.34611084489595323,-0.346275600283427,-0.4268257611327701,-0.43843824443993745,-0.37541657718279031,-0.42969341348793549,-0.54285869215215954,-0.63047395481003654,-0.65740098299518712,-0.70821890124568232,-0.73818497180938725,-0.73536889326004751,-0.75233561501783486,-0.765553762515386,-0.80712351890710687,-0.80133623426610778,-0.7027948669024876
-0.43467267990112307,-0.37049030462900795,-0.3316160429407049,-0.44967985510826108,-0.48207712173461914,-0.51062249143918359,-0.54729968309402466,-0.60259027011466748,-0.616292499444064,-0.62213357831492566,-0.72865103185176849,-0.77797261680044782,-0.74266449958086012,-0.66569267104311691,-0.68293660608204931,-0.71101458461917177,-0.66884281705407533,-0.66898636057459071,-0.657460926260267,-0.61936858438310172,-0.71996361961459165,-0.74746245797723532,-0.66815010544865627,-0.55994106337503735,-0.41513465117351173,-0.39809594536895182,-0.41040584879952507,-0.46234845527460877,-0.46584528655398127,-0.35932150315231,-0.40492643027201941,-0.49503686947700304,-0.58714519540468857,-0.65522091347595746,-0.72041948636372888,-0.72342717105692078,-0.664955594960381,-0.66350419606481281,-0.70671446048296416,-0.754236016008589,-0.77467212826013565,-0.69469413161277771
-0.36865724821885426,-0.38992067107132505,-0.42925547808408737,-0.46958188613255819,-0.49813499514545712,-0.53891041009656848,-0.5564756728708744,-0.65151255528132124,-0.65786623185680759,-0.70084778033196926,-0.74933673035014758,-0.71988679906901187,-0.73594250740149081,-0.66733184953530633,-0.64976913446471807,-0.67772903001826745,-0.65294598698616024,-0.5967463449789927,-0.54869040016268122,-0.63185942002705164,-0.74583932533860209,-0.74807244932258521,-0.69657312801906046,-0.46096541533867519,-0.30165774167120996,-0.32639908500477277,-0.34730840988994871,-0.42896084972592285,-0.41660738541529729,-0.33240595646202564,-0.38229119463970784,-0.40868814755231142,-0.52100985317394655,-0.65260235123012378,-0.71033513004129578,-0.67204814487033415,-0.57862145503362017,-0.54743124296267831,-0.60591759781042731,-0.67165376543998723,-0.74551405012607574,-0.7102808952331543
-0.45065532573338213,-0.45205918064823858,-0.46616281675440924,-0.49751382668813071,-0.503897661609309,-0.51967918574810024,-0.576022986570994,-0.62360140505959,-0.63579491774241126,-0.69156869687139988,-0.70971213326309668,-0.67430042198726114,-0.691011905670166,-0.63907976891543417,-0.60904088398305378,-0.63600448057765058,-0.64385576645533249,-0.5837237685918808,-0.57733011576864457,-0.67987707976637213,-0.71907977231087228,-0.750063763089376,-0.6854085357158215,-0.45978249683976175,-0.28975007164327404,-0.325230539948852,-0.32665272400929379,-0.38507923797557231,-0.39523005882898965,-0.26880878582596779,-0.29423123598098755,-0.35657251626253128,-0.490031818151474,-0.65391846065935877,-0.692926312194151,-0.60403959665979656,-0.4740806798140208,-0.44604761070675319,-0.48959772424264386,-0.56987553238868716,-0.67353615590504234,-0.683112621307373
-0.44995226309849667,-0.43474430311471224,-0.44155419904452103,-0.44621162968022482,-0.44684911732162746,-0.47362123727798461,-0.51795821559840238,-0.53289567807625082,-0.57862104791583435,-0.63076587319374089,-0.66143548116087914,-0.62046079425250777,-0.61831043788364959,-0.59993224011527169,-0.57492524385452271,-0.57988054171586645,-0.55815648181097843,-0.54139960921087926,-0.59748556216557824,-0.70916759729385381,-0.7523780378428373,-0.69037233825240818,-0.62428025603294368,-0.47045633701177741,-0.34123453545954918,-0.31727758949657658,-0.30907919685891333,-0.29923135787248611,-0.29220379104739741,-0.25323904743965936,-0.27347054358186396,-0.35131705380403078,-0.49906225908886304,-0.63869101510328408,-0.65377043883005781,-0.54427367907304025,-0.40992160638173419,-0.37747869268059731,-0.4072941392660141,-0.49637695650259656,-0.5913957953453064,-0.61900589295795982
-0.37441686008657726,-0.35383173929793493,-0.37582078576087952,-0.39395544549514505,-0.42871660419872831,-0.46602270726499884,-0.4828081552324624,-0.4824132189668458,-0.52356819276298794,-0.56164197668884741,-0.60060623660683632,-0.60377184806331508,-0.58536827739547281,-0.54167040756770546,-0.51636497841940987,-0.50935424284802544,-0.46309818448247136,-0.45385803108991579,-0.5419965572655201,-0.62669822504354078,-0.6856700261433919,-0.64251390797026608,-0.56201407561699546,-0.4250475207100744,-0.33557725859724957,-0.29236804374626707,-0.28828565521938043,-0.27590022748336196,-0.24088383000344038,-0.20592641085386276,-0.22355164711674055,-0.33316861838102341,-0.50082383261007424,-0.61674807866414383,-0.59204823275407159,-0.50618814880197693,-0.4070761501789093,-0.36308850347995758,-0.37062714497248334,-0.44143262931278776,-0.52148585021495819,-0.56979731321334837
-0.34443578124046326,-0.31464447025899533,-0.3295322039297649,-0.36764546483755112,-0.41417469752245933,-0.43747703565491569,-0.45952467157922944,-0.481870807947651,-0.50398564955283853,-0.53499948779741924,-0.575771850924338,-0.59072146877165765,-0.571607889551105,-0.52727326487793647,-0.47205415894003477,-0.44124478423917618,-0.40393998254747954,-0.39334804141843643,-0.45472027596674469,-0.54703756658042346,-0.574464975297451,-0.540592793907438,-0.49170601740479469,-0.39516085907816889,-0.32985581374830669,-0.28346705990178245,-0.22642510993914169,-0.20113434755440915,-0.16798509976693563,-0.12629606366157531,-0.15517118281644324,-0.29562215585457652,-0.47629226371645927,-0.5598481297492981,-0.553081447427923,-0.47264724307590061,-0.39409011602401733,-0.3692431052525838,-0.38319018483161926,-0.42181228739874704,-0.48348445892333985,-0.53077147006988523
-0.35298085007174262,-0.30963934682033678,-0.30147045336920641,-0.321327842772007,-0.37638602380094854,-0.402886759351801,-0.43945206033772438,-0.47757718463738758,-0.49569741090138753,-0.52104303042093914,-0.57674541672070823,-0.57533492048581436,-0.55046145059168339,-0.54025422222912312,-0.46752024419379956,-0.42517765543677588,-0.40841279836261973,-0.38601187485105853,-0.45070841577317977,-0.56340582904062775,-0.54672850668430328,-0.48066416382789612,-0.44486313888004847,-0.38769337109157015,-0.32285649848706793,-0.2597280806478332,-0.20194541638897312,-0.17080570917044366,-0.099070762499020651,-0.039953049981877917,-0.0850847216421052,-0.21976294900689805,-0.36801188954940212,-0.45960184931755066,-0.48836972883769442,-0.43220129609107971,-0.36843513165201458,-0.37535550196965534,-0.39439615607261658,-0.42020674794912338,-0.469754159450531,-0.52395903070767724
-0.36455072143248152,-0.28432591832601106,-0.26661429471439785,-0.30120764396808763,-0.38617669200075083,-0.43980137684515547,-0.44863656759262083,-0.4511240378574089,-0.44936018983523052,-0.47308950622876483,-0.52462687369050653,-0.54808574145840061,-0.5414372285207113,-0.52729333600690287,-0.47129808366298676,-0.42484180366291718,-0.38778497956015845,-0.38785113766789436,-0.45993182851987724,-0.5487767773516038,-0.54132629705197888,-0.50306344543184556,-0.44023478217422962,-0.38153926935046911,-0.32669400051236153,-0.25508910314790134,-0.19746981119668042,-0.14619825321894425,-0.0680433634020712,-0.015502687854071459,-0.0330180199100421,-0.11228853091597557,-0.24309350177645683,-0.33525478177600437,-0.39362688575472149,-0.39195438793727327,-0.33979738255341846,-0.35270192027091979,-0.39241865277290344,-0.42714704871177672,-0.45726159960031509,-0.53056859970092773
