SouthSea_Web/demo/jsonfile/2017-12-15-01.json
{"header": {"parameterUnit":"m.s-1","parameterNumber":2,"dx":0.1,"dy":0.1,"parameterNumberName":"Eastward current","la1":29.0,"la2":12.0,"parameterCategory":2,"lo2":131.0,"nx":250,"ny":171,"refTime":"2017-12-15T01:01:52.5","lo1":106.0}, "data":
[rows 114 to 132 of 171, columns 0 to 41 of 250]
0.0,0.0,0.0,0.0,0.0,0.070404526777565479,0.075923883063452588,0.05898799871404966,0.077888981072288574,0.21021528471083867,0.20790467411279678,0.098656140516201654,0.027548845973797143,-0.015541982837021351,-0.042502958327531815,-0.07603909820318222,-0.10655543704827626,-0.14239680270353952,-0.17166505753993988,-0.18227043747901917,-0.16949964066346487,-0.1629446397225062,-0.152108500401179,-0.14437548071146011,-0.14369510114192963,-0.12752376347780228,-0.14388134181499482,-0.16038510017096996,-0.20445442448059717,-0.16538646941383681,-0.18339471891522408,-0.24272000417113304,-0.2745396409715925,-0.25249886264403659,-0.2959286669890086,-0.33576165437698363,-0.35637740152222769,-0.40542485117912291,-0.455544865793652,-0.5676424824274503,-0.7137114405632019,-0.69315566705620812
0.0,0.0,0.0,0.0,0.0,0.0,0.065568812498875126,0.0970209336900798,0.072478677319773172,0.14929801837674209,0.27532953972166235,0.20627518097559611,0.093199721434050142,0.019034038437530397,-0.0071995988449392216,-0.045158442296087745,-0.07637968473136425,-0.11030794680118561,-0.13746894896030426,-0.15920007973909378,-0.15346226096153259,-0.16580511132876077,-0.17363156676292418,-0.17337225079536439,-0.170363911986351,-0.16064414083957673,-0.13569684326648712,-0.13150686894853911,-0.18006939192612967,-0.20566920439402261,-0.24425300742898667,-0.26727261021733284,-0.25294749935468036,-0.2301643818616867,-0.26515219807624818,-0.31784477333227795,-0.35272088150183362,-0.38227605223655703,-0.485159707069397,-0.59067153930664062,-0.54621026118596394,-0.51998165249824524
0.0,0.0,0.0,0.0,0.0,0.0,0.00999284265950943,0.088619782022018548,0.13215946267929771,0.12933083228541142,0.19006126444964183,0.23974896743893623,0.20140193402767181,0.098871593496629176,0.046155570474054129,-0.0029567419551312923,-0.01716049313545227,-0.052733391523361206,-0.070929926820099354,-0.12704214950402579,-0.12961646541953087,-0.14767261346181235,-0.15694770216941834,-0.1831594705581665,-0.17874553302923837,-0.17214327678084374,-0.1432635948061943,-0.13959374651312828,-0.20039438083767891,-0.23756716081074306,-0.27366556475559872,-0.27418338755766553,-0.25042387470602989,-0.26776393822261263,-0.30369532108306885,-0.34649653434753419,-0.35480263332525891,-0.39987760782241821,-0.49942360520362855,-0.562291990626942,-0.509337168186903,-0.45368712097406388
0.0,0.0,0.0,0.0,0.0,0.0,0.0,0.0,0.12564029054690715,0.17385941427054369,0.18980398338574631,0.23263239711523057,0.29314008057117463,0.24358238362603718,0.17828120539585748,0.066541237756609917,0.061274506151676178,0.0286789246990035,-0.018179647779713076,-0.08483375608921051,-0.094533594946066543,-0.11023849993944168,-0.14301376789808273,-0.17866754233837129,-0.20469511548678079,-0.19626981317996978,-0.18352620800336203,-0.21596748630205789,-0.25947106480598447,-0.29256224632263184,-0.30508218208948773,-0.29908453226089476,-0.28046630110059467,-0.29048769921064377,-0.33072835803031919,-0.36240657170613605,-0.37111588319142658,-0.44532540440559387,-0.50516826808452608,-0.44784839795185971,-0.38218680851989323,-0.40128707438707351
0.0,0.0,0.0,0.0,0.0,0.0,0.0,0.0,0.0,0.14892172528540387,0.20234975477923517,0.22088159282099118,0.24085575807839632,0.25486242974346335,0.25706268934642568,0.18381019309163094,0.17605832312256098,0.1467523587246736,0.066654572510742582,0.02142866444773972,-0.041337079058090843,-0.050496796766916908,-0.10339577943086624,-0.14148397371172905,-0.18083574175834655,-0.18367325017849603,-0.18401936760970525,-0.20980052401622137,-0.26036685456832248,-0.31092544893423718,-0.31384427845478058,-0.27787327766418457,-0.26662713040908176,-0.30538064986467361,-0.31960262060165406,-0.32473300894101459,-0.3751487008162907,-0.40466249734163284,-0.4074949324131012,-0.30800941338141757,-0.29894057744079167,-0.30852942881376849
0.0,0.0,0.0,0.0,0.0,0.0,0.0,0.0,0.0,0.0,0.15763332694768906,0.19818519884564065,0.21048192773014307,0.23630634790117092,0.19634633375839752,0.23363183736801146,0.3206389910644955,0.30016464591026304,0.20356293395161629,0.10546546553572019,0.027406226610764861,-0.0029313941486179829,-0.040490841958671808,-0.10029078722000122,-0.12366123050451279,-0.14908530712127685,-0.1553770422935486,-0.18484975149234137,-0.25318302710851032,-0.32494233051935834,-0.30697529911994936,-0.25602387885252637,-0.23064931854605675,-0.26860684404770535,-0.336695060133934,-0.31903547048568726,-0.3524692820178138,-0.3235350383652581,-0.24808365665376186,-0.22849744092673063,-0.24559517658275107,-0.25529945952196914
0.0,0.0,0.0,0.0,0.0,0.0,0.0,0.0,0.0,0.0,0.0,0.012693464573640559,0.11680785573087632,0.20014506201995047,0.29196569279712792,0.253931709948708,0.30599785768068755,0.35479763692075555,0.30897025391459465,0.2045865828792254,0.090487535422046975,0.063556665554642677,0.023430423869285733,-0.027858090174049721,-0.067023942619562155,-0.10497004687786102,-0.13955730572342873,-0.17066690325737,-0.21948622167110443,-0.26385111610094708,-0.26794039209683734,-0.22918950021266937,-0.21688311795393625,-0.28397867679595945,-0.34464734792709351,-0.34261625508467358,-0.33269098069932723,-0.23425500690937043,-0.17433916131655375,-0.20605573472049502,-0.23816239647567272,-0.25887702923753986
0.0,0.0,0.0,0.0,0.0,0.0,0.0,0.0,0.0,0.0,0.0,0.0,0.065344012706299068,0.14347812397305124,0.24719023952881494,0.321065560660579,0.34282021678012348,0.31292781020913807,0.34882904589176178,0.29509307775232529,0.191992262378335,0.13146899789571762,0.091959211230278018,0.039267079140699934,-0.019510376422355574,-0.058643179014325142,-0.10441218316555023,-0.13480315357446671,-0.16742774347464243,-0.18316673239072165,-0.17217686275641123,-0.16105944812297821,-0.17067839950323105,-0.26591174056132633,-0.34786862560680937,-0.35124121233820915,-0.26683762835131752,-0.16318179853260517,-0.19672339516026632,-0.21525799957188693,-0.20932818625284277,-0.23280023783445358
0.0,0.0,0.0,0.0,0.0,0.0,0.0,0.0,0.0,0.0,0.0,0.0,0.0,0.086093488428741691,0.11845298991565816,0.16206170384914187,0.22102628210011652,0.24057415212903704,0.28841108896515588,0.34348786473274229,0.2876000702381134,0.22210235893726349,0.1635576763323375,0.0991449121917997,0.0095423483580816537,-0.041604480573109219,-0.076697565615177155,-0.1076630534870284,-0.12162486929446459,-0.12216179498604365,-0.1155888798336188,-0.1215896625071764,-0.14637522697448729,-0.23116239479609899,-0.28637037958417622,-0.27949895709753036,-0.21050140634179115,-0.17084924007455507,-0.19753095507621765,-0.16176491416990757,-0.13570207692682743,-0.15551053070359761
0.0,0.0,0.0,0.0,0.0,0.0,0.0,0.0,0.0,0.0,0.0,0.0,0.0,0.0,0.10933092040450949,0.13147754097144876,0.15989137604123072,0.18676692127220093,0.22583939560822078,0.30538944332372575,0.35934383074442544,0.2978332657366991,0.23785796513160071,0.17899240553379059,0.080022351443767542,-0.010689679400197097,-0.051937804660863347,-0.093658145517110825,-0.1106179232398669,-0.093909477194150284,-0.1026113647967577,-0.11372614279389381,-0.15378616452217103,-0.2233400523662567,-0.24436097911426,-0.20825820995701683,-0.16592316495047677,-0.17811415642499923,-0.17671921998262405,-0.12521359218018396,-0.092308626455419207,-0.093264429884798383
0.0,0.0,0.0,0.0,0.0,0.0,0.0,0.0,0.0,0.0,0.0,0.0,0.0,0.0,0.0,0.10910101632277171,0.14053321944746544,0.17606504557475652,0.18754891628349149,0.24367649943539591,0.34372828304767611,0.386868853867054,0.32654324769973753,0.22874410992318933,0.16160755333575336,0.055068422934379087,-0.024247464775625203,-0.078020061366260052,-0.10570473389493094,-0.096174411475658417,-0.0948161669075489,-0.11765106767416,-0.13851159512996675,-0.17543770372867584,-0.17780562490224838,-0.13330343152795518,-0.141816270020273,-0.16914079710841179,-0.15534663498401641,-0.10147867600123088,-0.05566973478666374,-0.060247636400163174
0.0,0.0,0.0,0.0,0.0,0.0,0.0,0.0,0.0,0.0,0.0,0.0,0.0,0.0,0.0,0.0,0.0,0.14920900779408078,0.1657205691492116,0.17676690342121346,0.23608514588130147,0.36077217307201653,0.39026665066679317,0.32361585372372675,0.25003861983617148,0.12697458209899756,0.036694921123293728,-0.024818504741415382,-0.070262154564261436,-0.093471723794937137,-0.10128079354763031,-0.12476405253012975,-0.10312395915389061,-0.11710255891084671,-0.12305656261742115,-0.1392945172265172,-0.16224648989737034,-0.1518339067697525,-0.11331169390016133,-0.06552941575646401,-0.010106241949622265,-0.011421083925857343
0.0,0.0,0.0,0.0,0.0,0.0,0.0,0.0,0.0,0.0,0.0,0.0,0.0,0.0,0.0,0.0,0.0,0.0,0.1197095186937423,0.13573915547338025,0.1944711827673018,0.23903522703875887,0.35784798354472752,0.39321917024525727,0.332781936441149,0.23202859759330749,0.090837519881980758,0.019310312430289658,-0.036373639828525484,-0.079590601846575737,-0.0989644250699452,-0.1152934618294239,-0.090877139568328852,-0.083181899785995481,-0.0830494003991286,-0.14200803637504578,-0.17366697080433369,-0.13823216129094362,-0.08264189213514328,-0.03538919473066926,0.026931463156043636,0.03373397135167331
0.0,0.0,0.0,0.0,0.0,0.0,0.0,0.0,0.0,0.0,0.0,0.0,0.0,0.0,0.0,0.0,0.0,0.0,0.0,0.141694076359272,0.082767484923303866,0.10660975662243402,0.21162577382489747,0.36734513025129994,0.4226954793318724,0.35519904726081425,0.18622245958873204,0.0744094808275501,0.013367166380501457,-0.049041671445593238,-0.07856094677533422,-0.12176988273859024,-0.10953707844018937,-0.067674019063512489,-0.023374329786747694,-0.082257572147581309,-0.152338574330012,-0.13805984067065374,-0.089387398213148117,-0.037401933572255075,0.015220738352379866,0.038378150990376107
0.0,0.0,0.0,0.0,0.0,0.0,0.0,0.0,0.0,0.0,0.0,0.0,0.0,0.0,0.0,0.0,0.0,0.0,0.0,0.0,0.0,0.059006099636410028,0.1038781686621448,0.24721323723594349,0.38571838648230944,0.4414076098373958,0.313745978474617,0.1223279912956059,0.054570206973169534,-0.00518009627962278,-0.040075803059153259,-0.12810541441043219,-0.14339951425790787,-0.082446494450171784,-0.0339964659884572,-0.051088074455037713,-0.12492240096131961,-0.12962629944086074,-0.1066524013876915,-0.0718917079269886,-0.017555244079428829,0.015491444850340486
0.0,0.0,0.0,0.0,0.0,0.0,0.0,0.0,0.0,0.0,0.0,0.0,0.0,0.0,0.0,0.0,0.0,0.0,0.0,0.0,0.0,0.0062313142437536344,0.00068613683283840106,0.07333986906822712,0.21483560509103186,0.416515194773674,0.444514574855566,0.23771997735552167,0.094056451263336033,0.025506843956044085,-0.017473029371883188,-0.14892349817923137,-0.166370319823424,-0.10291516929864883,-0.087982885539531708,-0.08672716049477458,-0.11367053041855495,-0.12731001377105713,-0.12201216568549474,-0.099020724495251969,-0.062946385393540069,-0.028083904297091067
0.0,0.0,0.0,0.0,0.0,0.0,0.0,0.0,0.0,0.0,0.0,0.0,0.0,0.0,0.0,0.0,0.0,0.0,0.0,0.0,0.0,0.0,0.0,-0.00087197942119576256,0.024353088568778991,0.21119214369383121,0.4402390411584684,0.40793577954173088,0.16619192458250942,0.051126883436854072,0.00042225483974272555,-0.16860587894916534,-0.16128547737995783,-0.14349527284502983,-0.14041341344515482,-0.13069363534450532,-0.11419842019677162,-0.13097554743289946,-0.14174892753362656,-0.12486247159540653,-0.10872525349259377,-0.077756414189934731
0.0,0.0,0.0,0.0,0.0,0.0,0.0,0.0,0.0,0.0,0.0,0.0,0.0,0.0,0.0,0.0,0.0,0.0,0.0,0.0,0.0,0.0,0.0,-0.045126654518147312,0.088220060997642125,0.10234516844851896,0.23172804049584045,0.43372972868382931,0.27448646202683447,0.10282207326963544,0.038963949045864865,-0.11605080270341464,-0.12453182227909565,-0.1762936587134997,-0.16358691081404686,-0.13744593262672425,-0.11326731890439987,-0.12781537882983685,-0.16593426217635474,-0.14965851356585821,-0.13873364279667536,-0.11953814700245857
0.0,0.0,0.0,0.0,0.0,0.0,0.0,0.0,0.0,0.0,0.0,0.0,0.0,0.0,0.0,0.0,0.0,0.0,0.0,0.0,0.0,0.0,0.0,0.0,0.1278389267050303,0.16434626748164494,0.14039913709483928,0.31990053604046503,0.33171354330355124,0.17896420903065624,0.092584797491629914,-0.034072661179710521,-0.084168928675353527,-0.17215368449687957,-0.20670120169719061,-0.168059104681015,-0.13227522224187852,-0.12925120443105698,-0.16584059099356333,-0.18521930575370788,-0.17570090542236963,-0.16242653876543045
