SouthSea_Web/demo/jsonfile/2017-12-14-00.json
{"header": {"parameterUnit":"m.s-1","parameterNumber":3,"dx":0.1,"dy":0.1,"parameterNumberName":"Northward current","la1":29.0,"la2":12.0,"parameterCategory":2,"lo2":131.0,"nx":250,"ny":171,"refTime":"2017-12-14T00:00:00","lo1":106.0}, "data":
[rows 57 to 75 of 171, columns 129 to 171 of 250]
0.10855468793639116,0.24037160321667389,0.40233725936789261,0.514400202035904,0.615971244595669,0.50283277214039113,0.28415520074591716,0.50072228885613956,0.36097241650438971,0.57287759102624036,0.62365039454566107,0.29156980270080352,0.013155811556598878,0.0,0.0,0.0,0.0,0.0,0.0,0.0,0.0,0.0,0.0,0.0,0.0,0.028313581667909468,0.8062482150639162,1.1027544862787488,0.91431983505807268,0.81939926839643906,0.80356112122535706,0.82789976823897593,0.83008623123168945,0.76006287005212569,0.62984021646635868,0.4541363926494823,0.2838435226253101,0.19723676983267069,0.22028379539648693,0.22389204998811085,0.19808299094438553,0.17976811031500498,0.15251153806845347
0.17055913196493158,0.38096321917868947,0.55554312993498411,0.54832820231850088,0.70825827121734619,0.33119654380577379,0.49532361422912985,0.48324158872876849,0.41261365571442771,0.49591014421347418,0.55697614463364209,0.28298360071680012,-0.035661698178440893,0.0,0.0,0.0,0.0,0.0,0.0,0.0,0.0,0.0,0.0,0.0,0.0,0.14853242197435121,0.95244556309979989,0.98398566131408394,0.82320565155574255,0.77987793639854153,0.7864619830380315,0.83181926906108861,0.84651855911527363,0.78018949180841446,0.64464001795824832,0.45940682717732023,0.279697389403979,0.18616002454207495,0.18124579419107997,0.18125997483730316,0.16234733622807723,0.14998574157555897,0.10645533911883831
0.25359899160082872,0.62206472059090934,0.75583599353658737,0.73318225453639851,0.66492699362613539,0.49699345976114273,0.36315731207529706,0.36359833553433418,0.26955299996412718,0.33412032680852072,0.4585280300572861,0.20169930393658891,-0.12827994426091513,0.0,0.0,0.0,0.0,0.0,0.0,0.0,0.0,0.0,0.0,0.0,-0.26276567578315735,0.39671658779358648,0.95622902167470836,0.78970279693603518,0.6974968962809619,0.68288174500832188,0.73945540189743042,0.81556645035743713,0.814842156569163,0.753916843732198,0.63097443488927984,0.47654873558453154,0.32115604262799025,0.21739786748702711,0.1782414306487356,0.18443879578262568,0.17058511078357697,0.15434591937810183,0.088436278949181241
0.39957030441450037,0.64093708140509464,0.57538689017295841,0.41400723308324816,0.32473939970919963,0.2961876553793748,0.25677211135625838,0.2509806431256808,0.3055596818094668,0.39988547453173884,0.46738983117617094,0.31609470754776192,0.055786320717089055,-0.0027397826585608223,0.0,0.0,0.0,0.0,0.0,0.0,0.0,0.0,0.0,0.0,0.26686541948142939,0.609257341280118,0.72647813417143736,0.57502851188182835,0.57127938632454189,0.5901324925599275,0.69347305401511816,0.80078880225910865,0.7710277477900187,0.68635675081839931,0.56934269804220938,0.44238394498825073,0.32519045472145081,0.21411153922478357,0.15852728486061096,0.16550348599751791,0.15968290544473207,0.14313370138406753,0.068507596052118716
0.39419231149885392,0.42266228093820457,0.39963155749597046,0.27442660089582205,0.2210897458717227,0.23375685688327341,0.23245963375819356,0.32307505110899609,0.27560981824284508,0.25342937144968247,0.35122912760936853,0.38019735086709261,0.21115747785445341,0.04931503896402907,0.0,0.0,0.0,0.0,0.0,0.0,0.0,0.0,0.0,0.11237345946331818,0.53020927889136882,0.69441599756071015,0.52210112823092414,0.39079242461436503,0.522848481381381,0.55621023819996762,0.69579479098320007,0.78115639232453848,0.73296130498250323,0.61449579795201614,0.49659343702452524,0.39584086736043295,0.31306928609098705,0.20190775115042925,0.1233361650790487,0.11812238874179977,0.11697679987320533,0.095086736728747692,0.026732560082954087
0.17848820549053407,0.12093231475983675,0.164384538307786,0.15583681368402072,0.12130380049347878,0.1790196499787271,0.24278791000445685,0.1815467964519154,0.20121249482035636,0.22646559904450955,0.24155302771500178,0.30895671328982793,0.24128721033533415,0.047640441156169076,0.0,0.0,0.0,0.0,0.0,0.0,0.0,0.0,0.0,0.36874140268908095,0.73725129936782408,0.57267299033047858,0.27889317083866039,0.35648906848779538,0.50648261174078912,0.57438599069913232,0.71925239671360364,0.75050057098269463,0.67301946083704633,0.54992591341336572,0.45012225849287851,0.36285374207156046,0.28701521158218385,0.193370598283681,0.12146215427380341,0.08829678992430369,0.063858492998406291,0.056021454681952791,0.0053826373536139723
-0.049828753703170352,0.021218714537099004,0.11592235348441383,0.066109380938790055,0.1263396902275937,0.20010138960445628,0.17113686073571444,0.18772249775273459,0.21583842689340765,0.21235708762770114,0.23074843451894564,0.32054996227516847,0.38444372683763506,0.13641201899386943,0.024395444502051059,0.0,0.0,0.0,0.0,0.0,0.0,0.03941860463884142,0.33330493921482374,0.62465259295050835,0.6092431631955233,0.489859412274053,0.17743424852325143,0.48738132180138066,0.48480588849633932,0.5983163143197695,0.72181969881057739,0.7088748971621196,0.60197696089744568,0.49144063790639242,0.40607911806840163,0.33570134410491359,0.27243958910306293,0.19911749164263407,0.13515657505818776,0.089218646287918091,0.065788354724645615,0.053386220851769813,-0.006668913426498572
-0.063557640338937446,0.005987039243336767,0.050898786867037416,0.080223231491717423,0.15100129464497933,0.10490888443130714,0.15609957277774811,0.21196091920137405,0.31742027401924133,0.34277150159080821,0.3749666589277762,0.383175168571801,0.47265986672469545,0.33217835114963018,0.18657287711213375,0.0,0.0,0.0,0.0,0.0,0.0,0.13590028384746408,0.49990438440135704,0.578743311620894,0.47884412482380867,0.41952675693439989,0.36823285666604838,0.52992780032483011,0.44687364430263127,0.61401680518280377,0.720919210802425,0.69037391617894173,0.58614946814144364,0.48876581283716053,0.40203158770288738,0.31720827405269331,0.2488439716398716,0.1970220963869776,0.123975506318467,0.073557471980651226,0.083198292509597885,0.082182136364281178,0.0051301751719923534
-0.085430491183485308,-0.042499016246034041,0.0032299938466167077,0.06278431940485131,0.038049292886474483,0.080578748835250735,0.16907890886068344,0.36562690840047951,0.38149847752518123,0.38921969045292248,0.41244414837464044,0.41983411930225512,0.41597065826257068,0.39475431432158259,0.22998113581730473,-0.10212642742908751,0.0,0.0,0.0,0.0,-0.015641283243894577,0.15113592455770983,0.62593827801091328,0.59349024637800751,0.485437814284254,0.510366115459176,0.50620428236519421,0.45254470365388055,0.48146281860492846,0.67508544027805328,0.75649749097369967,0.71236677232541534,0.61984787745909253,0.52986202921186176,0.44014109671115875,0.30278027430176735,0.19753534843524298,0.16261874368557563,0.10589863359928131,0.045574389048852026,0.07859180232181269,0.085185635568840165,0.014434714792654492
-0.12849962618201971,-0.12332624693711598,-0.069406218412849635,-0.025888776429928838,0.01640500551244865,0.078860319864291414,0.28333078126112621,0.37743999361991881,0.35325479673014748,0.34787108792978172,0.35051192796748615,0.34610374867916105,0.30871733902273951,0.21931094012688845,0.19317333355395341,-0.030560342213881431,-0.139604878867892,-0.098525585550250427,0.0,0.0,-0.015375391461632469,0.47233022602670122,0.78254818811751248,0.69261415402094528,0.603852353990078,0.60617491517748157,0.51638133297948274,0.36942466596762341,0.536789262089236,0.70593170936291039,0.77245049774646757,0.73473177587284766,0.63979449272155764,0.55080024401346839,0.46144187721339142,0.31955253829558689,0.18211929156230047,0.14193977415561676,0.092749345474518269,0.04329542988645179,0.09341349905090672,0.076404664168755215,0.00025729535809659865
-0.20446952184041342,-0.16764203459024429,-0.14753272993998093,-0.10899698454886675,-0.035266564786434175,0.15872753610213597,0.31698968155043467,0.32970637083053589,0.28014258344968163,0.23294505241670108,0.1941103676245326,0.14838903367519379,0.12130319972832998,0.050101682762330284,-0.047866877388693024,-0.03906811570809425,-0.152576479959217,-0.088767036768862315,-0.14944973587989807,0.0,0.043710031790163265,0.629851588181087,0.75213171220293229,0.67149279209283685,0.61224599796182966,0.54334311518404221,0.2771970351275645,0.29489993443712592,0.56551446380286385,0.69910045623779293,0.7435455054044724,0.70468144206439742,0.61112889846165974,0.5471299840853765,0.465399956703186,0.35313817262649538,0.20241287776402064,0.17010252177715302,0.12763962493493006,0.064637225121259689,0.11088809809264015,0.064366725708047551,-0.02737719809270597
-0.21419380605220795,-0.18422009982168675,-0.1580580340491401,-0.088132849471135574,-0.0024183151227506723,0.19343015822497281,0.29602402945359546,0.24107793867588043,0.17308494661535537,0.12515851384715029,0.094521966762840748,0.093135139216547425,0.077739679350935176,0.00045206478615808819,-0.086418728572580053,-0.021582621652232303,-0.07146777877926655,-0.16196310623334004,-0.20918891609956822,0.0,0.044725119695067407,0.62835562229156494,0.66121300407077954,0.616249746397922,0.614423522582421,0.55339959050927845,0.2100990680268123,0.16518589672518941,0.62113605680004247,0.70779415965080261,0.70520760615666711,0.64344080756692323,0.54127323627471924,0.478954553604126,0.44022610535224277,0.38782135464928369,0.23708220521608989,0.21504100010945246,0.17791335555640134,0.08934558977683385,0.10147427717844645,0.050817969751854736,-0.041073645697906613
-0.046308602956641048,-0.01695801333213846,0.016765679129295878,0.066330212610773737,0.14101395681500434,0.19873168733384874,0.19837722629308702,0.15912575952031396,0.081797303631901741,0.048000281676650047,0.066089910111929245,0.082588685765152881,0.049759171321056783,-0.027154272014740855,-0.050106478520692922,-0.074262063240721113,-0.14706289790132465,-0.16825825585207591,-0.32640749161116411,0.0,-0.082262418058823158,0.51484256819502949,0.65492169247117149,0.68778473865695111,0.71182583570480351,0.64036044850945473,0.22864431988970976,0.13020243565596712,0.62637478361527121,0.6980910514082227,0.68665565942463125,0.59956156545215178,0.5031355619430542,0.41154822707176208,0.38266264016811663,0.36924981474876406,0.25225687600099123,0.23517769426107407,0.23376744527083176,0.12287928114334742,0.097242391109466558,0.052144811721518636,-0.023396473053643212
0.10021496983245015,0.15003985725343227,0.19162856973707676,0.19345285557210445,0.177787683904171,0.1312816482451227,0.084725496545434,0.048349120566854253,0.005149823147803545,-0.012637841980904341,-0.011764350648531142,0.0099138344942022935,-0.025807136291405186,-0.060995573139128588,-0.023705068468416357,-0.070410114713013172,-0.18264902025461197,-0.2931853595532869,-0.39870556730490464,-0.17944282394212982,-0.14557476314411572,0.56926289978234668,0.72454448789358139,0.75785885308239909,0.7236802748271397,0.63911897756836633,0.39360112696886063,0.37196189246465822,0.65198388477651081,0.67348607310226982,0.656844471182142,0.570719321568807,0.48156293034553527,0.38327238422173721,0.33037077692838818,0.32119699418544767,0.23310493677854538,0.22131265327334404,0.23808082100003958,0.13908367775953734,0.08933872067266041,0.045834478177130225,-0.022693152572693571
0.2661843691021204,0.312758132815361,0.30678078106471468,0.25907669961452484,0.17107593826949596,0.10256883998711903,0.034784261696040632,-0.019262049548243256,-0.05219866965825741,-0.061990591883659366,-0.072181530296802521,-0.050816948142121822,-0.03056604845268238,-0.014159416334460611,0.025840164627879858,-0.025939324329531676,-0.12389969737047241,-0.22461778173844019,-0.30582043845318035,0.15974664612980463,0.0037917713244014339,0.67445580805501626,0.79865150508426486,0.72410796622972229,0.62319624585074351,0.53458519722964315,0.54651570816834771,0.62584068144068994,0.63790421608166814,0.59423549817158627,0.60986291820352723,0.54787261345807248,0.45568890443869997,0.34528565193925587,0.27938852797855029,0.2581533243258794,0.20094189506310684,0.17507514357566834,0.20348793268203735,0.12483383665482203,0.069839487224817282,0.021947453346322563,-0.036407618883198926
0.37317864809717449,0.38024032115936279,0.3382745650079515,0.26034406572580338,0.17029273261626562,0.10230362042784691,0.053999330848455429,0.0076793188773990554,-0.011721258995142611,-0.014388379372226505,-0.033184422490497432,-0.037577540380880237,0.010394472189040648,0.044244939616570868,0.046509142965078354,0.035913874395191669,-0.050463216671414554,-0.13383589155072795,-0.089403450481533517,0.27531564544613768,0.31444464143365619,0.70043542699993777,0.69997964149866354,0.61369408998224473,0.52723858174350524,0.46695461952024037,0.44839851061503094,0.51452873900251572,0.53236097881668487,0.527633897960186,0.59988728165626526,0.54899937440367308,0.43094692059925627,0.3065910016496976,0.23770767822861671,0.19536210596561432,0.14941428229212761,0.1078203756075639,0.15032900776714087,0.096253624733756565,0.050243936040822196,-0.0089635111507959664,-0.065712027251720428
0.40205592289566994,0.389839269220829,0.34877173815454754,0.31236135533877779,0.24207125157117843,0.17732451359430948,0.1206679880619049,0.08492598868906498,0.063861778852614487,0.042374565910834536,0.010377378755387886,-0.010246743535390124,0.038921242099604569,0.137636682128205,0.156532729213888,0.21997537042783655,0.20756967291235923,0.20986119017769128,0.32822906547317315,0.32021087200581272,0.56287451542732192,0.72469910572875629,0.628660637471411,0.52652844402097887,0.43411647342145443,0.38515202535523307,0.34490329998990765,0.3219535489167486,0.40799573571123976,0.50033656954765315,0.60830062627792358,0.57369919033611527,0.45673463145891824,0.30828604499499,0.22134034908734834,0.15682811414202055,0.12100435482958953,0.097785928501532629,0.11901350638696126,0.072914449963718653,0.030927266084796026,-0.037688822578638793,-0.089240735130650659
0.37923725114928353,0.37961012870073318,0.35374109943707782,0.33552272830690655,0.27192284592560362,0.2005527044336001,0.15022089746263292,0.12136969301435682,0.087218253314495092,0.060471338304606354,0.050982170893500246,0.057153980534237162,0.14780758693814278,0.25286287907510996,0.30617349501699209,0.35226005741528105,0.40885095369248164,0.542215425769488,0.55292774872346362,0.58298177497331483,0.68485543201136034,0.61708440440041679,0.61673705279827118,0.51011812686920166,0.343164941242763,0.24380805591742197,0.17575457086786628,0.095197156478058209,0.3028343863164385,0.48196040292580922,0.60515989859898889,0.57506515763022681,0.491789567119935,0.350681068499883,0.24633823679043695,0.15932167569796243,0.12525518344981329,0.105277579935158,0.10102930708843119,0.065188226352135337,0.030319565551407222,-0.044417336262995377,-0.10582944165383067
0.30395124639783588,0.32910296320915222,0.31749970838427544,0.31322225502559115,0.25038394757679533,0.18072548694908619,0.1399449450629098,0.11796949431300163,0.09250033150116603,0.09204608723521232,0.12295326590538025,0.19940378720110114,0.29845676251820158,0.37035410354534787,0.40900828440984088,0.46679866157079997,0.602005273103714,0.74118170829919672,0.70913805493286675,0.65165021829307079,0.62148491541544593,0.6018098572204853,0.61546347470119078,0.53675621953503838,0.35882017977776065,0.21780740734069579,0.17772884017381913,0.11484064270431797,0.2389005061827208,0.48052143057187396,0.59829049385510957,0.5799616277217865,0.56410143305273619,0.41600680000641765,0.25465805331865948,0.14026551544666291,0.090683316483217133,0.078851000131929624,0.072928967721322,0.054073282051831484,0.037474972370546311,-0.037208640415753634,-0.10835533875685471
