SouthSea_Web/demo/jsonfile/2017-12-14-15.json
{"header": {"parameterUnit":"m.s-1","parameterNumber":3,"dx":0.1,"dy":0.1,"parameterNumberName":"Northward current","la1":29.0,"la2":12.0,"parameterCategory":2,"lo2":131.0,"nx":250,"ny":171,"refTime":"2017-12-14T15:00:00","lo1":106.0}, "data":
[rows 95 to 113 of 171, columns 0 to 42 of 250]
-0.32996185179109927,-0.23475411020476242,-0.18983215507533816,-0.13104608081854308,-0.12682755833322351,-0.085469841383970707,-0.047084914313422307,0.0028427619487047195,0.05073087960481644,0.10936230172713597,0.16778646409511566,0.22680291533470154,0.27983394265174866,0.29543083906173706,0.29074403643608093,0.27848291397094727,0.28454992175102234,0.28287631273269653,0.27459442615509033,0.27933609485626221,0.0,0.25962792336940765,0.23802043497562408,0.20742661505937576,0.19671196863055229,0.19343042373657227,0.17179373701413472,0.13662072939091716,0.082360937428246767,0.023511539355314172,0.031865731311532169,0.0,0.0,0.0,0.0,0.0,0.0,0.0,0.0,0.0,0.0,0.0,0.0
-0.24433241718049562,-0.16586016837892861,-0.15968131925910711,-0.12965674450000128,-0.12340650368820537,-0.085064336657524109,-0.040910534250239529,0.022726192759970825,0.078990340232849121,0.14747022837400436,0.19653396308422089,0.24017217258612314,0.28387853503227234,0.0,0.30197344720363617,0.297284796833992,0.28810466825962067,0.29813078045845032,0.29948361217975616,0.29756276806195575,0.28406272828578949,0.29564765095710754,0.25220945179462434,0.21875672539075217,0.23014228790998459,0.24662303831428289,0.21563361316430765,0.1069470068511986,0.0754456436793719,0.0,0.0,0.0,0.0,0.0,0.0,0.0,0.0,0.0,0.0,0.0,0.0,0.0,0.0
-0.30186211679017905,-0.18912876707812151,-0.18453552126884459,-0.13970799744129181,-0.12887505524688298,-0.07492923247627914,0.0098362881025033343,0.061928055249154568,0.11568655073642731,0.14188958704471588,0.20157822966575623,0.25804635882377625,0.28590831160545349,0.3044048547744751,0.29029974341392517,0.30367216467857361,0.28055772185325623,0.30288337171077728,0.32221211493015289,0.33010724186897278,0.31584342320760089,0.32056808471679688,0.27594826122124988,0.22490399863038743,0.295569472014904,0.29567131748858916,0.23628965046049821,0.13214718170153597,0.0,0.0,0.0,0.0,0.0,0.0,0.0,0.0,0.0,0.0,0.0,0.0,0.0,0.0,0.0
-0.23929489978722163,-0.29333295341995025,-0.23277381381818227,-0.17250873033817,-0.1305133534426039,-0.027594435627439191,0.031880400454004608,0.078267904371023184,0.12062956392765045,0.16896859556436539,0.21601932495832443,0.25845982879400253,0.28760120272636414,0.2976820319890976,0.28579774498939514,0.28615210950374603,0.29633384943008423,0.299166277050972,0.30701155960559845,0.33540525039037067,0.33630404869715375,0.32452805836995441,0.26130205020308495,0.25094495984640991,0.33908798929416772,0.3707891817431192,0.31256258840726309,0.080785539622108146,0.0,0.0,0.0,0.0,0.0,0.0,0.0,0.0,0.0,0.0,0.0,0.0,0.0,0.0,0.0
-0.34786385297775269,-0.34675335139036179,-0.24110891968011855,-0.19661521290739378,-0.084249273687601087,-0.01438724301988259,0.032167566319306694,0.087684545665979385,0.13779045393069586,0.18746707588434219,0.22059918940067291,0.0,0.26790015399456024,0.27704092860221863,0.27360305190086365,0.27161887288093567,0.27073654532432556,0.28974267840385437,0.30623029669125873,0.35030821959177655,0.34386010468006134,0.33839930759535897,0.2852633117060912,0.29945471882820129,0.34325189515948296,0.29089327011166549,0.24697729217744358,0.072658618291219071,0.0,0.0,0.0,0.0,0.0,0.0,0.0,0.0,0.0,0.0,0.0,0.0,0.0,0.0,0.0
-0.41557482168788,-0.30587228600467953,-0.24017216960589091,-0.18126607106791604,-0.079904696593681976,-0.024695849977433681,0.02819452192634344,0.074258327484130859,0.13015426322817802,0.17363625764846802,0.19824068248271942,0.23821206390857697,0.2356443926692009,0.25537461042404175,0.24851148948073387,0.26333171129226685,0.26563914120197296,0.29733835160732269,0.30997012555599213,0.33022600412368774,0.34429882963498432,0.3319821764122356,0.29400020160458307,0.3396658687679856,0.38127637298210809,0.3264130208155383,0.27229892973149761,0.0,0.0,0.0,0.0,0.0,0.0,0.0,0.0,0.0,0.0,0.0,0.0,0.0,0.0,0.0,0.0
-0.38525321950083191,-0.22725388833454677,-0.22171016839834359,-0.17313647121191025,-0.097489278424869888,-0.043478373645080462,0.0021349453018046916,0.052842979785054922,0.11789172142744064,0.15968482196331024,0.186951644718647,0.21962408721446991,0.22891664505004883,0.23275628685951233,0.22560036182403565,0.24785743653774262,0.25814156979322433,0.28415241837501526,0.30139614144961041,0.31694591045379639,0.32043483853340149,0.3191913366317749,0.30473680893580118,0.34682629289834394,0.38531366678384632,0.40753421348494451,0.30339276006347254,0.15585256814956666,0.0,0.0,0.0,0.0,0.0,0.0,0.0,0.0,0.0,0.0,0.0,0.0,0.0,0.0,0.0
-0.2535715878009796,-0.18816491172594183,-0.197549575141498,-0.18962514276305834,-0.13347052658597627,-0.087124150660302907,-0.024029351960052736,0.038143634982407096,0.082388346393903092,0.1365593895316124,0.18164099752902985,0.18281211704015732,0.19386686384677887,0.20030525326728821,0.2206537127494812,0.22305809706449509,0.24322126805782318,0.25863464673360187,0.27692281206448871,0.30288903415203094,0.31271204352378845,0.31241944006511141,0.32163654764493305,0.33595514893531797,0.37594396869341534,0.45733521689068185,0.32254737413247225,0.13698488891791322,0.0,0.0,0.0,0.0,0.0,0.0,0.0,0.0,0.0,0.0,0.0,0.0,0.0,0.0,0.0
-0.2014712502559026,-0.20796542104921842,-0.18914512438433512,-0.21691096077362695,-0.17352759093046188,-0.1153090281618966,-0.057304057159594128,0.00532964151352644,0.0648537976667285,0.11108138660589854,0.14630900820096335,0.15580565482378006,0.16444769501686096,0.17776939272880554,0.1781373992562294,0.21085890382528305,0.19526197016239166,0.20785236358642578,0.22017157822847366,0.26884344220161438,0.2964680939912796,0.29556229710578918,0.3125172091854943,0.32880204916000366,0.35689630862828847,0.44731492069032458,0.26576438486576082,0.17411750994829667,0.0,0.0,0.0,0.0,0.0,0.0,0.0,0.0,0.0,0.0,0.0,0.0,0.0,0.0,-0.047834351658821106
-0.2599949748678641,-0.22496429892877737,-0.21490718672672907,-0.23549648374319077,-0.20217095741203853,-0.14299167286265979,-0.096916488475269735,-0.026524401095230132,0.036297280496607222,0.079195184012254075,0.12222299724817276,0.13085674494504929,0.14188619454701743,0.14995451271533966,0.149695485830307,0.16785847395658493,0.13826983422040939,0.16995008289813995,0.19616296887397766,0.24392939607302347,0.25523028771082562,0.27646337449550629,0.2847503125667572,0.33394702955296163,0.40409950911998749,0.46568614761034649,0.394319992114163,0.18959125656295905,0.0,0.0,0.0,0.0,0.0,0.0,0.0,0.0,0.0,0.0,0.0,0.0,0.0,-0.10123137384653091,-0.00614957307703311
-0.2428344153912268,-0.21597977905046373,-0.26815403938293458,-0.24542712668577829,-0.19612747331460317,-0.1876242568095525,-0.15837695971131324,-0.060916158681114517,0.0074819279058525963,0.039466831833124161,0.074152128150065735,0.10156203061342239,0.10885028168559074,0.12430059909820557,0.12019928172230721,0.13343088080485663,0.12999396771192551,0.14765745401382446,0.1849258691072464,0.21621976296106973,0.20641275495290756,0.22445517182350158,0.23677073717117309,0.2671147963175407,0.32456046478314832,0.41226697393826078,0.44642902089624986,0.26663846012559678,0.053082268854092444,0.0,0.0,0.0,0.0,0.0,0.0,0.0,0.0,0.0,0.0,0.0,0.0,-0.053345307997311076,-0.021256139930716126
-0.19217799517970818,-0.23796059274011189,-0.27111155280600424,-0.26362874394371394,-0.14286048004501745,-0.22697023376822473,-0.2048375924428304,-0.10870675891637802,-0.050991668947972357,0.000526707386597991,0.046138688921928406,0.062588267028331757,0.0767604373395443,0.10078964382410049,0.10055519267916679,0.10395704954862595,0.10209280997514725,0.13486261665821075,0.15070683509111404,0.17302273213863373,0.17703240613142648,0.18445033580064774,0.20415554443995157,0.20564219142709458,0.23164508541425069,0.29654922878200357,0.33012504449912478,0.28578102478855533,0.13415644409311978,0.034632457009355966,-0.0057736806838360249,-0.0022397378360796156,0.0,0.0,0.0,0.0,0.0,-0.046406071100916178,-0.0039832901197200954,-0.0084542913132300435,-0.039146614601998753,-0.061660995575512252,-0.063772668100321075
-0.11364777303404278,-0.11313001612382992,-0.16250747631490231,-0.18473434101404815,-0.15330732862154642,-0.29644038435071707,-0.23670028797958209,-0.15572094337807763,-0.0947086780021588,-0.033061196577818919,0.0017133679240942002,0.03701288066804409,0.063523933291435242,0.084658799072106675,0.091278297205766037,0.08796745166182518,0.10840591415762901,0.12722305953502655,0.13620918244123459,0.14865157753229141,0.1490941196680069,0.15685893595218658,0.16721892853577933,0.16515456885099411,0.1768177350362142,0.21679284870624543,0.28655491609658512,0.28481400385499,0.21852747167720169,0.10822405147494055,0.0667125654574006,0.023512705236961366,0.026442276029405364,-0.000642031581133026,-0.0076058654497512222,-0.030564327639612286,0.0,-0.048632907066228775,-0.035802984993118091,-0.03611517082295309,-0.036747834034769715,-0.12544090680040854,-0.1571205658121751
0.0,-0.018926935270428658,-0.098702156081281855,-0.13498918531981649,-0.18878300503200415,-0.30554334570964176,-0.34095049556344748,-0.21840478976567587,-0.13624565589886445,-0.0768104340467188,-0.038577024824917316,-0.00026484501237670582,0.042595446109771729,0.058117296546697617,0.075610965490341187,0.077019150058428451,0.081919986754655838,0.10175088047981262,0.10567152500152588,0.13643665611743927,0.14459839463233948,0.15876944363117218,0.16598331928253174,0.17648917933305106,0.17343906313180924,0.18994684368371964,0.23949097948414938,0.28292535777602879,0.2219114240258932,0.13279874126116434,0.11107404490134545,0.078565578334606617,0.0740494899218902,0.0319087446885732,-0.03067641592236434,-0.050222084218193644,-0.017334315266400096,-0.05885249498533085,-0.062934572287316637,-0.1452412055208912,-0.12587711125005716,-0.088788829244280554,-0.12201185262789811
0.0,0.0,0.0,-0.018632651796076021,-0.073170744586617209,-0.188401046947761,-0.46061669486873552,-0.3875693106843579,-0.21361657012911403,-0.12319991737604141,-0.075051684677600858,-0.035800995072349906,0.0039038347701231637,0.045499138534069061,0.062552561983466148,0.059451362118124962,0.06400279700756073,0.07237843920787175,0.08820217102766037,0.12851051613688469,0.16315944492816925,0.1786749561627706,0.20147600024938583,0.20386184006929398,0.20749512314796448,0.21116393059492111,0.22523202002048492,0.29681561248643057,0.245174222049259,0.17975586295127868,0.13865982022668635,0.09763858347169814,0.17191440749325251,0.18272865426783658,0.0061708759939806028,-0.12337254153357612,-0.0679675715234411,-0.054047398255522835,-0.074331082438132315,-0.17072184410196312,-0.15200423598890342,0.014531852456129398,-0.0788260915978293
0.0,0.0,0.0,0.0,-0.0024522277526557446,-0.071860534091066838,-0.302850936849912,-0.56520888591424012,-0.33616090565919876,-0.15064319968223572,-0.11008227510111672,-0.071370483189821241,-0.044761890545487404,0.0026626889787924788,0.039157684892416,0.0514403972774744,0.046737609431147575,0.05103631503880024,0.0744101492067178,0.12398375819126765,0.16739348073800406,0.19562844187021256,0.23245451971888542,0.24995405226945877,0.25294771790504456,0.22293765097856522,0.22340842336416245,0.314621365070343,0.25582009305556613,0.19608777548585618,0.12791685966981781,0.19097197918515457,0.2795494108096413,0.1446274591779167,-0.018816958755321269,-0.1451232707635923,-0.12994450591504575,-0.029278795928873409,-0.092717828458526,-0.19337505655970802,-0.1008663043579079,-0.00205889125707898,-0.091727697582866877
0.0,0.0,0.0,0.0,-0.0053687537787482139,0.042051811625753582,-0.14705004010262879,-0.46195062720461894,-0.4912325704097748,-0.2269077887137731,-0.16235048256137155,-0.096455827355384827,-0.061135676999886833,-0.030786783124009769,0.011484748062988123,0.03049491997808218,0.0318474555388093,0.055440753698349,0.10187970101833344,0.15985678136348724,0.19265606254339218,0.2207668274641037,0.25468255579471588,0.30562867720921832,0.30094771087169647,0.26276819035410881,0.23658069719870886,0.29646186530590057,0.260209733620286,0.17411865293979645,0.13320649681346758,0.29521269202232359,0.250150083253781,0.044283854775130749,-0.077262033242732286,-0.048226854996755719,0.0046529617218766363,0.037509144391291417,-0.045271056522007871,-0.18199811765441187,-0.10744745337537356,-0.098765778651971725,-0.076390707297229965
0.0,0.0,0.0,0.0,-0.0045076498063281178,0.046031388231885677,-0.077844783965059935,-0.28169826464727521,-0.54791136384010319,-0.32052005898384822,-0.22259550988674165,-0.12960152607411146,-0.097652740776538849,-0.073581688106060028,-0.027024931274354458,0.0071073354653587257,0.018395135179162025,0.053723156452178955,0.12227062880992889,0.17573851346969605,0.21234461665153503,0.23701073229312897,0.2516014575958252,0.30329021811485291,0.32742869853973389,0.31020356416702272,0.26010513901710508,0.27132648229599,0.25255447067320347,0.16454700274126871,0.20112482272088528,0.26197988390922544,0.1653871014714241,0.011870545231633715,-0.053944075755266982,0.021504612523131073,0.035045277637739979,0.096457133442163473,0.05860472066948811,-0.021525777878802426,-0.07019527014848348,-0.14718464263049619,-0.12892330264051755
0.0,0.0,0.0,0.0,0.0058869782620012152,0.027947704953307229,-0.018628976788623321,-0.16584433342019717,-0.4358765532573064,-0.42009167586054119,-0.27331671946578556,-0.16441289965923017,-0.12409064266830683,-0.092897479732831315,-0.051610764116048813,-0.015810775570571423,0.014649387914687395,0.059232508142789207,0.12364031374454498,0.17029347519079843,0.21475994090239206,0.2396926075220108,0.26035333797335625,0.27918261289596558,0.31131054759025573,0.32351447939872741,0.29668955802917479,0.29277172684669495,0.27269517523901804,0.21902001116956985,0.22372036129236222,0.21200205758213997,0.14739425200968981,0.068457324057817459,0.028479766508098692,0.011562012372970847,0.0099147516690815483,0.095040692016482353,0.10510097748853943,0.037166850718980037,-0.14586757641771567,-0.32138386831201354,-0.32808049721643329
