SouthSea_Web/demo/jsonfile/2017-12-14-10.json
{"header": {"parameterUnit":"m.s-1","parameterNumber":2,"dx":0.1,"dy":0.1,"parameterNumberName":"Eastward current","la1":29.0,"la2":12.0,"parameterCategory":2,"lo2":131.0,"nx":250,"ny":171,"refTime":"2017-12-14T10:01:52.5","lo1":106.0}, "data":
[rows 95 to 113 of 171, columns 126 to 167 of 250]
-0.19572948416074118,-0.22409598529338837,-0.23440602123737336,-0.24878391250967979,-0.24123908579349518,-0.20468620459238687,-0.19381959736347199,-0.24210771173238754,-0.30451833208401996,-0.35513750910758973,-0.38483160734176636,-0.40505282580852509,-0.40192463248968124,-0.34503185252348584,-0.27259001731872556,-0.21150727197527885,-0.19998720288276672,-0.26564190164208412,-0.392644292778439,-0.55309246728817618,-0.56428810102599,-0.52443136952140113,-0.55699582232369316,-0.55994084935921884,-0.49410760899384815,-0.23322615675304248,-0.0043740995192470458,0.011914353495199434,-0.12310485018847081,-0.41992078224817914,-0.725052064115351,-0.805296457395321,-0.79744657874107361,-0.6373158535103739,-0.34293845039792359,-0.35482070579820751,-0.32326875130335492,-0.2888861745595932,-0.22261457097145818,-0.18732395708560945,-0.17443152765432993,-0.11215330895624663
-0.18103526905179024,-0.21633074879646302,-0.22307674586772919,-0.2110377699136734,-0.21477481722831726,-0.20751400291919708,-0.2145308144390583,-0.24668723717331886,-0.280898354947567,-0.33268978198369342,-0.37527526170015335,-0.41155146559079486,-0.40819469094276428,-0.31406954924265545,-0.24085220992565154,-0.18215272724628448,-0.15622623264789581,-0.18568309870633212,-0.30794637277722359,-0.44835681716601056,-0.53587908688045682,-0.4736024478207464,-0.41064380922100763,-0.43259838911203236,-0.41277099174001941,-0.35844987427646463,-0.288360099773854,-0.19196117708149055,-0.061759000007684035,-0.22184121270547622,-0.75208810544930971,-0.91597515344619751,-0.87337386743588885,-0.72907073299090064,-0.55568818937648423,-0.41191954910755157,-0.33393681584260404,-0.3029837878420949,-0.23032995266839862,-0.14139332063496113,-0.049232003322686069,0.017547336868010462
-0.17745583256085715,-0.21149275079369545,-0.23098055521647135,-0.21344860891501108,-0.19573941081762314,-0.20573027928670248,-0.24423209826151529,-0.26329140365123749,-0.27410868803660077,-0.32183106243610382,-0.37706345319747925,-0.45464898943901061,-0.41169682741165159,-0.33079645534356433,-0.28599846363067627,-0.22871491561333338,-0.16995094987479123,-0.1937567949295044,-0.26321339805920918,-0.31004042095608181,-0.35058971780997056,-0.37279101088643074,-0.33732059597969055,-0.28860298340970819,-0.25443411512034281,-0.42102796584367752,-0.75133132799105207,-0.66523073061748783,-0.41879420907592729,-0.4801104156906868,-0.85628089561300758,-1.0695407051931729,-0.995278673512595,-0.8673783657027454,-0.67418736625801434,-0.50052951110733879,-0.31637294217944145,-0.29070104703758703,-0.29081684606415886,-0.22832961912666047,-0.080465559899393052,0.0015013450280424547
-0.17218167086442313,-0.21487118800481161,-0.22421229382356009,-0.2095535434782505,-0.1920259048541387,-0.22407445684075356,-0.27117846409479779,-0.27132301032543182,-0.28263885776201886,-0.32268301645914715,-0.4242069770892461,-0.48200803995132446,-0.404918372631073,-0.30610551685094833,-0.27379969358444212,-0.20705175565348732,-0.17973476772507033,-0.22478355352695173,-0.25613795965909958,-0.22071808347335228,-0.21059492766857146,-0.24705775276474332,-0.23147585420381456,-0.31341071968728845,-0.29719671964645383,-0.19669677028193688,-0.43919639708474278,-0.90851765871047974,-0.86984927493792319,-0.76682764609654741,-0.57343479668100672,-0.84515266397664712,-1.0573174357414246,-1.0228563518751235,-0.818710673939098,-0.60056956991171229,-0.37663462534546854,-0.32834497532423806,-0.30233409628272057,-0.22842299139925412,-0.093061199268469438,-0.026471876112433772
-0.17676510661840439,-0.19486962258815765,-0.20414193719625473,-0.20365846902132034,-0.18377960473299027,-0.19938087463378906,-0.25140923261642456,-0.26367342472076416,-0.28058511763811111,-0.33460885286331177,-0.42126721143722534,-0.44571930666764575,-0.33621176332235336,-0.27085413038730621,-0.22865123860538006,-0.18187377601861954,-0.19730821903795004,-0.24689931904568391,-0.24613363898935772,-0.14745018242493921,-0.12316476336369912,-0.14360964337461873,-0.16944139202435812,-0.343430874699896,-0.46904572623747365,-0.24266158867367479,-0.070770726503999251,-0.5686489250510931,-0.625587819738591,-0.40035086444446016,-0.13225850876834658,-0.1914965076578988,-0.6822875476613337,-1.1692384711483068,-0.8595626611335605,-0.615786261336748,-0.44716630532191348,-0.38894887033261749,-0.29550087259661767,-0.23143984137042875,-0.13106022158573413,-0.068743177223950624
-0.18675267696380615,-0.16478550434112549,-0.19638431072235107,-0.1890624463558197,-0.18568969517946243,-0.17330557107925415,-0.21969218552112579,-0.23743003110090891,-0.24840558171272278,-0.31207285821437836,-0.38557452956835431,-0.38527287244796754,-0.28359099179506303,-0.209744768217206,-0.18391236787041029,-0.17097444552928209,-0.20693231870730719,-0.22555325925350189,-0.14936829060316087,-0.052968742192509431,-0.031262121262261647,-0.061511907749809323,-0.10747931338846684,-0.29183061846664976,-0.5720357639448983,-0.49660548845002817,-0.21667135487465808,-0.40770294006491442,-0.44016638340858311,-0.35546004951000215,-0.24598154091105171,-0.26295090119043985,-0.16961038843194237,-0.5481085495557636,-0.84394091516733172,-0.67491204463518584,-0.447905142392431,-0.38445938922263478,-0.33387011446450887,-0.23782226257026196,-0.16140375832716625,-0.073195494281557888
-0.18136965483427048,-0.1762944757938385,-0.17735911905765533,-0.18762408196926117,-0.16053234040737152,-0.15647546947002411,-0.17564065754413605,-0.17803839594125748,-0.19228177269299826,-0.28867831826210022,-0.34107189377148944,-0.32263009250164032,-0.22150953926823355,-0.18109751244386038,-0.1405476468304793,-0.1746378168463707,-0.2003068971362981,-0.17794573396444322,-0.056879200633071982,0.043442645841250419,0.075144566791622264,0.065538706088607956,-0.0450032897060737,-0.17494496158682382,-0.4016508166828463,-0.56293192282319071,-0.41562417189524781,-0.30080089378125457,-0.3573067936469132,-0.49706811982753646,-0.5889831917770838,-0.43929534116569829,-0.11516426557604323,-0.42239369485719963,-0.59784784988796968,-0.80998764991760253,-0.61430094120177359,-0.47723016142845154,-0.40419621322606059,-0.29832566933972493,-0.1654939111964456,-0.072459751188203136
-0.18412370979785919,-0.18411840498447418,-0.1665828675031662,-0.16476968675851822,-0.14306846261024475,-0.14385597407817841,-0.149574413895607,-0.15552946925163269,-0.18657108247280121,-0.26483077704906466,-0.30361456423997879,-0.26774781410183224,-0.21321330849940962,-0.16914480179548264,-0.12045236883891954,-0.15194241081674895,-0.14343772083520889,-0.0897523316865166,0.0070568569159756107,0.12251566892320459,0.14995198200146356,0.090241712907425539,-0.109796591357074,-0.18080959368396449,-0.26404385954141618,-0.32537185509617511,-0.67852383900073265,-0.644173508452386,-0.42881945396463078,-0.842616295191779,-0.98878539800643916,-0.91980418145656584,-0.83619124421659907,-0.83086408445813564,-0.94184731087594664,-1.0506015543667775,-0.86679337090916109,-0.68019634971813281,-0.51204564896496862,-0.31018050132613434,-0.17431236407719553,-0.065090365397433445
0.0,-0.1789228618144989,-0.18989279866218567,0.0,-0.14987611273924509,-0.1265152245759964,-0.11979195475578308,-0.1283314935863018,-0.16802705576022467,-0.21051385360104696,-0.22565299485410964,-0.20154472316304842,-0.18888836900393169,-0.17475911478201547,-0.13902764123949138,-0.10699393332004548,-0.063044059798121457,-0.035914591997861865,0.046414667186105533,0.158338927284435,0.17379251514107752,-0.10446743297047521,-0.40503234946512962,-0.29882282826555778,-0.24924578533197442,-0.23877575346665789,-0.52409229793331835,-0.55243606617053354,-0.62782458662986751,-0.94694393987839043,-1.1967211754425713,-1.1371163463592529,-0.97984873294830321,-0.76466469656337388,-0.69784070036628032,-0.91639346693768908,-0.99272511998812363,-0.85013963688503613,-0.6270697409143815,-0.35643006740389643,-0.16432488238548532,-0.015040443613543175
-0.19138363003730774,-0.1959986686706543,-0.19228442013263702,-0.1786133199930191,-0.16054616868495941,-0.12349080666899681,-0.0966002531349659,-0.11035178788006306,-0.12387601286172867,-0.1440438755920955,-0.14729494303464891,-0.14317016888942039,-0.16785529752572378,-0.1931355825879357,-0.14561840643485388,-0.041425822954624894,-0.01263845919906585,-0.014489289206851806,0.0016672383223114342,0.10310882094659303,-0.14073379108932141,-0.33892968583150185,-0.28535514127357486,-0.23687382737048587,-0.22649613493294626,-0.22051156357382284,-0.41169255184031078,-0.37494283844716847,-0.49711743555963039,-0.725708193946303,-1.0282007994560094,-0.94365223646163943,-0.66694709833930521,-0.42810458004474639,-0.2601286185824353,-0.32180627230444603,-0.56645358250806166,-0.86917331307492363,-0.61920294761657713,-0.32319624535739422,-0.11422429319757682,-0.00096610027755941112
-0.21696199476718903,-0.21176282316446304,0.0,-0.20280925929546356,-0.17542774975299835,-0.14162755757570267,-0.10086155124008656,-0.080982993046442672,-0.092092899978160864,-0.085916829960686822,-0.085328542441129682,-0.094648401119879308,-0.14346268773078919,-0.13823940119017725,-0.084195744734080064,-0.0062032132211077787,0.032499642135869512,0.052962861470878121,0.0048295883400561778,-0.06433349529591699,-0.0060136456005428765,-0.29667657068589837,-0.059189940243959425,0.0,0.0,0.0,0.0,-0.25062274826424463,-0.22178200444851826,-0.32447682971847647,-0.47185564897526272,-0.38481935285604918,-0.19384868060323326,-0.027918831858221652,-0.083507295079721974,-0.10960378794422505,-0.0922103164655395,-0.45580065933797786,-0.45583340334586608,-0.2327366072152342,-0.080250776986159927,0.011179830840722259
-0.23512093722820282,-0.2226221114397049,-0.21557721495628357,-0.19302518665790558,-0.17562058568000794,-0.16162308305501938,-0.1278827041387558,-0.06578094232827425,-0.033274712972342968,-0.067912098434236318,-0.075655816921166,-0.061067918847714155,-0.079538666496151378,-0.035446928803930466,0.016707435073330997,0.0497884675860405,0.069139580687750946,0.061053333465348587,0.045962237198615356,-0.083363099456099529,-0.057369671950235644,0.0,0.0,0.0,0.0,0.0,0.0,0.0,0.13548311112182482,-0.15001059409517509,-0.12919327966232277,-0.022620574601996967,0.075515603627586234,0.0505690532201599,-0.050987400570136988,-0.066887439210782121,0.0,-0.32116512283836762,-0.24594918570735239,-0.13774849440563808,-0.043017754391969545,0.021060261218937941
-0.23709133267402649,-0.21428395807743073,-0.20613236725330353,-0.19962336868047714,-0.18132004886865616,-0.17375694960355759,-0.12964924238622189,-0.050177990226075053,0.010072516859509051,-0.050869703499807253,-0.081887536037426725,-0.022258142828165243,0.035322261287977823,0.072235944680869579,0.0840721907094121,0.084377602040767663,0.059597822872024996,-0.031656077480405539,-0.0055371930615769494,-0.02978496177092893,-0.083353106666243432,0.0,0.0,0.0,0.0,0.0,0.0,0.0,0.0,0.0,-0.028210671053134968,-0.10318714848363998,-0.15029129156699547,-0.12260540677855412,-0.10918498212905754,-0.091322457045316691,0.0,-0.0022096844743294962,-0.093669929073176117,-0.089981546674511928,-0.057957029862639807,-0.0348354250584778
-0.21343965828418732,-0.17868554592132568,-0.17910903692245483,-0.1626558949549993,-0.16639069467782974,-0.15104267373681068,-0.10386828705668449,-0.02423235393750171,0.023559033870697021,-0.021171838754805952,-0.028866563998495361,0.024751811349035605,0.099118099547922611,0.13605515091192155,0.13722904771566391,0.11097212365040413,0.017510869561832537,-0.072724856981417021,-0.011369984713383019,-0.15995420215334347,-0.055840454995632172,0.0,0.0,0.0,0.0,0.0,0.0,0.0,0.0,0.0,0.0,0.0,0.0,0.0,0.0,0.0,-0.0701216273009777,0.034629845899500244,-0.035689693145212337,-0.10947400686832574,-0.11066278914610545,-0.10753268366189379
-0.17107030749320984,-0.13486777991056442,-0.12188005074858666,-0.10790947079658508,-0.11785004784663518,-0.10864193737506867,-0.070635919769605,0.014214537141378969,0.033351145152534754,0.0091175506061587763,0.043063397953907651,0.075905178806611476,0.11619651849780764,0.16141761243343353,0.16750807190934816,0.10594356024207977,-0.0032935609424384893,-0.028180987788039413,-0.020151556043182844,0.025088625354692341,0.0,0.0,0.0,0.0,0.0,0.0,0.0,0.0,0.0,0.0,0.0,0.0,0.0,0.0,0.0,0.0,-0.063234345971042633,-0.081692470068281342,-0.17888946474894232,-0.20355676283251564,-0.18145965513857928,-0.18620325790511239
-0.12930170819163322,-0.11490588635206223,-0.086330071091651916,-0.081468481570482254,-0.060276690870523453,-0.040185187011957169,0.0015397266484797,0.0643512912094593,0.068107475837071732,0.0504176734158626,0.09882352980119842,0.13423373193844504,0.14632382301183847,0.14331788569688797,0.15162765979766846,0.12785602068262442,-0.014047030053500617,0.013396521299064421,0.052789244460545157,-0.011518021643435154,0.0,0.0,0.0,0.0,0.0,0.0,0.0,0.0,0.0,0.0,0.0,0.0,0.0,0.0,0.0,0.0,-0.09806362252112287,-0.20812579133623355,-0.32835266595346885,-0.31421550984183949,-0.26824885681271554,-0.25128284006407764
-0.075977735221385956,-0.058861898258328438,-0.053439291194081306,-0.056670317426323891,-0.032445727847516537,-8.5735227912664413E-05,0.048531339503824711,0.087243677427371338,0.098478598520159721,0.10013633966445923,0.14276840021977058,0.16981533695669734,0.15213413909077644,0.12353848204726264,0.11985297687351704,0.13458025678992272,0.068973278782020017,0.028328808885830305,0.074682613274083723,-0.031404373794794084,0.0,0.0,0.0,0.0,0.0,0.0,0.0,0.0,0.0,0.0,0.0,0.0,0.0,0.0,0.0,0.0,-0.137774327686202,-0.26131192002540982,-0.42566273733973503,-0.41160200834274291,-0.35796194641213669,-0.30334254467126093
0.0065313949016854167,0.0,-0.025121258571743965,-0.050856670364737511,-0.040958086028695107,0.014811049855779856,0.059047488495707512,0.078879858056704208,0.10153617585698764,0.13207183685153723,0.15984675412376723,0.15950328012307485,0.14824480377137661,0.13543232902884483,0.11372338751187691,0.09990164925975184,0.09050717677285032,0.072431590207802349,0.041452891730454446,-0.021086657419800758,0.0,0.0,0.0,0.0,0.0,0.0,0.0,0.0,0.0,0.0,0.0,0.0,0.0,0.0,0.0,-0.04113537554318706,-0.1094183515216727,-0.21044895460208257,-0.37591336065760028,-0.42903476489914788,-0.40618956411207047,-0.34047509450465441
0.038892639800906181,0.010482304263859987,-0.0006075577693991363,-0.05768061988055706,-0.061122758314013481,-0.027902383357286453,0.02581949233232687,0.0516306608915329,0.0976013895124197,0.17057386785745621,0.17446122815211615,0.14707561433315278,0.16299295146018267,0.17435959043602148,0.11908675829569498,0.0600557483492359,0.063419447668517634,0.086314510114080326,0.042094950012360924,0.0,0.0,0.0,0.0,0.0,0.0,0.0,0.0,0.0,0.0,0.0,0.0,0.0,0.0,0.0,0.0,0.062622234225273132,-0.012027649203013252,-0.044306945863999192,-0.17364342975318167,-0.33497263078993939,-0.37534493803977964,-0.33343033244212467
