SouthSea_Web/demo/jsonfile/2017-12-16-06.json
{"header": {"parameterUnit":"m.s-1","parameterNumber":2,"dx":0.1,"dy":0.1,"parameterNumberName":"Eastward current","la1":29.0,"la2":12.0,"parameterCategory":2,"lo2":131.0,"nx":250,"ny":171,"refTime":"2017-12-16T06:00:00","lo1":106.0}, "data":
[rows 57 to 75 of 171, columns 84 to 125 of 250]
0.0,0.0,0.0,0.0,0.0,0.0,0.0,0.0,0.0,0.0,0.0,0.0,0.0,0.0,0.0,0.0,0.0,0.0,0.0,0.0,0.0,0.0,-0.13756186061353615,-0.25963488293096193,-0.10008463260085511,-0.17815926296095694,-0.31782002397107356,-0.512245774269104,-0.41883447602039248,-0.37369903961817424,-0.34595266566043947,-0.3946543569500382,-0.47510161995887756,-0.51276120288031446,-0.55793117455073771,-0.63944734488764121,-0.60070910387569,-0.57686189214388528,-0.52071293443441391,-0.45827044629388386,-0.43454881736210416,-0.46728219949837885
0.0,0.0,0.0,0.0,0.0,0.0,0.0,0.0,0.0,0.0,0.0,0.0,0.0,0.0,0.0,0.0,0.0,0.0,0.0,0.0,0.0,0.0,-0.038611953118842475,-0.2039459733846819,-0.28092614073800209,-0.26520425749236137,-0.31767932817621053,-0.32463393157178705,-0.3765283962411265,-0.33645122498273849,-0.32081731728145052,-0.38766480314320534,-0.469026632381208,-0.49925058980782827,-0.58462759164663458,-0.61804527044296265,-0.62639035628392148,-0.52708666744055577,-0.55318171318088261,-0.52157743672529855,-0.47420577108860018,-0.40673169301402184
0.0,0.0,0.0,0.0,0.0,0.0,0.0,0.0,0.0,0.0,0.0,0.0,0.0,0.0,0.0,0.0,0.0,0.0,0.0,0.0,0.0,0.012754095951095223,-0.11275845682785775,-0.24064076133072376,-0.34472672719704478,-0.305457679791884,-0.27973215707710813,-0.28896018055578071,-0.29623459614053066,-0.30659042194832203,-0.31487478360985266,-0.37349980973428293,-0.44766541889735628,-0.4976008892059326,-0.55406334698200221,-0.5802148083845774,-0.49021148681640625,-0.49679779464548285,-0.47498092703197314,-0.4722359490394592,-0.52467111670053923,-0.57496753114241139
0.0,0.0,0.0,0.0,0.0,0.0,0.0,0.0,0.0,0.0,0.0,0.0,0.0,0.0,0.0,0.0,0.0,0.0,0.0,-0.085791246965527534,0.0,-0.20047047444515759,-0.14099217348942353,-0.24323560463057625,-0.22629592739618742,-0.22886509835720062,-0.25358262784937596,-0.26164021160867479,-0.28099532461747889,-0.31621563103463912,-0.31371155792269212,-0.36834848459277836,-0.4234897383937129,-0.43719804675682733,-0.46258604857656693,-0.53551672634325531,-0.57018857035372,-0.28015639757116634,-0.38072864876853096,-0.32574251732405496,-0.4588851411091654,-0.53186854869127276
0.0,0.0,0.0,0.0,0.0,0.0,0.0,0.0,0.0,0.029803618639446052,0.0,0.0,-0.022788174563749253,-0.015026489668525756,0.0,0.0,0.0,0.0,-0.0959034777177663,-0.15322889744993148,-0.31798762083053589,-0.36592350313897992,-0.24973550770017836,-0.20547243097314127,-0.20926115737885845,-0.23174873471260071,-0.24790211749631305,-0.267448018963744,-0.28265726400746238,-0.30539573503263068,-0.31222286930790655,-0.31808102786540987,-0.3422484370795163,-0.355678549179664,-0.40617915300222546,-0.41309788593879115,-0.52177169106223364,-0.37213053368031979,-0.16332537134488423,-0.19036721140146257,-0.185215687379241,-0.089735245157498866
0.0,0.0,-0.019681232050061226,-0.0046148168962044673,-0.015472121576898992,-0.0016752908230670193,-0.011083602078175566,-0.0043565185935121875,0.012083203722753847,0.055654117604257612,0.095217859929798879,-0.04722744005266577,-0.055757828974830254,-0.048259589202316093,-0.035647934643202463,-0.11684885984047866,-0.11606035076203894,-0.18550860031973571,-0.14539449661970139,-0.19367763077219327,-0.25186082462851817,-0.24750527822309071,-0.22037322978888238,-0.23216155290603638,-0.25088571012020111,-0.27762007945113709,-0.27829050693822943,-0.26979534245199627,-0.31820271063495326,-0.308524880678423,-0.25155165901890508,-0.2209833562374115,-0.21146699172608993,-0.26448500156402588,-0.34555932879447937,-0.32639485326680268,-0.34733637083660474,-0.42545347784956294,-0.33408880978822708,-0.10094398509880359,-0.0058776635809668475,0.031839711669211589
0.0,-0.016447671758079971,-0.017454555352226619,0.0005788620770639587,0.0,0.015096467558372054,-0.0096515276036079744,0.0099429682572596129,-0.0026348101740150437,-0.027503271618997564,-0.11159781659847465,-0.079022635141331135,-0.051529766754083259,-0.15973020187682577,-0.21088731847703457,-0.17666025056702192,-0.15957290602141414,-0.14954297584399842,-0.1461668413197785,-0.17990904889608683,-0.2167662818122793,-0.24234316674145787,-0.2653665504619187,-0.29414476658783706,-0.28620965468386811,-0.28024343604391272,-0.29531104117631912,-0.32383983191989718,-0.3029538695426548,-0.25747348819718219,-0.19626177790073249,-0.16488471982024966,-0.15078355837613344,-0.13992667032612693,-0.14112828150391579,-0.18468715716153383,-0.36752635406123269,-0.31459609998597038,-0.21378025561571121,-0.28909167150656384,-0.27186212771468693,-0.1982928030192852
-0.011831325438275182,-0.0075510368120043315,-0.011597030957206947,-0.016185275404166442,-0.029920474430985108,-0.032749794741129719,-0.026752821581344805,-0.049454992899865463,-0.0693402911570889,-0.098867393125897471,-0.14926226545920532,-0.17927637526098592,-0.24386143774153238,-0.27283371023593411,-0.2687301127637019,-0.24040283864004569,-0.23377882019948151,-0.25009353350509295,-0.23676317145949916,-0.22787981101295404,-0.24858190172484942,-0.26332208376239846,-0.29534655322833936,-0.31355251037344639,-0.30792934536933897,-0.30943461401121958,-0.3003413284366781,-0.22904054617339914,-0.195847539525283,-0.16706041701965863,-0.14968020071585972,-0.14064891388018927,-0.11251325905323029,-0.10661552686776434,-0.092069869395345449,-0.13071214088371821,-0.15373002458363771,-0.30135694146156311,-0.30161963899930316,-0.25382902792521883,-0.32468259334564209,-0.44816234282084871
-0.066528912565693057,-0.039129405625539626,-0.030572330613942319,-0.048856387991691008,-0.0661852304940616,-0.11000088595013802,-0.12277362114468286,-0.1529492297239842,-0.1495402112346271,-0.16057492615812916,-0.22179659515146225,-0.272934885805144,-0.315714965560543,-0.34191282698884606,-0.3670922361188016,-0.36882448254847061,-0.37712980254932688,-0.41514158580038285,-0.368724618174813,-0.37467441667209972,-0.36567294776439668,-0.33803320718261431,-0.3507217741929568,-0.31938861338597424,-0.29365891218185425,-0.28088733709106845,-0.23758739788158267,-0.20512819817910591,-0.1524716877275043,-0.14124171876094557,-0.13538096845149994,-0.13511404767632484,-0.15359156675960706,-0.12869669158350339,-0.15807346813380718,-0.19290458304541452,-0.19009103732449667,-0.26893767962853116,-0.36289674540360767,-0.42978356778621674,-0.4548263967037201,-0.5413573810032436
-0.072769881717995422,-0.079224117200596841,-0.044562134816305977,-0.086463031861843634,-0.15714380217175331,-0.18434559162390435,-0.22962226942181588,-0.24383183651500279,-0.24708245979512439,-0.21996984335165176,-0.24075405479505144,-0.30286145210266113,-0.36280559147557906,-0.43475152941850514,-0.48094436885981723,-0.48310569958253341,-0.48389919449885688,-0.48393622253622326,-0.47401768796973759,-0.4374281281774694,-0.42717305556783136,-0.39339409357514876,-0.38054340025957895,-0.32301409084063309,-0.29928494133847827,-0.25043684304976949,-0.23838594486547071,-0.20053484673435623,-0.1982036679983139,-0.20088782523359572,-0.20882285812071391,-0.19398971579291605,-0.21878300027714837,-0.23305626745734895,-0.20999511331319809,-0.22967458835669927,-0.25304840132594109,-0.30600373234067646,-0.37418134297643391,-0.41329950839281082,-0.4276178280512492,-0.48940862218538922
-0.058981752187203,-0.086127509433095176,-0.11842408392465476,-0.15660104670507066,-0.19989331571732538,-0.25431339087940397,-0.31052902290376566,-0.30664479633172353,-0.31296544305739865,-0.29066963078545743,-0.231167076031367,-0.24727881426612536,-0.37885696150488773,-0.46004455057638033,-0.40729168382557956,-0.37143775434405718,-0.36451544302205247,-0.367789520292866,-0.41298403418981111,-0.39031662017691371,-0.37093297376924633,-0.34519364152635845,-0.32867159379853145,-0.31135159425246411,-0.29303817123901554,-0.264248098220144,-0.24447798683787836,-0.21748829686215945,-0.22892254975534254,-0.2246323259813445,-0.23273609254671179,-0.23898421033569003,-0.26918232205666992,-0.30771996776262917,-0.31350114253851086,-0.29007753398683334,-0.26934639612833661,-0.2640547066926956,-0.28011012077331543,-0.31800133983294171,-0.281186580657959,-0.33660998344421389
-0.114413713957237,-0.14165027628102936,-0.1639514687574572,-0.21923275856357632,-0.26414295420294903,-0.28670950380505106,-0.34700400329061915,-0.38682770830089763,-0.38571911407452003,-0.34355934820276623,-0.30538327826393974,-0.26368960896705057,-0.258118291075031,-0.24392443682466233,-0.22497141614873359,-0.21012121977077591,-0.21289163194596766,-0.22646264535816094,-0.25661650783306844,-0.275919405903135,-0.27211720627896924,-0.2809156128205359,-0.27108825693527855,-0.30557605669353949,-0.28739937660949572,-0.28772240260551718,-0.27513562994343893,-0.25657897470174013,-0.23262315190264157,-0.21927877950171629,-0.22644650420317283,-0.22148594498634339,-0.24215062558650971,-0.29320534436326279,-0.295660342161472,-0.28298884901133453,-0.21373230591416359,-0.2061911736215864,-0.18018328227723637,-0.11629281402565539,-0.075437366031110287,-0.16746223857626319
-0.21767204984872027,-0.19171354035536448,-0.21092453081574705,-0.31688555980485583,-0.36870984286069869,-0.38334915303347405,-0.40863235755400223,-0.43709362071493396,-0.4345059206611232,-0.41514390293094849,-0.3914025696841153,-0.34896244760602713,-0.30191727379957833,-0.25239965987616569,-0.19209024409453074,-0.17110364990574972,-0.15514699035677418,-0.14398031323044389,-0.15017410580601012,-0.17439584753343038,-0.17674662864633969,-0.14743843195693834,-0.14097557230680077,-0.19914506067489757,-0.24010662963757148,-0.24115466899596727,-0.26118741653583666,-0.27154906677163165,-0.19189651917528222,-0.17414085473865271,-0.19359689635726121,-0.2413293793797493,-0.23535048606849851,-0.3617427796125412,-0.42332936034483071,-0.36663761238257092,-0.20381934195756912,-0.11133121512830257,-0.0092514295300299473,0.067273599857633759,0.043135051615536213,-0.013110344098614795
-0.29547553042570751,-0.21463122691067171,-0.21776727827325945,-0.33246481598451222,-0.39165760021583707,-0.42107040591018147,-0.42011506092257617,-0.42842899660269418,-0.42201933649278456,-0.41410418067659649,-0.39690027236938474,-0.36635169386863708,-0.32307025238319681,-0.26377885272869694,-0.20141382396221161,-0.17547735342612633,-0.18532290043575422,-0.18309130519628525,-0.14010879086951414,-0.10882703268102237,-0.10998944303503742,-0.075948777966774433,-0.025093197576307621,-0.013908045147008333,-0.0879779549847756,-0.19081479277123103,-0.15543788804539613,-0.18262165740132333,-0.077587150950701192,-0.075765325363887387,-0.23267085655875827,-0.29214318220814067,-0.38310715698060538,-0.55167730544742788,-0.42059598437377382,-0.322828863064448,-0.1686377520672977,-0.042969509780120388,-0.011976824823977949,0.010315516711367915,-0.020717694372352626,-0.024911642540246248
-0.36216699098473165,-0.31994739343081752,-0.2461977714011746,-0.23694494552910328,-0.24888680510374964,-0.27973534933158328,-0.3125642869741686,-0.31572202179167008,-0.30809687077999115,-0.27253785041662365,-0.23686119971367028,-0.19252165249333933,-0.194325023197702,-0.20656070199150306,-0.17514155006834439,-0.14825332766542068,-0.1662389487028122,-0.20336152099329849,-0.1694941309094429,-0.077960190363228321,-0.037587239806141169,-0.05022316226469619,-0.067560671229979816,-0.053743058044848774,-0.073029540545706234,-0.16852401224551378,-0.11321652032158992,0.023702667732895526,-0.0024183199633485996,-0.17013234155321563,-0.27298005331646313,-0.21956097060128263,-0.29157477225127976,-0.341288932495647,-0.31577543388394747,-0.3343711118487751,-0.15056701837217107,-0.015282006566657833,0.004411676708100872,-0.034084737533703446,-0.041154785826802251,0.050893441354855892
-0.29615544821276807,-0.35635422757177643,-0.35459681351979572,-0.32747573876867486,-0.2712450222327159,-0.22849212058128848,-0.21319141066991365,-0.19621088470403963,-0.15495699754467718,-0.086513481959700586,-0.028047623285264882,0.02175136788103443,0.02391253849280725,-0.044221886191800355,-0.089111910600747385,-0.092346938060862679,-0.15337553148468336,-0.23262939627828269,-0.17197145720322926,-0.082806799817701865,-0.063489388009267192,-0.055993673453728361,-0.11700530704110861,-0.17247731291822024,-0.20031551903847492,-0.18709958397916385,-0.041170726743012927,0.022942322916511833,-0.096189775101195737,-0.17409134987327787,-0.1937299482524395,-0.083415343686938287,-0.069652309597586282,-0.12528777832076662,-0.27505450264403697,-0.34885892447303324,-0.22387614697217942,-0.092235215380787855,-0.077960869424383752,-0.11128730373457074,-0.023253037656943958,0.080822194202078715
-0.20335270944288222,-0.21049670092130113,-0.26622419461371405,-0.29002141369425732,-0.28047268816402982,-0.25448878109455109,-0.22363882511854172,-0.18797804746362898,-0.13764524406620435,-0.092645325042583326,-0.060501432710292714,-0.018173863124012805,-0.014291572537331376,-0.024840275482607206,-0.025368377357592869,-0.11603648239566435,-0.22558465034797273,-0.20828546538497461,-0.19942159904167056,-0.14095625467598438,-0.0938539863564074,-0.15319917243764256,-0.23168180286884307,-0.20783106937552942,-0.11344854005922873,-0.05322445912117308,-0.057457624818198383,-0.13465084772906266,-0.25624827578149995,-0.16642013937234879,-0.072956290046152256,0.043734119455937456,-0.036645927405713694,-0.15592828392982483,-0.27322654780887423,-0.29836327901908327,-0.2085821827252706,-0.17911193072795867,-0.21160331144928932,-0.18906474651561844,-0.052077804944322757,0.043609002605080605
-0.22325295548547397,-0.1911805327291842,-0.14832898389015878,-0.11177891533117036,-0.12123371713927814,-0.12194562941789627,-0.12255494206629951,-0.10994602569068472,-0.10798223789494771,-0.14582871480120552,-0.19125942554738787,-0.15863336956706539,-0.11701573112181254,-0.037871643369491663,-0.079866586276330059,-0.20334013599541881,-0.24275471828877926,-0.27285874535640081,-0.13466998841260758,-0.1390614121272746,-0.2763567922843827,-0.34112012111826945,-0.35861460343003271,-0.23713145495914831,-0.12667123711592443,-0.18795614326145591,-0.18382049372626674,-0.30431599827373729,-0.31723622714771943,-0.27632393251205312,-0.10535737211366408,-0.073631918125708282,-0.18786353245377541,-0.27979984045028689,-0.2911363151811418,-0.28904094636440275,-0.24770460100401015,-0.27314656734466553,-0.33936191011558881,-0.2641799489657084,-0.12741027027368546,0.0094053963072259321
-0.28644600469205117,-0.24668332851595348,-0.19643570192986065,-0.13194116627176603,-0.08083222832145362,-0.050427453815937044,-0.024556676740758121,0.013235135425347835,-0.016049688607121686,-0.098304403462895637,-0.18328889573995882,-0.18772149342915107,-0.11733381522278633,-0.10593975649680942,-0.150517285110489,-0.21249113891805921,-0.25341588465703857,-0.13915303787216543,-0.078954980046200079,-0.22010839127358936,-0.32203421065973681,-0.36211936738755968,-0.44627439610812131,-0.30443929309068724,-0.17678777853700708,-0.021454706938432839,-0.014486288145670424,-0.20091395389016081,-0.4324376744193,-0.38382148426590545,-0.17523627992599242,-0.15575829919959819,-0.11338333413004875,-0.10960407619579481,-0.19601452953758694,-0.2725508856502446,-0.30447373456425136,-0.36680495614806813,-0.36821466982364653,-0.2867477172985673,-0.16736789563527474,-0.045590178279036823
