SouthSea_Web/demo/jsonfile/2017-12-15-19.json
{"header": {"parameterUnit":"m.s-1","parameterNumber":2,"dx":0.1,"dy":0.1,"parameterNumberName":"Eastward current","la1":29.0,"la2":12.0,"parameterCategory":2,"lo2":131.0,"nx":250,"ny":171,"refTime":"2017-12-15T19:01:52.5","lo1":106.0}, "data":
[rows 76 to 94 of 171, columns 42 to 83 of 250]
0.0,0.0,0.017595536146087176,0.0,-0.021135975092061256,0.016104061673249816,0.0324926920947744,0.06054071380538855,0.073957707313820717,0.059694364991089231,0.020765662256915635,0.090741489397016234,0.070820207837116442,0.0866634472211202,0.034357270886763359,-0.013218419824465456,-0.095988837098912719,-0.092235435762753087,-0.046911051160976533,-0.11891142017059568,-0.1353276064246893,-0.28019756939676072,-0.28093887262799766,-0.29939581799334375,-0.30840957669111396,-0.30658533407458616,-0.21092811280834503,-0.12601237893104553,-0.11126317288125714,-0.11363834395246991,-0.12955828364622796,-0.15498895715858976,-0.15661993699854818,-0.1637262313042657,-0.17185863599938861,-0.1614852057149013,-0.12826938247471525,-0.082005527565034764,-0.043181296759285032,0.0013719266698433038,1.3007277630094905E-05,-0.013821858018937131
0.0,0.0,-0.024180175530646882,-0.059655557571320308,0.036371126255955191,0.032617071118908381,0.06248682488918985,0.11885722733062247,0.1214337542101189,0.12429275643934898,0.14473314111938282,0.10174402011824506,0.046380999612405764,0.00464864352834411,-0.045322094082099494,-0.02881518247324908,-0.26167872913857371,-0.29716733426360759,-0.14111628028894624,-0.0643017953088929,-0.052154917121109014,-0.09906502248486504,-0.13665528832511467,-0.12760614270149773,-0.1083262240735151,-0.080888059104864407,-0.062199033272918314,-0.070346506037673,-0.10066716421823033,-0.11126939306656519,-0.15467336388497516,-0.17943502341707548,-0.16458582691848278,-0.1790384758602489,-0.17474799652894338,-0.18787215736049873,-0.16993231219904764,-0.11744301145275433,-0.069340645335614681,-0.023843837158185326,0.016933255881491686,0.041094643577676393
0.0,0.0,-0.083419913711471352,-0.061809231396013888,0.19462025217763504,0.12714464931975034,0.096590493788773366,0.0965150866578234,0.094245225191116333,0.0791845475251858,0.061316427464286484,0.010551701382999974,-0.034852878058639666,-0.16715703114610295,-0.20155861569663225,-0.074379593050839646,-0.078215343042694285,-0.26038820596952594,-0.26682931954662004,-0.18392640036163907,-0.12049696154770304,-0.058909097816936221,-0.10130077513167635,-0.13422550186514853,-0.12070088088512421,-0.10571642606346696,-0.098594806294460768,-0.075064672349855824,-0.10036050110009678,-0.11103664325960612,-0.15302657791309887,-0.0919541357401407,-0.0933516317835221,-0.0843398297592154,-0.080703997653391632,-0.092856563281181248,-0.10149691496044397,-0.096497452742344628,-0.10201284935077032,-0.083054640480587555,-0.035097010316219111,-0.029921843743068166
-0.03516302990971746,-0.049356372296127424,0.16579700251986076,0.18244726987746943,0.20032055265457732,0.13773577787682542,0.09901945375733906,0.082259313626722855,0.060954452823784394,0.051781296272272778,0.0024017221723501648,-0.048779698414728047,-0.0807057937954442,-0.033860439251709194,-0.16086597613009093,-0.19343477153572544,-0.15103049091994764,-0.15805815979838372,-0.16502911731845044,-0.13098495530671087,-0.10532371821950694,-0.0930650931750906,-0.094701594278468929,-0.14160200686387295,-0.11213652342557907,-0.12657282694146552,-0.1312524749422973,-0.10219650858869919,-0.094130587636255744,-0.082538704574108127,-0.091050125982450408,-0.075210997462272638,-0.048936755611346319,-0.049619726184755561,-0.024972362709896907,-0.040105912505703813,-0.05149282763401667,-0.044467343257800225,-0.046844741136863315,-0.066109356555071747,-0.073721937421295375,-0.0626787703346323
-0.06588672093011097,-0.18834647201001645,0.16059552366827049,0.073440668341077736,0.17307653299721529,0.18267079279953694,0.089685195436080292,0.068485890418804929,0.033878700464571775,0.0017106613969051483,-0.070905758134488545,-0.090869127820103854,-0.084432827109204869,-0.11852354611511584,-0.13715128722738046,-0.1717433123184102,-0.19096887502513948,-0.19056714843895475,-0.17261296883225441,-0.15825117871922961,-0.15626667902387423,-0.099101530654089789,-0.074143479486890873,-0.06512327722095429,-0.095960833294236145,-0.098874253069245535,-0.096270318329334262,-0.11530399000780149,-0.10506149665230796,-0.079868157394230366,-0.093301024484006984,-0.0852359655416674,-0.078865031985675585,-0.068946901588670673,-0.050185217972724669,-0.047858892008662224,-0.069108650088310242,-0.10190555037787327,-0.1000393660808051,-0.10941251596579185,-0.15012967145001446,-0.17231258004903793
0.31423170415810042,0.50857248382241116,0.49757226243017966,0.37270799169642305,0.25292978831453844,0.13612886802538446,0.087633347404854636,0.048342995590677389,-0.012727715730371918,-0.033619445693379234,-0.087925746058255941,-0.14486899156615418,-0.13671990364257777,-0.15995879007167504,-0.1942172895731597,-0.18221374874313673,-0.19606332977612814,-0.20190452943082715,-0.19609925909000531,-0.17370405666908975,-0.13606666525204977,-0.1306455133939689,-0.086304675089195371,-0.0829148678375142,-0.11190877606471379,-0.087156017948138084,-0.10937834433034847,-0.11368710389643004,-0.12141807900892722,-0.10605787124597665,-0.096454579848796129,-0.10955796833150089,-0.092777046920924353,-0.091638001111837536,-0.10230797662266664,-0.11047179886588344,-0.10147655848413706,-0.11280129104852676,-0.16785993095901278,-0.22261312752962112,-0.20689819351984903,-0.19172726571559906
0.0,0.25579066077868146,0.27933300720508564,0.38047873426567425,0.48566109834507826,0.32516456167948876,0.13739292460183303,0.033711748059723892,-0.059718961104879092,-0.060414185747504234,-0.063197255728702093,-0.12330408754448095,-0.1724477950799263,-0.17881230290593772,-0.18135006005565327,-0.19145371875277273,-0.19320019976846103,-0.19348962361162359,-0.1756263369763339,-0.16890447628947924,-0.15615160367926773,-0.12607342393501944,-0.11513966417465454,-0.088325529226234975,-0.096902908866896342,-0.082946821595683243,-0.092460264536467468,-0.0953241487344106,-0.1161939154068629,-0.11290802944589544,-0.1295814296161687,-0.12494825199246407,-0.12963376423487297,-0.1428740993142128,-0.13438397127649057,-0.14474770371560697,-0.18862644812235466,-0.21986509084701539,-0.22070461618048803,-0.21685808539390564,-0.2133416049182415,-0.176268615104534
0.0,0.0718008223745084,0.21832260465617992,0.23852318955601942,0.332713601065845,0.35909367288861954,0.19282644103139135,0.044900147734941651,-0.098201073967573937,-0.1130299127564348,-0.1249525626584635,-0.13099080516860404,-0.14232877214423945,-0.16137402256329855,-0.20176884585193225,-0.18419471941888332,-0.17686376312993607,-0.18876607845658841,-0.18353638884633086,-0.17135584917333391,-0.18004259183293297,-0.15034739936099334,-0.15662962062792343,-0.14303816493068422,-0.12800612896680833,-0.13851213405529658,-0.14415411214376317,-0.14128709969849423,-0.12121386715659389,-0.12100694930324188,-0.13029960600229409,-0.13654875848442316,-0.14031102987272398,-0.15454610379842612,-0.16860222128721383,-0.2207954317331314,-0.2472343805890817,-0.2347632572054863,-0.19941545490707671,-0.17527745829688179,-0.25780174709283388,-0.295626668466462
0.0,0.0,0.026987403009700914,0.17856756563976439,0.13663817596437486,0.14444757704659711,0.1205967986905897,0.077095890713583984,-0.079747730835030478,-0.10309800036972569,-0.14795396550268422,-0.17439705342577214,-0.17991948265720298,-0.17994842485145288,-0.1816296809911728,-0.19522397849294876,-0.18580398282834462,-0.19717451356924498,-0.19496533109082115,-0.18400953420334393,-0.1919070030703689,-0.17953246495416086,-0.17516361793567395,-0.16026751484189714,-0.15065247246197291,-0.14663828357502265,-0.16918182432651518,-0.17325875965448526,-0.17517655686690256,-0.14998850111777967,-0.14758536162284705,-0.1499870247565783,-0.14602288355429968,-0.15757565457245398,-0.21031692452155626,-0.23651068371075851,-0.21141728586875475,-0.20852610528469084,-0.2374560491492351,-0.26860813231303776,-0.32907693833112717,-0.39817353444440023
0.0,0.0,0.0,-0.028261797163738972,0.032168890154627754,-0.046014431267822682,-0.043287312750107221,-0.024566278189525639,-0.077447121722563614,-0.10999602043340283,-0.16471128245549543,-0.17846551289161047,-0.1813187441047357,-0.19247902409974918,-0.18523150172672773,-0.20330542284581396,-0.22253335126348445,-0.20815775114478488,-0.23094331704337021,-0.22449905759301678,-0.21123797198136649,-0.21177635038340534,-0.22038644666855151,-0.22392288480813688,-0.20739857494831085,-0.171743332193448,-0.15983264492108271,-0.16795858085155488,-0.166979954792903,-0.18341890275478362,-0.20048213979372612,-0.21632409038452002,-0.24014588044239923,-0.24316932371369116,-0.20443530867879206,-0.1354234787049117,-0.14286638961897957,-0.21743664890527725,-0.32044268537450721,-0.38877866589106047,-0.41185871618134634,-0.45075968865837368
0.0,0.0,0.0,0.06143182154152204,-0.019177466798025896,-0.18487020912032356,-0.26177057308388185,-0.23260505587221628,-0.12629992899795373,-0.13732306659221649,-0.13784550816293748,-0.16755697186346408,-0.17634062739935788,-0.18519960492849349,-0.20136944792772593,-0.23070288743033554,-0.21929114659627277,-0.250844982954172,-0.26319387927651405,-0.22491339732099464,-0.23584029016395411,-0.2494707202911377,-0.21065142431429454,-0.18293125497607085,-0.18576281159012406,-0.17741295337677002,-0.17065629106143426,-0.18845859685769448,-0.22097043979626435,-0.26809060683956853,-0.27479118681870973,-0.233297895353574,-0.17243212075145156,-0.12169311802696299,-0.0924658692841019,-0.13041427522897719,-0.193182067738639,-0.27717765649923909,-0.39610328387331079,-0.46542924642562866,-0.52148773148655891,-0.49342584077801022
0.19854229109154808,0.13279266318242097,-0.23251899968140191,-0.33405495826232556,-0.33706047510975723,-0.47274076029220047,-0.46290191363256711,-0.36733841494228064,-0.27510073710055577,-0.18393087993233892,-0.15664184747035043,-0.144831218409772,-0.14092103782154264,-0.17062562150614602,-0.22161248614711146,-0.24404425173997879,-0.24632905796170235,-0.253161135647032,-0.26759280722874862,-0.25255512102292133,-0.24045479084764207,-0.21442963068301862,-0.19155007121818407,-0.14749908655881883,-0.15439436474332102,-0.19446138799190521,-0.2252540240685145,-0.27512498255129214,-0.28542200991740596,-0.25329837589352217,-0.21664912557160412,-0.1556435160871063,-0.13395073294639587,-0.1806155712558673,-0.21079693791958,-0.27189517979110989,-0.36558173482234663,-0.44698862897025216,-0.49656620621681213,-0.52844722825905377,-0.52675994458021946,-0.47185953526661312
-0.26932842447188443,-0.38940460724334647,-0.44322043148423335,-0.47137788885334386,-0.47466118439371069,-0.32052524861655313,-0.39038765188125729,-0.40215393578684006,-0.29580217795293839,-0.18504301055532987,-0.15222109081568541,-0.14044324966037974,-0.15555797652764755,-0.19178005668424791,-0.19968510998619926,-0.24841073001253194,-0.2815254038343063,-0.27341142738306962,-0.26608526375558639,-0.24032153078803309,-0.2557841644242958,-0.27327876112290789,-0.25744033764515606,-0.22133153557777405,-0.18741521735986075,-0.18723113089799881,-0.26409455195621206,-0.29439346263041866,-0.23029329324210132,-0.17068815124886377,-0.14620453807023856,-0.17758150674678661,-0.19897228203437947,-0.27278889991618971,-0.38922789472120778,-0.46479635000228881,-0.54963833607476331,-0.54229538083076478,-0.51823215904059239,-0.46964969933032991,-0.41099362419201779,-0.45481397899297565
-0.026479113909355815,0.11139654688051213,0.25736682527229066,0.15260277327031033,0.13728333179298918,-0.055640801255192072,-0.19394599716179073,-0.28417359854354235,-0.22289391064037711,-0.16986128808029236,-0.15271889338535921,-0.15093372620287396,-0.15872781843908371,-0.20648397008577982,-0.22402140553350802,-0.2787335216999054,-0.32927882781735174,-0.31690723896026612,-0.30304724419558488,-0.29063128147806438,-0.25766674908144133,-0.17592023037098073,-0.11981903947889805,-0.12070144446832794,-0.16254815348872431,-0.25387189250725967,-0.30057436614124861,-0.27590316975558243,-0.17669972863334876,-0.12026912823319436,-0.084640240695859709,-0.15001361927500478,-0.28537446375076586,-0.3295512230231844,-0.43821910482186538,-0.53399241543733156,-0.52795319159825638,-0.4972257685661316,-0.45141472724767834,-0.47960663972229794,-0.50368903921200681,-0.539099494261401
0.25470956414937973,0.074130989990519813,0.21808001399040222,0.12067743422503167,0.020164125514803177,0.0,-0.044541005526154642,-0.12732077991081911,-0.13461060071500788,-0.10777651801705361,-0.17027816142548213,-0.17312240047114236,-0.15872593543359212,-0.23106674477458,-0.25936105315174374,-0.27337301445418388,-0.29294179431323347,-0.27768067244825689,-0.2964196143479183,-0.26191262181462915,-0.201975522769822,-0.15993819385766983,-0.16099976388544873,-0.18967492505908012,-0.22753246488242312,-0.34162532050034095,-0.29848319568015913,-0.15454849931928846,-0.076672257534388832,-0.048977028005398236,-0.09410566077740104,-0.2161414009332657,-0.29089063074853683,-0.42360334297021229,-0.53396382125524378,-0.58817470515215842,-0.53987354040145874,-0.51970668882131577,-0.47205113481592248,-0.4732556828746089,-0.50293345352013907,-0.47893120527267458
0.0,0.0,0.0,0.0,-0.0041648096348917869,0.0,0.0,0.0,-0.065517948725826891,-0.18001518567854707,-0.18060527699334281,-0.19690571033528873,-0.1989960984459945,-0.23881383959589334,-0.26324033160363475,-0.26677762107415631,-0.25551757003579822,-0.27343654007680956,-0.24681994425398962,-0.20173348948873324,-0.17434892058372498,-0.20104317367076874,-0.25384034642151426,-0.32944065909231862,-0.3783247779916834,-0.32235808727832943,-0.15677677839994431,-0.077111644813647642,-0.075037091850273074,-0.13271777649168615,-0.19810820398507295,-0.23830344114038679,-0.43985286630966047,-0.57563088940722607,-0.6043146550655365,-0.51462599954434807,-0.4689825740125444,-0.40952401076044354,-0.37529421983094052,-0.40239793300628662,-0.43126888573169708,-0.40333835540279267
0.0,0.0,0.0,0.0,0.0,0.0,0.0,0.0,-0.053618380765649766,-0.213017013669014,-0.22241413273981639,-0.23452135324478149,-0.2540745590813458,-0.26315844465385785,-0.268751485273242,-0.28555820738115617,-0.28318592440336943,-0.24934343068764128,-0.21441583489549571,-0.18505397079319791,-0.187870969530195,-0.25897882776013736,-0.36398889697515047,-0.41835742708175411,-0.28890198193214556,-0.14920218895982812,-0.055903208185115766,-0.07309646585157939,-0.1777825645570244,-0.19650011624281222,-0.24380140804818698,-0.39931413371648106,-0.56508382382216282,-0.57100170850753784,-0.52067906657854712,-0.40790958166122437,-0.40187354540002757,-0.39494267722655985,-0.38640080752043887,-0.41741364136818915,-0.44300700191940579,-0.39765249027146232
0.0,0.0,0.0,0.0,0.0,0.0,0.0,0.0,-0.056008629490742867,-0.22827477864921092,-0.25118759906653204,-0.26617852949044285,-0.29921321450053034,-0.28809406389208403,-0.27603089850809837,-0.3102857514339335,-0.29432636592537165,-0.28469243086874485,-0.25451282762429295,-0.23586446971728883,-0.25526060308179549,-0.39023831486701965,-0.369145119498516,-0.22765678449951368,-0.14642849233415392,-0.11595051288604737,-0.10523668876183885,-0.16594925108883116,-0.25476301404146046,-0.27317864218583476,-0.37343924685760782,-0.54958889526980259,-0.60705496425981875,-0.5491639444461236,-0.44821816682815552,-0.40201805918305006,-0.44551557064056396,-0.47203627670252762,-0.4736750766083046,-0.50812595530792515,-0.50462152891688872,-0.42787268332072664
0.0,0.0,0.0,0.0,0.0,0.0,0.00991948133853909,-0.048715114512661889,-0.15679234358456548,-0.28887628817903821,-0.2900334876410815,-0.30796927926333056,-0.32942328874657795,-0.3192818261682987,-0.324602746963501,-0.32284707772104365,-0.25334133602240505,-0.27778648521218979,-0.31454030706964692,-0.28934050798416139,-0.34409323614090681,-0.33030416915814081,-0.24602896769841512,-0.13929988885367359,-0.1076861856771367,-0.16602070182561873,-0.19472761824727058,-0.283112907299289,-0.37341148938451496,-0.38863830102814567,-0.501835667170011,-0.58837523857752483,-0.5820787871877352,-0.52323414843816018,-0.47260730981826782,-0.44875368773937224,-0.46261526823043825,-0.46150455320322953,-0.49540023008982342,-0.529935413393481,-0.53217608768206381,-0.46726146340370178
