SouthSea_Web/demo/jsonfile/2017-12-14-19.json
{"header": {"parameterUnit":"m.s-1","parameterNumber":2,"dx":0.1,"dy":0.1,"parameterNumberName":"Eastward current","la1":29.0,"la2":12.0,"parameterCategory":2,"lo2":131.0,"nx":250,"ny":171,"refTime":"2017-12-14T19:01:52.5","lo1":106.0}, "data":
[rows 152 to 170 of 171, columns 84 to 125 of 250]
0.25340449064970016,0.24209488928318024,0.26893903811772663,0.29238143563270569,0.29841384291648865,0.31306754052639008,0.30658453702926636,0.28768804669380188,0.28425723314285278,0.256302073597908,0.22004659473896027,0.19115954637527466,0.18484397977590561,0.18341165781021118,0.15967541933059692,0.13810834288597107,0.13964764773845673,0.10677512735128403,0.13427039980888367,0.14322863519191742,0.18912053108215332,0.25579062104225159,0.2606252133846283,0.318698912858963,0.0,0.36626997590065,0.38020837306976318,0.0,0.37844592332839966,0.38166183233261108,0.35952270030975342,0.32664811611175537,0.28880736231803894,0.25451827049255371,0.21304214745759964,0.17589299380779266,0.15260392427444458,0.12212862446904182,0.10194561630487442,0.089307364076375961,0.082830455154180527,0.073987580835819244
0.30298036336898804,0.30929082632064819,0.30434183776378632,0.31891927123069763,0.3250698447227478,0.32260888814926147,0.30776196718215942,0.28257645666599274,0.25348347425460815,0.0,0.21073287725448608,0.16471125185489655,0.14401701092720032,0.11144715547561646,0.12357968091964722,0.10242017731070519,0.087941169738769531,0.10780025273561478,0.0,0.10882925242185593,0.16565456986427307,0.17342628538608551,0.2252606600522995,0.28349825739860535,0.27900382876396179,0.32565811276435852,0.0,0.34635165333747864,0.3434499204158783,0.0,0.32982704043388367,0.29469490051269531,0.24780939519405365,0.20596668124198914,0.18016108870506287,0.15565124154090881,0.125969797372818,0.10854534059762955,0.097000282257795334,0.080610699951648712,0.058653764426708221,0.042226966470479965
0.32293158769607544,0.32786610722541809,0.31929093599319458,0.3247731477022171,0.32743635773658752,0.31407225131988525,0.28841105103492737,0.25885877758264542,0.23233728110790253,0.20789304375648499,0.16561098396778107,0.0,0.1171305850148201,0.076046876609325409,0.0,0.038562972098588943,0.049798984080553055,0.054163763299584389,0.079825043678283691,0.0,0.12124242633581162,0.125276580452919,0.0,0.17506355047225952,0.23306269943714142,0.24447671324014664,0.25209710001945496,0.29787826538085938,0.28101426362991333,0.2988952100276947,0.28430065512657166,0.0,0.24846800416707993,0.19347397983074188,0.14787916839122772,0.0,0.10972767323255539,0.091672956943511963,0.075870722532272339,0.045183414593338966,0.020387971773743629,-0.0078024214599281549
0.32254275679588318,0.31564274430274963,0.32165023684501648,0.31497578322887421,0.0,0.30316066741943359,0.27145236730575562,0.23296043276786804,0.19545084238052368,0.16556748747825623,0.13452790677547455,0.10114213824272156,0.067952997982501984,0.0,0.018019317416474223,-0.01927565410733223,0.0,-0.0015133403212530538,0.030826836824417114,0.037669647485017776,0.078360255807638168,0.0,0.1237054169178009,0.1021280437707901,0.0,0.13080748543143272,0.18755578994750977,0.16500630974769592,0.22143658250570297,0.26281788945198059,0.24180079996585846,0.238533154129982,0.19932907819747925,0.0,0.15397148579359055,0.12147936597466469,0.092420473694801331,0.0,0.05065106600522995,0.010146702639758587,-0.021636269986629486,-0.060732061043381691
0.30145114660263062,0.30930793285369873,0.30287960171699524,0.0,0.296223521232605,0.26505304872989655,0.20731103420257568,0.0,0.1556096076965332,0.11177068948745728,0.0747709721326828,0.040906890295445919,0.023176269605755806,-0.0071997670456767082,-0.038897372782230377,0.0,-0.056228191591799259,-0.057300791144371033,0.0,-0.033515694551169872,0.0064583458006381989,-0.011956972070038319,0.038774077780544758,0.0,0.0676700547337532,0.038940735161304474,0.0,0.09907049685716629,0.1684858500957489,0.15323896706104279,0.20537171512842178,0.2249581515789032,0.19615882635116577,0.16177710890769959,0.12811194360256195,0.12179748713970184,0.10299522802233696,0.07714308425784111,0.0110451215878129,-0.0234698373824358,-0.06431872770190239,-0.083126157522201538
0.27248898148536682,0.26916202902793884,0.26499718427658081,0.26152455806732178,0.25505709648132324,0.0,0.2159295380115509,0.17183957993984222,0.055245094001293182,0.0,0.0010602453257888556,-0.035073209553956985,-0.054533876478672028,-0.077314186841249466,-0.082787200808525085,-0.10740960389375687,-0.092155665159225464,0.0,-0.10212866961956024,-0.12667013704776764,0.0,-0.10693830251693726,-0.10432371869683266,-0.10321561992168427,-0.022300645709037781,-0.043772496283054352,0.028117148205637932,0.042791970074176788,0.0,0.12042982131242752,0.13818759471178055,0.1488821804523468,0.17617771029472351,0.15295933932065964,0.13613712787628174,0.11819701641798019,0.0,0.089474998414516449,0.041745373979210854,-0.036370459944009781,-0.047740191221237183,-0.070014804601669312
0.24321672320365906,0.0,0.21771600097417831,0.20450395345687866,0.19083660840988159,0.17555852234363556,0.16401667892932892,0.099587004631757736,0.0,0.026888711377978325,-0.012550070881843567,0.0,-0.12608586251735687,-0.15528498589992523,0.0,-0.17654832452535629,-0.15648877620697022,-0.17460577189922333,0.0,-0.15999802947044373,-0.15239597856998444,-0.25099235773086548,0.0,-0.2085929661989212,-0.18244253098964691,-0.1464817225933075,-0.044139575213193893,-0.055905032902956009,0.032912839204072952,0.0,0.060472983866930008,0.11352211982011795,0.093550592660903931,0.14035125821828842,0.13723124563694,0.1275344118475914,0.12719413638114929,0.0,0.0441244738176465,-0.002734815701842308,-0.070616649463772774,-0.082002636045217514
0.23698043823242188,0.21343011409044266,0.1629239022731781,0.0,0.1275392472743988,0.0,0.0619079377502203,0.01272154226899147,-0.031964868307113647,-0.071323994547128677,-0.098237015306949615,-0.1118132546544075,-0.14671838283538818,0.0,-0.21037991344928742,-0.25444728136062622,0.0,-0.2589283287525177,-0.27118121087551117,-0.29176008701324463,-0.25669059157371521,-0.29637274146080017,-0.28754317760467529,0.0,-0.33699622750282288,-0.23629279434680939,-0.254330575466156,-0.13226564228534699,-0.0921120559796691,-0.059878703206777573,0.0,-0.018429026007652283,0.01273078378289938,0.0,0.056401543319225311,0.096737496554851532,0.07468000054359436,0.014553877525031567,-0.0080296676605939865,-0.21378122270107269,-0.2434827983379364,-0.25496091693639755
0.2186441645026207,0.2065388411283493,0.0,0.13031551241874695,0.030907250940799713,0.090511076152324677,-0.041802030056715012,0.0,-0.12192004919052124,-0.16694732010364533,-0.18555821478366852,-0.2007097527384758,-0.21616335213184357,-0.23552028834819794,0.0,-0.27316516637802124,-0.28402608633041382,0.0,-0.36463335156440735,-0.39511030912399292,-0.44176593422889709,-0.42643424868583679,-0.39968967437744141,-0.42601880431175232,0.0,-0.35713878273963928,-0.38329252600669861,0.0,-0.3089861273765564,-0.17626647651195526,-0.25101235508918762,-0.15664051473140717,0.0,-0.18283452838659287,0.0,-0.24615383148193359,-0.21199437975883484,-0.29462942481040955,-0.17853234708309174,-0.23288574814796448,-0.49271820485591888,0.0
0.18769641220569611,0.18212039768695831,0.11863631010055542,0.074798919260501862,0.0,-0.01346191018819809,0.0,-0.0808432400226593,-0.18910946696996689,0.0,-0.2617107629776001,-0.282291442155838,0.0,-0.30499431490898132,-0.32568188011646271,-0.34920486807823181,-0.34840491414070129,-0.36911776661872864,-0.41466796398162842,0.0,-0.51233315467834473,-0.53429806232452393,-0.59305226802825928,-0.52469652891159058,-0.52071942389011383,-0.5046578049659729,0.0,-0.4810219407081604,0.0,-0.47281306982040405,-0.44230319559574127,-0.40717485547065735,-0.35334870219230652,-0.38797977566719055,-0.28047561645507812,-0.82985061407089233,-0.81304287910461426,-0.88116097450256348,-0.77454155683517456,-0.778497040271759,-0.81606900691986084,-0.79528254270553589
0.17480172961950302,0.07338714599609375,0.0,0.002994022099301219,-0.0679502785205841,-0.10951672494411469,-0.16409116983413696,-0.21093793213367462,0.0,-0.25372543931007385,-0.28081405162811279,0.0,-0.33361536264419556,-0.38950324058532715,0.0,-0.42655149102211,-0.44883793592453003,-0.46476861834526062,-0.48334634304046631,-0.51070916652679443,-0.58446776866912842,0.0,-0.71162039041519165,0.0,-0.71468830108642578,-0.71053647994995117,0.0,-0.69602328538894653,-0.57802742719650269,0.0,0.0,-0.85518765449523926,-0.86332982778549194,-0.9505922794342041,-0.85470813512802124,-0.9277806282043457,-0.913101851940155,0.0,0.0,0.0,0.0,0.0
0.0,0.10719054192304611,0.022502148523926735,0.0,0.0,-0.19536976516246796,0.0,-0.28892128169536591,-0.30502426624298096,-0.32357415556907654,-0.32354748249053955,-0.32600557804107666,-0.36849159002304077,0.0,-0.41207632422447205,0.0,-0.545706570148468,-0.58378934860229492,0.0,-0.63680073618888855,-0.68352442979812622,-0.6881374716758728,-0.78592932224273682,-0.780919075012207,0.0,0.0,-0.99381768703460693,-0.97463768720626831,0.0,-0.93833303451538086,-0.92318201065063477,0.0,-0.94908618927001953,0.0,0.0,0.0,0.0,0.0,0.0,0.0,0.0,0.0
0.030405890196561813,0.036183632910251617,-0.045889193192124367,-0.088898837566375732,-0.16846492886543274,0.0,-0.24738848209381104,0.0,0.0,-0.34090423583984375,0.0,-0.43614640831947327,-0.45688626170158386,-0.47266203165054321,-0.500314936041832,-0.55174732208251953,0.0,-0.59907656908035278,0.0,-0.65913558006286621,0.0,-0.70625799894332886,-0.82415005564689636,0.0,-0.94263476133346558,-1.0119147300720215,0.0,-1.0367330312728882,0.0,0.0,0.0,0.0,0.0,0.0,0.0,0.0,0.0,0.0,0.0,0.0,0.0,0.0
0.0096733951941132545,0.0,-0.055632837116718292,-0.17863321304321289,-0.28786903619766235,-0.28593459725379944,-0.34095150232315063,-0.3283742368221283,-0.37487578392028809,-0.38450151681900024,-0.32178199291229248,0.0,0.0,-0.36102780699729919,-0.4408605694770813,0.0,-0.50480031967163086,-0.53506100177764893,-0.57954788208007812,-0.59943044185638428,-0.62867695093154907,0.0,0.0,0.0,0.0,0.0,0.0,0.0,0.0,0.0,0.0,0.0,0.0,0.0,0.0,0.0,0.0,0.0,0.0,0.0,0.0,0.0
-0.045375552028417587,0.0,-0.1243271604180336,0.0,0.0,-0.34983241558074951,0.0,-0.37239021062850952,0.0,-0.35037478804588318,0.0,-0.27371785044670105,-0.31512892246246338,0.0,-0.39766472578048706,0.0,-0.49482432007789612,0.0,0.0,0.0,0.0,0.0,0.0,0.0,0.0,0.0,0.0,0.0,0.0,0.0,0.0,0.0,0.0,0.0,0.0,0.0,0.0,0.0,0.0,0.0,0.0,0.0
-0.27321118116378784,0.0,-0.31050598621368408,-0.32793518900871277,-0.33289790153503418,0.0,-0.34031409025192261,0.0,-0.35345450043678284,0.0,-0.30627220869064331,0.0,0.0,0.0,0.0,0.0,0.0,0.0,0.0,0.0,0.0,0.0,0.0,0.0,0.0,0.0,0.0,0.0,0.0,0.0,0.0,0.0,0.0,0.0,0.0,0.0,0.0,0.0,0.0,0.0,0.0,0.0
0.0,-0.29683440923690796,0.0,0.0,0.0,0.0,0.0,0.0,0.0,0.0,0.0,0.0,0.0,0.0,0.0,0.0,0.0,0.0,0.0,0.0,0.0,0.0,0.0,0.0,0.0,0.0,0.0,0.0,0.0,0.0,0.0,0.0,0.0,0.0,0.0,0.0,0.0,0.0,0.0,0.0,0.0,0.0
0.0,0.0,0.0,0.0,0.0,0.0,0.0,0.0,0.0,0.0,0.0,0.0,0.0,0.0,0.0,0.0,0.0,0.0,0.0,0.0,0.0,0.0,0.0,0.0,0.0,0.0,0.0,0.0,0.0,0.0,0.0,0.0,0.0,0.0,0.0,0.0,0.0,0.0,0.0,0.0,0.0,0.0
0.0,0.0,0.0,0.0,0.0,0.0,0.0,0.0,0.0,0.0,0.0,0.0,0.0,0.0,0.0,0.0,0.0,0.0,0.0,0.0,0.0,0.0,0.0,0.0,0.0,0.0,0.0,0.0,0.0,0.0,0.0,0.0,0.0,0.0,0.0,0.0,0.0,0.0,0.0,0.0,0.0,0.0
