SouthSea_Web/demo/jsonfile/2017-12-15-23.json
{"header": {"parameterUnit":"m.s-1","parameterNumber":2,"dx":0.1,"dy":0.1,"parameterNumberName":"Eastward current","la1":29.0,"la2":12.0,"parameterCategory":2,"lo2":131.0,"nx":250,"ny":171,"refTime":"2017-12-15T22:58:07.5","lo1":106.0}, "data":
[rows 133 to 151 of 171, columns 168 to 209 of 250]
-0.41098248213529587,-0.41481341794133186,-0.39709135890007019,-0.3831915557384491,-0.38850581220218111,-0.40551164746284485,-0.44518398120999336,-0.49793051348792183,-0.57291673762457707,-0.62246484415871761,-0.66889823476473487,-0.73017654248646324,-0.79709984064102168,-0.83664321899414062,-0.87377138932545984,-0.833412766456604,-0.76552815735340118,-0.71007388830184937,-0.63707518577575684,-0.55265076955159509,-0.47825778524080914,-0.40938894947369892,-0.33244709670543671,-0.24189892411231995,-0.21639834344387054,-0.16100674867630005,-0.058975207929809891,-0.011599479243159294,0.036238478496670723,0.10475209355354309,0.21365103870630264,0.31889620423316956,0.33168512582778931,0.38117451965808868,0.40649259090423584,0.41629564762115479,0.0,0.41644173860549927,0.37725529074668884,0.34633103013038635,0.33166724443435669,0.30184763669967651
-0.43722551209586008,-0.43214217200875282,-0.43122843280434608,-0.44310703211360508,-0.44382679089903831,-0.45224607735872269,-0.47534088624848259,-0.49564549326896667,-0.54821019040213692,-0.597784973680973,-0.655065757887704,-0.70938887198766076,-0.7669596175352732,-0.79274231195449829,-0.80105040967464447,-0.78502413034439089,-0.756590723991394,-0.71622845530509949,-0.66259193420410156,-0.57258890867233281,-0.49293148517608643,-0.44341591000556946,-0.35292220115661621,-0.28421635925769806,-0.22445838898420334,-0.16916725039482117,-0.091983258724212646,-0.033596441149711609,0.019995728507637978,0.091651968657970428,0.18497368693351746,0.2834373414516449,0.28423473238945007,0.35256621241569519,0.40589854121208191,0.0,0.41729703545570374,0.39794759452342987,0.36592638492584229,0.36614423990249634,0.32001101970672607,0.28642845153808594
-0.48633778467774391,-0.49108305275440217,-0.49874427914619446,-0.51421097583240938,-0.517826623386807,-0.51531907021999357,-0.52178724937968779,-0.53533704876899724,-0.54598464207215747,-0.593224306901296,-0.65292134455272133,-0.71822049220403039,-0.7549232617020607,-0.77135679125785828,-0.76475415627161658,-0.73791081706682837,-0.72389954328536987,-0.70337953170140588,-0.66526851058006287,-0.60697025060653687,-0.5520663857460022,-0.48057298858960468,-0.40898384153842926,-0.33260011672973633,-0.26836752891540527,-0.21236144999663034,-0.13429081439971924,-0.081018492579460144,-0.024485480040311813,0.0,0.10768664628267288,0.18771128356456757,0.22680407762527466,0.28402474522590637,0.39024901390075684,0.386029988527298,0.38848921656608582,0.38798272609710693,0.34949588775634766,0.0,0.31089490652084351,0.26269567012786865
-0.48874047150214511,-0.50069067875544226,-0.5200807915793525,-0.5469919045766195,-0.57340663075447085,-0.60266777127981186,-0.60697763495975066,-0.601344194677141,-0.58931072354316716,-0.618771068751812,-0.68130864338441333,-0.73275777697563171,-0.7545488051005772,-0.75283185640970862,-0.73558155127934044,-0.710621348449162,-0.69121202826499939,-0.67540555198987329,-0.66415365537007653,-0.63355586926142371,-0.59159821271896362,-0.52207833528518677,-0.41050855815410614,-0.32800295948982239,-0.28274811804294586,-0.22947606444358826,-0.19634796679019928,-0.14527562260627747,0.0,-0.016230413690209389,0.050235188566148281,0.0,0.17340600490570068,0.25732492655515671,0.30843666195869446,0.32310271263122559,0.0,0.35114814341068268,0.33693638443946838,0.34005779027938843,0.29853148758411407,0.0
-0.51232641041278837,-0.531322009033627,-0.53371190482919861,-0.553733229637146,-0.59246127472983467,-0.62895169523027206,-0.63736528754234312,-0.63034431423459736,-0.61772476001219312,-0.65324866026639938,-0.70726141664716935,-0.77341191636191475,-0.79908150434494019,-0.77615354955196381,-0.72622808814048767,-0.69538046916325891,-0.662305106719335,-0.64007744193077087,-0.63409261902173364,-0.61577596267064416,-0.58237634599208832,-0.52108148733774817,-0.43999940156936646,-0.35112860798835754,-0.28254233797391254,-0.25941379368305206,-0.21217522025108337,-0.20341929793357849,-0.11664791156848271,-0.0674118921160698,-0.020114002749323845,0.052566180005669594,0.15682980418205261,0.21174950897693634,0.2691478431224823,0.0,0.34190347790718079,0.34023353457450867,0.30790385603904724,0.3013446033000946,0.29295644164085388,0.21786098927259445
-0.54745100438594818,-0.54932635277509689,-0.53650116258197356,-0.5292980406019423,-0.5452036923832364,-0.5673231959342957,-0.58608978986740112,-0.59742303689320886,-0.60573977828025816,-0.64184548457463586,-0.68792373538017271,-0.75569210946559906,-0.81074442466100061,-0.79513937897152376,-0.7451500495274862,-0.71224503857748844,-0.656419609274183,-0.61960972348848975,-0.60164333879947662,-0.58271373808383942,-0.53705102205276489,-0.4821210503578186,-0.42965384324391681,-0.36641456683476764,-0.28667151927948,-0.26843391358852386,-0.24035988003015518,-0.19951282441616058,-0.17700542509555817,-0.0964663103222847,-0.013660991680808365,0.0,0.078831430524587631,0.18550460040569305,0.22892430424690247,0.28606097400188446,0.0,0.33648227155208588,0.0,0.27375869452953339,0.26423081755638123,0.24066725373268127
-0.50182100832462306,-0.49043102562427521,-0.47835521772503853,-0.47687332034111024,-0.48091932833194734,-0.486905537545681,-0.52058713138103485,-0.54926335066556931,-0.56472386916478479,-0.56840136978361344,-0.61873172862189152,-0.6655809104442596,-0.6985216811299324,-0.7317122220993042,-0.72191052966647673,-0.70860011875629425,-0.66061193602425716,-0.62031988586698261,-0.57849037647247314,-0.55071057379245758,-0.52314847707748413,-0.46875784546136856,-0.41892316937446594,-0.35525245467821759,-0.28479974468549091,-0.24294138699769974,-0.23448567092418671,-0.24849872291088104,-0.22167233377695084,-0.15303777158260346,-0.067010689526796341,0.0346180722117424,0.0589984692633152,0.13549556583166122,0.21790385246276856,0.237772598862648,0.29930788278579712,0.29824009537696838,0.29751519858837128,0.0,0.22594846785068512,0.19224685430526733
-0.45346966683864592,-0.43737318118413288,-0.42681953012943269,-0.43245931342244148,-0.437778823905521,-0.42740008897251552,-0.44252449572086333,-0.48503435083798,-0.53119278805596493,-0.54193632304668427,-0.58041893773608733,-0.605877585709095,-0.65218451619148254,-0.66633670859866667,-0.698327640692393,-0.72001294294993079,-0.67696775992711389,-0.63432822908673969,-0.59186017513275146,-0.53439880410830176,-0.5006648525595665,-0.45651893615722655,-0.39068066080411273,-0.37018128236134845,-0.30810445547103882,-0.26510360091924667,-0.22171206772327423,-0.23662850260734558,-0.23292340338230133,-0.17911358922719955,-0.12050102651119232,-0.037164011970162392,0.0,0.088114034384489059,0.16945193707942963,0.22438427805900574,0.232469379901886,0.26758277416229248,0.25932756066322327,0.269216388463974,0.0,0.18213856220245361
-0.40409800410270691,-0.40371931261486477,-0.40930239690674675,-0.43973378340403241,-0.44943123724725509,-0.40539595112204552,-0.36889801546931267,-0.39900574088096619,-0.44867646396160127,-0.51553263929155135,-0.58333893333162579,-0.59957214858796859,-0.65353690726416447,-0.70643573254346848,-0.72370471805334091,-0.75625698268413544,-0.7451041605737474,-0.6526561975479126,-0.60027594367663062,-0.54923091332117713,-0.47186808288097382,-0.42360032349824905,-0.35976994782686234,-0.33520371715227765,-0.33020873367786407,-0.30974435806274414,-0.2778526097536087,-0.286894828081131,-0.2619776924451192,-0.20530478656291962,-0.14658679068088532,-0.066275628283619881,-0.00032273511169478297,0.10273537784814835,0.081530049443244934,0.1548428013920784,0.20449413359165192,0.19794958829879761,0.22969428449869156,0.23533588647842407,0.22480583190917969,0.17084930837154388
-0.20835315571589905,-0.30193380680349136,-0.3576041825793006,-0.4163065068423748,-0.45124892393747967,-0.42514527837435406,-0.35242107883095741,-0.32812939956784248,-0.39705474509133232,-0.529847614467144,-0.60979252202170231,-0.62766900658607483,-0.66266248375177383,-0.755414217710495,-0.82893357958112446,-0.79256688356399541,-0.76763965402330669,-0.70203438070085311,-0.61741009685728288,-0.55721747023718693,-0.47717741727828977,-0.35668476223945617,-0.30774248391389847,-0.2862408384680748,-0.30460133155186969,-0.32480739057064056,-0.31441152095794678,-0.32586638629436493,0.0,-0.27169190347194672,-0.1874278336763382,-0.11083099246025085,-0.0626939320936799,-0.0026021425146609545,0.075265184044837952,0.0,0.12920277193188667,0.16096369922161102,0.0,0.19115947186946869,0.19364802539348602,0.17289657890796661
0.034572184993885459,0.011103313623203171,-0.09962530923075974,-0.23951461369341071,-0.35615051984786988,-0.36325224041938781,-0.32247428430451286,-0.309793334454298,-0.37456877529621124,-0.50033407126154217,-0.56836528910530937,-0.61501678824424744,-0.65682292836053036,-0.71232547930308754,-0.827471174299717,-0.88982592310224262,-0.81155667454004288,-0.6964801549911499,-0.61070183664560318,-0.55934868007898331,-0.48305071677480427,-0.36196582516034442,-0.28600414097309113,-0.28990858793258667,-0.29840066035588581,-0.32014468312263489,-0.32636076211929321,-0.320733904838562,-0.3375532329082489,-0.30692292749881744,-0.22966665774583817,-0.1788417249917984,-0.10663788020610809,-0.018003338947892189,0.020802614279091358,0.052398581057786942,0.0,0.10346811264753342,0.13341094925999641,0.1582319438457489,0.15469714999198914,0.14309325814247131
0.0449960645288229,0.0726359018849002,0.040687248390167949,-0.029005858210439328,-0.13121897950768471,-0.22549012516226089,-0.23728378117084503,-0.262769447432624,-0.31231376528739929,-0.39345059129926896,-0.46745709702372551,-0.55709186527464127,-0.59893857439359033,-0.66553410142660141,-0.73944962024688721,-0.86273101965586341,-0.85993675674710957,-0.78146884838740027,-0.64378885924816132,-0.53980659776263762,-0.48487986411367145,-0.41422806680202484,-0.33240491648515064,-0.30184783786535263,-0.30662747224171955,-0.3060746043920517,-0.3058724006017049,-0.32945951819419861,0.0,-0.314505860209465,-0.27443945407867432,-0.23113101720809937,-0.14476614445447922,-0.0969407707452774,-0.023188656195998192,0.0066224653273820877,0.037961721420288086,0.086409389972686768,0.0,0.13139145076274872,0.14258544147014618,0.0
0.028583261580206454,0.059106349324186645,0.047173031709260412,0.016099728915529948,-0.011562342341575358,-0.043563217079887785,-0.06289562163874507,-0.13425082713365555,-0.16405992582440376,-0.22582798557622091,-0.3615923710167408,-0.46887557208538055,-0.50684851408004761,-0.59445564945538842,-0.63202507297197974,-0.706692465714046,-0.802639881769816,-0.8033188155719212,-0.7213633741651263,-0.57862894982099533,-0.44677920805083382,-0.38485804200172424,-0.36286059767007828,-0.32468131184577942,-0.30928979814052582,-0.29136642813682556,-0.27270375192165375,-0.28317135572433472,-0.30037473142147064,-0.280929833650589,0.0,-0.27217927575111389,-0.19487154483795166,-0.1380472332239151,-0.087183013558387756,-0.0075881958473473787,0.054742731153964996,0.076457943767309189,0.089175194501876831,0.11398264765739441,0.10863805562257767,0.12285520881414414
-0.0338780889287591,0.044348053634166718,0.0693980861455202,0.073800969868898392,0.064701394601301712,0.0341496615903452,-0.0032903777901083231,-0.04775274876091215,-0.06060701305978,-0.084946617949754,-0.25759883224964142,-0.35508066841534208,-0.35350642459733145,-0.42907800674438479,-0.49319134155909222,-0.56317280729611718,-0.6313338160514832,-0.677923341592153,-0.69731743335723873,-0.58726443052291866,-0.43606079742312431,-0.34474707245826719,-0.33138620853424072,-0.33450192213058472,-0.29822136461734772,-0.26018035411834717,-0.232521191239357,-0.2344835177063942,0.0,-0.21953529864549637,-0.22166185826063156,-0.23610138148069382,0.0,-0.14622551202774048,-0.061211228370666504,-0.0033507945481687784,0.0,0.058585856109857559,0.08375878632068634,0.067449130117893219,0.0796525739133358,0.10462608933448792
0.00060423165559768681,0.081826710734855049,0.11586264707148075,0.1185940720140934,0.13065126538276672,0.10495701357722283,0.0478385341896986,0.010468587863215362,0.010338256102321404,0.0559709191438742,-0.075771057337988168,-0.22926598361560277,-0.18822845816612244,-0.22466960123607091,-0.32681551948189735,-0.46425039172172544,-0.57172469298044837,-0.62429379224777226,-0.60638393163681026,-0.54585950076580048,-0.43770678639411925,-0.324009008705616,-0.306405745446682,-0.3161770800749461,-0.30378415187199909,-0.265095055103302,-0.21579571813344955,-0.19081030786037445,-0.17551294714212418,-0.12601542845368385,0.0,-0.1435297429561615,-0.172251358628273,-0.10784097760915756,0.0,-0.026670265011489391,-0.012314931256696582,0.047126993536949158,0.0,0.069128282368183136,0.0,0.031661392189562321
0.0,0.13796915113925934,0.13631908521056174,0.12202642485499382,0.14165554344654083,0.17669131549505088,0.12551482089541174,0.075088175860318268,0.07327693048864603,0.12899448815733194,0.11880499018090111,0.011428489017167262,0.0597490620566532,0.086424961841354772,-0.1152412382264932,-0.39150087038675946,-0.56028781334559119,-0.55123943090438843,-0.50861839205026627,-0.47915346423784894,-0.43438754230737686,-0.3510744497179985,-0.32075116038322449,-0.30825282633304596,-0.28966696560382843,-0.25618763267993927,-0.19610008597373962,-0.18762649595737457,0.0,-0.15561729669570923,-0.10464876890182495,-0.13423231244087219,0.0,-0.11617323756217957,-0.05308857187628746,-0.017789913341403008,0.0,-0.0059426864609122276,0.043689273297786713,0.0,0.057279050350189209,0.033258117735385895
0.0,0.0,0.14570121467113495,0.11284462125463919,0.16028070024081639,0.23088238090276719,0.15060043676445881,0.12572888359427453,0.158195129849694,0.18693670133749643,0.20353699136864056,0.15404454938002996,0.16703583858907223,0.20096170902252197,0.25475200513998669,-0.21545759091774622,-0.59323018789291382,-0.4874376505613327,-0.38971908390522003,-0.42538163065910339,-0.42559328675270081,-0.39490880568822223,-0.37778875231742859,-0.34663128852844238,-0.31149919331073761,-0.2734871506690979,-0.22147420048713684,-0.20856614410877228,-0.22729760408401489,-0.17503688484430313,-0.1054706946015358,-0.13568168506026268,-0.12333675473928452,-0.081701591610908508,-0.054773513227701187,-0.027884453535079956,-0.023635957390069962,0.0066725015640258789,0.043642832897603512,0.052987676113843918,0.060238968580961227,0.029304936528205872
0.0,0.0,0.0,0.028598782531480536,0.033957695230268516,0.027068303897976875,0.15388667902776174,0.13097916096448897,0.16795646101236345,0.21654964610934258,0.21117171976301405,0.0925794794623341,0.034061971120536327,0.015681453794240952,0.0,-0.25114366784691811,-0.49691514670848846,-0.41578982770442963,-0.41543802618980408,-0.39744323492050171,-0.406435564160347,-0.38460934162139893,-0.334892213344574,-0.322268009185791,-0.268681138753891,-0.21625181287527084,-0.19680224359035492,-0.23719124495983124,-0.24494266510009766,-0.24176458269357681,-0.21137015521526337,-0.20784986019134522,-0.18304405361413956,-0.13986799120903015,-0.20067986845970154,-0.1804429441690445,-0.16790031641721726,-0.17628777027130127,-0.087486527860164642,-0.074548324570059776,-0.098862402141094208,-0.012489237822592259
0.0,0.0,0.0,-0.0078002223162911832,-0.043294763023203071,-0.031887631863355637,0.0,0.20424704253673554,0.18793576061725617,0.24173409988482794,0.2087348684668541,0.038288305927481919,-0.13080390077084303,-0.14600075657169023,0.0,0.0,-0.48854956030845642,-0.365671806037426,-0.51129758358001709,-0.4314081072807312,-0.44960185885429382,-0.529141902923584,0.0,-0.518119215965271,-0.47543618083000183,-0.50799787044525146,0.0,-0.56353771686553955,-0.62471628189086914,-0.68561369180679321,0.0,-0.74591314792633057,-0.750140905380249,0.0,-0.69866591691970825,-0.6610223650932312,-0.66378408670425415,0.0,-0.65192866325378418,-0.59502178430557251,0.0,-0.49315881729125977
