SouthSea_Web/demo/jsonfile/2017-12-14-03.json
{"header": {"parameterUnit":"m.s-1","parameterNumber":2,"dx":0.1,"dy":0.1,"parameterNumberName":"Eastward current","la1":29.0,"la2":12.0,"parameterCategory":2,"lo2":131.0,"nx":250,"ny":171,"refTime":"2017-12-14T03:00:00","lo1":106.0}, "data":
[rows 38 to 56 of 171, columns 168 to 209 of 250]
0.516656681895256,0.512257701584271,0.46094858497381208,0.4099378267923991,0.3902457137902578,0.38044308551720213,0.33148448169231415,0.262682648266063,0.22486305981874466,0.20997650424639383,0.20541288554668427,0.27043302450329065,0.33976343486990246,0.33816288849886728,0.30788225574152811,0.27545816451311111,0.25535028241574764,0.2315630859562329,0.13825621455907822,0.090665758401155469,0.13776703748632879,0.15415687990539215,0.10092707554047758,0.076399230762668274,0.067257113909969732,-0.097311966076848055,-0.20287945089132889,-0.27179244657357532,-0.27182423839202297,-0.22059683998425803,-0.098112907393702445,0.032566430419683455,0.0977625311775641,0.096579959057271486,0.15041418539153206,0.14850397780537605,0.091355045791715384,0.014980761933007411,-0.019683533464558423,-0.043684897711500525,-0.060627323708363941,-0.069662503898143768
0.47219986654818058,0.5117881718803855,0.48352887667715549,0.404564811123742,0.33578603772016674,0.30215447790482464,0.2994223702698946,0.28544550977255168,0.28148560313617482,0.2497924892231822,0.21994612018267315,0.28392740804702044,0.32637432856219156,0.31479360801833017,0.28228615783154964,0.27267598311106361,0.25139055188213077,0.20237576642206737,0.18629837135473887,0.17058185674250126,0.16260650505622229,0.11029329660691713,0.10801711879097499,0.048101558660467468,0.050233803034104685,0.059046347854072576,-0.081801786908487745,-0.16890521961099961,-0.16933714474240938,-0.11932701216294216,-0.027677193890737656,0.058314724499359726,0.1150619313120842,0.19718309559605338,0.20822788923978805,0.18477661348879337,0.08215185534209013,-0.0088418331828766638,-0.079699710011482239,-0.10230096926291783,-0.1083015501499176,-0.10314435263474782
0.359759862224261,0.43890772681487233,0.43451887369155884,0.32235990229405853,0.24155141692608595,0.2184701483039295,0.24673197457664892,0.27800087543094859,0.31065709143877029,0.295189256177229,0.28943129256367683,0.3263918211062749,0.30872642993927,0.27932059764862061,0.27848696921552929,0.25773201444569754,0.22597202445779527,0.16119344346225262,0.11092861214031775,0.10121382887546833,0.087821895955130458,0.050338619864884422,0.0983847756870091,-0.0014145246333148527,-0.076063986270405032,0.13134603817015886,0.0051696180509260064,-0.058364255792077852,-0.12147849099710584,-0.069127853137130532,0.044917889327431716,0.18175109289586544,0.22617851346731185,0.24584718197584152,0.20559842553403643,0.16474441119602748,0.065676423721015453,-0.027882579547752227,-0.10323362549146016,-0.1291994589070479,-0.14596851666768393,-0.14780570566654205
0.28588109016418456,0.35979469948344761,0.34252887023122686,0.25505037342800813,0.16706479676067829,0.15683652499788686,0.20240504864384146,0.25955143658553853,0.29201043645540875,0.295637062367271,0.30648131171862286,0.30281839768091839,0.25470212364898009,0.22966492076714834,0.21299830537575942,0.18791449389287404,0.17151552553360278,0.15983692122002444,0.059474228326087959,-0.033951749093830585,0.027117868419736624,-0.0035023625629643598,-0.01359710644912691,-0.0499996561126824,-0.054893792511494316,0.067589535501511283,0.015303000296670489,0.024201310588978231,-0.068068923092343747,-0.018419726502283344,0.13458833204848425,0.25480978811780614,0.2678970793883006,0.20546905249357222,0.16104947030544281,0.13687752839177847,0.0573664081748575,-0.038204077941675983,-0.0875161699950695,-0.12520982325077057,-0.16897068421045938,-0.16206869855523109
0.23165130680022034,0.28847254677252337,0.2547388637349719,0.19651397392153741,0.090205861876408264,0.098369048908352852,0.183482603115194,0.26061244226164287,0.2908427874247233,0.27772988710138535,0.27207291564520669,0.25746700863043465,0.19991023609271416,0.1355353484551112,0.11373037546873092,0.11229930187647159,0.10967821404337882,0.044405121705494821,-0.074876643144167393,-0.17165832552644941,-0.0042000969406217337,-0.022044345022489628,-0.13616691412110077,-0.084779446256881649,-0.10724811980406335,-0.026640680839773268,-0.019130357595927575,-0.015483857289812452,0.0028089519939385353,0.10484893936663867,0.19876453280448914,0.21657348838117388,0.18797773867845535,0.13723473333650166,0.11025470081302854,0.092824126283327743,0.048240474425256252,-0.011127313863350233,-0.053941224515438077,-0.090651751185456916,-0.15276874601840973,-0.16903658707936606
0.24653018712997438,0.30044228122347877,0.24346849864179437,0.18493663954238096,0.1247759996490045,0.14773396886885165,0.21137885335418913,0.25923707087834674,0.25001329100794262,0.20878726430237293,0.17803308926522732,0.16712975984110551,0.11749540269374847,0.0599593126680702,0.062751982361078262,0.052382193015594235,0.021565346995235553,-0.05237310965146337,-0.2388264499604702,-0.22333959415555,-0.058005923338766606,-0.038630892370397657,-0.085675827984232455,-0.13920665261420337,-0.026696261545447141,0.0273683410209532,0.032486639244862919,0.15206407799851149,0.22350280935114081,0.18940139065186182,0.19092426023312978,0.16285020411014556,0.12487519698010551,0.076936237514019012,0.053518421415771754,0.045952042564749718,0.018920090825607378,-0.0086589752572763246,-0.034016370028257373,-0.05391832316915194,-0.07470408380031586,-0.078979487220446273
0.24944348573684694,0.28128746045487268,0.23989615621774094,0.17114152878522873,0.18677416372866856,0.21561228483915329,0.2255433408750428,0.20990598902982824,0.17995351739227772,0.094547093801555182,0.067204014828894293,0.00058074449659146078,-0.027533952545906817,-0.0050299926494647351,-0.028992962953634561,-0.022707361325488559,0.076392094294230148,0.033892851478109755,-0.11942409549374133,-0.24690656681303624,-0.20899510445694128,-0.10314700038482745,-0.016946662280063789,0.0408701064880006,0.0857621302585239,0.18969884727682387,0.23243180910746256,0.24400356333506734,0.22321360889408323,0.17816825446329618,0.15230309466520944,0.11833109935888878,0.083769866161876261,0.048874524022851674,0.030966686617050852,0.0058330382065226631,-0.0042749695363454524,-0.023497186601161957,-0.030810654163360596,-0.024989020312204957,0.00017859024228528142,-0.014067548792809248
0.2594455273255058,0.15184035825289108,0.18013743869960308,0.20800189649065334,0.27335854371388751,0.2394544392824173,0.19532602280378342,0.14661311322734469,0.07828128130252783,-0.036473999556619674,0.048799226397282576,-0.0074770143133048948,-0.045129902308954944,-0.0692490776557298,-0.10975804317580618,-0.08114413818418,0.022410552345470271,0.096560282124714417,0.16488510680695376,0.13552955351769924,0.037932655028998855,-0.0065283328294754028,0.0651065843287922,0.1337313182078875,0.17133391598860423,0.1958987499986376,0.18983335793018341,0.16318434874216717,0.13907578186346933,0.11268788977311207,0.10061715232829253,0.095028804615139961,0.087021480314433575,0.077281681554658074,0.050290471563736595,0.018887731246650219,-0.0058658076450228691,-0.014607096401353678,-0.015879828250035644,0.0037471724208444357,0.030824311698476475,0.02090810239315033
0.24323760921304877,0.18500805164997777,0.32077161843578023,0.386042095720768,0.27016442663529339,0.18564280122518539,0.14713427424430847,0.10577931967766388,0.0042736006836439,-0.18001760051600516,0.032491681133878639,0.0010821787642164376,-0.057517229743320873,-0.011881751942949123,0.0,-0.036823200746976696,0.017146346780161064,0.12524248328473833,0.18116897841294608,0.18662684990300071,0.15350350737571716,0.11323449537158012,0.10719972252845764,0.14284166395664216,0.15412135880727035,0.14941816652814546,0.1307648037161146,0.10022318586707116,0.065167966214093292,0.037662869412451984,0.054672345984727144,0.072633899748325348,0.090145453810691834,0.10160315036773682,0.094656538218259811,0.052509453768531479,0.017158612958155572,-0.00042716553434729576,0.0089699242380447686,0.027328889040897291,0.055308479815721512,0.069942741344372436
0.22208831583460173,0.2441233443942937,0.3179309909993952,0.34774721946035114,0.23950076278518229,0.22284120671889363,0.17482006725142985,0.091499561345890948,-0.0020120275097296517,-0.026370685428587927,-0.025972533039748669,-0.12302934018441954,-0.15500954535479347,-0.070835527703942108,-0.054228291885616876,-0.052056511577505335,0.11833386218429288,0.1536058820784092,0.18257634070786563,0.18421146124601365,0.15212695842439478,0.12961038405245,0.11004790216684342,0.1241406144367324,0.12027373232624748,0.081250361725687975,0.0643099520355463,0.04788108728826046,0.017320472009790439,0.0029782217946679643,0.026653725188225508,0.048242396985491119,0.077267213165760046,0.094694067537784574,0.094028152525424957,0.075907222181558612,0.04363119974732399,-0.0023506262950832024,0.024033693596720695,0.056847148574888706,0.08042115718126297,0.0913611501455307
0.34133116475173403,0.25640315739881425,0.31860562520367758,0.33229177839615764,0.25116388155863834,0.27247546350254731,0.28492914605885744,0.18264422794947258,0.16097260617157994,0.18594319059660561,0.078138443136898175,-0.01345396525441454,-0.0072110989131033421,0.01284620220608571,0.11647725673392415,0.18814113487799963,0.21848746140797934,0.22077006697654725,0.21255490630865098,0.17810913589265612,0.15618533827364445,0.14162505335277981,0.12833605068070547,0.11697628907859325,0.075067705992195338,0.023548542521893978,0.031770328473713666,0.016831723041832447,0.0044475496761151589,-0.013375757378526032,-0.0053872339194640517,0.022529240503596764,0.0458107691258192,0.05830902885645628,0.081170293688774112,0.087117855747540787,0.052401340566575527,0.03344761456052462,0.045195074131091438,0.05011323094367981,0.065967885156472519,0.095340102910995483
0.4807831197977066,0.38633601665496825,0.303282231092453,0.30179925688675474,0.25331362738059116,0.22620877530425787,0.27067000468571983,0.2958037406206131,0.28758044689893725,0.29589218371792841,0.23754386216402054,0.274812447031339,0.30151517689228058,0.315349484483401,0.30377716198563576,0.32033097337592731,0.3185575634241104,0.30655715465545652,0.26440884917974472,0.19474308341741561,0.1599305404557122,0.14325336260454996,0.11552563433845837,0.082748067875703171,0.014758183970116079,-0.013496865081833676,0.0051128883254326256,-0.0031545258340581008,-0.00048070199166735012,-0.022432875198622543,-0.024083057108024757,-0.016651748058696587,-0.00711640331428498,0.028724469865361851,0.065058460459113121,0.075293427333235741,0.08353174229462941,0.0763620634873708,0.06405867512027423,0.052238006144762039,0.058092497289180756,0.076207441588242844
0.46519943078358966,0.4823417067527771,0.40653361678123473,0.35945636672633036,0.3113536258538564,0.27472336490948995,0.27232461354949256,0.29498072465260822,0.3038032054901123,0.30698946714401243,0.16865387296304107,0.20341185652292693,0.257282586561309,0.32636944353580477,0.36955760916074115,0.38790936768054962,0.36859838366508485,0.33394882455468178,0.27171752899885177,0.19345409529549734,0.15328985452651978,0.1274434169754386,0.084479285137993951,0.050581068266183138,0.0021450176835060121,-0.014266662299633026,0.010945105543945439,0.026198725017214503,0.006265505636110902,-0.030144562944769859,-0.034678028430789709,-0.045705714821815492,-0.044968042522668838,-0.017329580150544643,0.040893937616298594,0.09284498542547226,0.10129913687705994,0.09613356739282608,0.0898246094584465,0.073723678787549332,0.068607911467552185,0.0765116848051548
0.40198367337385815,0.42546862714430866,0.42376580621515003,0.38661786913871765,0.35781322534267718,0.33421302040417988,0.30036561076457685,0.28558209996957046,0.27236248056093854,0.28344675712287426,0.33331713080406189,0.35859581579764682,0.38119521439075471,0.40381095111370086,0.387192514207628,0.37482507899403572,0.34228223860263823,0.30997761711478233,0.25683817267417908,0.20039078096548715,0.1540727112442255,0.11090565286576748,0.068339336131300249,0.032782639563083651,0.011517692124471068,0.023887989856302739,0.042550749145448208,0.037533778231590986,0.0054965707628677292,-0.028878960758447647,-0.03907205443829298,-0.019532887963578105,-0.028612330012644332,0.012247343314811587,0.041720798859993614,0.076570764183998108,0.0999821349978447,0.10694470070302486,0.10942034423351288,0.10092460364103317,0.0923059806227684,0.083719231188297272
0.3494487437936995,0.35594705678522587,0.35842738151550291,0.36509487383505879,0.33678184747695922,0.32391662597656251,0.32136549628697908,0.30084457062184811,0.26964781433343887,0.25700004971944368,0.30405019911435932,0.37002101811495697,0.41251603310758417,0.43206175789237022,0.40393434058536182,0.36493364721536636,0.29396310945351917,0.24022340588271618,0.22009175121784211,0.1977720633149147,0.15259303152561188,0.10967443734407426,0.059153376519680022,0.018585808575153351,0.0056941893853945658,0.00928828411269933,-0.000548537541180849,-0.036163536831736565,-0.05099389236420393,-0.038534854538738728,-0.021663285733666271,0.013870416286711892,0.02664519225557645,0.029828453436493874,0.028226119776566822,0.054999656975269318,0.081811532378196716,0.098051227629184723,0.11538419624169667,0.11451109498739243,0.10052110254764557,0.085130182405312851
0.29634500708844924,0.27961639780551195,0.32030621696920958,0.33194868597719407,0.31517116030057274,0.30176493754753697,0.31183570809662342,0.29502760966618857,0.25518381036818027,0.21929717684785524,0.24318990980585417,0.295558375120163,0.35232970449659562,0.37196651372042572,0.35773090124130247,0.30878075584769249,0.2486515376302931,0.18958884229262671,0.1857670396566391,0.18093602657318114,0.15506441295146942,0.11527798473834991,0.0655149919912219,0.023866333688298862,0.013686108926776797,-0.0074225088581442835,-0.030448522418737412,-0.0530035775154829,-0.052841838449239731,-0.018508732008437317,0.0073905003761562211,0.015651413860420387,0.018273703753948212,0.0296286940574646,0.026022969434658687,0.039746584991614022,0.061914729575316109,0.090147774666547775,0.10005691399176915,0.10183315351605415,0.095312174409627914,0.085652492940425873
0.25458724718344838,0.227596465498209,0.291966250068263,0.3246329144427651,0.29074503382047018,0.27237168830983777,0.30934993177652359,0.27987293899059296,0.22956983745098114,0.21369415720303853,0.22107688834269842,0.23202597498893737,0.27504753197232884,0.29130182663599652,0.27453475362724727,0.24389379790851049,0.19193297624588013,0.16239405274391175,0.17120119035243989,0.18638285001118979,0.15765503644943238,0.10096020499865215,0.045986739297707878,0.007046499551506713,-0.0368577023036778,-0.054234399149815239,-0.061209620287021003,-0.058975117281079292,-0.042325760703533888,-0.011024793144315481,-0.00076546857599169016,0.015468530046443144,0.01953782606869936,0.029827539809048176,0.033824248239398,0.039151823148131371,0.054465193301439285,0.073075061043103531,0.085465788841247559,0.079445887356996536,0.0716906413435936,0.062038914610942207
0.23339295913191402,0.20221608263604782,0.26475259924636169,0.27455825638026,0.24891570911687963,0.24758821832282202,0.26326378478723411,0.26480396886666618,0.24705676734447479,0.22899231594055891,0.22746955752372741,0.21594797074794769,0.22276156809594896,0.22761978954076767,0.21691712311335973,0.18115876118342081,0.15783979892730712,0.13194552809000015,0.13396885494391123,0.14540662119785944,0.11772372201085091,0.074521331737438842,0.017558350795297883,-0.030956135597079992,-0.0609095748513937,-0.074191242456436157,-0.073917556554079056,-0.065488215535879135,-0.056820785626769066,-0.035682123154401779,-0.023649547249078751,-0.0082971949595958,0.0062057887989794835,0.028909680744012196,0.03568342886865139,0.041528746485710144,0.051066325977444649,0.059606030583381653,0.064870305359363556,0.058142747730016708,0.040982276201248169,0.031125747598707676
0.21531816177508412,0.21643875451648936,0.24402420688420534,0.21382439224159017,0.21167198142835073,0.23730556140927708,0.24057998614651815,0.2282263104404722,0.22124288578828175,0.20448939502239227,0.1870059615799359,0.18071384727954865,0.18934475816786289,0.19418902908052718,0.17229938258727393,0.14691702723503114,0.12227516124645869,0.099970975890755653,0.090140221019585923,0.081746239215135574,0.085306733846664429,0.044904359926780067,-0.007273515996833642,-0.04783206433057785,-0.074065990746021271,-0.077774636447429657,-0.0714183822274208,-0.073056552559137344,-0.07189333438873291,-0.0667455072204272,-0.053984252735972404,-0.030898018429676693,-0.014225409676631292,-0.004943283973261714,0.0064389752224087715,0.022634033113718033,0.039636339992284775,0.044332152853409447,0.033765765838325024,0.030937744304537773,0.011772850062698126,0.0032360129989683628
