SouthSea_Web/demo/jsonfile/2017-12-14-18.json
{"header": {"parameterUnit":"m.s-1","parameterNumber":3,"dx":0.1,"dy":0.1,"parameterNumberName":"Northward current","la1":29.0,"la2":12.0,"parameterCategory":2,"lo2":131.0,"nx":250,"ny":171,"refTime":"2017-12-14T18:00:00","lo1":106.0}, "data":
[rows 57 to 75 of 171, columns 129 to 171 of 250]
-0.48022978561265128,-0.588969107415225,-0.8164420488633608,-0.9547322260008918,-1.0162716265077945,-1.05053258985281,-0.34763400804798078,-0.6634942536170666,-0.57442421697907975,-0.41622385793718797,-0.30688690940539043,-0.42783824245581464,-0.21745548829243616,0.0,0.0,0.0,0.0,0.0,0.0,0.0,0.0,0.0,0.0,0.0,0.0,-0.0181976981047127,0.67518294861273664,1.1157929679037819,0.85330648393165776,0.70641708374023438,0.72099248319864273,0.80650815225782846,0.90909382544065775,0.92085086637073088,0.83540566478456768,0.701915400869706,0.5919879760060992,0.48942342028021812,0.40389099915822346,0.32197003364562987,0.22681542273078645,0.12763943622509638,0.027908782616335278
-0.49133590827969942,-0.709016194214692,-0.90082438027157508,-1.0268287288176048,-1.0903621514638264,-0.60881669874261346,-0.84619170842291436,-0.69941624062401908,-0.44952285925255103,-0.32145771745479468,-0.25092126320048075,-0.34841435783086938,-0.10866679841342804,0.0,0.0,0.0,0.0,0.0,0.0,0.0,0.0,0.0,0.0,0.0,0.0,0.086806544488799584,0.92863483166475913,1.0664337460811322,0.812070415701185,0.75080665614869857,0.779349790967029,0.8899816751480103,0.93967619964054649,0.90472013503313065,0.801661046112285,0.67172886218343464,0.57326772610346477,0.45862839313653797,0.36344093960874219,0.29709376891454059,0.21218269719527319,0.10763538082440695,0.038956733289523982
-0.70450522365241219,-1.0106308937072754,-1.1429798685271164,-1.307570726707064,-1.3182263926223472,-0.96559927115837729,-0.70641310467864526,-0.51003679384787881,-0.3486071223249802,-0.18366321947957789,-0.14615122436784034,-0.197041047138295,-0.027277698119481403,0.0,0.0,0.0,0.0,0.0,0.0,0.0,0.0,0.0,0.0,0.0,-0.011329025030136108,0.54539480209738633,1.1220861885108446,0.94052813715404937,0.78480719643480634,0.77887227214299715,0.83128654685887426,0.93049539029598238,0.933396327495575,0.88277184963226318,0.79029755867444551,0.670883412872042,0.56900952756404877,0.45476877460112941,0.36095181533268522,0.29080949723720551,0.18052116196070397,0.097638105507940054,0.021563254684830706
-0.790382250495579,-1.0735073430197579,-1.0307664108276367,-1.1104186743497848,-0.9367379891244989,-0.69601752112309134,-0.45964872986078265,-0.34190857066557956,-0.209617313483487,-0.15134340800620891,-0.11843246297958569,-0.15006134216941294,-0.070493099802733133,-0.0037532385516290865,0.0,0.0,0.0,0.0,0.0,0.0,0.0,0.0,0.0,0.0,0.66961480243392568,0.98524971319510879,1.0343819331314603,0.80438462048769,0.78204732707568581,0.77841311472433583,0.85358649751414428,0.9345442512456108,0.9045102874437968,0.83755272626876831,0.77157306671142578,0.67111949278758121,0.561089528458459,0.45960047841072083,0.38264997418110186,0.283413819471995,0.16892732909092537,0.11058051983515421,0.016221849913043634
-0.75561252236366272,-0.93804030558642215,-1.0425734394475033,-0.97054163366556168,-0.79553452506661415,-0.58039585983051978,-0.44194896754465607,-0.32387415000370573,-0.40253589976401555,-0.33677486081918079,-0.21342820899956155,-0.072574977607776717,-0.099037003175345889,-0.05099876352666316,0.0,0.0,0.0,0.0,0.0,0.0,0.0,0.0,0.0,0.2951521617457426,0.84296191054464176,1.0576410938615668,0.87168793704198755,0.65683858942341156,0.81914596866678313,0.76252382535200858,0.85970283746719356,0.91666160311017719,0.88647867043813067,0.82155350844065345,0.75977450183459694,0.65571197271347048,0.536973387002945,0.44471818767488003,0.38251176689352306,0.29539343395403456,0.19313714595941398,0.12594521443049114,0.03731086461006531
-0.68072078909192768,-0.76840764742631174,-0.76504343251387275,-0.72532033494540626,-0.63818298067365375,-0.5102462787181139,-0.44675536288155449,-0.44165474989197473,-0.24046488832682372,-0.02679889108074586,0.088053858007437411,0.16054653149802942,0.034740537273605834,-0.0080925916298493286,0.0,0.0,0.0,0.0,0.0,0.0,0.0,0.0,0.0,0.5143248319892515,0.9222377496705928,0.95112643325537971,0.58639689836096254,0.59909376065905506,0.81022622316114368,0.7820710067947706,0.87667937441305677,0.91018912196159363,0.879417912165324,0.81534605820973716,0.72536172185625347,0.60388637014797752,0.48076457977294923,0.39919810132546857,0.349199863580557,0.27376479903856915,0.19462441466748714,0.16209167639414471,0.066372363020976391
-0.48020976119571263,-0.54514770209789276,-0.5591311725703153,-0.56971108100631018,-0.50775650995118282,-0.51675186262411232,-0.47571542486548424,-0.26930304297379087,-0.13320610240440478,-0.00467289494269568,0.12492255853681729,0.27080724432187919,0.3425245690345764,0.12305334398150444,0.039720146415325314,0.0,0.0,0.0,0.0,0.0,0.0,-0.041717722442828946,0.22539128683755225,0.62127537862593385,0.78037856817245488,0.84428100720528632,0.28826594543001005,0.71421531249176373,0.74792778678238392,0.79829063018163049,0.87695160082408363,0.91687070926030478,0.880324698984623,0.78729241291681928,0.66277346702722406,0.53890021030719459,0.42746480902036033,0.35964058836301166,0.3040173330477306,0.23585617648703711,0.19269638934305736,0.16128838864656594,0.058886098861694339
-0.3335583706696828,-0.34793658554553986,-0.39156645908951759,-0.3851345723325556,-0.43486079344382655,-0.45413247209328872,-0.36134423017501832,-0.28866898268461227,-0.15760534037561977,-0.063211532872325435,0.072631887871668577,0.18676390190576686,0.25279781506175086,0.21330225011750834,0.077121209505752755,0.0,0.0,0.0,0.0,0.0,0.0,0.12612868581013179,0.34280413855737613,0.54355984216644648,0.62313874598060337,0.639278549068379,0.4673810489413639,0.65717330439524213,0.62002020252162016,0.75216700272126635,0.85128028555349866,0.90523497387766838,0.88086061267291793,0.75175474698726952,0.616379473890577,0.50222279016788185,0.40371233969926834,0.34206314597811016,0.27822580614260267,0.21226645112037659,0.18540758069823771,0.15231153601780534,0.047538624207178755
-0.27131758417401997,-0.25398725602361893,-0.23144493252038956,-0.2800680534406142,-0.3074943870306015,-0.34164631366729736,-0.29412511363625526,-0.13080557632972212,-0.10794870431224506,-0.094422213394533508,-0.023378026884292132,0.037935547343093075,0.10618520486685965,0.21728231694738745,0.14809743511160053,-0.06613547832817368,0.0,0.0,0.0,0.0,0.093211174011230469,0.1399483975853123,0.40683455680097852,0.47625594647204289,0.5418148846537979,0.6194509115330008,0.49794099679807335,0.41192975129399984,0.50226173246348349,0.68036451687415445,0.80032314289183848,0.86939644499828939,0.850746523250233,0.7328636731420245,0.60608018438021338,0.49512310077746707,0.40052055815855664,0.3478006605918591,0.27300801660333363,0.21032368671149015,0.18888586058336146,0.15800989259566581,0.050000410849371783
-0.16671700496226549,-0.0799276922415528,-0.079255862575438291,-0.13092088326811791,-0.19067613780498505,-0.23531453082194695,-0.10900631509721279,-0.0038470619668563208,-0.012821794979067313,-0.04545263488612631,-0.061114452637570059,0.0014337464041697483,0.076888700733213008,0.16174716304522008,0.1503953670589373,-0.052915492051168286,-0.083174819600259978,-0.081895563299908783,0.0,0.0,0.05807939412241632,0.20299844693091482,0.35015194301019636,0.40647788180245292,0.52800595313310628,0.62490946054458618,0.46526863382143135,0.25111168225606284,0.46069160001031284,0.65064005209849429,0.74330117106437688,0.80726072367499857,0.78856205145517988,0.66914033095041914,0.58622655001553625,0.49490403880675632,0.40929558414679307,0.35331678638855618,0.26330751753770387,0.2104790210723877,0.18460957173790252,0.13355679586529731,0.00558949749392923
-0.022535958273995977,-0.052985943388193846,-0.11247877082364126,-0.12719774805009365,-0.14606628045439721,-0.052818406454753129,0.086486844878111563,0.14115555371556962,0.13492649495601655,0.099727873004188658,0.11610928044787475,0.17129580676555634,0.18666965812444686,0.25844359793225113,0.25319367676388982,0.1099532530238123,-0.042039223584155974,-0.08995328752196724,-0.070679135620594025,0.0,0.037499280879274011,0.24973137011485441,0.33572130927852556,0.46694157673762393,0.62524249974419088,0.66137472291787469,0.40133119413727208,0.17589071206748486,0.50559315599244214,0.66271828174591063,0.72589894831180568,0.76450049526551189,0.71385238170623777,0.59836753973594081,0.52983729441960647,0.46369433403015137,0.41647580904620035,0.37330465018749237,0.26283143575374895,0.19182595014572143,0.18645604393061468,0.093902093668778733,-0.0395146242642243
-0.06556325638666749,-0.071597839705646038,-0.0644845523703326,-0.03164285946298729,-0.0091929058967666188,0.12095527757297862,0.18599550177653632,0.19660512804985048,0.21334944558995111,0.25193083207858236,0.29677018616348505,0.30553770324458246,0.28794257137282142,0.29182161887486774,0.27241264480464861,0.17181050467800785,0.080528271331012938,-0.038162745437092291,-0.12682642363425759,0.0,0.031869333993416238,0.34238835672537488,0.5073208400736684,0.654240895258753,0.694865012780214,0.68257129050436471,0.41072991561321986,0.12997725937606358,0.56589710712432861,0.70185038218131435,0.76822702373777119,0.78690286594278669,0.69588352441787715,0.542987726132075,0.48465817670027417,0.435887794603001,0.39574193557103476,0.35535842180252075,0.2500398809259588,0.18037843108177185,0.198644349972407,0.10632605118056139,-0.0359097606560681
0.0172148884092975,0.049047606479790479,0.050833046022388667,0.07280459143221378,0.12392189577221871,0.15924235847261217,0.20535788983106612,0.24204348163171249,0.32175946235656738,0.38616552154223122,0.38237167502704422,0.36251355636687504,0.3394196977217992,0.35718923807144165,0.33087979983060789,0.13296456979809418,-0.030651428234562569,-0.059947378663158211,-0.2271858972848439,0.0,0.045503911759817238,0.46629101527880318,0.66448657734449523,0.73219382036023029,0.68176017254590993,0.620769148071607,0.31958249370784386,0.07168083277602609,0.660447290374173,0.74951771966048653,0.80949211120605469,0.8192504213915931,0.73481850698590279,0.55068823893864949,0.48052834547483003,0.4227316677570343,0.37433254718780518,0.33849086761474612,0.23036634234281686,0.15651492178440093,0.21029429833094279,0.16205143881961703,0.0229698599474172
0.107578010763973,0.099936261773109436,0.083062839228659868,0.096246815286576748,0.13840074930340052,0.15977977547380659,0.22448489964008331,0.3255690609415372,0.41402928233146669,0.42922191665722775,0.42608532309532166,0.42047266165415448,0.40895882248878479,0.33730969702204067,0.18743628861072162,-0.010648392111761496,-0.14422032602131366,-0.24077002602188211,-0.47105333710519165,-0.053018617637765907,0.089601713460642135,0.51376560244007385,0.61814457798997557,0.62256656144116373,0.60542509385517662,0.51285730166868726,0.30560280077836732,0.24331185897301702,0.67243310154938118,0.72391379943915779,0.81778334719794132,0.82288741270701093,0.75060746272404988,0.60157948273878836,0.50571759159748375,0.43966620564460757,0.37263293564319611,0.327281894783179,0.21727987844496965,0.13868750459872759,0.19220771888891855,0.15751227438449861,0.0412943551616211
0.20332160778343678,0.17772226780653,0.1470868012734822,0.13900210428982973,0.13197591248899698,0.15222107867399851,0.237793231010437,0.35898727449503814,0.42516427544447094,0.42719433108965554,0.42103753132479532,0.44259200727238374,0.36620497786336476,0.21387990483123323,0.028601672607085977,-0.13776810245739446,-0.25969250535681132,-0.46267414655950334,-0.7210898933831803,-0.059705181149633829,0.027429781329111766,0.471388251550736,0.49263534588473185,0.55791195341058675,0.57293227556589488,0.45863575146004959,0.41150074416682836,0.510148674249649,0.53832789797049307,0.626271325808305,0.75947273048487574,0.79054125968147726,0.73545883383069721,0.6101551268781934,0.52538895606994629,0.45019593172603184,0.37853248532001788,0.33539397441423857,0.22282708755561284,0.1321931228041649,0.16730193793773651,0.12844831102034626,0.035191289332163124
0.25069785330976757,0.20636617839336396,0.16772937277952829,0.126741045465072,0.11677558637327618,0.18079161271452904,0.27250467571947312,0.34797950387001036,0.384221891562144,0.38615974325400132,0.37889058192571007,0.30258985329419374,0.17802451757921112,0.050630254485036455,-0.055204236922277647,-0.16883044358756807,-0.25284444615244867,-0.40487942921704262,-0.4758428120484916,-0.27483686559447429,0.19185198602266609,0.40830978582490163,0.47778392220154786,0.560159006052547,0.65108167628447211,0.55970953984393013,0.48920937644110785,0.42132813581880535,0.40763636011826365,0.5428042858839035,0.6785387322306633,0.72369340938680315,0.67083500538553509,0.56804712613423669,0.50715648879607522,0.44981317434992107,0.3753533388177554,0.33632780038393462,0.22490554768592119,0.12940244727274952,0.1387392199214767,0.095690162153914571,0.01119460304422925
0.26686282269656658,0.19220105931162834,0.13637334534100123,0.099946793700967512,0.10880987346172333,0.17169287966357338,0.25845933407545091,0.30983709394931791,0.31188155033371667,0.28270579989139849,0.23863591368381792,0.15032802735056197,0.069937000516802073,0.011696410084636334,-0.0374851405874572,-0.10817954835036527,-0.19915822247664133,-0.28794783353805542,-0.27205872331179826,-0.10369210399074268,0.23717848251846324,0.37934945693070238,0.50650804075929856,0.62084730017569756,0.69675449095666409,0.66227204104264581,0.57341463539911353,0.47729679676038878,0.38646626472473145,0.526216402053833,0.617868379406307,0.66123919276630172,0.59880919059117632,0.49981049895286561,0.44558756397320676,0.42394185314575833,0.35573551803827286,0.31482497316140395,0.21655391156673431,0.1191785098053515,0.10998684002293481,0.069796101252237952,0.0023625329473101636
0.26415225532319808,0.18775970302522183,0.12312305718660355,0.098348259925842285,0.13286519476345607,0.19460842261711756,0.25543429619736141,0.26007059878773159,0.23929280042648315,0.18421829424121164,0.11593000652889411,0.075209504423233181,0.051501002827925343,-0.0057984366576420143,-0.08896427508443594,-0.15602156094142369,-0.20269631629898435,-0.24344676633675894,-0.21973651512102646,0.01337129324891193,0.17849901283896247,0.32187451081616536,0.46317448560148478,0.55033141573270161,0.665141647202628,0.64684036825642444,0.50191031955182552,0.36111472411589191,0.3731714052458604,0.49268222550551094,0.53059959659973777,0.6056875044649298,0.52913659285096559,0.42066275278727211,0.37215094612194943,0.35589122573534648,0.30013285151549746,0.25369679840172038,0.19148322676911073,0.10761216084162394,0.09522128146555689,0.054075528169050813,0.0073321679498933789
0.27736326200621469,0.22809139319828578,0.17030802555382252,0.13908141212803976,0.16623258803571975,0.21219087392091751,0.24078817665576935,0.21726548299193382,0.17824366523159874,0.12067888006567955,0.0676709372550249,0.04946415431120179,0.016237112094781229,-0.056870102416723967,-0.1098829393585523,-0.13530218679653971,-0.12035736340013417,-0.12296418731029217,-0.018742605207080487,0.1016004236007575,0.23393400532729697,0.3115618013102433,0.44988886241255133,0.51546573741682644,0.63913978876606115,0.62967860314153856,0.45497214106413036,0.28091107774525881,0.24062464111729673,0.39836264848709108,0.49842478449528033,0.56071507268481779,0.48838749703238993,0.37312439785284157,0.30667086243629454,0.29866462747255962,0.26336036534870372,0.21741794750970953,0.18766598841723273,0.085171395912766457,0.064570058137178421,0.029091010202786753,0.00093290557225163165
