SouthSea_Web/demo/jsonfile/2017-12-15-22.json
{"header": {"parameterUnit":"m.s-1","parameterNumber":3,"dx":0.1,"dy":0.1,"parameterNumberName":"Northward current","la1":29.0,"la2":12.0,"parameterCategory":2,"lo2":131.0,"nx":250,"ny":171,"refTime":"2017-12-15T22:01:52.5","lo1":106.0}, "data":
[rows 114 to 132 of 171, columns 0 to 41 of 250]
0.0,0.0,0.0,0.0,0.0,-0.24983868499596915,-0.37260872977120535,-0.47560602873563768,-0.585753933949904,-0.60709538346245173,-0.52346538172827828,-0.43634125391642253,-0.36334608867764473,-0.33263272047042847,-0.31103232502937317,-0.29822812974452972,-0.26592330137888592,-0.22770973543326059,-0.18388943746685982,-0.12402984872460365,-0.10632738967736562,-0.08961062630017598,-0.091033183038234711,-0.0859048068523407,-0.075414825230836868,-0.082129168510437014,-0.060175646468997,-0.029593543498776853,-0.058789565848807492,-0.0755946325759093,-0.088326739147305489,-0.1136506674811244,-0.17712544117655074,-0.15035892029603323,-0.11061883593599002,-0.075320309400558477,-0.12767617723771504,-0.21387806832790374,-0.28728926512930131,-0.30532466448270357,-0.25281105770005119,-0.28796142080555792
0.0,0.0,0.0,0.0,0.0,0.0,-0.2454534038754829,-0.37896928724146239,-0.473805994300519,-0.54776662800993237,-0.575431923974644,-0.46470897595087685,-0.37150490283966064,-0.33779510855674744,-0.31293702125549316,-0.28573363423347475,-0.2450152188539505,-0.21155383189519247,-0.14692847616970539,-0.094414182007312775,-0.081269897520542145,-0.070247573157151535,-0.069549396634101868,-0.056141601502895357,-0.055423323810100553,-0.0527686357498169,-0.039103454910218716,0.01113468682160601,-0.0085341248971720542,-0.066416947171092033,-0.10019373361553464,-0.13231026567518711,-0.12502974147597948,-0.090949951112270361,-0.10461161732673645,-0.11403657247622807,-0.15204749628901482,-0.20254375636577607,-0.2709995970129967,-0.34743546942869824,-0.3446674366792043,-0.26894303304808481
0.0,0.0,0.0,0.0,0.0,0.0,-0.0158860234854122,-0.26664019641519965,-0.37617229381876605,-0.43227089625416382,-0.49861493635745274,-0.50122164338827135,-0.40974967678387958,-0.35581738182476591,-0.31222966739109587,-0.28088627258936566,-0.23723630011081695,-0.2057887427508831,-0.1607552096247673,-0.111173910399278,-0.081093531101942062,-0.064932024727265045,-0.073540324345231056,-0.06993507593870163,-0.046847397461533546,-0.049372530542314053,-0.01248506954871118,0.012688052374869585,0.011977282352745533,-0.0937948077917099,-0.1336702344318231,-0.11867258449395497,-0.0836437065154314,-0.066624703151839118,-0.11465020477771759,-0.19589466750621795,-0.23836944748957953,-0.31818234324455263,-0.36771743893623354,-0.30680310997095978,-0.26127940881997347,-0.25277983993291853
0.0,0.0,0.0,0.0,0.0,0.0,0.0,0.0,-0.26666561973421543,-0.34639532828894187,-0.39435352453818689,-0.46045664921402929,-0.44278814435005187,-0.37926227847735089,-0.3444131811459859,-0.2963210791349411,-0.22508959770202636,-0.19168280561765036,-0.1684264043966929,-0.1179104174176852,-0.092624584833780929,-0.087162114679813385,-0.086795475333929062,-0.086625768244266516,-0.055287003517150879,-0.023825524467974903,0.019416401667209964,0.041024398058652878,0.00282710213214159,-0.095607167908123555,-0.14126621559262276,-0.14059211909770966,-0.1030265571815627,-0.087292425334453583,-0.1286025658249855,-0.21462843815485636,-0.23995532095432282,-0.27873667577902478,-0.33485156595706939,-0.2895130950670976,-0.2185952572358979,-0.18283701837062835
0.0,0.0,0.0,0.0,0.0,0.0,0.0,0.0,0.0,-0.26196006685495377,-0.32458317266858144,-0.34371695125644858,-0.41800332302227616,-0.47361682761799206,-0.42514165885308208,-0.385220992565155,-0.23753247782588005,-0.19314518322547278,-0.2043466679751873,-0.16973801702260971,-0.12822186450163522,-0.11882527669270833,-0.11645393073558807,-0.12606743909418583,-0.088261193782091144,-0.039766733845074974,0.005276162310370377,0.049247210845351219,0.02532077281891058,-0.056774020350227751,-0.14261965453624725,-0.13032051300009093,-0.060802936398734651,-0.0607519019395113,-0.14249420315027236,-0.21824677536884943,-0.25700211950710844,-0.24263365939259529,-0.20666133138266477,-0.19078829636176428,-0.16825836648543677,-0.1415033479747565
0.0,0.0,0.0,0.0,0.0,0.0,0.0,0.0,0.0,0.0,-0.19930504668842664,-0.32386609656152443,-0.45194321001569432,-0.47438507513566452,-0.32649124345996161,-0.34816981554031373,-0.1998832474152247,-0.19624960720539092,-0.23801129683852196,-0.22410807758569717,-0.15200985223054886,-0.13925545662641525,-0.13896148651838303,-0.13183742761611939,-0.11043485552072525,-0.063470448553562167,-0.024866949394345285,0.016189552688350279,-0.012396285387997827,-0.074789942552646,-0.13921696245670318,-0.1131345381339391,-0.0075861306395381689,0.013049754546955228,-0.14803541948397955,-0.26724332571029663,-0.31877191530333626,-0.23378046519226498,-0.18701354973018169,-0.15810617152601481,-0.1432351431120997,-0.15403810143470764
0.0,0.0,0.0,0.0,0.0,0.0,0.0,0.0,0.0,0.0,0.0,-0.14562874734885506,-0.25204907752573491,-0.28072032583387274,-0.25095336007721286,-0.253773850553176,-0.141210682117022,-0.165900243954225,-0.29819958284497261,-0.3082478592793147,-0.19343794882297516,-0.16475235298275948,-0.14096491038799286,-0.1266651451587677,-0.11840365231037139,-0.0799572616815567,-0.03614069102331996,-0.018586356099694966,-0.0586908453454574,-0.090242389589548111,-0.11787852644920349,-0.084217332303524017,0.010843784548342228,0.024599284771829842,-0.15027648396790028,-0.30663778136173886,-0.34146592683262295,-0.25603263527154924,-0.23310843110084534,-0.22660362389352587,-0.20492984106143317,-0.19664317239885745
0.0,0.0,0.0,0.0,0.0,0.0,0.0,0.0,0.0,0.0,0.0,0.0,-0.1435800921853149,-0.207523793606701,-0.2280263760023647,-0.23964253813028336,-0.19873042631408441,-0.19777342393284753,-0.30943660544497625,-0.37021832995944554,-0.27619848027825356,-0.19604716897010804,-0.16754565238952637,-0.15592944870392481,-0.11968211953838666,-0.084734577685594559,-0.067429586499929431,-0.055292896181344989,-0.070901644726594285,-0.092169031500816345,-0.06860896572470665,-0.0087808698415756219,0.01756406162166968,0.014793088038762411,-0.174367967993021,-0.3414219543337822,-0.30420368744267356,-0.23847107589244843,-0.22956077860934393,-0.2397552105513486,-0.20442761999109518,-0.1660015732049942
0.0,0.0,0.0,0.0,0.0,0.0,0.0,0.0,0.0,0.0,0.0,0.0,0.0,-0.17808265872299672,-0.18848232384662181,-0.22262409569348318,-0.22865308821201325,-0.22046925595828465,-0.24216354841535742,-0.35163422624270119,-0.33884519764355253,-0.24954030911127725,-0.20194782955305918,-0.18472941219806671,-0.1376687784989675,-0.10873424048934664,-0.094659736113888879,-0.10030235988753182,-0.099671348929405212,-0.087171257606574473,-0.052408667902151741,-0.0035379823530092835,0.00037310109473764896,-0.07586229186771172,-0.20337735967976706,-0.24673412491877875,-0.21398335881531239,-0.16459410265088081,-0.16381900198757649,-0.16421203408390284,-0.1319837335497141,-0.077997480105194777
0.0,0.0,0.0,0.0,0.0,0.0,0.0,0.0,0.0,0.0,0.0,0.0,0.0,0.0,-0.17098119345150495,-0.169385159175668,-0.14606540735278811,-0.15608641312968347,-0.17506285267216817,-0.28992449598652975,-0.37577411532402039,-0.32680124044418335,-0.24862339471777281,-0.2323938480445317,-0.18646995723247528,-0.13148905549730575,-0.10262181195947859,-0.11334927131732304,-0.11124477535486221,-0.075526244938373566,-0.039961847476661205,-0.025207793805748224,-0.044013818353414537,-0.091130718588829041,-0.13409912160464696,-0.15732829769452414,-0.15133915841579437,-0.12859934121370314,-0.13741113096475602,-0.099602138623595238,-0.057134696994634235,-0.014437889349852306
0.0,0.0,0.0,0.0,0.0,0.0,0.0,0.0,0.0,0.0,0.0,0.0,0.0,0.0,0.0,-0.16603359679381052,-0.137239851905563,-0.1614175378663899,-0.17032051489159866,-0.21831256376974512,-0.32280745580792425,-0.37557252645492556,-0.33642404476801552,-0.2594841881231828,-0.23238465189933777,-0.15539507161487232,-0.11687168644534217,-0.1237216554582119,-0.0924716807074017,-0.051965062320232389,-0.043624381224314369,-0.051075346767902374,-0.066174531728029257,-0.094346595307191208,-0.099832526097695037,-0.079868070781230927,-0.10733130574226379,-0.11799492593854666,-0.11281334087252617,-0.041965651500504464,0.031541434935726489,0.047720067319460213
0.0,0.0,0.0,0.0,0.0,0.0,0.0,0.0,0.0,0.0,0.0,0.0,0.0,0.0,0.0,0.0,0.0,-0.18775666626386864,-0.18347099202650566,-0.16052655841028968,-0.22452668701870399,-0.34889321410378743,-0.38179009283582371,-0.3070816962342513,-0.29333239793777466,-0.21517990071039933,-0.15092775111015028,-0.12790384367108346,-0.098267740570008755,-0.060595367848873136,-0.060638697197039924,-0.055704155315955482,-0.048609231598675251,-0.0810566008090973,-0.0663329679518938,-0.073223202489316463,-0.097440090030431747,-0.10725688023699655,-0.089128707846005753,-0.0024244135245680811,0.049737505614757538,0.052964887448719571
0.0,0.0,0.0,0.0,0.0,0.0,0.0,0.0,0.0,0.0,0.0,0.0,0.0,0.0,0.0,0.0,0.0,0.0,-0.18629936235291617,-0.13788043656225862,-0.11965868941042572,-0.25099726845609382,-0.35188805044821975,-0.38088341644316009,-0.35494905710220337,-0.2981653153896332,-0.18860836859260285,-0.14089474962516266,-0.12431316822767258,-0.076346256770193577,-0.055454346750463755,-0.038434525020420551,-0.062175396829843521,-0.080234681069850919,-0.042853852733969688,-0.082051242391268417,-0.11191987339407206,-0.10894786659628153,-0.0777123352246625,-0.012183436076156795,0.020927845733240247,0.015251189343292605
0.0,0.0,0.0,0.0,0.0,0.0,0.0,0.0,0.0,0.0,0.0,0.0,0.0,0.0,0.0,0.0,0.0,0.0,0.0,-0.048609099816530943,-0.041366660268977284,-0.18833687942175345,-0.24896189475468561,-0.39847267010519583,-0.42023860261990476,-0.39283748798900181,-0.26930524054027738,-0.18141586830218634,-0.1497780837946468,-0.083370421547442675,-0.05060907133987972,-0.047311760485172272,-0.07655019313097,-0.092423686136802033,-0.05292793083935976,-0.052060347050428391,-0.10725770145654678,-0.11428378628832954,-0.075379391511281327,-0.023258791363332421,-0.0021972540222729244,-0.0085551816647729054
0.0,0.0,0.0,0.0,0.0,0.0,0.0,0.0,0.0,0.0,0.0,0.0,0.0,0.0,0.0,0.0,0.0,0.0,0.0,0.0,0.0,-0.035105033637196553,-0.09129609998335915,-0.23704921383410693,-0.42409146052819713,-0.46104830503463745,-0.38350507974624631,-0.24800959508866072,-0.18487016218049185,-0.098360972272025213,-0.057290988974273205,-0.0580975953489542,-0.073954101651906967,-0.10739205529292424,-0.068341925740242,-0.047023854218423367,-0.085909709334373474,-0.0979933649301529,-0.072834676504135137,-0.054019034653902051,-0.029518462562312681,-0.020339225232601166
0.0,0.0,0.0,0.0,0.0,0.0,0.0,0.0,0.0,0.0,0.0,0.0,0.0,0.0,0.0,0.0,0.0,0.0,0.0,0.0,0.0,0.00099113761801466658,-0.00487516219100957,-0.039633746795748555,-0.3439813145235473,-0.49015331208705903,-0.4968553498387337,-0.32739254508329474,-0.2239485394496184,-0.1296196969655844,-0.0642651447228023,-0.067584945687225881,-0.066556520760059357,-0.095420958101749415,-0.10150548256933689,-0.068862033076584339,-0.07536930715044339,-0.088250593841075892,-0.088519824047883347,-0.10107548038164775,-0.0902629333237807,-0.055455867201089859
0.0,0.0,0.0,0.0,0.0,0.0,0.0,0.0,0.0,0.0,0.0,0.0,0.0,0.0,0.0,0.0,0.0,0.0,0.0,0.0,0.0,0.0,0.0,0.037141132045327284,-0.21662660788057903,-0.30925839571181035,-0.54635509022391671,-0.48218861967325211,-0.2734886232544394,-0.17156393424822733,-0.10087562691081654,-0.092306875934203461,-0.067481405412157372,-0.08299727737903595,-0.10678878550728162,-0.068642584234476084,-0.066480881068855524,-0.0899570569396019,-0.11021781526505947,-0.14503977447748184,-0.14936958253383637,-0.11671500094234943
0.0,0.0,0.0,0.0,0.0,0.0,0.0,0.0,0.0,0.0,0.0,0.0,0.0,0.0,0.0,0.0,0.0,0.0,0.0,0.0,0.0,0.0,0.0,0.0069572588847087767,-0.17411069733689921,-0.20039652347419179,-0.51738588324114054,-0.61289358697831631,-0.39038350731134414,-0.22870648745447397,-0.15961597238977751,-0.12750224024057388,-0.072566465474665165,-0.089331265538930893,-0.11302396468818188,-0.0839713878929615,-0.082044243812561035,-0.10634347517043352,-0.15120752900838852,-0.18797935793797174,-0.183545912305514,-0.155073344707489
0.0,0.0,0.0,0.0,0.0,0.0,0.0,0.0,0.0,0.0,0.0,0.0,0.0,0.0,0.0,0.0,0.0,0.0,0.0,0.0,0.0,0.0,0.0,0.0,-0.16390894043904083,-0.12011335896948973,-0.39069170393605729,-0.64595154424508416,-0.52173217554246221,-0.28891206839505362,-0.22818010797103247,-0.19834732467477972,-0.11172379553318024,-0.11615050435066224,-0.14280782639980316,-0.1305520787835121,-0.132342691719532,-0.1587477241243635,-0.18506823231776556,-0.232645383477211,-0.23192543784777323,-0.19731674343347549
