SouthSea_Web/demo/jsonfile/2017-12-15-05.json
{"header": {"parameterUnit":"m.s-1","parameterNumber":3,"dx":0.1,"dy":0.1,"parameterNumberName":"Northward current","la1":29.0,"la2":12.0,"parameterCategory":2,"lo2":131.0,"nx":250,"ny":171,"refTime":"2017-12-15T04:58:07.5","lo1":106.0}, "data":
[rows 76 to 94 of 171, columns 86 to 128 of 250]
0.0020903602621897503,-0.0053623762796632946,-6.652791769458697E-05,0.020105508564693782,0.0030806144686021772,-0.033206184817202111,-0.023680984407352904,0.05361619823712057,0.11573482075562844,0.097436086114110615,0.0357566359671182,-0.066010025713373638,-0.085609944646849345,0.012421874060029431,0.01278529210235559,-0.067225558068364472,-0.10552903904539088,-0.033213848956119348,0.087297268627610586,0.12833426756163438,0.03276593058798162,-0.089138161278132233,-0.13088918454371967,-0.24729501491501219,-0.31924030477883386,-0.21950211094797784,-0.051422089110587876,-0.13679409848080706,-0.13879303038120269,0.031662554552895017,0.10926629987455183,0.089302299810307365,0.11813819926718007,0.10141742585793785,0.054817356007254639,0.0948792274754781,0.11628232739473644,0.12864036066457629,0.1670779689000203,0.21782710200006311,0.22697367045012387,0.16923347328390395,0.10929704788658354
0.041074918721009185,0.049183436632156373,0.046687297833462559,-0.0012853238580713947,-0.038378163534044114,-0.034994887449007868,0.044635760201799712,0.12306526516165052,0.10852416292313606,0.051892017801131667,-0.083523668594924466,-0.13160871782086112,-0.12106231703526443,-0.0762894668449194,-0.0952245112593201,-0.10630374005995691,-0.059440031774309385,-0.026511650816616366,-0.016002980804639973,0.068416101449128977,-0.043131784357096727,-0.15125937797889419,-0.11317687846568166,-0.27297056776084255,-0.35342186961959049,-0.15746910215562415,-0.1909962931679467,-0.25661304653907308,-0.1470392165620896,-0.012451491025941713,-0.023207358535259,0.039379768695778632,0.15498837198202425,0.13562936049241287,0.096784181743860248,0.13097484051077454,0.17125291554700761,0.20569906663149595,0.23071192843573435,0.24367397679732397,0.23061149650149876,0.16207366572184997,0.085951347835361958
-0.030876222305648428,0.00041495215219373885,-0.028805828456574215,-0.033990584210389189,0.045103857496448248,0.12449001447696771,0.13239667067925134,0.084343709082653123,-0.0072156322308846062,-0.11633101290543423,-0.2368535644867841,-0.20438379256261718,-0.17240959052976809,-0.11602540159734284,-0.10385556565597653,-0.089367564910879507,-0.0445286505412133,0.024272373523462402,-0.018493872884440647,0.05608658845535424,-0.045706181788582587,-0.081881101287812175,-0.051101975207483129,-0.26271144969827809,-0.20226186998788212,0.0642764754282421,-0.065088276986815879,-0.15634147585519859,-0.00963732115458697,-0.090943055943800852,-0.057333029053338314,0.091939348052255815,0.17181227888379777,0.13555273270377746,0.12649512226166931,0.1937527698278427,0.20197040410268874,0.21681247237655851,0.23886576543251673,0.25146377334992093,0.22598265653306787,0.16730129159986973,0.086549841695361673
-0.030991579927504061,-0.045377015860544309,-0.047482617893435344,0.056954757823539828,0.12261101004800626,0.073191230100443747,-0.032553081494025436,-0.16626304259587979,-0.29996640848762851,-0.38795247627422214,-0.356880063811938,-0.22850379049777986,-0.13253222837705503,-0.023200002801109183,0.022143669013887264,0.010156785610184495,0.038777179939982795,0.054139103865538267,0.083244834941896523,0.11696816141138205,0.04357899352141209,0.052277584268549934,0.020355832752478629,-0.17380451523409835,-0.12225215208859286,0.13639796391220355,0.090393481489313254,0.17040679301282602,0.16593585491768623,-0.00896627752808854,-0.014223699745152293,0.084164419863373044,0.18919017485209874,0.17611951061657497,0.18462213718642792,0.22950589592042175,0.20566670402236606,0.20654462575912475,0.24500707324062074,0.26795079026903423,0.24566214978694917,0.180316261947155,0.10138917900621891
-0.050139535251738768,-0.040853247085648872,0.020354366928114796,0.078832798304834542,0.00364876221699108,-0.10597020989904801,-0.23904934669694594,-0.33377041388303041,-0.29178801598027349,-0.26088548144873452,-0.24675015058066394,-0.12247896884431744,0.0074506454633281949,0.17324309672552105,0.19128098806196994,0.19636610584027731,0.21697022568905491,0.27820575135385889,0.21443218414914672,0.095918162432820378,0.0061291545124971952,-0.033476806416839477,-0.10299462193417806,-0.23817302084021402,-0.080422831040276171,0.014810027507812029,0.064816806944077668,0.19058645332213675,0.15830253331518884,0.025785202896222471,-0.040517847985029221,0.05365370804599176,0.13555704156557719,0.22865571826696396,0.29946042437638554,0.30347714185714719,0.25942177756836537,0.2337606605142355,0.23868820269902547,0.2630686949599873,0.25425332933664324,0.19058064122994742,0.097987226210534573
-0.013567662612466072,0.041887379395936071,0.029855761406776895,-0.0544306584966502,-0.15332297887653112,-0.30677169188857079,-0.32564255595207214,-0.24893772554013036,-0.16005228608846664,-0.11212896015495062,-0.017560669012661827,0.0369036662666939,0.16471887829349094,0.27364754403124048,0.27056365750603756,0.22346009490521332,0.28927512870480615,0.36296058708223805,0.20283459844790638,0.14181793488400138,0.03632360573357387,0.013022473198361695,0.028809073852073167,-0.14647448734658103,-0.10360378539794451,-0.0725649892312869,0.089004998443501626,0.11252954631345347,0.126746429130435,0.12142399167297063,0.13689419754394672,0.11441572952187723,0.11398609615862369,0.23591184340141438,0.31247288217911351,0.29828210175037384,0.26745931725752981,0.26876203219095868,0.26714405417442322,0.26887394913605284,0.25173823399977252,0.17518686396735056,0.08434026874601841
0.017762888671347388,-0.034508730351392715,-0.13501635147258639,-0.26880611335077592,-0.31893271406491597,-0.34330866899755264,-0.26200899435207248,-0.10702375339513476,-0.012916722304961534,0.1361948630905577,0.19037081536493802,0.15241721804652894,0.14346866822905011,0.13053017299283634,0.22530307869116464,0.31955694152067787,0.36204985806754991,0.32862129582549043,0.27060249231197758,0.15184118676444758,0.12902442470454334,0.016808359215555544,-0.054069705012894764,-0.05167081918030466,-0.044042693758464029,0.062037967374886524,0.063705102685189835,0.080008722080383454,0.13754300499099426,0.13987410762186708,0.14815248567156675,0.19212959366185325,0.2574962127593256,0.29107202024295414,0.30735286076863605,0.26382227112417633,0.26485981378290391,0.29592455228169762,0.309420468715521,0.29893601602978176,0.25359336882829664,0.17091794312000275,0.077706690049833715
-0.10813709307048056,-0.18665116131305695,-0.25346003100275993,-0.29379901803773023,-0.28358264061911354,-0.18923307156988553,-0.11205132667194395,-0.012957016701318113,0.082634709858601649,0.13442669375925451,0.05220926994079491,0.027700550069668047,0.079378075452278485,0.14679692744040021,0.31469878314002869,0.34904764443635938,0.32723457286658797,0.26929327806359843,0.21287685766348391,0.14956207263239463,0.067687084169197734,-0.22136266302129135,-0.42167279639533745,-0.16496007454169745,0.07491282072044117,0.064312162888033889,0.0021816420878136172,0.027464324507904661,0.0227935818153107,0.024012467399697309,0.13043381083150243,0.18008289661477595,0.22674376666545867,0.30370762944221497,0.36328202944535476,0.33667203648523852,0.32905118332968819,0.33765803575515746,0.34332218766212463,0.32594521178139579,0.25756492382950252,0.14958434738218784,0.077333503535815654
-0.23618623728935534,-0.2427840932057454,-0.17824568527360116,-0.17596866389115651,-0.21677223313599825,-0.19648637021741561,-0.1517329474600653,0.070340462635751028,0.15055768533742853,0.037339828960183591,0.059316269814428925,0.1110687839639623,0.13706074338010016,0.19378397475790093,0.28535629785250105,0.24652713243114321,0.24503079734065317,0.18657522465007892,0.20897854956842604,0.038860935635132571,-0.0905001453332153,-0.20407910910637483,-0.31267726304546251,-0.26576545930520418,-0.143484975851863,0.0096992129929276416,0.082120747279182116,0.14776331423590444,0.032431424094616752,0.025754504993808672,0.087274279543443731,0.15760770615409403,0.22403047362278247,0.32600819835296047,0.38373482685822707,0.35793955326080323,0.36200624529053183,0.37937898933887482,0.37490112944082782,0.326588715116183,0.21831554546952248,0.131821908056736,0.093770322389900684
-0.31127494999340605,-0.30254041804717136,-0.2445344151027741,-0.20880512687666664,-0.22795441647370657,-0.10904146682922587,0.033158929193365,0.060917794075066922,-0.03480480847065337,-0.01761623751448688,0.10349728625554305,0.15634859959746517,0.13276817811572034,0.15524225682020187,0.16493304998710237,0.13946909709295757,0.15265070338701381,0.1362002087220297,0.10769018659923683,-0.0638353336934761,-0.17430983493637933,-0.084178511188466754,0.11643450735254303,0.13757046702362241,0.12433036719753883,0.065255679485102858,0.060241199398643995,0.064094340760197682,-0.014656161280362394,-0.054863093147643517,-0.020956019864809747,0.054047772781147314,0.15315423379170484,0.27568028494715691,0.31735741279341956,0.31563997930950588,0.36359281738599142,0.40417323708534242,0.40152517502958124,0.33453090323342216,0.22150854766368866,0.14233599390302384,0.095572802637304582
-0.27430154575455573,-0.21982982138107562,-0.18806601663430531,-0.1471091180012144,-0.095725305999318763,-0.026887040150662265,-0.0048754840313146508,-0.03622911222434292,0.010474639500999829,0.12139171963291509,0.162370997506219,0.14156553240084066,0.093778864415579061,0.092017792320499822,0.12765034209740789,0.10021269456906752,0.11408170105158529,0.099697855693337167,0.016786841763169469,-0.069749937223878553,-0.018391358811641112,0.057816021295501258,0.066690638324856263,0.036382907957760356,0.10801665650835204,0.11281454612811406,0.14356816799184421,0.10237213500565098,-0.02345400361020623,-0.0990971490031197,-0.10279098494599263,-0.054435245234579328,0.048836697419001547,0.17669783979654313,0.22479574453263057,0.27185979134896221,0.33462549994389218,0.3749733567237854,0.36674485423348169,0.33060446807316374,0.26163378655910491,0.1986868716776371,0.14507628445114409
-0.19077448270939015,-0.19079954743385316,-0.25444643795490263,-0.20040057075244408,-0.059677025442942976,-0.0057913733207070354,-0.026372388535973561,0.047398384519372928,0.090234949150019228,0.12352447993144756,0.13740234896540643,0.17556628330451687,0.13555086082355541,0.12096624350061222,0.15509938638584286,0.09497567908517246,0.088505713056240762,0.00096875816797407986,-0.051276329628164224,-0.026878050457526115,0.051746276122833286,0.10641664109632448,0.0077619524317073261,-0.053823268998400377,0.069961484443597691,0.10664344104138059,0.12043136095299441,0.053332595876090121,-0.026440300194182149,-0.0697075628126279,-0.095196829239527381,-0.0883273315326921,-0.014574354136129841,0.082285673315213484,0.16264756286845489,0.22219961030142649,0.27731362443703872,0.29933877454863655,0.31365662813186646,0.3233976773917675,0.31890359946659635,0.27570844335215433,0.20811846603949866
-0.27731802474175182,-0.24099248747030894,-0.20761029848030635,-0.13856335080439045,-0.12732624646741897,-0.096425979956984514,-0.01856885163015836,0.051616534125059843,0.084063780917362732,0.11073820533997872,0.11603490358743912,0.165533767392238,0.15894998503582819,0.16974512649619061,0.12814227163791656,0.075589275686070323,-0.0041782709580968271,-0.063974631258419581,-0.023808573345195327,-0.011001653677609923,0.057599666936411748,0.13628233131021261,0.037294402698617057,-0.023304326031707324,0.013558362378407577,0.071173554611240711,0.06714054131164,-0.01052951948986447,-0.064477263557675635,-0.076928624184802175,-0.10079416632652283,-0.091173704227675567,-0.034452111423227259,0.047451525816642165,0.13761847366889318,0.18111483131845793,0.20400881891449293,0.24061675667762755,0.29775924608111382,0.340085931122303,0.33554486291749136,0.2990170071522395,0.25804879764715832
-0.29688528605869841,-0.24850535194079082,-0.21826447546482086,-0.19209837516148884,-0.15936412711938222,-0.09082738825065248,-0.031683447499138616,0.042873212791164406,0.073019913990389221,0.10169033684900829,0.13511298022099905,0.17019734632324529,0.17250103594326391,0.14089455295886313,0.0979539798365699,0.02457494272312033,-0.079687831957859015,-0.079379787475898342,-0.015651170933720534,0.017007739245468969,0.067346917707231141,0.0829479604260996,0.028019271336372092,-0.0060015892171869367,0.013998603099921288,0.013010858632664997,0.029498888463583877,-0.0524897372117266,-0.11151989176869392,-0.093458582780190882,-0.081998437643051147,-0.072483062906109771,-0.029963422457084936,0.044382049901677031,0.097527611752351126,0.11976053731309043,0.13498302345926111,0.21699863523244858,0.31489678365843637,0.35228874002184185,0.32194082226072041,0.30104366441567737,0.30473756364413668
-0.24039233475923538,-0.19447326394064085,-0.14929146825202874,-0.13338569228847821,-0.12909256255832211,-0.084551665803481793,-0.037049145025031809,0.034612426050201366,0.072577883023768663,0.10570818558335304,0.15418108339820588,0.19128155459960303,0.19281051207233119,0.15402618222511733,0.086771013924763316,0.0287021518289653,-0.041841474381120257,-0.020522783617634557,-0.0018760007441662972,0.068566692901575674,0.10256948719422022,0.072227500536693981,0.030454615206127206,0.018550982654867869,0.010497610079758662,-0.014714285003223764,-0.048174609626202208,-0.10478342609370456,-0.13251918040472885,-0.11041672183917119,-0.05411097238009626,-0.033300031223060453,-0.0055085075398286186,0.035895153092077144,0.055690426793363362,0.069217817392200232,0.099713883362710476,0.20560781409343085,0.28689762949943542,0.32129603624343872,0.295789098739624,0.31585140313420978,0.35645617842674254
-0.17372334003448486,-0.12971975859896889,-0.11343673004635743,-0.10079375423234084,-0.071946378411917852,-0.057941043685222494,-0.038409026007034948,-0.0021143035815894659,0.040248566045193,0.075293313111028368,0.11652233495431788,0.15941747171538218,0.1788341941104995,0.15614438802003861,0.10506452036065024,0.045680585772145628,0.033032632485264911,0.066536036471641344,0.0736520279612806,0.092498815836424525,0.12763398326933384,0.12741928984937462,0.080820403102299446,0.025618494754391059,0.013385900350219412,-0.0050368934817015543,-0.061676283716224134,-0.1129006880025069,-0.12727228707323471,-0.099620881744406434,-0.030920318656546229,0.031853853414456047,0.069195235768953964,0.0827495746991851,0.079022129150954162,0.0625381904343764,0.082501458624998733,0.18163455171244486,0.25371493150790531,0.27527880668640137,0.27956703305244446,0.32386635740598041,0.38223994771639508
-0.18103859946131706,-0.16851899613227164,-0.14738637157555284,-0.11272653688987096,-0.08398249642602329,-0.077537510904573628,-0.059998225292255139,-0.031015624043842158,0.014139636208006602,0.056927241384983063,0.091086840087717225,0.13263584278962193,0.16087377378169229,0.13683902532667727,0.10454687103629112,0.082581216620432357,0.083204875749192733,0.10640671740217907,0.1279648445546627,0.14676645752929507,0.12614660095423461,0.10222669299691915,0.067917552880114973,0.048422218965632577,0.040841389899000977,0.020479216801256618,-0.028780359672964551,-0.063403670191764835,-0.086475314653438065,-0.0593081809776394,0.0030619584431406111,0.069336493584242737,0.11322488229383122,0.12270995808972253,0.08573238977364131,0.066954772919416428,0.10461767390370369,0.19631728742803847,0.22596653699874877,0.23915017247200013,0.26373089353243512,0.32885596652825672,0.39765705664952594
-0.15855522402401628,-0.15114856671009744,-0.132328271095095,-0.10204094151655833,-0.081809858566728136,-0.0740523255119721,-0.071281128997604054,-0.031757840626717854,0.025602666237197504,0.0751488624761502,0.12198507320135832,0.16074242815375328,0.16469446863188889,0.14752868043653894,0.12997692122178919,0.11851872021661085,0.11489849102993806,0.12265660790236373,0.17421556471122635,0.19301998156767625,0.17037885657378604,0.13515900586332594,0.10631650234713699,0.068739759242709947,0.075676609431543654,0.094316653907299042,0.055258309558177225,-0.010265960768308668,-0.0374846172911164,-0.028245693072676659,0.012978101782769395,0.083476435020565981,0.11839579684393746,0.11062299832701683,0.0848071596452168,0.074734001109997436,0.11441016622952052,0.17862580716609955,0.1808945486942927,0.19248323887586594,0.25363293290138245,0.35273774464925128,0.40684426824251813
-0.14542214379266458,-0.14903008551509292,-0.11588491987565468,-0.076472653475190916,-0.045385612578441696,-0.067984677023357809,-0.079253947734832769,-0.052378629799932241,0.0085332390053422542,0.070659231154188026,0.13855264907081921,0.19151044132248049,0.1777594526608785,0.15573717741405263,0.15055611458691684,0.13957239128649235,0.16343232901657329,0.18482303005807541,0.21693632864590848,0.23787899783679417,0.23749945778399706,0.21215343801304698,0.15816469211131334,0.10952872448954089,0.093839808746620457,0.0911936811529673,0.075504741914894272,0.034799877916359238,0.00010096162553124416,-0.0128185320548558,0.017028835849487223,0.083689084483517542,0.1134003187928881,0.0991423704794475,0.082471375664075211,0.084729690849781034,0.11623499840497971,0.14549760520458221,0.14344711974263191,0.18037286996841431,0.27090922370553017,0.37016717592875165,0.40482758730649948
