SouthSea_Web/demo/jsonfile/2017-12-15-17.json
{"header": {"parameterUnit":"m.s-1","parameterNumber":2,"dx":0.1,"dy":0.1,"parameterNumberName":"Eastward current","la1":29.0,"la2":12.0,"parameterCategory":2,"lo2":131.0,"nx":250,"ny":171,"refTime":"2017-12-15T16:58:07.5","lo1":106.0}, "data":
[rows 38 to 56 of 171, columns 168 to 209 of 250]
0.3700445331633091,0.30251977166959215,0.18072986081242562,0.1175020843744278,0.15372035006682078,0.24307584975446975,0.32185199111700058,0.33795561509973865,0.29885737970471382,0.27299928466478984,0.23442465762297313,0.24443929549306631,0.28629512659140993,0.29157794924343333,0.27941969037055969,0.26533772796392441,0.24258622713387013,0.22015027701854706,0.18257435455041773,0.16479236980279285,0.20564882807871876,0.22015546086956472,0.19760557670484891,0.16503530578768771,0.16465954886128506,0.077643772576092965,-0.062215875591272896,-0.12039054234822591,-0.1924547444169338,-0.21586261490980785,-0.19206434381859644,-0.10620284043252468,0.034558058843355284,0.06806311355903745,0.11142764778600799,0.18970616720616818,0.16125333309173584,0.11768210785729545,0.0965361360992704,0.070152935571968555,0.082596689462661743,0.12837214271227518
0.3728619646281004,0.38804422757204843,0.33287229016423225,0.22274293502171835,0.15492024788489708,0.16773745023152409,0.22180825192481279,0.23013389345846677,0.19356829979840448,0.16683669574558735,0.18189127345879871,0.24711235705763102,0.28929881538663593,0.30824851138251169,0.30707705020904541,0.27986284395058952,0.21324530988931656,0.17281677467482431,0.13687929511070252,0.181410426273942,0.21985961000124613,0.1507866570824071,0.14202006562398031,0.11060573077864117,0.079998335697584688,0.18569092687081407,0.047163346439207852,-0.076424177462125528,-0.082569748163223267,-0.086191237545930416,-0.059555997785467371,-0.032410385599359867,0.061376859031786975,0.21593704413283954,0.25259559154510497,0.26861914061009884,0.18789711408317089,0.13687714295727865,0.10522338322230748,0.07738038773338,0.081545311957597733,0.11062666277090709
0.32494968838161892,0.41422794994555023,0.40099198453956181,0.26068559445832906,0.13412635074928403,0.092528270886224853,0.10236249766067455,0.10495354958316859,0.1023501860909164,0.13683460652828217,0.20877018477767706,0.26708690159850651,0.29639489146379322,0.321099990978837,0.31853455943720682,0.24506143261404598,0.16402344299214228,0.10756607237271965,0.098281743315358952,0.13168254494667053,0.092954295338131487,0.07232596403495832,0.14515148165325323,0.14265852053894809,-0.0468675174507434,0.074768937006592748,0.052556936226140424,-0.020996851983534938,-0.071422669803723693,-0.067471798757712045,0.035583038794963308,0.19661654159426689,0.25752746462821963,0.29792166948318483,0.32128913866149056,0.28418286357607159,0.22089420010646185,0.1730036586523056,0.13762180755535761,0.11616477121909459,0.10608128209908803,0.10866160690784454
0.27725923135876657,0.35495076080163318,0.35738059878349304,0.2569243311882019,0.12738208658993244,0.043611820713665927,0.022500859337228844,0.03851904550238567,0.086214451740185424,0.16216573908048518,0.24781664907932283,0.29939662814140322,0.31108340445686788,0.30460100968678794,0.25937055968321288,0.19056868233851024,0.11233430298475119,0.064794551891585186,0.042106230922329888,-0.036159923658348046,0.020293196537890114,-0.0190145176059256,0.0065413358030267637,-0.019239125926422119,-0.059089566354588091,0.051909295745570315,0.062915020724531354,0.0068868533919819374,-0.091191001443399325,-0.018092345795594156,0.16150144327964103,0.30123703678448993,0.33327340086301166,0.31504520773887634,0.30706048508485156,0.29203452914953232,0.26053864695131779,0.21532909323771796,0.1899429609378179,0.16861056685447692,0.15354135756691298,0.12836731597781181
0.2313060734582984,0.29180426624688233,0.28767030437787372,0.23307663798332215,0.08826597184977597,-0.0068931468471419063,-0.0032658656504388679,0.0520221762255662,0.11312112311522166,0.1649701628420088,0.22989075061152964,0.2693692922592163,0.22197924668972308,0.18205772787332536,0.14761990308761597,0.088864019427161947,0.023804613517131656,0.042558640396843352,-0.037919910427612752,-0.18154509199990165,0.010015966913973292,-0.010086587327532471,-0.035649525099679044,-0.036969536437903079,-0.053323574826472264,-0.02858004504305427,0.10637046480733975,0.058914044934853506,-0.062999035371467477,0.11055898225555817,0.24245040347942939,0.28983895977338153,0.28835169076919553,0.27062123020490009,0.28197652432653642,0.27749623854955036,0.25933033724625904,0.2458488941192627,0.23532077968120574,0.23792277524868646,0.22849284112453461,0.19338087737560272
0.20810594633221627,0.29457024165562223,0.27363720468499442,0.15471831057220697,0.019804963291707365,-0.0030316577758640051,0.044750297649039164,0.084346700045797557,0.12077577660481136,0.13464456424117088,0.17033804245293141,0.13946473905268839,0.091960505449346128,0.076351998141035438,0.068602091131302029,0.0044674764319911206,-0.028074089271415557,-0.0211808143035991,-0.16394674653808275,-0.22997651745875677,-0.02447212697006762,-0.020398415696735565,-0.015285704681637549,-0.083303449379110883,-0.019183207648446818,-0.0048039116610128149,-0.043362964198670605,-0.0056212013339973057,0.12059757545251738,0.2205403877629174,0.24923138107572282,0.2543464809656143,0.24456240236759186,0.2515536869565646,0.24935225503785269,0.25462300862584797,0.24972080687681833,0.24768561124801636,0.25524676740169527,0.26829220851262409,0.28032942414283751,0.26952586571375531
0.22164582252502441,0.2847867714507239,0.19405216966634212,0.044860960096120832,0.074570034852340109,0.132360165938735,0.13915560021996498,0.1069788165828761,0.092990213632583613,0.10606962335961205,0.058006908663082869,-0.0060414861386212017,-0.049268394442541261,0.025516105256201627,0.066989847947843378,0.02566503793267267,0.019972983437279861,-0.081250987946987152,-0.16272618940898351,-0.26268109679222107,-0.15521205558131138,-0.055399518848086395,0.0095300258925327883,0.035769681038800627,0.0895465780555716,0.14173441021037952,0.19322226675493376,0.21219501997295179,0.21908266759581035,0.21975397514669517,0.23464221258958182,0.23671578329343063,0.25077270964781445,0.24020541991506303,0.237798096878188,0.23316164314746857,0.23623102903366089,0.2321137860417366,0.2548525333404541,0.27637219925721485,0.28889084607362747,0.25933586061000824
0.29527511544849561,0.13980468610922495,0.13235609647138821,0.12214974019443617,0.21533479193846386,0.20268780887126922,0.16815268062055111,0.10117158754950478,0.056141080223217919,0.0072213083719058586,0.026830550428712741,-0.021424693104467894,-0.026193856896663256,-0.011818401615268417,-0.060777860448149076,-0.069843869674705752,-0.047632892975922332,-0.073491180484945129,-0.032115122458587088,0.003982278673599164,0.013096300489269196,0.015577823604242159,0.11434016483170646,0.18617609487130091,0.20795133809248606,0.24490891929183686,0.24387527207533519,0.20030834376811982,0.18678015355880445,0.19492708719693697,0.23033024991552034,0.26341273821890354,0.26976527273654938,0.26427223852702547,0.24095663676659265,0.2221608062585195,0.20745943486690521,0.22423561910788217,0.24802529215812683,0.24842208623886108,0.2331432948509852,0.22832845648129782
0.32386592301455414,0.14812672203536043,0.28569694447751137,0.33544191930975231,0.25461345209794883,0.17086384259164333,0.11803188547492027,0.083299165510612991,-0.011899763445273555,-0.15870983381238249,0.021143279263171656,0.074324785978259408,-0.0037285462283168217,-0.019142971446922702,0.0,-0.06444284156896174,-0.10652438551187515,-0.044361186627712518,0.03338213926569248,0.078675498565038041,0.08494227853688327,0.0937630869448185,0.13391270115971565,0.18240038305521011,0.21445479874427503,0.24854940176010132,0.22679640246289118,0.18357405215501785,0.18831606615673413,0.20344412475824356,0.2511786688119173,0.26854178681969643,0.26453242202599841,0.26884146531422931,0.256353922188282,0.23431198795636496,0.21110760420560837,0.20842217653989792,0.20685650035738945,0.20646139979362488,0.19325527548789978,0.19513570765654245
0.33856134489178658,0.26045179841193283,0.26996981962160632,0.31399875027792795,0.26090034053606148,0.22813666480429032,0.1506571690825855,0.0767314477186454,-0.0030598897377357762,-0.020653719041082593,-0.040858271042816342,-0.08220811743868163,-0.14080902012065052,-0.14569158679805697,-0.14637097812913083,-0.17476957234052512,-0.044707605520009318,-0.002802112081553787,0.046280775388533417,0.073085429891943929,0.099770332601937378,0.10577947781844573,0.12446526885032654,0.17122432423962486,0.21245332062244415,0.20621825456619264,0.17265430837869644,0.17933296660582224,0.21055401530530718,0.22559892137845358,0.24554229279359183,0.24335991591215134,0.2511479049921036,0.24917306602001191,0.24335974454879761,0.24074403941631317,0.22455663233995438,0.19265105202794075,0.17829431096712747,0.17920512333512306,0.16997477412223816,0.1713094487786293
0.46734341411363511,0.3922937938145229,0.33894435635634829,0.34619710725896496,0.32559784100605893,0.3253975387881784,0.30738620460033417,0.18907364515157846,0.18106527801822214,0.23738681721059898,0.048151414854146424,-0.014781211875976088,-0.10485878012578694,-0.20198207006187124,-0.13085287401499954,0.0039053058458699118,0.076786604606442987,0.091342709213495257,0.094481045007705683,0.099762957957055837,0.12000325787812471,0.11730097317033345,0.1233505808881351,0.15617055632174015,0.18096519178814358,0.15725644595093197,0.14594757722483742,0.19320524483919144,0.228558961302042,0.22138666361570358,0.19434264115989208,0.19883395234743753,0.20976462662220002,0.20421336963772774,0.20982006490230559,0.2391404906908671,0.22174672409892082,0.20484029253323874,0.20413522919019064,0.17514906078577042,0.15682220458984375,0.15994648635387421
0.610886792341868,0.55760241349538164,0.40484733780225118,0.36376815608569552,0.35944359119121844,0.34813880734145641,0.34957151810328163,0.3217781220491116,0.29900198280811308,0.33988063900094284,0.27827698647975924,0.25664558559656142,0.20240841941400009,0.18882293129960695,0.15142561153819165,0.12014275992458517,0.13581724017858504,0.16930100172758103,0.16940197721123695,0.16570620536804198,0.16379729078875649,0.14197435123579844,0.12559345240394274,0.13878042747577032,0.13576618582010269,0.11643026489764452,0.13635287682215372,0.18542171518007913,0.21917733301719031,0.17945283402999243,0.16329393039147058,0.16507699837287268,0.15991067886352539,0.16445785760879517,0.19291434809565544,0.21587175130844116,0.24238150815169016,0.23871098955472311,0.19415791829427084,0.16746605932712555,0.16632271309693655,0.16443672279516855
0.6101153393586477,0.63564653322100639,0.552418980995814,0.46207655327660696,0.41120734810829163,0.39056456883748375,0.35581128705631604,0.33987776438395184,0.33107344806194305,0.3518685042858124,0.22065968930721283,0.20175226376606867,0.24312749836179945,0.249826280772686,0.21640259855323368,0.21812436133623123,0.2123926505446434,0.21409862115979195,0.21914372444152833,0.20431140065193176,0.18318735488823482,0.14160886034369469,0.11830624405826841,0.1209593852981925,0.11853601038455963,0.1094902257124583,0.14634039465870177,0.19608746220668158,0.20065087974071502,0.16292285174131393,0.1644289568066597,0.160297167301178,0.14160088201363882,0.13762064774831137,0.1721329540014267,0.22356574237346649,0.23629298061132431,0.23473353683948517,0.21372655034065247,0.18550583720207214,0.16641506055990854,0.16251359134912491
0.5078009052409066,0.53410735375740948,0.51703288725444252,0.46526499518326353,0.43479001063566941,0.42529939015706381,0.37493750911492568,0.33102328272966236,0.29151995728413266,0.28346370533108711,0.3215909085490487,0.3239183786014716,0.29117800146341322,0.27834448069334028,0.25361801518334282,0.27381030470132828,0.28512618541717527,0.25746030360460281,0.25494716422898428,0.23020578175783157,0.18918716162443161,0.14148670434951782,0.1209021806716919,0.11878713369369506,0.12186567932367325,0.14138312637805939,0.16959549486637116,0.17388431578874589,0.16753316794832548,0.16450115044911703,0.15852421149611473,0.17037800699472427,0.16484224796295166,0.17877382040023804,0.1812170147895813,0.19648860891660055,0.21045435965061188,0.21368313208222389,0.20004985481500626,0.18605457991361618,0.16734908521175385,0.15535696595907211
0.40077464282512665,0.42170878872275352,0.38801276485125225,0.36717938850907716,0.36453961133956908,0.37459013859430951,0.34176894563895005,0.31902697682380676,0.27910653129220009,0.25737563004860509,0.31663875396435076,0.3791298812085932,0.40424155376174231,0.39523503556847572,0.358861890706149,0.33342380821704865,0.31480750441551208,0.27586078643798828,0.2466806411743164,0.23256880293289819,0.18462716681616648,0.1338612675666809,0.11041665971279144,0.10337194179495175,0.11026758328080177,0.11622666940093041,0.11179336607456207,0.07285703718662262,0.071082980372011662,0.10276120156049728,0.12072028033435345,0.16429382562637329,0.18409612774848938,0.18496162444353104,0.16992107033729553,0.17898541688919067,0.18803418427705765,0.18758569657802582,0.18819901347160339,0.17559570074081421,0.16244193911552429,0.1433247079451879
0.28113028241528404,0.2724015386775136,0.26540929867940788,0.27388610608047909,0.29184294144312539,0.29971367349991429,0.29743010178208351,0.30574600895245868,0.29137846454977989,0.24823462218046188,0.26006133357683819,0.3046646535396576,0.35128434167967904,0.36388575488870795,0.35891825854778292,0.33626485988497734,0.30539278520478141,0.24183134734630585,0.21340369184811911,0.20038798749446868,0.17504219412803651,0.13474449664354324,0.11721355840563774,0.11091966678698857,0.10765816457569599,0.081091171503067022,0.067530835668245956,0.052990565076470375,0.049498412758111954,0.077176019549369812,0.10686883330345154,0.14087888101736704,0.14759229868650436,0.16139917075634003,0.15769182145595551,0.15679456293582916,0.16343817114830017,0.17076688259840012,0.16280072927474976,0.15471650660037994,0.14507925510406494,0.13359305262565613
0.18272915129598819,0.15499494224786758,0.1967091176070665,0.23710819529859642,0.23238356709480285,0.23815041166894577,0.27159680984914303,0.2879900314978191,0.28889902509175813,0.26267345050970714,0.256760115424792,0.257091523706913,0.281158946454525,0.30756714608934188,0.3165181577205658,0.30872506328991484,0.24020920991897582,0.18724441826343535,0.16657918393611909,0.18733169138431549,0.17785794734954835,0.13928466041882834,0.10411664098501205,0.07606150209903717,0.032506882213056087,0.0222481582313776,0.030523729821046192,0.041579112876206636,0.045283012557774782,0.0670237559825182,0.0787510983645916,0.11760180940230687,0.13070042431354523,0.13388138264417648,0.12332761287689209,0.1175561361014843,0.12129127606749535,0.1308810661236445,0.1412846545378367,0.12746690586209297,0.11627909913659096,0.11110246429840724
0.12946420294397018,0.11985493626664667,0.1780403808635824,0.20986932702362537,0.20048949297736673,0.21010408124753408,0.26359371665646048,0.294983168443044,0.2996237613260746,0.28159386478364468,0.2786986450354258,0.24828280082770757,0.25150868627760148,0.26085401326417923,0.27492846335683552,0.24778602768977484,0.18649161159992217,0.12449776753783226,0.11806729435920715,0.14157862837115923,0.13242259621620178,0.10040237257877986,0.060783111490309238,0.021194177214056253,-0.0015018251724541187,-0.0032919584191404283,0.0094750856515020132,0.028685897588729858,0.029822571203112602,0.04710150882601738,0.072947978973388672,0.091554835438728333,0.1062317006289959,0.10910584032535553,0.08501812070608139,0.075923498719930649,0.079270984977483749,0.096500195562839508,0.11047981679439545,0.10034111887216568,0.079284254461526871,0.075425364077091217
0.14474896210081437,0.13317913825021072,0.14736319053918123,0.14864800958072438,0.15925190597772598,0.18715497588410096,0.22017232860837663,0.24201034009456635,0.26178896526495615,0.26165893215399522,0.24362270427601679,0.22705638002265582,0.24086053483188152,0.25619780804429737,0.25185148914655048,0.20033679008483887,0.13337353120247522,0.0852302610874176,0.076145951946576432,0.06905653141438961,0.081582099199295044,0.065701448669036225,0.020776474489442382,-0.0049812039360404015,-0.013642072677612305,-0.0081513090990483761,0.0092969436664134264,0.0269573163241148,0.034080619923770428,0.043134616067012153,0.058649035170674324,0.077113457024097443,0.082634126146634415,0.061826931312680244,0.041641872376203537,0.037443395704030991,0.053976014256477356,0.080066961546738938,0.077892061322927475,0.071847520768642426,0.050197875127196312,0.049128539860248566
