SouthSea_Web/demo/jsonfile/2017-12-14-01.json
{"header": {"parameterUnit":"m.s-1","parameterNumber":3,"dx":0.1,"dy":0.1,"parameterNumberName":"Northward current","la1":29.0,"la2":12.0,"parameterCategory":2,"lo2":131.0,"nx":250,"ny":171,"refTime":"2017-12-14T01:01:52.5","lo1":106.0}, "data":
[rows 95 to 113 of 171, columns 43 to 85 of 250]
0.0,0.0,0.0,0.0,0.0,-0.09534427383446252,-0.081468170544212626,-0.17202643069381618,-0.26597938952089728,-0.26880906751522649,-0.28218080293048514,-0.29154339494804543,-0.25258231482335497,-0.19263239636232979,-0.14441424721118176,-0.089776855163477567,-0.12764125602210269,-0.12546623015077785,-0.028028040309436619,0.0092162824341005863,-0.09099312427667125,-0.29454611043135326,-0.37825881201645423,-0.39870131115118662,-0.33252307993394359,-0.18172747873026748,-0.066823501807327074,0.034249090636876645,0.02278866615437437,-0.0065127386229245788,-0.030068305049402017,-0.029387137317422055,-0.00871358992299065,0.003974613001836198,-0.0012936018648798818,-0.017209811908883398,-0.073550251898942168,-0.086013670111524651,-0.0784453758253501,-0.089696163168320284,-0.1067355727327281,-0.1016304036974907,-0.09549222989328976
0.0,0.0,0.0,0.0,-0.015015827271669065,-0.057971438283195974,-0.12370482387561951,-0.21222116856370121,-0.25973557470285374,-0.28615389009044595,-0.29590915875001389,-0.26938271194696428,-0.23294563354416328,-0.17257370240986347,-0.1471874693201648,-0.14943225930134454,-0.12356047611683607,-0.0072134689950017318,0.030821922355361523,-0.061012260864178339,-0.25585668713882054,-0.32705721616744993,-0.33560844297919956,-0.32735534459352494,-0.22431947787602743,-0.10595145891851711,0.014816966279136852,0.042934509518090636,-0.031590830879630868,-0.084952820890716138,-0.0898131987562886,-0.1133058970937362,-0.061732354918839757,0.00091358192003099248,-0.029190872919011433,-0.063666592800506835,-0.096595858152096092,-0.097408706322312355,-0.10951983040341964,-0.10704494320920535,-0.071028166071132381,-0.05138289645590164,-0.042458198826622079
0.0,0.0,0.0,-0.059047053373598661,-0.09191029312947363,-0.091330605527833522,-0.17146788214470124,-0.24294262799349697,-0.31344881298996152,-0.32304825326975656,-0.30872842222452163,-0.30096508314212161,-0.24180826375430281,-0.1623466190482889,-0.13168978777735732,-0.13650153234431689,-0.036865753773599866,-0.010154601010227842,-0.077352696470916277,-0.26050862886251941,-0.35706225995506558,-0.34168401581269725,-0.29872986777075405,-0.22062914312950202,-0.081496530852746218,0.0087584907440910239,0.01382566556006808,-0.057570446066425314,-0.083458949294355184,-0.051332785814468353,-0.0756736519160094,-0.065239834333104749,-0.011320802663768908,-0.016943573737517,-0.050276811131172709,-0.09936821116850926,-0.13010707577424391,-0.12559704174255504,-0.1151329602759618,-0.081621769539735933,-0.034109412764127441,-0.010428403061398837,0.0028082397056668588
0.0,0.0,0.0,-0.10886894395354527,-0.15420590362177705,-0.1445371015898643,-0.18400219224748157,-0.24363655209541321,-0.26791273898938123,-0.26699813630651026,-0.24187406258923666,-0.22292761877179146,-0.19870787689631636,-0.17846691790150432,-0.13947701232658849,-0.069874325867406,0.028861001715995371,-0.02332116232264525,-0.14391969568256674,-0.29287967039272189,-0.28669030912991228,-0.26574398474446659,-0.210364763935407,-0.13202788732175169,-0.012241689380191798,-0.029380771289912185,-0.055694954469799995,-0.087117308894029036,-0.050895267131703871,-0.072722664901188436,-0.0659202069330674,-0.024715868223990713,-0.026050232005891977,-0.082979067470188489,-0.12670300669711213,-0.1369975323860462,-0.09575583169666621,-0.079861031100153926,-0.059522532325770171,-0.041599625549106685,-0.0098965193023543875,-0.0065011221158783883,0.014939164244569838
0.0,0.0,0.0,-0.16454969374654135,-0.16203579367205287,-0.17292189067946032,-0.21463239155709743,-0.23987083649262786,-0.22117082310187353,-0.22196130580465559,-0.23869840850432714,-0.2319317292802188,-0.16506488857472815,-0.11231013878089625,-0.055709490282951218,-0.056175089478002566,-0.10850467442745163,-0.17987339148918788,-0.2972641343420202,-0.272847488041847,-0.26635450763361795,-0.20784334292014439,-0.19673341152996854,-0.097994900412029684,-0.057598193914725863,-0.072908808649690057,-0.07913277712133196,-0.059668128413182718,-0.087148355586188178,-0.10662105599684375,-0.0806424742937088,-0.057916747475111927,-0.054848251864314079,-0.086547667919485663,-0.088754396438598629,-0.061874881973490121,-0.025520428433082998,-0.013354486611206085,-0.030917794484159222,-0.012574263788000853,0.00968447517684231,0.0039503794082870278,0.0019089383312003237
0.0,0.0,-0.14767753303028822,-0.21832294505474292,-0.17831671607445895,-0.20824675978841009,-0.21515606814309171,-0.2384916562767862,-0.26303964722901585,-0.1936656455650474,-0.17512287142185065,-0.16637731116750967,-0.16424701346291437,-0.11450016851990651,-0.16732143445147407,-0.21437615636856325,-0.1906547287807745,-0.19382691777804317,-0.17948116314026616,-0.18047702418906347,-0.19038297841325402,-0.19159414512770517,-0.17875693848839513,-0.10032638881740899,-0.10389741252248104,-0.0867163438636523,-0.048977799780134647,-0.055325268337932915,-0.10988374413163574,-0.08805911336094141,-0.047201471976362742,-0.033160168245168667,-0.018754013960629149,-0.019423464188418751,-0.032570794187486173,0.0086507050932764454,0.03411712339864327,0.0099736552309388146,-0.024314873053559234,-0.023061957117170094,-0.0029344548730967711,0.017492325174056793,0.01931703189172997
0.0,0.0,-0.19854303855353442,-0.24713083515337236,-0.17200112543339394,-0.15128983570070104,-0.15851547921697298,-0.20147117191148037,-0.20945565915339953,-0.2003747168641824,-0.22230757217781216,-0.17263529579276624,-0.15371567357418148,-0.15199899226427077,-0.11352167235953467,-0.14606530944767751,-0.13674167927467462,-0.1362070542844859,-0.15873001899683115,-0.22356422458376205,-0.20659660840673105,-0.1580240149050951,-0.089140496948467832,-0.064963814974934961,-0.058637365831860473,-0.033976504893092042,-0.010734535408638684,-0.076965310610830784,-0.091026613918634564,-0.068113135794798538,-0.056070871221331448,-0.027072971570305526,0.016975023602135479,0.020621590376928605,0.00086627033194347925,0.023758403956890106,0.023206916064597093,0.015317869950085878,-0.0004269573328201659,-0.026619785322019689,-0.016568436558979254,-0.012106489418074488,0.0069736157160010543
0.0,0.0,-0.20974798400782607,-0.35705317103811229,-0.18300875390648211,-0.18748398680424055,-0.21295558243162102,-0.21583275246285946,-0.23898278874687,-0.20846798750808684,-0.21832112073898316,-0.142412871461023,-0.16863078918111951,-0.14239921742999875,-0.11543337106704713,-0.141658381912215,-0.15827502822503448,-0.17443439524088586,-0.13037695482905423,-0.08993641885795764,-0.054208211567518969,0.00864500371140561,0.0013568281823868997,-0.038952164248459868,-0.010727531983758564,-0.0070135984029288268,-0.016076476516900584,-0.089124779999256137,-0.11131321390469869,-0.032915431357521029,0.013050223956815899,0.040278519658992686,0.062639451657350242,0.030333302948357805,0.0013324434919089374,0.023754074721812055,0.019096164288930594,-0.0062051827424309319,-0.006387451011687517,-0.017733937461993525,-0.034935282643086145,-0.050129359140992168,-0.035038619588773981
0.017762498887465665,-0.10998647662241692,-0.13879345163406448,-0.24584116133119532,-0.19569095370867062,-0.20082410792038388,-0.23390717664733529,-0.20886065708387883,-0.143881327296431,-0.16560569585397325,-0.22613264222939808,-0.20816058647341845,-0.16350708369697845,-0.16289362239260827,-0.14405250346118753,-0.15348689843501365,-0.13315036796754406,-0.14007843773940515,-0.15137629397213459,-0.079412978142499924,-0.032199315094788163,-0.02005421842612257,0.0067458643375344022,-0.017877969872922853,-0.022093286898990091,-0.0018993227439932526,-0.032494170212885365,-0.094699450251128942,-0.12887286484241486,-0.031875857824666634,0.048686806802396419,0.042999625349274047,0.040462540239095686,0.026679854607209563,-0.0019922112601125264,9.6100966822212707E-05,0.0050588330685193928,0.0011472454864997416,-0.00073373578873413086,-0.013790785644838858,-0.066742967503766223,-0.07254348337077178,-0.046494518096248307
0.021764324693561234,-0.12466570969944851,-0.25684237600108173,-0.2279966978518933,-0.19998887669708992,-0.12329073578507041,-0.16583812338741202,-0.13466987672072012,-0.20738981430019651,-0.18205718180307975,-0.15782008700900607,-0.16960668112886579,-0.14999930976944811,-0.12218372779898346,-0.12202492308232092,-0.13940360440927394,-0.13700619314251275,-0.13798264147979872,-0.11530669751976218,-0.054907319860325918,-0.085983672578419962,-0.039049152008913179,-0.051788659835303272,-0.019665759988129139,-0.0330225924262777,-0.011170459212735295,-0.068838393888794452,-0.10710671372138537,-0.083340032026171684,-0.02340706357853892,-0.00015619919513878614,0.0079029625689704865,0.017021438865749923,0.024575131833553313,0.022331752171739935,0.0069259910774417226,0.0014512668609053695,0.0096192454608778153,-0.0099364677201568465,-0.03744119554758072,-0.065943158386896059,-0.0667255748477247,-0.04989724730451902
-0.11672623511862047,-0.19856318639358506,-0.24256233844421341,-0.24596066750722742,-0.14087556974245952,-0.10428358907865282,-0.17186935688886379,-0.16384518005781704,-0.13344189673662185,-0.11347552995349086,-0.11711608309571336,-0.086908799729176936,-0.063815437373705208,-0.055283570962567481,-0.0966764505832426,-0.087118775551689079,-0.11262759273605687,-0.10451540217867919,-0.10201961414090224,-0.087902550482087671,-0.060443844508241723,-0.079823808744549751,-0.038516274687868578,-0.014811072238864234,-0.024890063888354536,-0.018911253114969565,-0.06232933651493943,-0.091831495640454466,-0.0684415685872619,-0.051352002944510713,-0.070151441945479467,-0.034658129115726938,-0.0036188110870380816,-0.00971336442011374,0.0076274654376902616,0.016601074915443961,0.0205812214711762,0.0052363389762691576,-0.033083703644849638,-0.056044112713564007,-0.070343211852014059,-0.077364074833252847,-0.066595091422398889
-0.19038952872501175,-0.24810058948086813,-0.26009904449080534,-0.19667760157860773,-0.13482288841543527,-0.16333666042869829,-0.089910003147563158,-0.097136207859185114,-0.084978875632469475,-0.066882292545119,-0.067603572710033727,-0.023548167411718168,-0.01634463754177479,-0.045643904728108441,-0.017755482279296433,-0.037729877774836496,-0.078417329462590044,-0.0698044253513217,-0.065285530907136416,-0.052513573180746148,-0.058978470042347908,-0.069581263181236058,-0.048064596056938171,-0.026979771251297698,-0.024277537250546394,-0.019805848974591263,-0.04836855442435653,-0.06927712849126412,-0.087739138362499386,-0.10087801321693089,-0.080164644315286915,-0.042325173392891886,-0.023731541596353056,-0.022610674198302958,-0.020155378030957998,-0.0040127339139312077,-0.0021886162780552134,-0.014907419058727101,-0.033561495132744312,-0.055466478580937666,-0.080110819141070044,-0.091326969591054047,-0.09898344320910317
-0.20139911683870587,-0.23280492905405367,-0.16373639679740698,-0.1356815924206502,-0.12792262167466761,-0.10235197852374217,-0.065700569027542788,-0.034504178074227336,-0.043156191320499269,-0.024538814025149666,0.0086248365696519613,0.020531374661784087,-0.0080285875803132629,-0.0023506749589264821,0.024283231832087041,-0.0071572942042257637,-0.047867713762181144,-0.069741963808025637,-0.079156816715285891,-0.086986404602174411,-0.08967373387089797,-0.097028812170028692,-0.086771829053759575,-0.069192309863865376,-0.045589046940828361,-0.034361743554472926,-0.043654277275961176,-0.075058933185494461,-0.10480499926667947,-0.090578027516603474,-0.04664132978929126,-0.022552811838686466,-0.037173846503719687,-0.047393768517808479,-0.045149664860218763,-0.047562104285411209,-0.0523584092205221,-0.04702136238269946,-0.042950845385591192,-0.06122801772185734,-0.088723397503296539,-0.10745677893812006,-0.1261191644838878
-0.1779470672003097,-0.22827940110526071,-0.195500445643724,-0.19241284357460015,-0.16113143631174595,-0.024671957003689991,-0.055123594130428742,-0.027584166374678414,0.0085518411826342351,0.013424265566432187,0.0084825358980406933,0.027367423150550435,0.031910084001719949,0.051889893957055531,0.062828568071126939,0.032950058002024891,-0.0027854607776842183,-0.038797539602965114,-0.077185123585737675,-0.10721050606419642,-0.139190335972951,-0.13905771759649119,-0.11001423459786636,-0.10607116967439652,-0.084448383965839938,-0.064583001175412422,-0.072253847156058662,-0.0900449126958847,-0.0915141806683757,-0.068797474993126731,-0.022129855163040616,-0.015547119732946157,-0.050287458859384057,-0.063589829206466678,-0.067868149594256758,-0.063718444722540235,-0.069983646273612976,-0.071619971096515661,-0.0689789769904954,-0.0759964740047088,-0.08714685495942831,-0.099770023354462209,-0.11386903623739879
-0.27734793608005232,-0.25761152492135975,-0.23142944137717403,-0.18510054237354656,-0.10295053494699073,-0.0175575024649077,0.012005087695371836,0.033447595792157309,0.024327975318387703,0.0081636060819437264,-0.0021289457638756304,0.038658034916107469,0.053346638188317967,0.053511149782155244,0.067492038676781316,0.059721878729760647,0.043380511392440112,-0.011329288166822292,-0.0701219978928566,-0.13655845975053721,-0.16480407348045936,-0.15229852139949798,-0.13197934426940405,-0.13271125495433808,-0.12014029628556708,-0.11057551529096521,-0.10697908764300139,-0.095583713190122085,-0.1089594325139409,-0.0915097188204527,-0.036076622456312178,-0.027191481111865295,-0.039422235598689633,-0.036327437963336706,-0.036487030098214746,-0.033155530558100769,-0.036198972538113591,-0.048722280499835811,-0.0651529539997379,-0.077099919319152832,-0.073039038106799126,-0.070826168039015355,-0.076546416928370789
-0.17911977287043224,-0.22261861868110705,-0.17542426360901012,-0.13993187869588533,-0.053105299373635569,0.01127138575538993,0.042067811852603249,0.038774207009580626,0.00643011300242506,0.001560380969075831,0.0048233754394979246,0.018109577033540297,0.040494635501610379,0.059921169919627051,0.052478385157883167,0.037923748046159743,0.0015554122115385585,-0.037644541988681467,-0.097628142813156391,-0.15967341913626745,-0.16421872324177197,-0.13773508489131928,-0.12650089524686337,-0.12631392122610755,-0.13455393041173616,-0.13663719594478607,-0.11259568956765262,-0.081950288798127852,-0.09391456665961366,-0.095893618836998942,-0.0650384936016053,-0.050880272598827589,-0.046249080915004015,-0.047059806187947591,-0.047789293527603152,-0.041571748228027269,-0.027950994204729795,-0.015600145289984843,-0.027241670992225409,-0.045133069689784734,-0.053425692642728485,-0.047686407715082167,-0.045839713886380196
-0.21111976454056888,-0.16642132918112471,-0.071971735376185578,-0.0033678943727863953,0.0072292332924282464,0.027003673138096929,0.044258046757291863,0.04247624140519362,0.018949010749705709,0.0013219571024067059,0.0021913793723992319,0.014153986444903744,0.048306055397035613,0.072057434267574744,0.070278326515108347,0.050533940114321246,-0.0064287888556558252,-0.062702398687120409,-0.13224230963608313,-0.17192761749029159,-0.16015492265041059,-0.11251538273479257,-0.11332075518590433,-0.11850707739591598,-0.11452176749706268,-0.11156286072471867,-0.082173004746437073,-0.040179118868850526,-0.057741718268708178,-0.082359176717306443,-0.091687669356664017,-0.093386791232559413,-0.081955326454980035,-0.076492484658956528,-0.079003106181820229,-0.0682381967251951,-0.034657358699901539,-0.0017782628419809043,0.00904151052236557,-0.0096389848206724447,-0.033983977511525154,-0.036057912930846217,-0.029253051429986954
-0.092020784760443647,-0.0928310071963265,-0.02877955913098286,-7.3948999800320188E-05,0.021175443552081185,0.040638627074658873,0.033570220280024737,0.01846438870831792,-0.0015966406910969265,-0.010593038991153721,0.014867607122768873,0.057477467215141735,0.079505110667510467,0.070096404376355087,0.076615837635472417,0.039030086475257714,-0.037234567049326317,-0.098550042193947418,-0.1602518888133945,-0.18398418932250052,-0.14041008100365149,-0.11341725649504826,-0.12124455694494576,-0.10954519533194028,-0.066986481014352575,-0.047880964974562325,-0.034428965789795089,-0.0038120105330433163,-0.025333946249226018,-0.040012638868862076,-0.056731570512056351,-0.086282530001231608,-0.10371606477669307,-0.10840839319504224,-0.090666674754836349,-0.067083665593103928,-0.050643161353137761,-0.020779254089575261,0.0045268148449914792,0.0018127625342458486,-0.014614137168973685,-0.019260856555774808,-0.017717714731891949
-0.074233943323737811,-0.021156248787883671,-0.030251787571857373,-0.057263837506373726,0.0062994692438783553,0.0028244451683281956,-0.004496200154352226,-0.032174662500619886,-0.02576581776884268,-0.017236281549284124,0.0033550508216851288,0.0691462615770953,0.08429658883496334,0.072943843018851776,0.059897211385846492,0.003165639018536442,-0.0721007096826246,-0.150746151804924,-0.17457827925682068,-0.15245364486209809,-0.1104143609603246,-0.11123994737863541,-0.11073652809036189,-0.0792790377246482,-0.042420596887285895,-0.020508276824749865,0.013744405779289082,0.056022890119089022,0.034913487877929583,0.013088625580874376,0.020833809122753639,-0.012994454766158015,-0.050591422047895879,-0.0786169513382695,-0.086407588422298426,-0.0805366113781929,-0.060887356185250811,-0.041477953394254051,-0.023948393762111664,-0.0043044151922610281,-0.008189467596821487,-0.013433210738003253,-0.020958739022413891
