SouthSea_Web/demo/jsonfile/2017-12-14-12.json
{"header": {"parameterUnit":"m.s-1","parameterNumber":3,"dx":0.1,"dy":0.1,"parameterNumberName":"Northward current","la1":29.0,"la2":12.0,"parameterCategory":2,"lo2":131.0,"nx":250,"ny":171,"refTime":"2017-12-14T12:00:00","lo1":106.0}, "data":
[rows 57 to 75 of 171, columns 129 to 171 of 250]
0.14399455115199089,0.21911721233580564,0.36237146195612457,0.4787163191371494,0.57007533863738735,0.52252942350460219,0.31005523548098962,0.47366149196257956,0.38664874815278583,0.59736594866062032,0.63447076082229614,0.29607792089829282,0.054422182311978318,0.0,0.0,0.0,0.0,0.0,0.0,0.0,0.0,0.0,0.0,0.0,0.0,0.067674438499293665,0.81317205410940863,1.1742511240529343,0.93489724106904937,0.80217911927930774,0.79990658909082413,0.88340334097544349,0.96651987339320933,0.927419576379988,0.77513218777520321,0.60912036194520836,0.47984256701810019,0.37722972966730595,0.34093304475148517,0.28694114685058592,0.20648294048649923,0.12684994240601857,0.072227988888820011
0.212728410575758,0.38887489003104131,0.50965323518304262,0.5067329382574236,0.64613572117828189,0.33709904617272013,0.51226371036300178,0.50287271993500848,0.45800779409268322,0.53637286659443018,0.59569608292928555,0.31533836525805453,0.063399528662832272,0.0,0.0,0.0,0.0,0.0,0.0,0.0,0.0,0.0,0.0,0.0,0.0,0.21293387337046085,1.0309542748359366,1.0458116428210185,0.82350320986339021,0.77814262663876566,0.79585647064706555,0.91700310707092281,0.99209237524441307,0.93311882391572,0.7828954563421362,0.63654817427907673,0.48402972817420958,0.37686507747723508,0.30510372624677773,0.25808343291282654,0.20106713129923895,0.11567601909240087,0.052007250487804413
0.33199004880313215,0.63615007201830542,0.72869594960377138,0.693770962542501,0.64032032313170262,0.47176538325018352,0.36275237708380725,0.42945662761727971,0.37080849707126617,0.42986488129411426,0.52531329629033108,0.25545134187965585,-0.044573910534381866,0.0,0.0,0.0,0.0,0.0,0.0,0.0,0.0,0.0,0.0,0.0,-0.06833551824092865,0.6369364102445414,1.079135326962722,0.850389211707645,0.682650122572394,0.71066647309523368,0.79040781476280908,0.92931919395923612,0.97804305553436277,0.89674118757247923,0.76062044730553258,0.64856725505420143,0.5061082448810339,0.3891400947020604,0.317326049719538,0.2709224745631218,0.20469800808600017,0.13820973876863718,0.06578336010376612
0.44861506055230682,0.64086132390158512,0.5334120535850525,0.36827513575553894,0.30370065569877625,0.26705697427193326,0.29858742803335192,0.35995197983888477,0.45842743956524395,0.51696956157684326,0.53179996441572142,0.35137400459284068,0.073068183233706854,0.068808860300729677,0.0,0.0,0.0,0.0,0.0,0.0,0.0,0.0,0.0,0.0,0.67690659774410911,0.97220961789114291,0.86193488715058664,0.65090253502130513,0.61733981328351162,0.67491166238431577,0.78633176502974134,0.92941962971406822,0.95804426670074461,0.85174876909989572,0.72210554434702945,0.614914188018212,0.48832140224320547,0.38850222527980804,0.32149171599975,0.26016340156396228,0.18629588989111093,0.14453836629788081,0.070336907303759036
0.38826059798399609,0.39190371509860544,0.33929875257768127,0.24425825569778681,0.22158660553395748,0.25068177458117991,0.31510177254676819,0.45676255509966895,0.421450090550241,0.35921330860367529,0.41089695646907343,0.41980557267864543,0.17875839339703628,0.13342149325591676,0.0,0.0,0.0,0.0,0.0,0.0,0.0,0.0,0.0,0.25342537051377195,0.84035624198566206,0.97053477290558487,0.69476759692896972,0.52705402470923757,0.65835950109693742,0.67922701514684236,0.81929533779621122,0.92372694469633554,0.92029695908228559,0.79828567504882808,0.68832549027034218,0.59304829041163132,0.49261173818792614,0.40022086165845394,0.32530796527862549,0.24109105872256414,0.16749463287683633,0.12538326034943262,0.058883752141680033
0.17939622181334666,0.11429520008655694,0.10384874728818734,0.14433506663356507,0.12283806609255928,0.22760829608887434,0.36928159991900128,0.27414604411883786,0.18884209841489791,0.16813950402581174,0.22058447822928429,0.32975714996054367,0.29190201357458578,0.099829122532512346,0.0,0.0,0.0,0.0,0.0,0.0,0.0,0.0,0.0,0.44302925896536338,0.93956253897975872,0.83934888400529561,0.45301844908836042,0.60227366773093616,0.68063603485784219,0.69712253659963608,0.84457475217905909,0.90845313295722008,0.85494257609049484,0.73112305005391442,0.6521618493965694,0.57545954840523861,0.48369347453117373,0.41349743983962317,0.34230129306132978,0.23607428967952729,0.14500266313552856,0.12605034311612448,0.064544910192489618
-0.026662477395600744,0.011083412090859687,0.0829087949611924,0.051225962985137645,0.11434144540024656,0.27556059290381041,0.18803728278726339,0.17314182009015763,0.23782596127553421,0.24036201769890991,0.26257209839492007,0.32849556558272419,0.33463735103607178,0.096503913192078475,0.016648305580019951,0.0,0.0,0.0,0.0,0.0,0.0,-0.0079470271658566259,0.40820724875965247,0.77258905968746217,0.84639183716340494,0.75361379500358339,0.38238027037774353,0.7815392897887663,0.69825678691267967,0.73561926186084747,0.84687121709187829,0.87417472203572588,0.7731972225010395,0.67226184209187823,0.63226471497462344,0.57341131338706386,0.4929915765921275,0.42596953610579175,0.34707394880907877,0.24153888331992285,0.17588991778237478,0.15277315103090727,0.077092963457107547
-0.028683682075805135,-0.030808779255797464,-0.025004511175211519,0.0017719451888379726,0.14543787963115251,0.13231315062596247,0.13087531725565593,0.25231808349490165,0.40318016444935517,0.45075660447279614,0.45565400189823574,0.41220701974013757,0.43035572057678584,0.29975040256977081,0.21891153860708762,0.0,0.0,0.0,0.0,0.0,0.0,0.070954648518423188,0.58090741110739308,0.74282694771176294,0.74079407432249611,0.64888150062201155,0.58707084206243354,0.76887949352914642,0.705695458527269,0.79116999832066626,0.86863952875137329,0.85031221807003021,0.72790787149878111,0.65061129514987648,0.62734372275216244,0.57323380158497739,0.48710490018129349,0.42509412978376659,0.3421961473567145,0.23691481550534566,0.19110772276625915,0.17569847870618105,0.096519136925538387
-0.11345899211508888,-0.11097274637884563,-0.072457342408597469,0.019838387733629628,0.06190167491634687,0.10222597839310765,0.20934978872537613,0.48264197566929984,0.53128613531589508,0.54141968488693237,0.5486669851386029,0.5570166386939861,0.52046974417236114,0.48387359310004668,0.30368291437625883,0.002759150683496755,0.0,0.0,0.0,0.0,-0.050294641405344009,0.16042372008340192,0.575233622108187,0.63911222434434733,0.72575347401477674,0.74680415558260538,0.68465277043784534,0.63976079225540161,0.745343287785848,0.86600510776042938,0.91919322524751934,0.8406803545198942,0.71716438640247693,0.64549610018730164,0.62381138404210412,0.53992336740096414,0.44552136212587357,0.39927500715622533,0.33299890586308073,0.2315673353150487,0.199286509086104,0.17147762647696904,0.10291575812376462
-0.12727093975991011,-0.1252478046549691,-0.07668312225076887,-0.024249413562938572,0.039256235914460071,0.12882608805711454,0.40292966663837432,0.55168920358022056,0.564772797955407,0.56689330409554872,0.56329378096953686,0.54792574445406594,0.48759572731482015,0.41731402603909373,0.41463927913676291,0.24350621282511692,0.096346455629564065,0.059254067297319343,0.0,0.0,-0.06807938617738811,0.2483134711292958,0.5684397210154617,0.64117550320095484,0.71117889136075974,0.76539616073880878,0.57467033757882957,0.49878139297167462,0.73603255789855426,0.88539199874951291,0.93519053459167478,0.84674389923320093,0.71342255671819055,0.63888157606124873,0.61240927197716455,0.51226031531890237,0.4027228538806622,0.37044339378674823,0.30510023924020618,0.246764960033553,0.20904358369963511,0.15309126079082489,0.073098690016195178
-0.13366541349225575,-0.10550595913082361,-0.11920898001302373,-0.0765323918312788,-0.0072631563991308211,0.260205839574337,0.50257479080132073,0.57909119980675838,0.56321401198705034,0.50569539477950654,0.44117194414138794,0.36611824154853823,0.32985749542713166,0.25805258051473268,0.21733459501582034,0.17774548570723822,0.073449736502670657,0.070833148195239087,-0.086374998092651367,0.0,-0.074349010646783259,0.32764070921777083,0.49469505104364131,0.51220676379326058,0.62129670907469359,0.69480561713377631,0.357375867664814,0.37425973312929273,0.70414446756757543,0.85524974107742313,0.89771048724651337,0.81173605778638058,0.68673119544982908,0.6125400524873,0.582720410823822,0.49222619533538819,0.38902226303304943,0.37848784526189166,0.30616186444575971,0.24343053897221884,0.21437501381425297,0.12882404923439025,0.016569957960330482
-0.10075683309696615,-0.0827539786696434,-0.033549729941619769,0.060182165640236977,0.16754728864709084,0.43904461372982373,0.561331257224083,0.53303252657254541,0.45101133201803478,0.37466425487869665,0.30291244573891163,0.26572336580442346,0.25227344087485609,0.17621497106220987,0.12072219207601727,0.087114226145597246,0.062828851947373573,-0.019492351439280006,-0.14672447875556019,0.0,-0.14963805123587096,0.27368423566878891,0.37106452169625653,0.41861128728640706,0.54535178572703635,0.6208484130246299,0.29418408533646945,0.26659351219309541,0.67408182544092976,0.79848907314814055,0.82814384074438185,0.734346908681533,0.6178548296292623,0.544303838411967,0.53566371897856391,0.47555925087495282,0.40402416984240214,0.39855143657097447,0.30095356160944159,0.21404710114002229,0.19002746442953747,0.097324422498544061,-0.028818752038205275
0.059517000698381,0.14088327437639236,0.23129083464543024,0.30967189818620683,0.40790355801582334,0.47160528103510541,0.484661602973938,0.43272424827922473,0.33355769302163807,0.2744310130675634,0.25768342849455383,0.24437040516308375,0.17176933803906044,0.10189932105796677,0.10299269625773797,0.049859124257983195,-0.065643509612510018,-0.066048197311374679,-0.21429620353413409,0.0,-0.23577689688013057,0.21936515529882417,0.36307411554247832,0.42745875439992764,0.56755150407552724,0.58790109430750215,0.30387420598289944,0.13683418547734619,0.67182418538464439,0.729817026427814,0.74843070067857442,0.63962394661373567,0.53990116901695728,0.46628219485282896,0.4718177066399501,0.43562512993812563,0.39978408813476562,0.4064465045928955,0.30154193593905521,0.19353873332341512,0.16551358004411063,0.0920996778877452,-0.0337562337093524
0.2386100459843874,0.29273046366870403,0.34436770901083946,0.37618909403681755,0.40746546909213066,0.4076792034837935,0.37030228376388552,0.32737552871306735,0.25116098225116729,0.20193274777669173,0.17356044404646931,0.15738246258762148,0.06694179167971015,0.02749542872576664,0.094134732459982232,0.053953445215216451,-0.059751764917746183,-0.10128446551909866,-0.20966064501464224,-0.12738779171680412,-0.22564726336240457,0.27752280375663785,0.38076045612494153,0.51764610651377085,0.6078067336763654,0.57388446547768335,0.38459916514429177,0.33987633910882903,0.66834155524649275,0.67434537623609814,0.66485633736565,0.58506650129954019,0.50763919154802961,0.42727940586897045,0.40825334420570958,0.39412798285484313,0.36312204173633028,0.38174493362506229,0.29143067914992571,0.17933269418202913,0.154362124701341,0.07530242296246191,-0.056851709461105723
0.32857110351324081,0.37287233397364616,0.38531659330640522,0.38218602165579796,0.36168257519602776,0.34775450163417393,0.32502263784408569,0.27986166693947534,0.209364740894391,0.15271900892257689,0.11141411321503776,0.089776522096465611,0.055935682935847178,0.067427084416798927,0.14629605319350958,0.13098273627661369,0.0070965062283600373,-0.039929646694023782,-0.16686456516931603,0.018427427709875984,0.17364711049731646,0.32682833628308389,0.38398780851137071,0.581865505592243,0.58868976058186706,0.55423450953251607,0.54701979600247885,0.52786114753461355,0.58744837840398156,0.59415397277245152,0.60399322618137707,0.5604165266541874,0.50720150130135677,0.40519776301724569,0.35700522769581189,0.34625760714213055,0.31115206846824062,0.33054728691394514,0.2589837855526379,0.15599281986554464,0.13180145621299744,0.037033433624481617,-0.080106913112103939
0.36682485682623728,0.39785107970237732,0.39936407407124835,0.36488672594229382,0.33526944451861912,0.32102609798312187,0.30482717023955452,0.27364420890808105,0.22585228209694228,0.17831810621114877,0.11765634963909785,0.044149281573481858,0.043010203478236995,0.10933785140514374,0.1462622122331099,0.1192006195584933,0.029120950053038542,-0.052816829739483713,-0.0035026710435387587,0.15456159843313622,0.18817680135543924,0.21539012961230189,0.36308006063485759,0.51121246483590865,0.54776549008157516,0.50219456520345473,0.48768330150180395,0.45691869562526921,0.49959641616595418,0.54655598104000092,0.58279197911421454,0.55285753222072831,0.47533916788441793,0.368593101700147,0.31912508110205334,0.30661611258983612,0.26751028498013812,0.2740357598433128,0.21021420322358608,0.12933757769710877,0.10352437329642913,0.01013031348156801,-0.0916089358429114
0.39482520148158073,0.39650086686015129,0.37225501026426044,0.34955395971025738,0.32213248312473297,0.29966276552942062,0.27502987682819369,0.24299484193325044,0.20704261687668887,0.13810690033894318,0.065009215560096964,0.012646237970329821,0.055943448096513748,0.14161117331070058,0.2069599614901976,0.21724087194256161,0.2026288889348507,0.15213278528207389,0.084922460729584981,-0.0021107994761211868,0.034821777015345216,0.22175631282681768,0.40400406801038319,0.499306422087454,0.46723004244267941,0.41139675428469974,0.37881269986214844,0.327592669320958,0.37157791789541855,0.534129546880722,0.57618365857912146,0.56460158614551315,0.45914428631464638,0.34762046138445535,0.29308783320280224,0.26929325113693875,0.23039209470152855,0.22179111609092125,0.17413379305175372,0.10100133297964931,0.067862353598078087,-0.0175755901572605,-0.095444971429450173
0.3783583376142714,0.34350917115807533,0.30179567138353985,0.29709048782076153,0.24353000308786119,0.22490803152322769,0.20113050606515673,0.16713491082191467,0.12979330569505693,0.06454505500468341,0.029961653829862673,0.047788628054639466,0.12494962875332151,0.21374274976551533,0.27770120184868574,0.26991049377691179,0.20660515555313655,0.091591610511144,0.048347140718815906,0.099716190941805061,0.24178802135378816,0.39169748851231168,0.56098781619220972,0.54767899115880325,0.39306900501251218,0.27824104328950244,0.20935516462971768,0.11590280143374747,0.31112315319478512,0.57100957433382671,0.597140721976757,0.58648661049929529,0.46367095849093271,0.35717053016026817,0.28345036735901463,0.24231707751750947,0.20261985489300319,0.18278964302119086,0.15337066834463792,0.074377926687399551,0.037324809650373131,-0.046654690871946514,-0.10986610076257161
0.3092774876526424,0.25983613303729464,0.19969369284808636,0.18628057837486267,0.13504021827663695,0.12778104469180107,0.12294609312500272,0.10982742998749018,0.096628109614054367,0.070565152168273929,0.076061393320560458,0.15344517068429428,0.23490713430302485,0.26230978841582936,0.25698111156622566,0.20624010029592013,0.18607185781002045,0.164273480956371,0.20075256949556725,0.3731432524509728,0.54736766670689441,0.63093661439829862,0.63100030709957255,0.54491369683167035,0.37178616081514665,0.24806834180508891,0.19547403393647608,0.1936591969182094,0.37381245195865631,0.624875795841217,0.64543860233747041,0.6384052038192749,0.5104825742104474,0.37691893647698793,0.27396758397420246,0.21267422437667846,0.17649436259970946,0.15796908385613384,0.14968472324750004,0.054026960220653564,0.008748641048441641,-0.077214692852326808,-0.14069158411942995
