SouthSea_Web/demo/jsonfile/2017-12-14-12.json
{"header": {"parameterUnit":"m.s-1","parameterNumber":2,"dx":0.1,"dy":0.1,"parameterNumberName":"Eastward current","la1":29.0,"la2":12.0,"parameterCategory":2,"lo2":131.0,"nx":250,"ny":171,"refTime":"2017-12-14T12:00:00","lo1":106.0}, "data":
[rows 57 to 75 of 171, columns 168 to 209 of 250]
0.17076239387194317,0.20430560942207063,0.2189420610666275,0.26038218935330709,0.268189081123897,0.29525309056043625,0.29595365561544895,0.29074867708342417,0.29134081418697649,0.29398737634931293,0.26459387441476184,0.23975254409015179,0.2076259603103002,0.16113524564674922,0.11545815070470174,0.071610287763178349,0.049272099509835243,0.043251017108559608,0.0521004448334376,0.0525390338152647,0.032590452581644058,0.0087628954206593335,-0.0037413471145555377,-0.002959876786917448,-0.0017622272134758532,0.010965596884489059,0.0069269557134248316,-0.007043797115329653,-0.019777752459049225,-0.023028825409710407,-0.034268723179896675,-0.050149204830328621,-0.064341682940721512,-0.061612514778971672,-0.04603113979101181,-0.0034914151765406132,-0.03033734206110239,-0.027013149422903854,-0.0488017313182354,-0.048611663281917572,-0.040438901633024216,-0.04611596092581749
0.12580294907093048,0.17633419197339278,0.19834841191768646,0.22701658401638269,0.25376140219824656,0.25264506958998167,0.26263230293989182,0.2601519760986169,0.25972874233355892,0.25663803368806837,0.23655016042969443,0.21029177866876125,0.17919738094011942,0.13973601481744222,0.098239419981837273,0.062851958908140659,0.04865181570251783,0.0620489294330279,0.0705609346429507,0.053910935297608376,0.020915522240102291,-0.0012609483674168587,-0.021320657804608345,-0.024577361531555653,-0.021968578298886616,-0.016591738754262526,-0.016540159781773884,-0.019816010259091854,-0.019601733423769474,-0.028813023741046589,-0.046478020027279854,-0.065805355707804367,-0.07744087278842926,-0.083854913711547852,-0.085447575896978378,-0.063668143004179,-0.061320697888731956,-0.070877153426408768,-0.086689494550228119,-0.091834758718808487,-0.096650150914986924,-0.097966097295284271
0.086349121993407607,0.1341903188398906,0.17357935011386871,0.19599074323972066,0.20361769772492921,0.1938360972063882,0.20183958361546198,0.21140703558921814,0.21907154673879797,0.21097011119127274,0.19908033476935494,0.18150882210050309,0.14636671543121338,0.10701766610145569,0.088396184146404266,0.064942031167447567,0.063179571181535721,0.069700144231319427,0.0523183848708868,0.045655077323317528,0.006129206158220768,-0.014737422578036785,-0.032218990847468376,-0.043241875246167183,-0.050649767741560936,-0.036533106118440628,-0.019987677223980427,-0.011981214862316847,-0.016951712314039469,-0.031610612757503986,-0.055732566863298416,-0.076516713947057724,-0.098148442804813385,-0.10071820393204689,-0.12671209499239922,-0.10818350563446681,-0.098598845303058624,-0.10240092128515244,-0.12394307181239128,-0.1458122581243515,-0.15051979571580887,-0.13888844847679138
0.038786838327844936,0.094806851962438,0.12088131358226141,0.14037431723305158,0.13506485211352506,0.12374107060687882,0.11958811494211356,0.13799162643651167,0.15830891020596027,0.15625503100454807,0.15839646922217476,0.16157047663416183,0.11564812685052554,0.082215981185436243,0.072567754983901972,0.070198116203149155,0.065846465528011322,0.049719896167516708,0.036024630069732666,0.021836371393874288,-0.0014589374768547714,-0.020573959375421207,-0.04081658273935318,-0.050184285268187523,-0.063624482601881027,-0.048544606814781822,-0.024266981209317844,-0.013762889429926872,-0.020599386965235073,-0.036471817642450333,-0.056361397728323936,-0.074815649539232254,-0.10735475271940231,-0.13155080750584602,-0.15259385854005814,-0.14314085990190506,-0.12880829349160194,-0.12121165543794632,-0.15061114728450775,-0.18497319519519806,-0.19578912854194641,-0.1891694962978363
-0.027533090407294885,0.025353554940710846,0.0485861590752999,0.075118251144886017,0.0761671897310477,0.071099821788569287,0.062433585524559021,0.061585274948315186,0.096720252186059952,0.11229488346725702,0.12561933909143722,0.13240541610866785,0.080063494294881826,0.05502197270592054,0.058709951117634773,0.059062585234642029,0.039148502051830292,0.013963300472823903,0.00065675859029094375,-0.013766276417300105,-0.023335810750722885,-0.033826369792222977,-0.039722786284983158,-0.061169789483149849,-0.064955523237586021,-0.054701242595911026,-0.034494535997509956,-0.026613100431859493,-0.037463828921318054,-0.054409122094511986,-0.070304714143276215,-0.097653422504663467,-0.12066331505775452,-0.15579515198866525,-0.17579850554466248,-0.17136998474597931,-0.14564143121242523,-0.14153186231851578,-0.17028214782476425,-0.21155837178230286,-0.225833922624588,-0.24112266302108765
-0.085481142749389019,-0.049689356295857579,-0.010283291448528568,0.038697820715606214,0.041879124939441681,0.039608964266685337,0.021620582621027198,0.0098624790261965245,0.042794302486899222,0.062965181190520525,0.081949559350808457,0.084133875370025632,0.0579061433672905,0.038693138957023622,0.044577556351820626,0.031746072694659233,0.0078868085984140635,-0.030917717143893242,-0.053687814623117447,-0.044481329619884491,-0.04145331121981144,0.0,-0.033676293368140854,-0.053598767146468163,-0.0692618265748024,-0.061720643192529678,-0.044471807777881622,-0.036565380170941353,-0.05109044536948204,-0.067153908312320709,-0.080955967307090759,-0.094472508877515793,-0.13591694086790085,-0.18207887560129166,-0.19577085971832275,-0.18515430390834808,-0.16662245243787766,-0.16690418869256973,-0.19914289563894272,-0.23093631118535996,-0.25619377940893173,-0.26657125353813171
-0.11572132685354777,-0.094254596424954276,-0.038417194898311906,0.024855745676904916,0.033624153870802656,0.018503313045948745,-0.011024175716253618,-0.030330433859489858,-0.0088089659240924642,0.000979363452643156,0.025601302173786929,0.041077086329460145,0.033713582437485456,0.028339703101664782,0.024107255507260561,-0.013026097944627205,-0.03396861907094717,-0.0812274379034837,-0.092115465551614761,-0.081703446805477142,-0.063969661792119339,-0.039368793368339539,-0.011571621522307396,-0.019455762347206473,-0.061551234374443688,-0.06856933981180191,-0.061086386442184448,-0.046730430796742439,-0.056340876966714859,-0.075247421860694885,-0.088502157479524612,-0.10746633633971214,-0.15671303868293762,-0.21517898887395859,-0.22212469577789307,-0.20706070959568024,-0.18581835180521011,-0.18535288423299789,-0.2059694230556488,-0.24123807996511459,-0.2769886702299118,-0.30039112269878387
-0.1258100946744283,-0.10012008731856066,-0.049974835361354053,0.016149716779667263,0.02423194469884038,0.0057793539079004684,-0.025201083440333606,-0.05316242016851902,-0.049541347349683441,-0.045632829357470782,-0.014341222105334358,0.024165949473778408,0.027179067488759756,0.018761339364573359,0.0029333247803151608,-0.016336681321263313,-0.067152841637531921,-0.11230196431279182,-0.11795940498510997,-0.097253266721963882,-0.073330171406269073,-0.026946787722408772,0.0017866747220978141,-0.029522690922021866,-0.063069405034184456,-0.0752137266099453,-0.063432803377509117,-0.052729152143001556,-0.063933884724974632,-0.078482538461685181,-0.085223868489265442,-0.12460747857888539,-0.19093377888202667,-0.24775829166173935,-0.24799642711877823,-0.22947074472904205,-0.19886588305234909,-0.18881257623434067,-0.20423354953527451,-0.250212162733078,-0.28920060396194458,-0.32893091440200806
-0.12041653785854578,-0.096528253134559178,-0.06453911467854466,-0.0076452297373459889,0.01486490260659983,0.0062325215125879777,-0.021426704060286284,-0.0622838381677866,-0.072597355581820011,-0.062135143471615653,-0.028337315772660077,0.009973833880697688,0.015405105892568827,-0.0021032970398664474,-0.029704878572374582,-0.059401672333478928,-0.10908324768145879,-0.14751624315977097,-0.13985523954033852,-0.1053452380001545,-0.059310166165232658,-0.0091369937872514129,0.01173500157892704,-0.015283597633242607,-0.06229387099544207,-0.076517600566148758,-0.061239318922162056,-0.05468263290822506,-0.060609903186559677,-0.076071485877037048,-0.10743804275989533,-0.15696348249912262,-0.20144002139568329,-0.24550895392894745,-0.25626965363820392,-0.23444642126560211,-0.20479458570480347,-0.1919039860367775,-0.23914889991283417,-0.26476198434829712,-0.31249108910560608,-0.34141886234283447
-0.11849075502582959,-0.11510137096047401,-0.11596664388974508,-0.052672795602120459,-0.011527650112319472,0.018405458424240351,-0.00081322143669240179,-0.058040357194840908,-0.08682539314031601,-0.067923195039232567,-0.038383691944181918,-0.023737232462735847,-0.032570666711156569,-0.048057339464624725,-0.069634853551785156,-0.082994692027568817,-0.12724074472983679,-0.16467514634132385,-0.1584911122918129,-0.11742225661873817,-0.056291351094841957,-0.0012954431585967541,-0.0085026693996042013,-0.036631792783737183,-0.052365617826581,-0.072794858366250992,-0.064651355147361755,-0.0608345257739226,-0.06943202018737793,0.0,-0.096059799194335938,-0.13503194351991019,-0.20172955840826035,-0.25196072459220886,-0.22676055133342743,-0.21004118025302887,-0.17232480645179749,-0.17376900464296341,-0.20919784903526306,-0.24249964952468872,-0.30401311814785004,-0.33763298392295837
-0.13577606280644736,-0.16355058989104102,-0.16180055240790051,-0.086634446201579909,-0.037473843743403755,0.016232566463507035,0.002823484299535101,-0.069746524561196566,-0.10834657866507769,-0.090937391987868724,-0.082251381129026413,-0.085384183377027509,-0.091356060157219574,-0.098773479461669922,-0.10839931418498357,-0.10916858166456223,-0.14311634997526804,-0.16629175841808319,-0.15754435956478119,-0.11407779902219772,-0.053095178678631783,-0.0033520959162463746,-0.00090962136164307594,-0.025502205360680819,-0.033036885783076286,-0.053792186081409454,-0.059853900223970413,-0.065694514662027359,-0.076631404459476471,-0.081351596862077713,-0.098153630892435714,-0.1423981785774231,-0.17068346589803696,-0.20958900451660156,-0.20082229375839233,-0.18706919252872467,-0.16779410839080811,-0.15374304354190826,-0.18598903715610504,-0.26710173487663269,-0.31383350491523743,0.0
-0.1686237653096517,-0.23296691775321959,-0.22433532774448395,-0.099724375875666738,-0.017162043834105134,0.0053285521148195994,-0.015861034265253694,-0.095948865903275352,-0.14536212384700775,-0.13414827627795084,-0.13916306836264475,-0.13980738570292792,-0.13533815145492553,-0.12977442145347595,-0.12033081303040187,-0.12105855345726013,-0.1422995924949646,-0.16473504155874252,-0.15386489778757095,-0.11390337720513344,-0.053502313792705536,0.00526153389364481,0.010961017571389675,0.0020624822936952114,0.0,-0.054199488212664924,-0.07684200257062912,-0.082861091941595078,-0.075988695025444031,-0.0697413869202137,-0.085018716752529144,-0.099607773125171661,-0.14182229340076447,-0.19005782157182694,-0.18934092670679092,-0.1672993004322052,-0.15517119318246841,-0.17731565237045288,-0.20377638936042786,-0.26131395995616913,-0.31389257311820984,-0.34656275808811188
-0.19242452085018158,-0.28415146768093108,-0.29269168060272932,-0.16107069168772017,-0.038692496592245461,-0.0012983461545610969,-0.040275353938341141,-0.13734030723571777,-0.20094520412385464,-0.19109269976615906,-0.18686268106102943,-0.18119012812773386,-0.15568094328045845,-0.14121612906455994,-0.11643131325642268,-0.11428473889827728,-0.11921327064434688,-0.15161335468292236,-0.13792385905981064,-0.10459564626216888,-0.040507329627871513,0.024792480980977416,0.047619371364514031,0.033043163362890482,-0.017319147358648479,-0.057388026267290115,-0.084282641609509781,-0.079544674605131149,0.0,-0.048615550622344017,-0.029835190003116924,-0.070106692612171173,-0.1109813004732132,-0.1675979420542717,-0.17789917439222336,-0.15767451375722885,-0.1459774523973465,-0.17269302159547806,-0.20726022124290466,-0.24553637206554413,-0.32189059257507324,-0.34880512952804565
-0.21620422830948463,-0.31084715078274411,-0.31966767112414041,-0.20484266643013274,-0.10977015697530337,-0.055788065560839394,-0.079261316731572148,-0.17689706105738878,-0.24662908911705017,-0.22486364344755808,-0.20594049493471781,-0.1941432555516561,-0.17015662193298339,-0.12454614043235779,-0.094911450520157814,-0.090138852596282959,-0.096612598747015,-0.11776826282342275,-0.11543692648410797,-0.074589040130376816,-0.0082388683222234249,0.059096921235322952,0.073889626810948059,0.036384962499141693,-0.014199892058968544,-0.061531266197562218,-0.08610256016254425,-0.083913542330265045,-0.04157274030148983,-0.002390917856246233,-0.0027737818891182542,0.0,-0.08611765131354332,-0.15156537294387817,-0.16916295886039734,-0.16330206394195557,-0.15968760102987289,-0.17004046589136124,-0.21744141727685928,-0.26590278744697571,-0.31891188025474548,-0.36478942632675171
-0.2238000382979711,-0.314923894405365,-0.35185479065951181,-0.26512469457728521,-0.18494403461615244,-0.11891696466640993,-0.12608838751912116,-0.21765204519033432,-0.27331939339637756,-0.226568517940385,-0.21525182723999023,-0.20120935142040253,-0.14336620892087618,-0.092605195939540863,-0.0705997385084629,-0.0650351916750272,-0.073781909421086311,-0.098672593633333847,-0.10641447827219963,-0.04522278718650341,0.019747848622500896,0.0659388117492199,0.066477552056312561,0.02766415337100625,-0.018064138246700168,-0.050773143768310547,-0.066797789186239243,-0.065077643841505051,-0.016798947316904862,0.022217727731913328,0.0,-0.0084599575493484735,-0.11274100095033646,-0.16439141829808554,-0.16812744736671448,-0.16380496323108673,-0.16323454678058624,-0.18501946330070496,-0.2208515852689743,-0.27374118566513062,-0.35019659996032715,-0.37607753276824951
-0.2348603483508615,-0.33363563172957478,-0.3877182062715292,-0.317517485221227,-0.25149982546766597,-0.17317801370070532,-0.16209009662270546,-0.24237786730130514,-0.27941108246644336,-0.22933078876563481,-0.21823278442025185,-0.19484105110168457,-0.11432796530425549,-0.065497664734721184,-0.049851495772600174,-0.051747119054198265,-0.0696687288582325,-0.096000894904136658,-0.08929821103811264,-0.028503245674073696,0.033477862365543842,0.065579915419220924,0.067071022465825081,0.034180798878272377,-0.0095344162546098232,-0.034845487214624882,-0.05368003249168396,-0.040080497972667217,-0.00044468604028224945,0.04107588529586792,0.012202960594246784,-0.0577460452914238,0.0,-0.16054624319076538,-0.17613132297992706,-0.16694363951683044,-0.161185584962368,-0.15859106183052063,-0.21957124769687653,-0.26418600231409073,-0.32861943542957306,-0.35846054553985596
-0.26695592328906059,-0.3387676891353395,-0.39919584989547729,-0.35043537403856007,-0.28661811972657841,-0.21801058541644702,-0.1893081565697988,-0.24774894490838051,-0.28299181163311005,-0.23201590528090796,-0.2281956434249878,-0.19051822647452354,-0.12116050161421299,-0.068110050261020655,-0.062727149575948715,-0.063991061101357147,-0.091469071805477142,-0.10304537663857143,-0.077983491122722626,-0.010889874771237373,0.051134383305907249,0.076866637915372849,0.076931286603212357,0.044193156063556671,0.0013640457764267921,-0.026389751583337784,-0.041212698444724083,-0.022584120277315378,0.0039150821976363659,0.01785956509411335,0.0070194518193602562,-0.06778729148209095,-0.12293212860822678,-0.18425928056240082,-0.18692204356193543,-0.166698656976223,-0.16370177268981934,-0.16113338619470596,-0.18544334918260574,-0.23959698528051376,-0.307858943939209,-0.34027734398841858
-0.282244348526001,-0.33839541176954907,-0.3900841511785984,-0.36127220094203949,-0.30690843931266237,-0.237525383179838,-0.21093143387274307,-0.262319128960371,-0.29311785101890564,-0.2483159601688385,-0.24294011667370796,-0.22392346858978271,-0.13516633510589599,-0.081973381340503693,-0.081486251205205917,-0.092068957785765335,-0.11199649423360825,-0.1037084956963857,-0.06706518679857254,0.0052692457102239132,0.077449064701795578,0.092874810099601746,0.093215588480234146,0.048665858805179596,0.0051164450123906136,-0.042641963809728622,-0.039733540266752243,-0.039075138978660107,-0.041501839645206928,0.0052504076156765223,-0.038256441242992878,-0.13728143274784088,-0.14520819485187531,-0.18313062936067581,-0.17296773195266724,-0.14921532571315765,-0.15023796260356903,-0.16277855634689331,-0.16665659844875336,-0.23050551116466522,-0.29335698485374451,-0.3259386271238327
-0.29825350642204285,-0.3307590838521719,-0.3837281401668276,-0.3443845808506012,-0.28358523547649384,-0.2229536309838295,-0.21700043976306915,-0.266098877415061,-0.29900792837142942,-0.27840333680311841,-0.27790041267871857,-0.24775346741080284,-0.17001237968603769,-0.10863948861757915,-0.1053367517888546,-0.11283901333808899,-0.1097116619348526,-0.0905771255493164,-0.04841485433280468,0.028977218084037304,0.10135837644338608,0.11070036515593529,0.09220045804977417,0.058943722397089005,-0.017231042962521315,0.0,-0.076904129236936569,-0.09534270316362381,-0.093496277928352356,-0.057899558916687965,-0.095653820782899857,-0.097187303006649017,-0.17382893711328507,-0.1886444166302681,-0.18655708432197571,-0.15884245187044144,-0.14336862415075302,-0.14593298733234406,-0.16819270700216293,-0.21813414990901947,-0.27479967474937439,-0.30967280268669128
