SouthSea_Web/demo/jsonfile/2017-12-14-11.json
{"header": {"parameterUnit":"m.s-1","parameterNumber":3,"dx":0.1,"dy":0.1,"parameterNumberName":"Northward current","la1":29.0,"la2":12.0,"parameterCategory":2,"lo2":131.0,"nx":250,"ny":171,"refTime":"2017-12-14T10:58:07.5","lo1":106.0}, "data":
[rows 114 to 132 of 171, columns 172 to 214 of 250]
0.57554491360982263,0.52948232258067407,0.4903137031942606,0.42609186733470245,0.38258782946146452,0.34901328384876251,0.33412524206297739,0.32737278938293457,0.30076325933138531,0.27680036425590515,0.22835372015833855,0.1932494044303894,0.14710268378257752,0.11865407228469849,0.099214751273393631,0.10123005881905556,0.11434580385684967,0.13080809265375137,0.13723133504390717,0.18910589069128037,0.23428471386432648,0.25683319568634033,0.2693745493888855,0.25245651602745056,0.26535153388977051,0.28211504220962524,0.29552000761032104,0.0,0.28089332580566406,0.28526559472084045,0.0,0.30063194036483765,0.0,0.37508082389831543,0.44812747836112976,0.49572646617889404,0.50311011075973511,0.52522006630897522,0.52275228500366211,0.51554536819458008,0.50345873832702637,0.49936217069625854,0.48914766311645508
0.52273112369908226,0.49354912713170052,0.46671059201745424,0.40837460557619731,0.35307288982651452,0.3236452043056488,0.32882938640458242,0.32208272069692612,0.2925748646259308,0.26442624628543854,0.21099954470992088,0.15932204822699228,0.12485186383128166,0.086812254041433334,0.074578076601028442,0.071297161281108856,0.10853377729654312,0.12786324322223663,0.12513244152069092,0.15921008586883545,0.21283574402332306,0.24975205957889557,0.27508743107318878,0.26571488380432129,0.25228813290596008,0.0,0.27853602170944214,0.2889426052570343,0.0,0.28529375791549683,0.29468947649002075,0.0,0.35840640962123871,0.425908625125885,0.44012647867202759,0.48933646082878113,0.0,0.51167529821395874,0.0,0.51178741455078125,0.49673467874526978,0.0,0.47336521744728088
0.43845906481146812,0.44765393249690533,0.42097454468409218,0.38033016274372738,0.34310407191514969,0.3298090270587376,0.33158567547798157,0.31425265471140545,0.29916981856028241,0.26631558934847516,0.21026303867499033,0.15524237851301828,0.10550923645496368,0.068128578364849091,0.053797576576471329,0.074684962630271912,0.098591223359107971,0.097199007868766785,0.0980072058737278,0.12801426649093628,0.17375597357749939,0.22536882758140564,0.26152054965496063,0.25715905427932739,0.24780594557523727,0.23628246784210205,0.24836587905883789,0.26473912596702576,0.26534318923950195,0.27240398526191711,0.29141053557395935,0.34441372752189636,0.0,0.42741364240646362,0.0,0.48288199305534363,0.50885790586471558,0.0,0.5174635648727417,0.0,0.50044244527816772,0.48036408424377441,0.0
0.405211200316747,0.36883650720119476,0.37133873005708057,0.37683111429214478,0.34187609553337095,0.33317440748214722,0.33702854067087173,0.3255129039287567,0.29803761839866638,0.2599034309387207,0.21628861129283905,0.16550619900226593,0.10888105258345604,0.0698140449821949,0.0,0.047904051840305328,0.074208736419677734,0.11311626434326172,0.099438317120075226,0.088896192610263824,0.15842653810977936,0.19778768718242645,0.24498830735683441,0.25203201174736023,0.26391410827636719,0.2332531064748764,0.22420786321163178,0.23487263917922974,0.25162818282842636,0.27899229526519775,0.30254414677619934,0.34669280052185059,0.39354886114597321,0.44399380683898926,0.47021976113319397,0.48765701055526733,0.49118511378765106,0.49622192978858948,0.49819061160087585,0.50057679414749146,0.48887798190116882,0.45672714710235596,0.44694650173187256
0.42386310015405926,0.36533682474068235,0.37246352765295243,0.38543563087781268,0.3575256407260895,0.34397813677787781,0.35144779086112976,0.3348991870880127,0.30075948685407639,0.25841985146204632,0.21728831032911936,0.17932038009166718,0.14033468067646027,0.10410932824015617,0.0645611584186554,0.054243676364421844,0.086543075740337372,0.0,0.10167922452092171,0.11006887257099152,0.1645977795124054,0.0,0.22870181500911713,0.22675730288028717,0.0,0.23170413076877594,0.22601482272148132,0.0,0.25504922866821289,0.29901573061943054,0.0,0.36404025554656982,0.0,0.42651641368865967,0.46663713455200195,0.0,0.46577677130699158,0.0,0.47015279531478882,0.46047112345695496,0.0,0.4168948233127594,0.0
0.40922561536232632,0.374225595167705,0.37051042169332504,0.35983012119929,0.33780091404914858,0.33200036485989887,0.34450863599777221,0.31859235962231952,0.27761699259281158,0.231423482298851,0.19403549283742905,0.16450560092926025,0.1316339448094368,0.10294792428612709,0.0777779370546341,0.069245032966136932,0.059845270588994026,0.075258415192365646,0.0693994052708149,0.0,0.094720322638750076,0.19232811033725739,0.0,0.21024599671363831,0.2013062983751297,0.0,0.20933507382869721,0.21891653537750244,0.0,0.27831754088401794,0.3269960880279541,0.0,0.39616659283638,0.0,0.43741467595100403,0.46432581543922424,0.0,0.4604155421257019,0.0,0.47728875279426575,0.46520861983299255,0.0,0.38301217555999756
0.38731097280979154,0.37368041276931763,0.35898055136203766,0.33328543816293987,0.31145988901456195,0.31068494915962219,0.317489892244339,0.29203862696886063,0.24874629080295563,0.20992229878902435,0.17888958007097244,0.15978317707777023,0.13735616207122803,0.1086241751909256,0.099883429706096649,0.075838744640350342,0.060014281421899796,0.05511285737156868,0.0,0.05025765672326088,0.093443714082241058,0.15227292478084564,0.19885532557964325,0.16853511333465576,0.1977601945400238,0.21686179935932159,0.19595399498939514,0.230458602309227,0.0,0.28865055739879608,0.33609753847122192,0.33898714184761047,0.37922874093055725,0.41230422258377075,0.39458262920379639,0.41787052154541016,0.0,0.42418931424617767,0.44246357679367065,0.0,0.41803285479545593,0.0,0.35952404141426086
0.3904578909277916,0.37736023962497711,0.35742628574371338,0.32366636395454407,0.2871066093444824,0.27631157636642456,0.27676667769749957,0.26676194369792938,0.23116874198118845,0.20908217132091522,0.19768202304840088,0.18049882352352142,0.16674311459064484,0.15411072224378586,0.10046296566724777,0.068821337074041367,0.0679815262556076,0.063377304002642632,0.038413024507462978,0.047135487198829651,0.074722703546285629,0.11686608195304871,0.092864222824573517,0.12258104979991913,0.15775224566459656,0.0,0.18469832837581635,0.20431409776210785,0.0,0.2655041515827179,0.30469506978988647,0.0,0.34121879935264587,0.0,0.36630961298942566,0.0,0.0,0.0,0.0,0.42998084425926208,0.0,0.38763752579689026,0.0
0.39008282124996185,0.37831293046474457,0.34652390331029892,0.30181406140327455,0.26383106112480165,0.2453867681324482,0.23077386120955148,0.22589497268199921,0.22120200842618942,0.21480430662631989,0.21488260477781296,0.20232686400413513,0.18603459000587463,0.0,0.16202092667420706,0.1059592142701149,0.074367158114910126,0.051461976021528244,0.028787964954972267,0.025830263271927834,0.019150812644511461,0.0,0.0701875165104866,0.10632102936506271,0.0,0.14583692699670792,0.16736868768930435,0.0,0.23613151907920837,0.28716930747032166,0.0,0.30315053462982178,0.0,0.33354252576828003,0.35202500224113464,0.37308132648468018,0.36624884605407715,0.39528894424438477,0.39514893293380737,0.4081273227930069,0.38459596037864685,0.34933018684387207,0.3261730968952179
0.38905975719292957,0.37758099436759951,0.33500397205352783,0.2847599983215332,0.23915789648890495,0.22457915544509888,0.21536435559391975,0.21803700427214304,0.23420498768488565,0.22738160938024521,0.22831722348928452,0.21795418113470078,0.2009698748588562,0.19035207480192184,0.17750667035579681,0.14477720111608505,0.10376757010817528,0.066626109182834625,0.034027070738375187,0.013535389676690102,0.01095444243401289,0.029419725760817528,0.0771586000919342,0.0,0.0963011384010315,0.12911465764045715,0.0,0.17512224614620209,0.21977581828832626,0.24870969355106354,0.25330886244773865,0.27264226973056793,0.29765582084655762,0.28306430578231812,0.31210261583328247,0.304568886756897,0.34021294116973877,0.37382969260215759,0.0,0.394090473651886,0.0,0.36857146024703979,0.0
0.38622248669465381,0.36073587089776993,0.32546175122261045,0.26486200094223022,0.23761685937643051,0.21705694124102593,0.21975103517373404,0.23801212012767792,0.26699943095445633,0.26469523211320239,0.25006513297557831,0.23161685466766357,0.21064224094152451,0.21216042339801788,0.19607322663068771,0.16760964691638947,0.13243081048130989,0.073793474584817886,0.036958638578653336,0.016348125413060188,0.010653081815689802,0.0,0.0639079362154007,0.065075315535068512,0.091943822801113129,0.12751759588718414,0.14759288728237152,0.17368247359991074,0.20887129008769989,0.22067077457904816,0.22208037972450256,0.22776401042938232,0.0,0.2431776225566864,0.27530109882354736,0.0,0.31974607706069946,0.0,0.36780437827110291,0.0,0.3726232647895813,0.33166712522506714,0.0
0.37725455065568286,0.34959399700164795,0.32093313932418821,0.28582693636417389,0.24919136762619018,0.24070132896304131,0.25036589304606122,0.25898670156796771,0.29224602381388348,0.29236584901809692,0.286129226287206,0.26779767870903015,0.24422449370225272,0.22006623446941376,0.20289146900177002,0.17175209522247315,0.11581447720527649,0.079869523644447327,0.049488749355077744,0.014831154141575098,0.030504079535603523,0.04166654497385025,0.0479586198925972,0.042710471898317337,0.072492040693759918,0.10910256206989288,0.14619617164134979,0.17954830825328827,0.0,0.19474020600318909,0.19304320961236954,0.0,0.22456124424934387,0.0,0.22481942176818848,0.26434364914894104,0.0,0.30969727039337158,0.34907737374305725,0.38294801115989685,0.36694812774658203,0.35880255699157715,0.34575375914573669
0.36930681552205769,0.34007487694422406,0.31870691180229188,0.29535014033317564,0.27867251634597778,0.26371832937002182,0.27346570293108624,0.2801584204037984,0.28971488028764725,0.2959263026714325,0.290305495262146,0.2857309877872467,0.25841282308101654,0.23445577174425125,0.1837982734044393,0.13411044329404831,0.10274716466665268,0.0666327252984047,0.029431793838739395,0.018235776573419571,0.014956406783312559,0.011034240946173668,0.015346263069659472,0.027048353105783463,0.066864348948001862,0.0,0.11464288830757141,0.15821075439453125,0.20262046158313751,0.0,0.1678004115819931,0.15551692247390747,0.18075281381607056,0.15661041438579559,0.18737749010324478,0.23807740211486816,0.23682063817977905,0.300908625125885,0.36310991644859314,0.0,0.37806129455566406,0.0,0.0
0.33396856486797333,0.318936413526535,0.30591444671154022,0.29387612144152325,0.2828514923652013,0.2760435938835144,0.26925591379404068,0.27509711186091107,0.27342427770296734,0.28054165840148926,0.27759542067845661,0.27724851171175641,0.24121306091547012,0.22023736933867136,0.18851614743471146,0.14242355525493622,0.11046553403139114,0.087807990610599518,0.066271653398871422,0.038940943777561188,0.020245259627699852,0.00955794658511877,0.023080925457179546,0.0,0.053041517734527588,0.082807168364524841,0.12771348655223846,0.0,0.15757527202367783,0.13050293922424316,0.14683029055595398,0.11480934172868729,0.086276359856128693,0.11826355010271072,0.076720185577869415,0.14126977324485779,0.23115593194961548,0.0,0.32862251996994019,0.36576706171035767,0.0,0.38894617557525635,0.39842656254768372
0.29340164860089618,0.28707320988178253,0.27882804721593857,0.25747128576040268,0.256435106197993,0.25740951299667358,0.2431464284658432,0.23745503028233847,0.23637108132243156,0.2531597912311554,0.27477657794952393,0.28314235806465149,0.26605719327926636,0.27792339026927948,0.25127656012773514,0.19707485288381577,0.19994823634624481,0.17573844393094382,0.0,0.11496460437774658,0.057309690862894058,0.053492594510316849,0.03766908124089241,0.040711343288421631,0.049948113039135933,0.0,0.10405716300010681,0.09247966855764389,0.10000994801521301,0.10715625435113907,0.047954771667718887,0.081798776984214783,0.062638729810714722,0.0,0.058446045964956284,0.13782145082950592,0.0,0.26967591047286987,0.34562075138092041,0.35675866901874542,0.39478075504302979,0.42179688811302185,0.0
0.27033605054020882,0.26362212995688122,0.24483277897040048,0.21169248223304749,0.20588310559590659,0.19797476381063461,0.20496530532836915,0.20651956895987192,0.22181141003966332,0.25700736790895462,0.3141939789056778,0.32584524154663086,0.32948198914527893,0.33955511450767517,0.35393169522285461,0.29582613706588745,0.30859124660491943,0.28999528288841248,0.23053178191184998,0.1748121976852417,0.14155042916536331,0.10850375890731812,0.066197514533996582,0.054470416158437729,0.0,0.055051706731319427,0.029009155929088593,0.044004717841744423,0.061320692300796509,0.0,0.0346514992415905,0.015171084320172668,0.0,0.0071369125507771969,0.018747596070170403,0.11653620004653931,0.11433670669794083,0.23338575661182404,0.29550571739673615,0.0,0.42411693930625916,0.0,0.41662260890007019
0.2390805572271347,0.22655053436756134,0.18535993248224258,0.14604508131742477,0.13687513023614883,0.15236098815997443,0.17975589260458946,0.20424152314662933,0.24438710510730743,0.30985154956579208,0.36587727069854736,0.39160990715026855,0.39478031794230145,0.43818816542625427,0.4428287148475647,0.40335937341054279,0.38204310834407806,0.35492275655269623,0.30129919946193695,0.24414476752281189,0.21362965553998947,0.16231705248355866,0.13161619007587433,0.082863673567771912,0.058971107006073,0.040398512966930866,0.028852105140686035,0.010951445670798421,0.0,-0.0028300366830080748,-0.029840610921382904,0.0,-0.037391435354948044,-0.028397262096405029,-0.005563175305724144,-0.011590329930186272,0.0797809511423111,0.21439202129840851,0.0,0.36732366681098938,0.0,0.410611629486084,0.42516037821769714
0.19661461189389229,0.16702999919652939,0.12907778620719909,0.099369320486273088,0.10425818860530853,0.13003618766864142,0.162937859694163,0.21495174616575241,0.27594772577285764,0.32897543907165527,0.38615666329860687,0.44066950082778933,0.4768460790316264,0.50049568216005957,0.51859217882156372,0.50047166148821509,0.45110404491424561,0.43618898093700409,0.37949158251285553,0.32542824745178223,0.28608077764511108,0.29524989426136017,0.19698882848024368,0.14503014087677002,0.10293775424361229,0.057619558647274971,0.0,0.010030549019575119,-0.03731175884604454,-0.068864993751049042,-0.059942513704299927,-0.080058805644512177,-0.11232203245162964,-0.097848355770111084,-0.048304446041584015,0.0,0.049854369834065437,0.0,0.22320178151130676,0.34113448858261108,0.38163724541664124,0.39671805500984192,0.0
0.15173273161053658,0.10960824290911357,0.091417749013219557,0.077443135636193414,0.078669083615144089,0.09890548263986905,0.15497730459485734,0.21681777536869049,0.26743473609288532,0.32392770548661548,0.41551793813705445,0.47824864834547043,0.50832291444142663,0.53121814131736755,0.55158402522404992,0.55263334512710571,0.51368245482444763,0.51594972610473633,0.46960066258907318,0.41866418719291687,0.40925627946853638,0.38173799216747284,0.29070115089416504,0.24142825603485107,0.1541045680642128,0.079928774386644363,0.017215161118656397,-0.03981359675526619,0.0,-0.11041118949651718,-0.14900687336921692,-0.15416174381971359,-0.13539820909500122,0.0,-0.11445637792348862,-0.03612220287322998,0.0,0.11704409494996071,0.2157188355922699,0.3073062002658844,0.33933568000793457,0.0,0.33312694728374481
