SouthSea_Web/demo/jsonfile/2017-12-16-05.json
{"header": {"parameterUnit":"m.s-1","parameterNumber":3,"dx":0.1,"dy":0.1,"parameterNumberName":"Northward current","la1":29.0,"la2":12.0,"parameterCategory":2,"lo2":131.0,"nx":250,"ny":171,"refTime":"2017-12-16T04:58:07.5","lo1":106.0}, "data":
[rows 0 to 18 of 171, columns 172 to 214 of 250]
-0.41299985807675582,-0.42440132084100141,-0.44456298897663754,-0.442171478555316,-0.45456358248537238,-0.46647031526816518,-0.45305399265554214,-0.41974370367825031,-0.3924981951713562,-0.402725476357672,-0.39660640060901642,-0.40622338255246482,-0.43381017260253429,-0.46225368976593018,-0.45106765627861023,-0.41789553314447403,-0.33498200277487439,-0.26747527718544006,0.0,0.0,0.0,0.0,0.0,0.0,0.0,0.0,0.0,0.0,0.0,0.0,0.0,0.0,0.0,0.0,0.0,0.0,0.0,0.0,0.0,0.0,0.0,0.0,0.0
-0.44619968781868619,-0.4651520951934483,-0.48615780731906061,-0.48560224970181781,-0.4575246139006181,-0.42441057562828066,-0.40166289241690384,-0.41445637450498696,-0.41354044444031185,-0.40978815220296383,-0.39815330505371094,-0.41161345317959785,-0.41624350845813751,-0.389756433169047,-0.37178950508435565,-0.3323114791086742,-0.31201175649960838,-0.31973071396350861,-0.33322982241710025,-0.37837392517498564,-0.31120875477790833,0.0,0.0,0.0,0.0,0.0,0.0,0.0,0.0,0.0,0.0,0.0,0.0,0.0,0.0,0.0,0.0,0.0,0.0,0.0,0.0,0.0,0.0
-0.5195580899715424,-0.50405160240505054,-0.520032849907875,-0.5034044739745912,-0.45271367165777421,-0.41937374770641328,-0.42388057551885905,-0.39898792074786293,-0.37461929023265839,-0.39213843312528396,-0.40379196964204311,-0.4058251827955246,-0.37457415636848,-0.37374358971913657,-0.36004945039749148,-0.33763342031410765,-0.336658110221227,-0.31484377597059521,-0.31316962838172913,-0.3059040866792202,-0.34076123512708223,-0.3341228127479553,-0.3523959219455719,0.0,0.0,0.0,0.0,0.0,0.0,0.0,0.0,0.0,0.0,0.0,0.0,0.0,0.0,0.0,0.0,0.0,0.0,0.0,0.0
-0.54462905811226892,-0.51177764751694421,-0.543217995762825,-0.546371422030709,-0.46357376951920359,-0.40825516432523729,-0.39766858849260545,-0.38088473677635193,-0.38158378005027771,-0.36507481998867458,-0.36261570652325947,-0.35998125560581684,-0.3395200353115797,-0.35818790458142757,-0.3391550064086914,-0.32640994712710381,-0.32746324794633047,-0.29878985456057955,-0.25727866403758526,-0.27001190727407282,-0.2790543096406119,-0.2650481118605687,-0.3187045386204353,-0.30943296735103315,-0.26844703406095505,-0.26076820492744446,0.0,0.0,0.0,0.0,0.0,0.0,0.0,0.0,0.0,0.0,0.0,0.0,0.0,0.0,0.0,0.0,0.0
-0.53057196612159407,-0.49892079202752365,-0.48396754690579008,-0.48958079192949377,-0.439750919287855,-0.37103129688062164,-0.3772540558129549,-0.34165322310046148,-0.37367134789625805,-0.36442516893148424,-0.34683924540877342,-0.36974027752876282,-0.33319640755653379,-0.324014409383138,-0.32362973164109621,-0.31048885174095631,-0.27980586657157314,-0.28646901675633024,-0.27601287227410537,-0.27661375930676091,-0.23479559611190448,-0.23491372980854727,-0.27092472215493518,-0.27667219440142315,-0.25911500453948977,-0.2563121274113655,-0.25887338444590569,-0.29709234088659286,0.0,0.0,0.0,0.0,0.0,0.0,0.0,0.0,0.0,0.0,0.0,0.0,0.0,0.0,0.0
-0.49112344059077179,-0.4441974489461808,-0.46180183322806106,-0.4288176815760763,-0.42361511995917872,-0.40215443863588218,-0.38273291786511737,-0.35728183388710022,-0.372053662315011,-0.32108382980028788,-0.30625200602743363,-0.3503113966435194,-0.28728937543928623,-0.32629666104912758,-0.30382516980171204,-0.31306452246812672,-0.27970604811395916,-0.28923387690023944,-0.28422043969233829,-0.28275392949581146,-0.2335088148713112,-0.25143590072790784,-0.25570354051887989,-0.24763526581227779,-0.246723473072052,-0.24161682426929473,-0.25574308904734527,-0.27093489319086073,-0.2922037203203548,-0.25474889079729718,-0.22257179021835327,0.0,0.0,0.0,0.0,0.0,0.0,0.0,0.0,0.0,0.0,0.0,0.0
-0.52914631224813913,-0.45071659982204437,-0.40925146902308746,-0.38923089127791555,-0.38986867852509022,-0.39152070252518906,-0.39611558879123016,-0.38170547485351564,-0.35426276045687061,-0.27393462161223092,-0.3514332752674818,-0.37542714277903239,-0.31375737488269806,-0.2794025931507349,-0.29601908723513287,-0.301345095038414,-0.27499961509154391,-0.27266431886416215,-0.28750590234994888,-0.28335465490818024,-0.26160636875364518,-0.27094165235757828,-0.24952193101247153,-0.22996142208576204,-0.23696251213550568,-0.22891391068696976,-0.24356033094227314,-0.25873111052946612,-0.28031501986763696,-0.26209024814042176,-0.23111643438989465,-0.14150437381532457,-0.065979116596281528,0.0,0.0,0.0,0.0,0.0,0.0,0.0,0.0,0.0,0.0
-0.49657968941487762,-0.46201275994903163,-0.4217084144291125,-0.4167309840520223,-0.41830873332525553,-0.39972148173385197,-0.3681910689920187,-0.36714380184809364,-0.33587873776753746,-0.301720941439271,-0.36859426115240368,-0.32332637555458965,-0.27281971626421986,-0.24646572073300679,-0.26557613164186478,-0.28577263057231905,-0.28089242944350612,-0.26997252756899054,-0.29562250375747678,-0.2756247851583693,-0.26956395166260855,-0.26883644610643387,-0.24408912658691406,-0.22460246334473291,-0.24661429226398468,-0.23641952375570932,-0.265879812836647,-0.28349673449993135,-0.23196236491203309,-0.19831402351458868,-0.16505342383276334,-0.12215917422012849,-0.089526208629831669,-0.0022634490289621884,0.088040515780448914,0.0,0.0,0.0,0.0,0.0,0.0,0.0,0.0
-0.45246077285093422,-0.42290219830142128,-0.44519352726638317,-0.42460069888167912,-0.42137807432342977,-0.38911084271967411,-0.36783190159236684,-0.3363167962857655,-0.36269728740056356,-0.353739861647288,-0.32971882644821615,-0.31013892378125874,-0.27767053033624378,-0.26457075960934162,-0.28379920812753529,-0.31619203649461269,-0.28590356707572939,-0.26790099442005155,-0.22911636382341385,-0.24536206466811045,-0.25776250412066776,-0.25986723601818085,-0.26129409074783327,-0.24104050546884537,-0.22298978481973922,-0.21963148377835751,-0.20482051931321621,-0.20119954459369183,-0.11621585819456312,-0.070870860225775031,-0.0496649531647563,-0.012160603189840913,0.057337087889512382,0.10304620231573398,0.17756103268927997,0.21837588482432896,0.30672647058963776,0.0,0.0,0.0,0.0,0.0,0.0
-0.46284161508083344,-0.44805256463587284,-0.47813501209020615,-0.40575512126088142,-0.37415100534756979,-0.34189877708752953,-0.3116901397705078,-0.33409202297528584,-0.38279801394258228,-0.34758678476015725,-0.31369149871170521,-0.28211560845375061,-0.27914767644622107,-0.2626992290218671,-0.29736046741406125,-0.28346341600020725,-0.26637307852506636,-0.23406131400002372,-0.22025207181771597,-0.24544319723333632,-0.2566904957805361,-0.26273748278617859,-0.25421308974425,-0.18755512808760008,-0.15412459025780359,-0.12284217774868012,-0.068797945510596037,-0.059285264834761618,-0.031272541079670188,-0.0176033080340578,-0.016749027146336932,-0.042759339131104447,-0.021619179375612967,0.0476602333287398,0.088558089496059852,0.31345079703764483,0.4315851695007748,0.39029217511415482,0.24756057063738504,0.0,0.0,0.0,0.0
-0.43820276856422424,-0.42908038049936292,-0.44165411405265331,-0.38979297876358032,-0.35792148858308792,-0.32512655059496559,-0.32422736088434856,-0.37296558114198536,-0.38259980311760533,-0.32929269330842154,-0.32007233585630146,-0.29054706394672392,-0.28604988639171308,-0.2765207861860593,-0.29763417977553147,-0.29394991397857667,-0.25810243615082334,-0.24629620276391506,-0.26566013268062044,-0.27083967838968548,-0.26554874777793885,-0.26759735494852066,-0.22609259188175201,-0.14648444578051567,-0.089801883324980736,-0.050656204244920185,-0.067760288249701262,-0.084761053696274763,-0.086021566763520241,-0.086281515319239013,-0.08570246083232072,-0.065183800246034346,-0.019007579057610462,0.00078528642188757658,0.21556304953992367,0.29097397956583237,0.31624082724253338,0.31841497619946796,0.27012719213962555,0.14655577722522947,0.067955122639735535,0.0,0.0
-0.4483480378985405,-0.42493470357014584,-0.40341260816369739,-0.39184847048350741,-0.35898224157946451,-0.26093561549981437,-0.35257775946096942,-0.34098051144526553,-0.31260309769557071,-0.33416872620582583,-0.31952825647134048,-0.29369936883449554,-0.30207712782753837,-0.3147870570421219,-0.29030661657452583,-0.26127058764298755,-0.27296704479626249,-0.26304213489804951,-0.26714082558949787,-0.29384183883666992,-0.26772422194480894,-0.25157303682395388,-0.1662320097287496,-0.10706115939787456,-0.070734110971291855,-0.13250377242054259,-0.17518783484896025,-0.19383838366378436,-0.15073787048459053,-0.14190587773919106,-0.0951681166355099,-0.053776766961583726,0.028702039437900697,0.13602747137729937,0.19383907442291579,0.20988775044679642,0.2202551536835157,0.19916821880774063,0.17998126770059267,0.18244185596704482,0.084202044084668165,-0.001671401033591893,-0.051421661861240864
-0.39106541474660239,-0.38243039200703305,-0.36853640278180438,-0.3864327073097229,-0.35977029258554633,-0.3109441032776466,-0.37887188047170639,-0.349591387943788,-0.32382160425186157,-0.34760519564151765,-0.25841551331373364,-0.28434477580918205,-0.2945983963353293,-0.27209904127650791,-0.260941244661808,-0.25694330036640167,-0.29056004285812376,-0.26850174367427826,-0.26107038805882138,-0.29163137574990589,-0.28247383236885071,-0.24645365277926126,-0.13783526952777589,-0.11195845777789752,-0.16721481084823608,-0.24686907894081539,-0.21851266258292729,-0.1343786029352082,-0.049245767295360565,0.00050728616770356894,-0.0030174115173784749,0.028625028709379528,0.10502989217638969,0.15710574560440505,0.18526992201805115,0.18596807991464934,0.16342629939317704,0.12934113564816388,0.094181689123312637,0.096256010979413983,0.046658410794205137,-0.0063511862218464639,-0.043162725400179625
-0.33796929500319739,-0.31956040171476513,-0.3369541402373995,-0.33075601926871706,-0.35037187554619531,-0.34870395809412,-0.40736881494522093,-0.40898889054854709,-0.40785844027996065,-0.33531590700149538,-0.29745230740971035,-0.28948848777347141,-0.26983619067404008,-0.27873675152659416,-0.28903216620286304,-0.28819413270269123,-0.31455730199813842,-0.28919816017150879,-0.280486261844635,-0.31413843731085461,-0.33428279161453245,-0.22825095802545548,-0.1492626229301095,-0.14553168912728628,-0.22975468469990623,-0.256916880607605,-0.14543785961965719,-0.051300276357393995,0.041551787173375487,0.051289953229327993,0.05188884672575763,0.1116185544856957,0.1708479500733889,0.22353712345163027,0.22278039959760812,0.19910375200785124,0.15631552636623383,0.10008577596057545,0.083441990241408345,0.1103370665357663,0.087936980277299875,0.046740944683551791,0.013846766660348155
-0.29290781170129776,-0.2989610466692183,-0.3093046098947525,-0.298450294137001,-0.36249573826789855,-0.40016624331474304,-0.42841320633888247,-0.43142666667699814,-0.3865860879421234,-0.34258532524108887,-0.29703249865108067,-0.23709383420646191,-0.25088790555795032,-0.28693145513534546,-0.29818892904690336,-0.284024253487587,-0.29806141342435566,-0.30013648867607118,-0.3079933300614357,-0.35688258409500123,-0.35905348658561709,-0.24400209883848825,-0.15166435922895158,-0.14750020951032639,-0.21927401721477507,-0.23472619327631863,-0.13865449428558349,-0.016979947744403034,0.10220944260557492,0.091955192387104034,0.11737683686343106,0.18806297847857842,0.25634417558709782,0.278748489343203,0.26340705901384354,0.21610398184169422,0.14883523778273508,0.10404170357755252,0.16649493351578712,0.16811001673340797,0.14517480134963989,0.098759084939956665,0.077691428363323212
-0.27321372802058858,-0.29292134344577792,-0.3226708604229821,-0.31694239005446434,-0.37430139780044558,-0.41674353480339049,-0.42299080267548561,-0.38589673936367036,-0.31234026700258255,-0.28299874439835548,-0.23752908110618592,-0.22319130173751287,-0.27284885942935944,-0.29433133204778034,-0.300101101398468,-0.27728387713432312,-0.28838500380516052,-0.305060938000679,-0.3279700328906377,-0.37597996989885968,-0.3399037818113963,-0.23723205924034119,-0.16086465120315552,-0.17725232616066933,-0.23632891103625298,-0.20581102777611127,-0.040925873390568253,0.13013243041932582,0.14443142116069793,0.11797617822885513,0.166689966406141,0.27131768519228155,0.33514784773190814,0.34260311952004063,0.29000035921732586,0.21566203609108925,0.16775244367974146,0.2012614945952709,0.25233648344874382,0.19037065779169402,0.18125366018368647,0.15366563796997071,0.0989422137538592
-0.22468630522489547,-0.28779352042410111,-0.30605091527104378,-0.29056071862578392,-0.32891643047332764,-0.33471161499619484,-0.34694265574216843,-0.293938584625721,-0.27512543234560227,-0.30226527367319378,-0.31605464965105057,-0.29088788231213886,-0.350739561021328,-0.34397297352552414,-0.32012321054935455,-0.28259245157241819,-0.27430301904678345,-0.29458757738272351,-0.32089940905570985,-0.35753465071320534,-0.35039099305868149,-0.25192650966346264,-0.22910909219221634,-0.25731434226036071,-0.17027448287064378,-0.018768850036642769,0.13316372430954987,0.19504575324910028,0.13428462411348635,0.21439890104990739,0.26906260599692661,0.34196865558624268,0.38870664685964584,0.361958493079458,0.29282724628081691,0.24704441229502361,0.25550579900542897,0.30366524122655392,0.28592015164239065,0.21320235729217529,0.19287343429667608,0.16722323573552644,0.095561043226293149
-0.24774240702390671,-0.28582286089658737,-0.27407075464725494,-0.28179689248402912,-0.33228343725204468,-0.31393977999687195,-0.36220376193523407,-0.325234340769904,-0.30347108095884323,-0.32862511277198792,-0.35129850109418231,-0.37091973920663196,-0.43453870500837055,-0.37616708278656008,-0.31178987622261045,-0.27097254991531372,-0.22375061362981796,-0.25970679947308134,-0.31162389687129427,-0.35997805496056873,-0.36077341809868813,-0.27127286578927723,-0.20080063409275478,-0.16743316027251157,0.028735560520241659,0.14621500535444779,0.14709926210343838,0.12153460035721461,0.20863471304376921,0.3102002541224162,0.37649614810943605,0.40050207193081194,0.4166243200500806,0.37065953229154858,0.324752525641368,0.31492729272161213,0.33651807674994838,0.34371514962269711,0.27958741440222812,0.20834405261736649,0.17997902046356881,0.10347268432378769,0.069097569744501791
-0.27599219764981953,-0.27406737634113859,-0.27456797957420348,-0.28347320556640626,-0.30106223225593565,-0.26319681107997894,-0.27536258740084513,-0.266486583011491,-0.24140010587871075,-0.30791188776493073,-0.38092214720589773,-0.44902958472569782,-0.45420657843351364,-0.328689972559611,-0.275464728474617,-0.2735965872804324,-0.20138067305088042,-0.22967162728309631,-0.29861429333686829,-0.34971913993358611,-0.29949886500835421,-0.22777363251556049,-0.14026711948893286,-0.037897376004945145,0.11854790692979639,0.08363269298122479,0.075572518488535509,0.14597464303175609,0.277710489432017,0.386789478858312,0.41200332479043439,0.41100477320807322,0.40389017015695572,0.37524213145176571,0.31798707980376023,0.30669129639863968,0.33357056287618786,0.306119903922081,0.19086075999907085,0.15338849027951559,0.16973865351506642,0.023398561080774434,-0.025657184089400938
