SouthSea_Web/demo/jsonfile/2017-12-16-02.json
{"header": {"parameterUnit":"m.s-1","parameterNumber":3,"dx":0.1,"dy":0.1,"parameterNumberName":"Northward current","la1":29.0,"la2":12.0,"parameterCategory":2,"lo2":131.0,"nx":250,"ny":171,"refTime":"2017-12-16T01:58:07.5","lo1":106.0}, "data":
[rows 95 to 113 of 171, columns 42 to 83 of 250]
0.0,0.0,0.0,0.0,0.0,0.0,-0.11170133053634219,-0.21985916129779071,-0.34268776413534774,-0.39672993311936827,-0.38322710532408494,-0.38020849390463396,-0.35254619953533012,-0.29106216700304122,-0.23536608838721326,-0.20160352235490625,-0.16787524158890183,-0.088949566364617039,0.0487989409812144,0.0763147859252058,-0.018739082692791859,-0.21181077274183432,-0.29813163479169208,-0.31056505955498792,-0.30228885014851886,-0.2359685174844883,-0.12412091241828327,-0.011879637860207975,0.036946919131358821,-0.016388223981484772,-0.12774112797342241,-0.12387581976751487,-0.098533051985281492,-0.15808373906960091,-0.10418587843222278,-0.055493572243937743,-0.032046176782199023,-0.013396948309188398,0.022879450655229196,0.05552113951685337,0.074144353516972988,0.043085393463743141
0.0,0.0,0.0,0.0,0.0,-0.0820470582981634,-0.21315270855829313,-0.26723856142451685,-0.35643324814736843,-0.3799477002542952,-0.35029798378683119,-0.31279238408262078,-0.29505939006805421,-0.26836112040010368,-0.24150475524365903,-0.18477922843562233,-0.12869931700137946,-0.10565633024089038,0.00767822717633945,0.031964785051381873,-0.14923891288538774,-0.34226529402979489,-0.31113286852836608,-0.31038280789341244,-0.27630653480688733,-0.17425134998780709,-0.058866479330592685,-0.0092398652943365012,-0.051889424245538454,-0.12744841862607886,-0.11573608951377017,-0.089124629894892379,-0.16113051370932505,-0.19222282425121026,-0.10949152987450361,-0.075575312169698566,-0.08017576292709068,-0.063813432119786739,-0.040077773310864963,0.0028532149243311812,-0.008987133603243689,-0.012139642396235743
0.0,0.0,0.0,0.0,-0.15636409116400915,-0.20516960911838539,-0.22217969071931679,-0.30603788782666613,-0.36585174311291085,-0.38045076280832291,-0.37987093013875622,-0.32603415151437126,-0.27142976876348257,-0.20465045896443454,-0.18434953033214524,-0.15473745590032534,-0.15853345190936868,-0.09107711602534567,-0.012417858006249715,-0.063415524208297339,-0.22745700468940119,-0.2908371261187962,-0.26729546045815505,-0.24599833632337637,-0.18456828886909144,-0.10881223609404904,-0.0457999159678303,-0.0552046402460999,-0.1212057431361505,-0.10784982448374783,-0.10306728950568608,-0.12622755931483376,-0.16689067653247289,-0.14923470334282943,-0.11151087522506714,-0.12106605564002637,-0.11665668854346642,-0.09733930815543447,-0.042769595884300508,-0.01748373183923272,-0.042935042331616081,-0.03941078670322895
0.0,0.0,0.0,0.0,-0.20607726233283757,-0.25341669069427364,-0.24925452989916647,-0.28085642958444262,-0.3319040101766586,-0.34604919167125925,-0.30415545469697786,-0.22020838063742435,-0.17887696666786304,-0.16802952878854491,-0.19183693353722736,-0.13529960277515488,-0.053473025499746051,-0.0174489472660103,-0.081160243149497546,-0.17117244596111364,-0.25623323023319244,-0.21578203244455929,-0.20572564879368091,-0.17640801905481904,-0.096016528791394731,-0.0401211089753945,-0.084140153468719545,-0.14742771802203997,-0.12796312627884057,-0.0925349830477326,-0.073860036741409979,-0.112494279558842,-0.12660611207996095,-0.11099348189654174,-0.10851462019814386,-0.13942825074853568,-0.11701924712038957,-0.044389315236073271,-0.0024633638007799164,0.007773433491560614,-0.025889837286538549,-0.030235554894496655
0.0,0.0,0.0,0.0,-0.27820380055802124,-0.29751553725112567,-0.29482339475399411,-0.31118324026465416,-0.35377947582552832,-0.381265328689055,-0.34061617120890553,-0.24959097852309545,-0.18123796749479917,-0.120591365720895,-0.051506914788993392,-0.04534996546020633,-0.0913723005766147,-0.12502134723528738,-0.1866032506028811,-0.22704069384119727,-0.18039316611905251,-0.18328965508512088,-0.18665003726879756,-0.14423752139354573,-0.056708020002891622,-0.038544916162460016,-0.113457339781302,-0.10559823805535282,-0.060371981726752386,-0.056252237276307175,-0.095599051165793619,-0.13126863449811935,-0.13601103535404913,-0.092113143897482333,-0.079742364585399628,-0.080494326651096348,-0.05628276340663433,-0.0022779364078035413,0.016345030860975385,0.0079611795144560547,-0.0096886592207873178,-0.022431580564723566
0.0,0.0,0.0,-0.21598509986485753,-0.31000792037503261,-0.29365340153860853,-0.32223707808030616,-0.310816457621137,-0.29049294145361892,-0.23802906926721335,-0.20369436343510947,-0.18718104207744965,-0.10547759319129198,-0.029438234161999491,-0.069967441881696388,-0.15703202183875772,-0.18265212615651469,-0.11946183486896403,-0.09910770757671665,-0.12549125739643652,-0.19094541509236609,-0.19675728026777506,-0.18695968336292676,-0.13587872794380895,-0.034054658182993018,-0.067241382982152015,-0.077775976692254722,-0.0742397161998919,-0.056914523243904114,-0.091277289997648309,-0.11564374661871366,-0.13942623138427734,-0.1216626228498561,-0.06662516033759823,-0.070877812004515109,-0.078605628311634063,-0.052442281058541047,-0.0066237205711121745,-0.0025345779543455979,-0.015256662175358673,-0.021268843747675417,-0.024911077908025339
0.0,0.0,0.0,-0.34521997963579804,-0.32399380742244316,-0.26037389778215952,-0.27012719233231297,-0.3187067339817683,-0.334707241903231,-0.31986347382718866,-0.20922752011280793,-0.13452547248087676,-0.085679375941095787,-0.039560276808875049,-0.033658965642098339,-0.064640384327088088,-0.069951258011554412,-0.057172326427517517,-0.098532519105708954,-0.13092427655602945,-0.1135082481695073,-0.16520526898758753,-0.14160583217938741,-0.059600279599960358,-0.044648035256950942,-0.094539493322372437,-0.085589573851653514,-0.060435320250689983,-0.069388305768370628,-0.10966175364760253,-0.13818400242814311,-0.15161325295384115,-0.10693507907646042,-0.069384113848209375,-0.063188106287270784,-0.08143550616044265,-0.085337577817531735,-0.059994141141382545,-0.030196809917688371,-0.018358781145742305,-0.015601499794194331,-0.020230020396411419
0.0,0.0,0.0,-0.28467623569578687,-0.41161585824633884,-0.299090931694659,-0.24821315785097986,-0.22590546293391123,-0.21780216053267507,-0.21038035614581047,-0.14566071495666341,-0.12976160764694214,-0.037500163868323645,-0.051082395703384749,-0.015417314564606263,-0.024967436864972114,-0.023036732282168394,-0.054528640059288591,-0.085727932064660964,-0.088877241260239062,-0.12666443895016397,-0.10946610224034105,-0.015489827371701332,-0.027234066460680748,-0.064745697296328009,-0.077116731140348643,-0.071864235081842961,-0.066799959597679287,-0.0798769435286522,-0.10655151004040683,-0.12003967804568154,-0.1092739874124527,-0.070489805881623874,-0.050252493184346422,-0.043805764721972604,-0.0401132929061229,-0.057258574148783319,-0.065563961416482922,-0.05891016098084273,-0.026177642643451692,-0.0082739599165506661,-0.0083912919113312712
-0.0648835152387619,-0.023946490561799476,-0.15963199357149388,-0.24902265900456341,-0.36996970165097071,-0.35171641474184784,-0.33420241966734837,-0.30209104980652529,-0.24754482644413589,-0.16567228341827522,-0.11475899610026129,-0.086754936973253885,-0.067117179221496348,-0.063502609508023375,-0.079300963470051361,-0.058165324908314331,-0.050029342594955652,-0.086348897386943138,-0.066392338160296965,-0.0775081476728831,-0.098640959044652324,-0.031450570417551456,0.017468755409936421,-0.01172134463019945,-0.056079655169294432,-0.07957325546214214,-0.095350775420665737,-0.10128371311085564,-0.10025324175755183,-0.11633304566144943,-0.12092131348671736,-0.10686233612122359,-0.0651001029003125,-0.045093140602111816,-0.03333240794017911,-0.026644231937825679,-0.045981642002096541,-0.054911318890474459,-0.058111823201179504,-0.043139595006193431,-0.015508999817636019,-0.001681188939983258
-0.010117788521478233,-0.069618639730825091,-0.22387516835111787,-0.29261550601397113,-0.25953185475977558,-0.25583879041175045,-0.26860640405722269,-0.16316925726438825,-0.17753909275080393,-0.13635224582893507,-0.1325753967349346,-0.14796800580289629,-0.11130332005651374,-0.050286932738826555,-0.048370845091994852,-0.053445493502001611,-0.046308263369342857,-0.052829097314127563,-0.066587637311645922,-0.065502833308918137,-0.038298294603548666,-0.027168729924596846,-0.028620676758388679,-0.022042166204536678,-0.034594776928424838,-0.071861895466489453,-0.12144377827644348,-0.14432232425763056,-0.12065881633987793,-0.10936709812709264,-0.11649404433758362,-0.12766044100989465,-0.0941131219554406,-0.072811027781830892,-0.039455945119261739,-0.017969297450035809,-0.011800064840354025,0.000678574935591314,-0.022025121919189889,-0.039558414214601122,-0.026999431699514388,-0.0032389948913381281
-0.041829039204629125,-0.13864442861643006,-0.23083531983429567,-0.25168099861306514,-0.26597894492362617,-0.28229315638542174,-0.22045095239021603,-0.19701037713223032,-0.14277194605933297,-0.14016217165268385,-0.14550806044839149,-0.12051497254429794,-0.11143843850919179,-0.063066826434805989,-0.043181757412610516,-0.051683962104781982,-0.048808498757666553,-0.077931847157222886,-0.075716958115143437,-0.088043430287923136,-0.072397572160870935,-0.034990098223918013,-0.056362266437365457,-0.069418147068332742,-0.067324691810286968,-0.076109969057142735,-0.11997112092272989,-0.14716177595698315,-0.14655090426957165,-0.11548649462369773,-0.11868223805840199,-0.13629016795983681,-0.12594106986566825,-0.0903673366858409,-0.055088698450062007,-0.02125830825883895,0.016426251406772754,0.048821411217036453,0.018846691174146075,-0.01928124992075566,-0.026551402528725919,-0.00643879716808442
-0.1135249381662608,-0.20470852553050428,-0.28369550327703752,-0.29619536283132913,-0.288735772617635,-0.23190189671927486,-0.13826830879631771,-0.14732944681530907,-0.17575332824187942,-0.13666057199812853,-0.11166513641906339,-0.065802164814051461,-0.045458962238626555,-0.023093916990609583,-0.041600535623729229,-0.049511087991829426,-0.056304516270756721,-0.08827033776927877,-0.11386240406760148,-0.12892625508485017,-0.11244403129374539,-0.10175063088536263,-0.0898312661382887,-0.1001359111070633,-0.0956796553845589,-0.07160138338804245,-0.10132449234907444,-0.12912589973873562,-0.14099765454347318,-0.11140379624871108,-0.10682098373122838,-0.10825916738421829,-0.09641123175621033,-0.0782533711194992,-0.060628433194425374,-0.033134383839313629,0.007988681935295552,0.028046336065996842,0.02315394125878811,0.00089871237214538273,-0.014880522592541049,-0.010331091956080249
-0.20137324583966557,-0.18918913984930491,-0.20978986708358194,-0.26540790314660717,-0.25678160029235264,-0.15554061158091054,-0.11503196769146197,-0.1398759420328545,-0.13375755188365776,-0.11054647832018573,-0.0546504189595439,-0.0019458232748244579,0.014433809720295747,0.028842886203321916,0.0099326660184977725,-0.031140776276588442,-0.061042196154594421,-0.0769153961113521,-0.10978848833058562,-0.12335895250240962,-0.12007660004827711,-0.14041270821222238,-0.12683972775936125,-0.14210908922056356,-0.13955145568719932,-0.1078542269145449,-0.091177969276905066,-0.119046268841395,-0.1442135391028031,-0.13815007731318474,-0.10668088018894195,-0.073013451760229858,-0.073052445948123934,-0.08491476407895486,-0.0745811526748267,-0.046693736376861729,-0.028446900395109602,-0.013902680892814797,0.004282111144515083,0.0011441564420238137,-0.011489660911528128,-0.029503765205542248
-0.22059954617598757,-0.23927741474989389,-0.29258900394708642,-0.29417070357476249,-0.20293576300808933,-0.13642706385644679,-0.15781360318263371,-0.13604739455270096,-0.095627936306926939,-0.026074244482775351,0.012578452248201375,0.042574433681483455,0.039164906436646427,0.030660005919635296,0.0080714490210924018,-0.038731489256024362,-0.077771284729242329,-0.092877195941077337,-0.11294816881418228,-0.11925529402035934,-0.12917698950817189,-0.16597989946603775,-0.17502268776297569,-0.18838375921432787,-0.19285069823265075,-0.16998875886201859,-0.14163474462650441,-0.1483508859845725,-0.14978298664093018,-0.11588486859744246,-0.082904029105390825,-0.057292838713952472,-0.052630658634006976,-0.071362303383648393,-0.072671391814947126,-0.061649980317605171,-0.0555280666140949,-0.041877101339838081,-0.017453949463864169,-0.0079693267388003218,-0.017225666652218655,-0.039233565563336015
-0.22140173029296006,-0.31581461210314643,-0.27838629980882007,-0.18519992519949757,-0.16076456978602752,-0.16420290781693026,-0.1045319825792924,-0.064514126195176,-0.0029560058774742563,0.020141455448336072,0.02387717004865408,0.019906247638053692,0.010326414765306534,-0.0017132200300693512,-0.022247904283826107,-0.044606887469334264,-0.0803012696227857,-0.10903577958898884,-0.13056872040033341,-0.14666933536529542,-0.1696393402486012,-0.19538528300248659,-0.20583111941814422,-0.21293967618392065,-0.22513698041439056,-0.22281291303427322,-0.20720615788646365,-0.19456017600453418,-0.1617849814620885,-0.12442047858522051,-0.095621572062373164,-0.061991815082728864,-0.046380287134333661,-0.05156670785263965,-0.061578811146318913,-0.05220552661921829,-0.0273115897684225,-0.016061638567286231,-0.0049086972733978955,0.0039673089049756527,-0.0050608614983502775,-0.01545182301197201
-0.19950950082434651,-0.22608073091082892,-0.22463429998223183,-0.19167510458203249,-0.18321768842313602,-0.13697946232718392,-0.056627385194102924,-0.00037561936628525007,0.020571780543581678,0.0047091197920963168,-0.010861910991715613,-0.02957562608311751,-0.025946634596791762,-0.021221888584217856,-0.016610718432015607,-0.039702924833233864,-0.088483850285410878,-0.13763497131211416,-0.16553607955574989,-0.19708524233308331,-0.22419885545969009,-0.24059926718473434,-0.23972870469093321,-0.21445391061050551,-0.21457035256468732,-0.22050547599792481,-0.20666377494732538,-0.19572629373181949,-0.16640257906346095,-0.12531661477528119,-0.084850537404417989,-0.0783207518979907,-0.055288656888639223,-0.04413014673627913,-0.048757506410280864,-0.054948054005702338,-0.037502897186921194,-0.02127937802579254,0.0083878274017479271,0.035944655537605286,0.032633590645023754,0.011957376710294435
-0.21421372008746897,-0.2354443311152688,-0.2095038989817139,-0.23476260791843137,-0.18684141630572931,-0.10124936561251796,-0.038463474804302678,-0.009566474071039853,-0.0058431130657062074,-0.032622642098711088,-0.053141552505308186,-0.061674472077616622,-0.058664724506713728,-0.049966885678229794,-0.04037224080774092,-0.038586663489695638,-0.08426444412719819,-0.15758436635650439,-0.2188021050345513,-0.23701303786244884,-0.22875624845425288,-0.24501816355265105,-0.21866633636610849,-0.19792915825490598,-0.22685330092906952,-0.22984710872173308,-0.18147018681401791,-0.15664346125863848,-0.12251504439683188,-0.096745352996023076,-0.0646541659769259,-0.066388728221257534,-0.068009802657696933,-0.0557914778058018,-0.045861525088548662,-0.055087630016108356,-0.053149423815987328,-0.036471843550151047,0.0021529194782488048,0.046207682894808907,0.049346904669489176,0.021730478542546432
-0.28165202985207238,-0.21879219617999968,-0.2928373278291137,-0.24875347769778708,-0.16658813570226941,-0.097498204430629468,-0.068415102511644357,-0.066945102617696484,-0.078081982476370673,-0.084678339033291264,-0.083669823023580739,-0.077962296276256962,-0.065543884059061877,-0.042158537133328733,-0.0096188599321370329,-0.025233581862266874,-0.11149021887497322,-0.19915676613648733,-0.253234040556532,-0.25177441763155389,-0.23566472214279752,-0.23791384696960449,-0.21702744734698329,-0.22710524550799666,-0.24679196167450684,-0.2115239082620694,-0.12060821020887011,-0.0711250039325519,-0.062124870894920262,-0.061134652367659977,-0.046132983149666539,-0.049063638551160693,-0.0601907917963607,-0.062753199732729373,-0.050905952086815469,-0.043016829951242966,-0.0378672257065773,-0.0344178072280354,-0.0087474592874059454,0.022869379725307226,0.031251959130167963,0.012983003072440625
-0.36239042179659009,-0.26405577787331175,-0.23467473558017185,-0.22740639547506969,-0.185499340792497,-0.14713342659748518,-0.12911012161661079,-0.14213156948486963,-0.16006557991107304,-0.15130039001815021,-0.13390105130041347,-0.092584268293446959,-0.051241199406129971,-0.022708907652964915,-0.0643733439654553,-0.13837690571589129,-0.22235077371199927,-0.25466249138116837,-0.24480338355428294,-0.21853859993544492,-0.21348595571133397,-0.21723488618930181,-0.23734249869982402,-0.25208071696347206,-0.23784151673316956,-0.1896349759056018,-0.10295543060279809,-0.044081990793347361,-0.034672933630645275,-0.029645425209309906,-0.042456565424799919,-0.043132295211156212,-0.02112279706634581,-0.034935541264041185,-0.045729092914949761,-0.041795603558421136,-0.033614370040595531,-0.038509971565670438,-0.029439428821206093,-0.021894017001613975,0.0038301097229123116,0.0032911420712480322
