SouthSea_Web/demo/jsonfile/2017-12-16-07.json
{"header": {"parameterUnit":"m.s-1","parameterNumber":2,"dx":0.1,"dy":0.1,"parameterNumberName":"Eastward current","la1":29.0,"la2":12.0,"parameterCategory":2,"lo2":131.0,"nx":250,"ny":171,"refTime":"2017-12-16T07:01:52.5","lo1":106.0}, "data":
[rows 133 to 151 of 171, columns 126 to 167 of 250]
0.028158240951597691,0.025189658626914024,0.034436149522662163,0.035661031492054462,0.011283057344068462,-0.0014067994585881631,0.001182232634164393,0.0027712029828266664,0.0095847112307738923,0.026023224824004702,0.020692434095378433,-0.0085649905094424654,-0.026522041332844474,0.005905065737591174,0.0,0.0,0.0,0.0,0.0,0.0,0.0,0.0,0.0,0.0,0.0,0.0,0.0,0.0,0.0,0.0,0.12030175266166528,0.043616531670770863,0.029601441323757173,0.01180994788883254,-0.0658542529369394,-0.13491321820765734,-0.1706407368183136,-0.22775280310047996,-0.29643948748707771,-0.3399827844566769,-0.40175478532910347,-0.52720948557058966
0.0097246223594993353,0.027962364877263706,0.04915199801325798,0.068613065406680107,0.053965678438544273,0.022802277060691267,0.040360128713978663,0.045007547363638878,0.027930318123914978,0.031786501915617424,0.022963634014806965,0.0027687510252386951,-0.038691614887544086,-0.034318837647636734,0.0,0.0,0.0,0.0,0.0,0.0,0.0,0.0,0.0,0.0,0.0,0.0,0.0,0.0,0.0,0.0,0.12282427307218313,0.018974556153724818,0.010583520142568482,-0.037760106550360266,-0.14693682911721143,-0.19868958865602812,-0.21852511844851755,-0.25859220325946808,-0.31222695857286453,-0.34712783247232437,-0.4296663671731949,-0.56004254519939423
0.023928071372210979,0.057704077567905188,0.0724946806828181,0.084828327099482223,0.099598338206609086,0.092598121081079759,0.088344729608959616,0.071666208406289414,0.054220333695411682,0.040686037391424179,0.030231433403160837,0.018227178207598626,-0.016899910010397434,-0.024328526575118303,0.0,0.0,0.0,0.0,0.0,0.0,0.0,0.0,0.0,0.0,0.0,0.0,0.0,0.0,0.0,0.058629004284739494,0.0336953544174321,-0.025230242737701962,-0.058850985020399094,-0.0811318920718299,-0.16878373649987308,-0.23180357163602655,-0.26407529579268563,-0.29005097225308418,-0.32316945493221283,-0.37529066701730091,-0.46524760127067566,-0.58036299794912338
0.087877005338668823,0.10533233483632405,0.10083621554076672,0.099776644259691238,0.11259218398481607,0.12476889882236719,0.12340397015213966,0.10894091427326202,0.080327946015379639,0.052537534799840718,0.029470533960395388,0.024196622986346485,0.013746592565439642,0.0091672057751566172,0.0,0.0,0.0,0.0,0.0,0.0,0.0,0.0,0.0,0.0,0.0,0.0,0.0,0.0,-0.084982588887214661,0.013753336109220981,-0.043156662170076743,-0.14043190255761145,-0.18920764670922205,-0.20020355097949505,-0.2224568956428104,-0.23088595271110535,-0.23617642711509357,-0.27124360068277881,-0.29901138610310024,-0.36932644844055174,-0.45818999740812516,-0.57555080652236934
0.10207259158293407,0.11251072585582733,0.10264322906732559,0.12482224553823471,0.1485259160399437,0.14799187864576066,0.15788383119636112,0.14540351927280426,0.1113785058259964,0.079118016734719271,0.055018759199551175,0.064055443487384109,0.0604222086923463,0.03035930295785268,0.022680640841523807,0.0,0.0,0.0,0.0,0.0,0.0,0.0,0.0,0.0,0.0,0.0,0.0,0.0,-0.021197619382292032,0.018166526046115905,-0.043705575633794069,-0.20325354238351187,-0.27627529038323295,-0.29831972221533459,-0.29245856404304504,-0.2557658635907703,-0.217076775431633,-0.261099002427525,-0.30655613541603088,-0.376738104224205,-0.48037797808647154,-0.59760663906733191
0.1074962963660558,0.11457559218009313,0.10468654334545136,0.12719627916812898,0.16907278597354888,0.17708840717871985,0.18046950176358223,0.16135268807411193,0.13645652029663324,0.12029730528593063,0.09812704225381215,0.10110070649534464,0.093746895591417953,0.039268680237000808,0.01028866934357211,0.0,0.0,0.0,0.0,0.0,0.0,0.0,0.0,0.0,0.0,0.0,0.0,0.0,0.088215261697769165,0.096304527350834432,0.055225940281525256,-0.080456693390650411,-0.16950739473104476,-0.252600833773613,-0.29749778782327968,-0.27024807333946227,-0.26140532046556475,-0.31490440531210467,-0.37874021828174592,-0.43643291971900244,-0.53511947393417358,-0.64337008529239226
0.13987055420875549,0.1421851764122645,0.13724365085363388,0.15237570554018021,0.17522992789745331,0.19001626116888865,0.19205726869404316,0.17045651376247406,0.13793980032205583,0.1259917663410306,0.11826603385535153,0.11433136049244139,0.10103071800300054,0.069262919149228511,-0.0039530493474255008,0.0,0.0,0.0,0.0,0.0,0.0,0.0,0.0,0.0,0.0,0.0,0.0,0.0,0.0,0.088537964348991707,0.15417293541961247,0.13615929226701459,0.05188830652170711,-0.0038932053139433265,-0.12594870235770941,-0.21119227734479037,-0.2609312728047371,-0.35042476281523705,-0.41150782704353334,-0.44413023591041567,-0.52186021871036958,-0.61370658278465273
0.18251778185367584,0.19179211060206095,0.1823549767335256,0.183447927236557,0.19820237904787064,0.21001130555357253,0.20483885066849844,0.17313517816364765,0.14955479800701141,0.1324485421180725,0.13017636351287365,0.12844385653734208,0.10778816267848015,0.069326087300266542,0.029800641123854024,0.0,0.0,0.0,0.0,0.0,0.0,0.0,0.0,0.0,0.0,0.0,0.0,0.0,0.0,0.0,0.082497335039079189,0.14803736656904221,0.045353446155786514,0.0,0.01026543602347374,0.0146345461585692,-0.080100464820861819,-0.20238981842994691,-0.26367686553434894,-0.37440701325734455,-0.47053299166939477,-0.55035670399665837
0.20203553140163422,0.22446010013421378,0.22544636726379394,0.21521654725074768,0.22433238625526428,0.23405311753352484,0.22163914889097214,0.18415912799537182,0.1676497691207462,0.15023719966411592,0.14508390095498827,0.13553415487209955,0.1002550832927227,0.0762415152381767,0.036357282816121973,0.028148612007498741,0.0075424278232579427,0.0,0.0,0.0,0.0,0.0,0.0,0.0,0.0,0.0,0.0,0.0,0.0,0.0,0.032044890336692333,0.086998601577111659,0.11249487698078156,0.0,0.0,0.0,0.099041358754038814,0.011146700824610889,-0.072688015690073368,-0.20979445427656174,-0.39675682376731525,-0.50329281985759733
0.20654603838920593,0.2311298151810964,0.237287109096845,0.22683769091963768,0.22563188274701437,0.22916179597377778,0.21599940742765153,0.19342880613274044,0.17614288628101349,0.15814261138439179,0.13162316158413887,0.1064176931977272,0.074589589610695839,0.061516598487893738,0.038526051574283175,0.060320714022964239,0.05456634307241378,0.047264926775824279,0.0,0.0,0.010224982785681883,0.0,0.0,0.0,0.0,0.0,0.0,0.0,0.0,0.0,0.027564921416342258,0.045654939694537058,0.076235848246142268,0.081525274862845734,0.0065712295472621918,0.062272347509860992,0.077580839395523071,0.2317655436694622,0.20975245884619653,0.019478641077876092,-0.14157376678970954,-0.27276789667931473
0.20149316638708115,0.23128795623779297,0.23603960871696472,0.22873078783353171,0.21533553302288055,0.21715307484070459,0.20683977194130421,0.19029646217823029,0.17460016719996929,0.15497224777936935,0.12618548795580864,0.10493848547339439,0.086169813759624958,0.076187967633207634,0.079466452615128622,0.0749968822029504,0.031570118303144615,0.0,0.0,0.0,0.046379584725946187,0.041951270774006844,0.044015858741477135,0.0031091502169147134,0.0,0.0,0.0,0.0,0.0,0.0,0.10860230028629303,0.066842016897031245,0.0770053376372044,0.067319321585819131,0.1230512261390686,0.1034207587892359,0.13340803980827332,0.15270727872848511,0.14988768938928843,0.075239079223726607,-0.0082539361086674031,-0.0441377944791586
0.211991677681605,0.23354913294315338,0.23317302018404007,0.22352869808673859,0.2129438877105713,0.2089965840180715,0.18993643351963588,0.17176949977874756,0.15586469694972038,0.13701641038060189,0.11300581544637681,0.11810177098959684,0.12322945147752762,0.1194703835580084,0.13469689525663853,0.13312971964478493,0.0564402716064995,0.064870747271925211,0.019912894815206528,0.0,0.028240910731256008,-0.00027270035934634507,-0.0051296262814007195,-0.0047246312955394384,-0.0507519394159317,0.0,0.0,0.0,0.0,0.0,0.017907930538058281,0.038432714290037334,0.085364006459712982,0.13259090408682822,0.044403074681758879,0.027949139217121735,0.00634507460794835,0.020643078463359013,-0.045222822915424,-0.076225407760251648,-0.044595832412596792,-0.040811165960298643
0.21573376655578613,0.23087571188807488,0.23178727924823761,0.22529426962137222,0.21427224203944206,0.19979046498026168,0.18097302743366786,0.16166451076666513,0.13777794688940048,0.11306239747338825,0.097176667716768056,0.1144894456321543,0.12864845742781958,0.14702983051538468,0.15993901816281406,0.15403162191311517,0.070627497043460608,0.047487516370084554,0.0379574253068616,0.0,-0.019987262785434723,-0.037286757258698344,-0.019587470373759668,-0.0020676924339366248,-0.023444627207936719,0.0,0.0,0.0,0.0,0.0,0.024378832429647446,-0.016250799875706434,-0.027305368688592516,0.010698203721808063,-0.023450829956511206,-0.1079872531647032,-0.17014842604597411,-0.1994326427578926,-0.2487243503332138,-0.21733509451150895,-0.17821360582655127,-0.15404020182111047
0.21320195496082306,0.22478549679120383,0.22195828954378763,0.20859736800193787,0.2005322240293026,0.20151621103286743,0.19222786277532578,0.17547187581658363,0.14848663243982527,0.12626306787133218,0.10311962962150574,0.10723503958433867,0.11489599333568053,0.12500475143844431,0.13607330823486502,0.13666245838006338,0.093884595152404576,0.053637452009651393,0.031607224489562213,-0.00044560041278600692,-0.036817439288521804,-0.073005019873380664,-0.072123280912637713,0.0,0.0,0.0,0.0,0.0,0.0,0.0,0.0,-0.060550207272171974,-0.088059528544545171,-0.070252564270049334,-0.10109999877485362,-0.18140653724020178,-0.23597701042890548,-0.29627315104007723,-0.34387456774711611,-0.3283168212933974,-0.28139577358961104,-0.24762401315901014
0.19090121487776438,0.196091677993536,0.21021654208501181,0.18603073805570602,0.18125187754631042,0.1862711970295225,0.18357548490166664,0.1707028690725565,0.15354318171739578,0.14503614790737629,0.12491676360368728,0.11845379661430013,0.1046973429620266,0.10484624992717397,0.09447816428211,0.088291533291339874,0.085241474211215973,0.041871970519423485,-0.042798841022886336,-0.041788260762890182,-0.00010600611567497253,-0.027079712909956772,0.0,0.0,0.0,0.0,0.0,0.0,0.0,0.0,0.0,-0.042529702419415116,-0.088294183628426656,-0.13345879316329956,-0.15684219652956183,-0.23547791317105293,-0.29028230160474777,-0.29120574394861859,-0.3164405282586813,-0.3914141058921814,-0.22110616167386374,-0.31152650713920593
0.15482528507709503,0.1608785018324852,0.17132340371608734,0.162051759660244,0.15852195024490356,0.1650204136967659,0.1671558047334353,0.15964196409497941,0.15656358152627944,0.16338091095288596,0.1389048844575882,0.11669309271706475,0.08998837911834319,0.068708545217911407,0.063673058524727821,0.036952166733416641,0.016109157522970981,-0.018173339983655348,-0.095104456775718271,-0.0887078204088741,-0.064434140920639038,0.0,0.0,0.0,0.0,0.0,0.0,0.0,0.0,0.0,0.0,0.0,-0.010643268363888968,-0.044263219915923073,-0.076576270680460662,-0.1241797243969308,-0.21311284322291613,-0.11320548944382204,0.0,0.0,0.0,0.0
0.15396441519260407,0.15335497260093689,0.15863155325253805,0.14852552115917206,0.13764002422491709,0.13929946223894754,0.15192729234695435,0.14602844044566155,0.15834643774562413,0.16841433611181048,0.13828027695417405,0.087796011939644814,0.055672871569792427,0.020334505408894844,-0.0040703362153310862,-0.034914734956276207,-0.088936269034941992,-0.092320739076687738,-0.11262403428554535,-0.074910561321303248,-0.05129026883514598,0.0,0.0,0.0,0.0,0.0,0.0,0.0,0.0,0.0,0.0,0.0,0.062136576510965824,0.032106526407667181,0.058960298076272011,0.039439551159739496,0.025065434514544904,0.034418907016515732,0.0,0.0,0.0,0.0
0.15545014292001724,0.16236819326877594,0.16405718773603439,0.15357784430185953,0.1380616327126821,0.13929600268602371,0.15237626135349275,0.13981753161975316,0.13864863557474955,0.12839005663990974,0.080491722044017583,0.03666114951483905,0.015733909384289292,-0.045418118986372762,-0.11871281787753105,-0.14902581948609578,-0.14863227680325508,-0.056319216836096815,-0.042389353814845286,-0.016938827652484178,0.027469229011330754,0.0,0.0,0.0,0.0,0.0,0.0,0.0,0.0,0.0,0.0,0.0,0.0,-0.0039442945271730423,0.0020270972616142696,0.027023654120663803,0.052407681941986084,0.05907999724149704,0.0,0.0,0.0,0.0
0.14162367582321167,0.14296434819698334,0.1430775448679924,0.13313527405261993,0.12212867476046085,0.11589620262384415,0.12335048243403435,0.11438571065664291,0.11095408909022808,0.061822318834149174,0.010520462127816346,-0.0045935594534967095,-0.048652842712516971,-0.14560103197308147,-0.20003029524481722,-0.15492927469313145,-0.063905344406307185,0.022851885034469888,-0.03918280049631568,0.0023986840775857368,0.038515740268242858,0.0,0.0,0.0,0.0,0.0,0.0,0.0,0.0,0.0,0.0,0.0,0.0,0.0,0.0,0.036606119014322758,0.034014537309606872,0.0,0.0,0.0,0.0,0.0
