SouthSea_Web/demo/jsonfile/2017-12-14-06.json
{"header": {"parameterUnit":"m.s-1","parameterNumber":3,"dx":0.1,"dy":0.1,"parameterNumberName":"Northward current","la1":29.0,"la2":12.0,"parameterCategory":2,"lo2":131.0,"nx":250,"ny":171,"refTime":"2017-12-14T06:00:00","lo1":106.0}, "data":
[rows 95 to 113 of 171, columns 172 to 214 of 250]
0.00548726929021844,-0.035940803773701194,-0.070646762433979243,-0.098453469574451447,-0.097528117043631415,-0.099138917401432991,-0.091600903620322541,-0.070524650315443679,-0.030747938202694058,0.03675163397565484,0.090643789619207382,0.12321393564343453,0.14613011479377747,0.15358980745077133,0.17375497023264566,0.18681006878614426,0.17353326827287674,0.1675102636218071,0.15991746634244919,0.15543456375598908,0.13629187643527985,0.13473562896251679,0.14214995503425598,0.1479179859161377,0.13990002125501633,0.12116067111492157,0.10083532333374023,0.085028946399688721,0.067757308483123779,0.0,0.044895384460687637,0.061018772423267364,0.093129057437181473,0.0,0.1662810891866684,0.29476228356361389,0.35997048020362854,0.42411383986473083,0.47488477826118469,0.54571419954299927,0.63482165336608887,0.0,0.61417311429977417
0.027224206365644932,0.0053498289039866495,-0.01847467698260314,-0.028095796781902511,-0.035718217352405192,-0.03832611180841923,-0.063430055975914,-0.046049665659666061,-0.0090969117979208623,0.052473156402508415,0.098592806607484818,0.13850321620702744,0.15854516625404358,0.16155799478292465,0.18635039031505585,0.19618760794401169,0.19043558090925217,0.18149983882904053,0.16819163411855698,0.15971454232931137,0.14669943600893021,0.14656770974397659,0.15034283697605133,0.15639281272888184,0.14784513413906097,0.12448994815349579,0.10095769539475441,0.081339560449123383,0.06710195355117321,0.053613994270563126,0.043452579528093338,0.045988749712705612,0.0814247876405716,0.12934659793972969,0.18896064162254334,0.25235167145729065,0.41329136490821838,0.5214461088180542,0.57576972246170044,0.60268902778625488,0.64049100875854492,0.64207065105438232,0.0
0.0864917313059171,0.0749707106500864,0.058855590038001539,0.042134669376537204,0.030385690120359261,0.023738465886528577,-0.0032472778111696243,-0.0030920843904217086,0.047351021319627762,0.0826319729288419,0.1206546276807785,0.15849512070417404,0.17850777506828308,0.17928396910429,0.19823794066905975,0.20394069949785867,0.20017654448747635,0.1818544864654541,0.17308790981769562,0.1615804135799408,0.15387421101331711,0.16166350245475769,0.16381286829710007,0.16734959185123444,0.15724200755357742,0.12981685250997543,0.10607839748263359,0.077787071466445923,0.0,0.0368766188621521,0.02967057004570961,0.031578764319419861,0.078338272869586945,0.14433667808771133,0.23507365584373474,0.32621410489082336,0.0,0.5125969797372818,0.61871343851089478,0.64799946546554565,0.65154182910919189,0.66013824939727783,0.63801974058151245
0.13833857467398047,0.11801413570841153,0.11776011602746116,0.11828628608158656,0.091887793193260833,0.093642082597528181,0.083705733219782516,0.0840317390859127,0.12008376171191533,0.13617991283535957,0.15590547025203705,0.19065239528814951,0.20277007420857748,0.201413594186306,0.21284633874893189,0.20648785928885141,0.20042674988508225,0.18509518355131149,0.16872134059667587,0.16833490133285523,0.16313567757606506,0.17410622537136078,0.17937258630990982,0.17521011084318161,0.16090770810842514,0.1375969797372818,0.0,0.0900469645857811,0.0646895281970501,0.035897905007004738,0.022168491035699844,0.042899316176772118,0.0,0.13072183728218079,0.25325170159339905,0.34079581499099731,0.43817922472953796,0.0,0.61223331093788147,0.66447645425796509,0.68215948343276978,0.6712990403175354,0.64830994606018066
0.23138887286186219,0.17569003875056902,0.17564439028501511,0.18263670802116394,0.17937527384076799,0.1661145513256391,0.16728735715150833,0.17229591310024262,0.17393700405955315,0.17550340667366982,0.1909815619389216,0.2227826863527298,0.22554633766412735,0.23142221570014954,0.2390250489115715,0.22110432386398315,0.20238734781742096,0.18288739770650864,0.17321617901325226,0.16833914071321487,0.1823078840970993,0.18715186417102814,0.19567571580410004,0.18116256594657898,0.0,0.14568151533603668,0.11975404247641563,0.10516717284917831,0.07948283851146698,0.046640729531645775,0.041152384132146835,0.048802133649587631,0.094625510275363922,0.19776786863803864,0.20063298940658569,0.34389975666999817,0.48422302305698395,0.57750529050827026,0.0,0.66225069761276245,0.69078934192657471,0.0,0.66590678691864014
0.3139042891561985,0.27325071165194881,0.24456278708848087,0.23251075711515215,0.23244168077196395,0.22186616994440556,0.23367198929190636,0.22390666604042053,0.20961491763591766,0.20133652910590172,0.23418002327283224,0.26106826961040497,0.25908635556697845,0.26084712147712708,0.25690251588821411,0.23728252202272415,0.21336230635643005,0.19363559782505035,0.1895727664232254,0.19762500375509262,0.20805009454488754,0.21158219873905182,0.20046369731426239,0.19896573573350906,0.1724575012922287,0.15236479789018631,0.14284120500087738,0.10929024964570999,0.074765674769878387,0.057449311017990112,0.0,0.05347071960568428,0.089193813502788544,0.16929510235786438,0.30965933203697205,0.0,0.48283973336219788,0.57528898119926453,0.65009784698486328,0.665221631526947,0.68660068511962891,0.68016505241394043,0.0
0.392605921253562,0.35541063897749958,0.3124688538638028,0.285663569966952,0.27709210084544289,0.29746599495410919,0.28142938017845154,0.25467440734306973,0.23758258422215781,0.23881404598553976,0.2805534303188324,0.29383675754070282,0.286064550280571,0.28318433463573456,0.26052108407020569,0.23475228995084763,0.21851193159818649,0.20819747944672903,0.21078753471374512,0.23289339244365692,0.23337167501449585,0.2382834255695343,0.2214437946677208,0.21707846224308014,0.18290925770998,0.16683092713356018,0.13656157627701759,0.12209787964820862,0.081789232790470123,0.049075108021497726,0.052799832075834274,0.0,0.11804167181253433,0.17612065374851227,0.284016877412796,0.4320557713508606,0.0,0.57262921333312988,0.65280526876449585,0.67495137453079224,0.69187849760055542,0.67987808585166931,0.68689930438995361
0.44253147579729557,0.4201224674196804,0.38730511069297791,0.35441333868286828,0.33833255938121248,0.3324451872280666,0.2986239492893219,0.2769501581788063,0.28749458988507587,0.29341478645801544,0.31522500514984131,0.31216427683830261,0.29250325262546539,0.27924530208110809,0.24815178910891214,0.22621572762727737,0.22062037140130997,0.20742969214916229,0.24092923849821091,0.26463243365287781,0.25849531590938568,0.0,0.2313179224729538,0.19589973986148834,0.19446830451488495,0.16807253658771515,0.12657304108142853,0.087421201169490814,0.073982648551464081,0.066507071256637573,0.04740813747048378,0.088333148509263992,0.0,0.22386888414621353,0.28712692856788635,0.43579231202602386,0.53970533609390259,0.0,0.6316051185131073,0.67797231674194336,0.0,0.67518991231918335,0.68333858251571655
0.466280938947902,0.45410421676933765,0.43593878112733364,0.41098546064816988,0.365908857434988,0.32493927223341806,0.29041556801114765,0.29142122467358905,0.31599773963292438,0.33614832162857056,0.33996549993753433,0.311943918466568,0.28291903436183929,0.25998631119728088,0.23726757615804672,0.22770134607950845,0.22889594733715057,0.23763401806354523,0.26677635312080383,0.2687259316444397,0.27198989689350128,0.25249826908111572,0.23793338239192963,0.22058342397212982,0.19438276439905167,0.16679777950048447,0.12268451228737831,0.081939093768596649,0.051853932440280914,0.0363379530608654,0.054983023554086685,0.078785084187984467,0.1565302312374115,0.27204534411430359,0.0,0.4435267448425293,0.54284673929214478,0.61639231443405151,0.0,0.663101851940155,0.668251633644104,0.670739471912384,0.65815949440002441
0.48220003545284273,0.49183477759361266,0.47563348896801472,0.42761584520339968,0.35620225220918655,0.31122078640120371,0.29434317776135038,0.3011581500371297,0.32466528415679929,0.34978973865509033,0.33785415689150494,0.30039562781651813,0.26529790461063385,0.24348801374435425,0.23199629038572311,0.22572671622037888,0.24175025522708893,0.25704994797706604,0.27920791506767273,0.28069934248924255,0.26707747578620911,0.25686831772327423,0.23527167737483978,0.22402623295783997,0.20108518004417419,0.1379493772983551,0.08834008127450943,0.072258584201335907,0.040588010102510452,0.030916390940546989,0.066410757601261139,0.11457657068967819,0.16747644543647766,0.26507869362831116,0.41683003306388855,0.0,0.546068549156189,0.61024314165115356,0.65439170598983765,0.66739165782928467,0.67540889978408813,0.67122137546539307,0.0
0.46772712625955282,0.49638023501948308,0.480110839009285,0.41766454705170225,0.34265259653329849,0.31063933173815411,0.29587888717651367,0.303756020963192,0.32757972677548725,0.34599655866622925,0.3249824543793996,0.28369462490081787,0.255954347550869,0.24073880165815353,0.23495883494615555,0.23660667240619659,0.24200388789176941,0.27006104588508606,0.28507904708385468,0.28445768356323242,0.28627559542655945,0.25222155451774597,0.2286626398563385,0.20413487404584885,0.17925451695919037,0.13441413640975952,0.0858445093035698,0.037023840472102165,0.0,0.025302881374955177,0.059881776571273804,0.12944905459880829,0.19371043145656586,0.27380332350730896,0.383230596780777,0.52542096376419067,0.0,0.60901385545730591,0.65915286540985107,0.674003005027771,0.67280632257461548,0.67397528886795044,0.65268880128860474
0.44293013498896644,0.47157169133424759,0.44264708645641804,0.391080590231078,0.35632866952154374,0.32792506217956541,0.30780546367168427,0.31080405414104462,0.33355775475502014,0.33571236332257587,0.31491267681121826,0.27698531746864319,0.25973078608512878,0.25539973378181458,0.25462524592876434,0.25248260051012039,0.25609427690505981,0.275725781917572,0.28253518044948578,0.2870769202709198,0.28523394465446472,0.26294063031673431,0.2289499044418335,0.16650907695293427,0.1378854364156723,0.10492654517292976,0.070801921188831329,0.03871443122625351,0.016212472692131996,0.05411108210682869,0.0719105452299118,0.13204456865787506,0.26332327723503113,0.3760204017162323,0.40424847602844238,0.508308082818985,0.59028130769729614,0.0,0.63808536529541016,0.0,0.672656774520874,0.65686416625976562,0.0
0.41765583087416258,0.45486375689506531,0.4206261376539866,0.39724762852375323,0.38202421367168427,0.34929632544517519,0.32628434399763745,0.32723348736763,0.33207836250464123,0.32366004586219788,0.30312161147594452,0.27324441075325012,0.27079658210277557,0.27448689937591553,0.27178856730461121,0.27047611773014069,0.27207747101783752,0.2784656286239624,0.27900019288063049,0.28920400142669678,0.28031723201274872,0.23898771405220032,0.20556329190731049,0.16891369968652725,0.12276824563741684,0.091242615133523941,0.057865053415298462,0.04039346519857645,0.04426848515868187,0.06479518860578537,0.13197605311870575,0.0,0.23567337542772293,0.38347160816192627,0.0,0.48762205243110657,0.56369331479072571,0.61650645732879639,0.63945329189300537,0.63501465320587158,0.66896563768386841,0.0,0.6219879686832428
0.41986579298973081,0.46830673143267632,0.44428152218461037,0.4203711668650309,0.38352002037896049,0.34479619397057426,0.33567698134316337,0.34480218291282655,0.33136261254549026,0.29827102025349933,0.2780727818608284,0.26666859785715741,0.28302991390228271,0.2926938533782959,0.28613705933094025,0.28226491808891296,0.28417882323265076,0.27899268269538879,0.27797502279281616,0.28545424342155457,0.28090444207191467,0.22799506038427353,0.18437179923057556,0.13646762073040009,0.0,0.10481243580579758,0.08551662415266037,0.064747057855129242,0.0848420187830925,0.11509870737791061,0.15875886380672455,0.22140848636627197,0.0,0.34544911980628967,0.47203552722930908,0.0,0.53675663471221924,0.605346143245697,0.619676411151886,0.63835668563842773,0.63853460550308228,0.64374995231628418,0.64342343807220459
0.43175164806215388,0.48152878731489179,0.46479388698935509,0.43364357719054591,0.38074029237031937,0.34154438227415085,0.33620433807373046,0.331203305721283,0.3028179258108139,0.26500575244426727,0.24870714545249939,0.25656446069478989,0.27823300162951153,0.29615329205989838,0.29909379780292511,0.294894278049469,0.29859843850135803,0.28129994869232178,0.27894499897956848,0.2883409708738327,0.26288022100925446,0.22814743220806122,0.19065475463867188,0.1539330929517746,0.12172871828079224,0.0,0.10495028272271156,0.11816477775573731,0.14447212219238281,0.17611813545227051,0.20131197571754456,0.25301697105169296,0.32561561465263367,0.35468724370002747,0.44088321924209595,0.53123176097869873,0.0,0.57384228706359863,0.0,0.62365585565567017,0.62305176258087158,0.0,0.60889697074890137
0.43878269195556641,0.48536476843497334,0.46826006306542289,0.4263835370540619,0.37916070222854614,0.34477042489581639,0.32635441422462463,0.29680796464284259,0.26638518770535785,0.241306205590566,0.23357968777418137,0.24146489053964615,0.27479543288548786,0.28671188652515411,0.29418142139911652,0.29637071490287781,0.30758973956108093,0.29057562351226807,0.2838459312915802,0.26944547891616821,0.24159131944179535,0.21782200038433075,0.1902235746383667,0.16565066576004028,0.14516012370586395,0.12602816522121429,0.12393844872713089,0.0,0.14657469093799591,0.2199404239654541,0.0,0.2912634015083313,0.35235247015953064,0.41620850563049316,0.43212169408798218,0.50885662436485291,0.54446429014205933,0.569646954536438,0.58330267667770386,0.0,0.607356607913971,0.608051598072052,0.541543185710907
0.5062396302819252,0.54229561906111867,0.47299841221641092,0.38977141064756055,0.35783898404666353,0.33181830969723786,0.30457599461078644,0.27205496281385422,0.24632873386144638,0.23678550124168396,0.22797567645708719,0.23893664032220841,0.26272378365198773,0.27654536068439484,0.28625777363777161,0.29932259023189545,0.30733300745487213,0.2807113379240036,0.26719893515110016,0.0,0.24430529773235321,0.21694862842559815,0.19132255762815476,0.16813114285469055,0.15890733152627945,0.14709469676017761,0.13685663044452667,0.15744812786579132,0.0,0.20094870030879974,0.28250865638256073,0.0,0.33706989884376526,0.41468146443367004,0.0,0.49723511934280396,0.0,0.54182451963424683,0.55820679664611816,0.569383442401886,0.58359360694885254,0.54880005121231079,0.0
0.529080453373137,0.53050684052355146,0.42874101505560036,0.35002348352881041,0.32784846425056458,0.31177975643764844,0.28825757900873822,0.2686651200056076,0.24913356453180313,0.24240217109521231,0.2337511827548345,0.24183876812458038,0.24868840351700783,0.26333579421043396,0.2829480916261673,0.29155246913433075,0.2942626029253006,0.27063547074794769,0.23987586796283722,0.23705525696277618,0.22439828515052795,0.21772909164428711,0.19798043370246887,0.17371159791946411,0.15376187860965729,0.16165509074926376,0.15347747504711151,0.1831953153014183,0.22427369654178619,0.2367994487285614,0.27240768074989319,0.33645632863044739,0.0,0.39259645342826843,0.47937580943107605,0.0,0.52222061157226562,0.0,0.53867840766906738,0.0,0.52030164003372192,0.50406187772750854,0.42464908957481384
0.49723801016807556,0.44174658507108688,0.36484635435044765,0.33752572749342236,0.31853985786437988,0.30790504000403662,0.30894584059715269,0.30080272555351256,0.27492424845695496,0.25711546838283539,0.25492556393146515,0.25827121734619141,0.24638177454471588,0.26301354169845581,0.26324338465929031,0.26915054023265839,0.26811701059341431,0.24525506049394608,0.23153403401374817,0.2095293253660202,0.21296021342277527,0.19638906419277191,0.0,0.16906304657459259,0.15771949291229248,0.17586654424667358,0.20296600461006165,0.1987394243478775,0.23265621811151505,0.27058959007263184,0.28507509827613831,0.31831684708595276,0.3869624137878418,0.40838420391082764,0.44880589842796326,0.4850313812494278,0.0,0.51520144939422607,0.0,0.51387804746627808,0.50360375642776489,0.0,0.0
