SouthSea_Web/demo/jsonfile/2017-12-14-17.json
{"header": {"parameterUnit":"m.s-1","parameterNumber":2,"dx":0.1,"dy":0.1,"parameterNumberName":"Eastward current","la1":29.0,"la2":12.0,"parameterCategory":2,"lo2":131.0,"nx":250,"ny":171,"refTime":"2017-12-14T16:58:07.5","lo1":106.0}, "data":
[rows 133 to 151 of 171, columns 42 to 83 of 250]
-0.33474208414554596,-0.38955558623586384,-0.39956868439912796,-0.37217478156089784,-0.36507383414677214,-0.3183758429118565,-0.26608427817171271,-0.18408796563744545,-0.20822615637665703,-0.25961457652614472,-0.310375078132859,-0.38460258620508603,-0.42287890477613971,-0.41983504593372345,-0.35621630988622965,-0.35398806239429276,-0.394249614328146,-0.41254995371166031,-0.51981840703798377,-0.58818001496164418,-0.61545450985431671,-0.531309574842453,-0.45665311813354492,-0.40976390540599822,-0.3696790337562561,-0.36513880640268326,-0.36069389432668686,-0.32867763439814252,-0.26082953810691833,-0.20695032676060995,-0.15363803009192148,-0.11534069904259273,-0.1456342414021492,-0.19734402574025667,-0.20107091031968594,-0.15117809562278645,-0.00028420365249205915,0.16122665256261826,0.030116842327905551,-0.014497577240945248,-0.0015781542596717676,-0.051679076232875772
-0.35007399916648863,-0.43045723864010405,-0.42064151664574939,-0.39629647880792618,-0.36433788282530649,-0.32144693285226822,-0.24577883183956145,-0.1847024977207184,-0.24495710991322994,-0.25686466350005221,-0.32690475285053255,-0.39371657930314541,-0.38426630385220051,-0.37546789917078888,-0.33797954137508684,-0.37249395623803139,-0.407629125393354,-0.41278134286403656,-0.46669810158865793,-0.553626004854838,-0.57226424217224126,-0.49309596816698709,-0.4564560419983334,-0.45225932863023544,-0.44828404699053082,-0.43230826939855305,-0.44260976910591127,-0.41177861690521239,-0.3480818470319112,-0.27616118788719179,-0.21495930353800455,-0.15606336593627929,-0.11226137833935874,-0.076613219987068854,-0.078203315918262184,0.04274868563963817,0.14857509968403196,0.11809104890562594,0.028010368347167969,0.0816140475217253,0.18905728363565036,0.068541145451100807
-0.39476176351308823,-0.46245036274194717,-0.4244820699095726,-0.35352975130081177,-0.32088083028793335,-0.32010545134544371,-0.276842437684536,-0.22884919742743173,-0.2435684259980917,-0.28618525181497845,-0.31761715561151505,-0.32455392479896544,-0.29421941190958023,-0.30959894359111784,-0.33150484561920168,-0.35583842297395069,-0.36373676495118573,-0.35435246337543835,-0.41191807160010707,-0.50567690862549675,-0.531556411222978,-0.50706524650255835,-0.50863487521807349,-0.50481114642960689,-0.49394306540489197,-0.49213457480072975,-0.48171507716178896,-0.45180196166038511,-0.38903211355209349,-0.32340772946675617,-0.27306073265416281,-0.22252396600587027,-0.13757608582576117,-0.050967436697747975,0.042936571408063173,0.16495368567605814,0.26464457916361944,0.25793539206771288,0.15296804797477448,0.22123493520276888,0.36469865888357161,0.29352881113688151
-0.38366313278675079,-0.44419337064027786,-0.40399963855743409,-0.36525838822126389,-0.33478895823160809,-0.33321150541305544,-0.30184099078178406,-0.25162216722965242,-0.23837056010961533,-0.28613585233688354,-0.3020661436021328,-0.27900440825356376,-0.26724886521697044,-0.30794470840030247,-0.33743961652119953,-0.3278256519274278,-0.3048986593882243,-0.32754893898963927,-0.36284795651833218,-0.41247842799533496,-0.45929355174303055,-0.49734554356998867,-0.49702748283743858,-0.47801392525434494,-0.47254304885864257,-0.45893902863774982,-0.43871994614601134,-0.4182611959321158,-0.37122752765814465,-0.29226270318031311,-0.249423086643219,-0.21147084449018752,-0.15022651638303483,-0.075784492772072554,0.023018206586791413,0.10965990461409092,0.19188236196835837,0.25905065132038935,0.32559355099995929,0.43637330617223469,0.56247477730115258,0.48395218593733652
-0.39064834713935853,-0.44663527111212414,-0.41136710558618816,-0.37901405990123749,-0.36630538105964661,-0.36970113962888718,-0.33208985328674318,-0.26456869074276518,-0.24927143752574921,-0.28316793441772459,-0.28462854027748108,-0.25549213588237762,-0.25945453180207145,-0.3049576553431424,-0.31860620776812237,-0.30834372748028149,-0.3087298593350819,-0.3663231362314785,-0.39208094278971356,-0.40800223838199268,-0.45174786874226164,-0.46864202618598938,-0.43741499880949658,-0.40049262344837189,-0.3848474572102229,-0.35872954130172729,-0.34685788055260974,-0.31107156872749331,-0.30313904583454132,-0.25892433772484463,-0.21969008197387061,-0.17624067621571676,-0.13810959245477403,-0.065191055337588,0.0047081002121558413,0.073018688087662056,0.1272005449448313,0.15855437091418675,0.24034936912357807,0.31111815571784973,0.40629417697588605,0.38659573197364805
-0.41582122072577476,-0.43928762276967365,-0.42659946531057358,-0.40952521562576294,-0.40050913393497467,-0.38643934329350788,-0.33343987166881561,-0.29549444715181988,-0.28012146055698395,-0.28480252623558044,-0.29373881965875626,-0.27092827217919485,-0.26540423432985943,-0.249686498939991,-0.26249361783266068,-0.29748734633127849,-0.33144948714309269,-0.41982612715047951,-0.38749331049621105,-0.38866387804349262,-0.43175997212529182,-0.413826381166776,-0.36346342662970227,-0.34102647006511688,-0.31487612213407246,-0.297140970826149,-0.26741546690464019,-0.23627672096093497,-0.21783076226711273,-0.21387421786785127,-0.18194787417139327,-0.14782075211405754,-0.1179658727986472,-0.083724481364091233,-0.03781757208829125,0.022423326775121193,0.076185364276170731,0.12360310678680737,0.15260779112577438,0.19377469023068747,0.24456190317869186,0.26148850023746489
-0.40678761899471283,-0.44699040055274963,-0.45088191628456115,-0.44846634070078534,-0.43079308172067005,-0.40151956677436829,-0.34203026692072552,-0.30183188319206239,-0.28920734354427885,-0.31103217974305153,-0.3254917214314143,-0.30371858818190439,-0.26464607715606692,-0.22705550938844682,-0.23947489857673646,-0.24794009700417519,-0.27613291796296835,-0.34313706681132317,-0.34074950615564981,-0.333320548137029,-0.35350770875811577,-0.33104129880666733,-0.29910491704940795,-0.28621190786361694,-0.27682394720613956,-0.24937179187933603,-0.20457798881190165,-0.18564479649066926,-0.16111660748720169,-0.15036820123593012,-0.1477220594882965,-0.1232050930460294,-0.0833398588001728,-0.051162157952785489,-0.021125739160925149,0.014507143835847577,0.043463672200838722,0.062171518802642822,0.086864518622557327,0.11320589482784271,0.14478986958662668,0.16473488882184029
-0.41280757784843447,-0.43984311322371167,-0.454396386941274,-0.45134891271591188,-0.4362765669822693,-0.39891030391057331,-0.3380545198917389,-0.29733866453170776,-0.2976052314043045,-0.29286991357803344,-0.28967937827110291,-0.28296228746573132,-0.27050046409879414,-0.24509700636068979,-0.19938023015856743,-0.18157012946903706,-0.21829218696802855,-0.25640601813793185,-0.26506081471840542,-0.2702191587951448,-0.26812432706356049,-0.22942372908194861,-0.20315265655517578,-0.21161089465022087,-0.19627340435981749,-0.18164526919523874,-0.15138187259435654,-0.12737713381648064,-0.10215197317302227,-0.087308669462800026,-0.086974781006574631,-0.089389981329441065,-0.067230368405580526,-0.038039556394020714,-0.012323806033236906,0.014748977543786169,0.030757848918437958,0.046788066625595093,0.059187520295381546,0.063664759509265423,0.076597142964601517,0.10026169816652934
-0.38762018084526062,-0.41029141843318939,-0.44894280532995862,-0.456529027223587,-0.43179001212120055,-0.40120915571848553,-0.34223857522010803,-0.29299990832805634,-0.25714944515909466,-0.23504587014516196,-0.21898921579122543,-0.26692625383536023,-0.28246351331472397,-0.23546134928862253,-0.18330548405647279,-0.17771261557936668,-0.17458070963621139,-0.19599693682458666,-0.20805245265364647,-0.18244877457618713,-0.13677777775696345,-0.11801440827548504,-0.13238731399178505,-0.13038121759891511,-0.12603172659873962,-0.10619634389877319,-0.095099559426307684,-0.049539935588836667,-0.024778038969088811,-0.022557783592492341,-0.020596125256270172,-0.037212371081113818,-0.031076377257704735,-0.012495280825532973,0.00800792509689927,0.021034976467490196,0.0284613948315382,0.032138058543205263,0.036875168792903423,0.035836699418723583,0.046328362543135881,0.070231935009360313
-0.39853467792272568,-0.43138203620910642,-0.48117187122503918,-0.46231923252344131,-0.40111551880836488,-0.37928080558776855,-0.33591395190783907,-0.25899480709007811,-0.20151419937610626,-0.17430717647075653,-0.18156430550983974,-0.24793537209431329,-0.25913604100545246,-0.22561106724398478,-0.17875240577591789,-0.1785318156083425,-0.16455057901995523,-0.1500479696052415,-0.14428311288356782,-0.078880154926862039,-0.037174365117347667,-0.010695200972259044,-0.0012140508741140365,-0.024903144620891129,-0.045698956198369466,-0.047114331275224686,-0.032290457592656217,-0.00099511374719440937,0.040344785433262587,0.059131533217926822,0.0416097748093307,0.00086166383698582649,0.0009069668129086494,0.00785432467237115,0.025940114166587591,0.040719678004582725,0.032659419191380344,0.02336519832412402,0.020941161240140598,0.017557729035615921,0.021435224761565525,0.046810617670416832
-0.42674391865730288,-0.4901384711265564,-0.50589977949857712,-0.42844617863496143,-0.36805381178855895,-0.34600852429866791,-0.30987561742464703,-0.24109379947185516,-0.1867801057440894,-0.16314608355363211,-0.17557844221591951,-0.20729710459709166,-0.18608586490154266,-0.14217951148748398,-0.10616139620542527,-0.11032928774754207,-0.11792402820927757,-0.10285813175141811,-0.074986855189005538,-0.013878850798521723,0.02955071534961462,0.066650086392958954,0.095683157444000244,0.088348185022672013,0.034056306118145585,0.018368706107139587,0.024430407863110303,0.040225829184055331,0.081393281618754074,0.12126866728067398,0.094735737890005112,0.053590237783888973,0.02253796043805778,0.018321665624777477,0.035975131671875715,0.048748078756034374,0.042590118944644928,0.020052451640367508,0.0142957380739972,0.0013895419775508343,0.0075449016730999574,0.037101468071341515
-0.44120172659556073,-0.52260897159576414,-0.48271353046099347,-0.41720747947692871,-0.34372404217720032,-0.3086191515127818,-0.29353865484396618,-0.24477934539318086,-0.20337752997875214,-0.17418582737445831,-0.1597872277100881,-0.14391816159089407,-0.11932314746081829,-0.0890703909099102,-0.090531470874945327,-0.095442436635494232,-0.0888937134295702,-0.061619003613789879,-0.0257231339540643,0.031047651544213295,0.0731367003172636,0.12232805291811626,0.13470667600631714,0.128836028277874,0.10325445234775543,0.075822528451681137,0.0706829046830535,0.0826520286500454,0.11084679327905178,0.13397960737347603,0.11778798140585423,0.078914053738117218,0.058810792863368988,0.040269791148602962,0.034526094794273376,0.0530975665897131,0.054706219583749771,0.034109596163034439,0.015228156000375748,-0.0054015041969250888,-0.004785841447301209,0.023735424038022757
-0.44349616765975952,-0.4786827067534129,-0.43561550974845886,-0.38452541828155518,-0.31689239541689557,-0.26258774101734161,-0.26024994254112244,-0.23790725568930307,-0.20837392285466194,-0.1736874096095562,-0.12741882105668387,-0.092494970187544823,-0.060867169251044594,-0.031611698865890506,-0.050552675500512123,-0.053465083241462708,-0.062727888673543925,-0.010659822495654225,0.031083015725016594,0.078919327507416412,0.1351485513150692,0.16483883559703827,0.1621067076921463,0.164701846241951,0.15851274132728577,0.14431378990411758,0.12500133862098059,0.12480932623147964,0.12516502849757671,0.13153872390588126,0.13048522546887398,0.11306326687335969,0.095185492187738419,0.081287587682406112,0.053110977013905845,0.055799004621803761,0.065475071780383587,0.050350622273981571,0.019793125800788403,-0.0011198281281394884,0.0015788191619018714,0.027117522433400154
-0.3528375566005707,-0.39352846145629883,-0.39869275689125061,-0.32500840425491334,-0.27479506134986875,-0.23538544525702795,-0.22653121252854666,-0.22757085412740707,-0.19981268048286438,-0.15109048485755922,-0.085410998202860355,-0.048251738771796226,-0.01164162084023701,0.0041737553353110952,-0.00054032600019127131,0.0058476646081544459,0.0027686008252203465,0.049108209274709227,0.11475698898235957,0.1408117488026619,0.1654696948826313,0.18871653676033021,0.20198554545640945,0.19840497523546219,0.20671644806861877,0.21315350830554963,0.19223932921886444,0.16715202480554581,0.14511793851852417,0.13120270818471908,0.1310674361884594,0.13558154304822287,0.12631412347157797,0.12589424103498459,0.11560316979885102,0.096824166675408677,0.093185357749462128,0.072979433462023735,0.055709973908960819,0.031292726658284663,0.03051773551851511,0.0401567667722702
-0.31407875319321948,-0.34954433143138885,-0.34091746807098389,-0.29203064242998761,-0.24458485345045725,-0.20929795077868871,-0.19780770689249039,-0.19575214013457298,-0.14679268499215445,-0.10009990036487579,-0.057003868743777275,-0.015275592729449273,0.02030766165504853,0.036535137643416725,0.042781082913279533,0.058565050363540649,0.079792071133852,0.1212177574634552,0.15927483886480331,0.19362370918194452,0.21010151505470276,0.21827720478177071,0.23353111247221628,0.23822560906410217,0.25949305668473244,0.27323623498280841,0.24693240722020468,0.21684498712420464,0.16228059828281402,0.12265788515408833,0.12823340483009815,0.14387807498375574,0.15925407782196999,0.1730676144361496,0.1730373241007328,0.14774124075969061,0.14376929650704065,0.12414595857262611,0.10011168320973714,0.074192296713590622,0.046139255166053772,0.065226780250668526
-0.27669769525527954,-0.30751051902771,-0.29396162714276997,-0.27459616214036942,-0.23290831744670867,-0.19666377454996109,-0.18074967339634895,-0.16373921682437262,-0.12558927573263645,-0.073558000475168223,-0.025084881422420342,0.00457417177312891,0.03233810793608427,0.068583520501852041,0.09838665773471196,0.12040067712465923,0.13684459626674653,0.16518328487873077,0.19644707068800926,0.2283609708150228,0.26337701380252837,0.26347460349400836,0.26439622938632967,0.27063662558794022,0.30062119662761688,0.32156773209571837,0.30607173442840574,0.24943575263023377,0.17254665121436119,0.12539245436588922,0.12736510783433913,0.15518927574157715,0.18198496475815773,0.20443125069141388,0.21681904792785645,0.20559615269303322,0.18515007942914963,0.16872486472129822,0.14442545920610428,0.12266581257184346,0.089574698358774185,0.10065774992108345
-0.24875398228565851,-0.284621924161911,-0.27629955112934113,-0.24978593587875367,-0.21607967615127563,-0.18587256222963333,-0.16359383761882781,-0.12419325858354569,-0.09341847151517868,-0.046409531496465206,-0.011593623358445862,0.026808781316503882,0.059449095278978348,0.097575638443231583,0.13878906071186065,0.15977427363395691,0.16430435081322989,0.18202063937981924,0.20798526704311371,0.25150221586227417,0.29431144148111343,0.29497819145520526,0.28578677028417587,0.303451931476593,0.33950415998697281,0.36965459585189819,0.3445291742682457,0.27141304686665535,0.18833158910274506,0.13701220229268074,0.13468624154726663,0.1640552043914795,0.20333395898342133,0.225368599096934,0.24499151855707169,0.2538512299458186,0.2255241721868515,0.20764335989952087,0.1884886845946312,0.1690390482544899,0.14430549740791321,0.12698637694120407
-0.2388219858209292,-0.27072997887929279,-0.24710657000541686,-0.22312877327203751,-0.18324750959873198,-0.15530754253268242,-0.11249010761578877,-0.084474796056747431,-0.0537738436833024,-0.01612368520970146,0.035154348239302635,0.0678307980298996,0.10602329919735591,0.14756711199879646,0.16666765511035919,0.1835044821103414,0.19186629354953766,0.18303788304328919,0.19496407359838486,0.2406779925028483,0.2907475158572197,0.30621573328971863,0.31952955325444538,0.34287408739328384,0.37894237041473389,0.38813341259956358,0.34941001236438751,0.28103092312812805,0.19317592382431031,0.15012980997562408,0.15594613552093506,0.1892390139400959,0.23007659614086151,0.25642756223678587,0.28021028637886047,0.28172990679740906,0.27337408810853958,0.25318515300750732,0.23732937872409821,0.22010813653469086,0.18821308016777039,0.17540162056684494
-0.19048373897870383,-0.19785457601149878,-0.190143513182799,-0.17200362185637155,-0.13176291808485985,-0.11003406792879104,-0.073377108201384544,-0.048843030817806721,-0.013980683777481318,0.027326436402897041,0.064082796374956771,0.094773732125759125,0.13338306546211243,0.16422658786177635,0.19905729591846466,0.21922967955470085,0.22184039652347565,0.20082402229309082,0.19645800068974495,0.23342764750123024,0.28713484406471251,0.32091326514879864,0.34798236936330795,0.36579933762550354,0.38246655464172363,0.3816322386264801,0.33969550331433612,0.25218456983566284,0.18240095178286234,0.15914159640669823,0.17782379984855651,0.22941322922706603,0.25993881126244861,0.28448089212179184,0.29667183756828308,0.30156925320625305,0.30334539711475372,0.28962314128875732,0.28319172561168671,0.27094465494155884,0.23094392567873,0.22819644957780838
