SouthSea_Web/demo/jsonfile/2017-12-16-21.json
{"header": {"parameterUnit":"m.s-1","parameterNumber":3,"dx":0.1,"dy":0.1,"parameterNumberName":"Northward current","la1":29.0,"la2":12.0,"parameterCategory":2,"lo2":131.0,"nx":250,"ny":171,"refTime":"2017-12-16T21:00:00","lo1":106.0}, "data":
[rows 95 to 113 of 171, columns 172 to 214 of 250]
0.27098705619573593,0.23682144284248352,0.20124264061450958,0.19404692389070988,0.21379453369549342,0.19325606152415276,0.15286249170700708,0.13026129454374313,0.12332394532859325,0.12252703122794628,0.15664202719926834,0.19507090002298355,0.21456378201643625,0.20318236947059631,0.1842557986577352,0.15094055980443955,0.12606336548924446,0.11703594774007797,0.1160619892179966,0.098816841840744019,0.055906571447849274,0.033295908942818642,-0.000596972182393074,-0.028409318998456,-0.040097737684845924,-0.043665872886776924,-0.044659968465566635,-0.007331926841288805,0.015869934111833572,0.0,0.079831354320049286,0.11370053887367249,0.1709693968296051,0.0,0.27795115113258362,0.37724852561950684,0.41378670930862427,0.46911598742008209,0.50739413499832153,0.52166575193405151,0.51730674505233765,0.0,0.46767246723175049
0.28144460916519165,0.27131828936663543,0.24168685740894741,0.22765947878360748,0.2182898223400116,0.19368547499179839,0.15263645350933075,0.14355577901005745,0.13789188861846924,0.14498500029246011,0.17788809537887573,0.2151104137301445,0.22706751028696695,0.21335486322641373,0.19311942160129547,0.16624395549297333,0.12190703302621841,0.10537762194871903,0.10157099738717079,0.08690258115530014,0.056744182482361794,0.019178054761141539,0.002992008114233613,-0.030514273792505264,-0.037264853715896606,-0.034791179001331329,-0.037721387110650539,-0.030088065192103386,-0.012171796057373285,0.025259910151362419,0.058026459068059921,0.10320620983839035,0.140659362077713,0.21094095706939697,0.28196752071380615,0.34034997224807739,0.44536292552948,0.50469708442687988,0.50402653217315674,0.53108757734298706,0.51181590557098389,0.46140052378177643,0.0
0.28436078031857809,0.26925043463706971,0.25463157743215559,0.24537285231053829,0.21689116954803467,0.19021585335334143,0.16956062614917755,0.17235981424649557,0.17691494822502135,0.17394774655501047,0.19317536801099777,0.22459543496370316,0.23396069804827371,0.21758273988962174,0.192534439265728,0.1548178493976593,0.11318142712116242,0.086539462208747864,0.087127953767776489,0.073542185127735138,0.054486822336912155,0.0013250805204734206,-0.012343293754383922,-0.025630508549511433,-0.0321497255936265,-0.039214029908180237,-0.0444745197892189,-0.048228312283754349,0.0,0.0016803625039756298,0.045085880905389786,0.069563589990139008,0.13841693103313446,0.22071839869022369,0.30919215083122253,0.38253103196620941,0.0,0.47398281097412109,0.49530923366546631,0.47416278719902039,0.4897523820400238,0.45010042190551758,0.40773797035217285
0.31040027737617493,0.27143750091393787,0.24436082277033064,0.23878374695777893,0.22366361154450309,0.2080332977431161,0.20301349957784018,0.21221105456352235,0.21112552285194397,0.19397221133112907,0.19855226576328278,0.22221351166566214,0.23650892575581869,0.22255526483058929,0.19897224009037018,0.14996160070101419,0.11077402904629707,0.09254436194896698,0.081222016364336014,0.071655437350273132,0.028609508648514748,-0.00030733086168766022,-0.026920574717223644,-0.037273515947163105,-0.03711584210395813,-0.045258365571498871,0.0,-0.055919356644153595,-0.04937971755862236,-0.013448156176309567,0.030570700764656067,0.077294144779443741,0.0,0.19769330322742462,0.31593874096870422,0.36069446802139282,0.42945902049541473,0.0,0.47634179890155792,0.45402368903160095,0.43082773685455322,0.41943109035491943,0.38581137359142303
0.30952141880989076,0.27573642631371814,0.2462660608192285,0.23213774296972486,0.23413057625293732,0.2328039730588595,0.23273705442746481,0.23560258746147156,0.22158422693610191,0.20347018539905548,0.21708937486012778,0.24097300320863724,0.24595729261636734,0.23673418164253235,0.2113737091422081,0.17068734019994736,0.12465674430131912,0.098045632243156433,0.08506050705909729,0.061048874631524086,0.010641786269843578,-0.0014518586685881019,-0.048426046967506409,-0.051561832427978516,0.0,-0.052011892199516296,-0.05746760405600071,-0.068821556866168976,-0.0702546089887619,-0.024519987404346466,0.019536575302481651,0.072134392336010933,0.14119866490364075,0.25769013166427612,0.24595810472965241,0.35177972912788391,0.40972815454006195,0.43934100866317749,0.0,0.45386019349098206,0.4128991961479187,0.0,0.38725665211677551
0.30817745812237263,0.29025715589523315,0.26752551848238165,0.24362201657560137,0.24071128027779715,0.24427062086760998,0.25523699447512627,0.24779177308082581,0.22964858263731003,0.22002300620079041,0.24741211533546448,0.26886168122291565,0.26801992952823639,0.25205453236897785,0.223696269094944,0.18492899090051651,0.14618185162544251,0.10845525562763214,0.078103512525558472,0.056348394602537155,0.009664891054853797,-0.025571987964212894,-0.043976131826639175,-0.061876554042100906,-0.0567921157926321,-0.058725163340568542,-0.051041662693023682,-0.075704745948314667,-0.059071294963359833,-0.02091996930539608,0.0,0.046203210949897766,0.11228378489613533,0.19708777964115143,0.2943289577960968,0.0,0.3556254506111145,0.39495579898357391,0.41658887267112732,0.41932374238967896,0.41069626808166504,0.40069741010665894,0.0
0.33004718087613583,0.31796135621912341,0.30088127472183923,0.27746188888947171,0.26435291767120361,0.266079713900884,0.26465883354345959,0.25028776625792187,0.24029137194156647,0.24365872144699097,0.27583186825116474,0.29103288054466248,0.28218330442905426,0.2692888081073761,0.2413172572851181,0.19150947779417038,0.15795749425888062,0.12884542842706045,0.099939301609992981,0.050038037200768791,0.009037163108587265,-0.035233544185757637,-0.054542453959584236,-0.060174256563186646,-0.056455980986356735,-0.058309771120548248,-0.06589050404727459,-0.0695963203907013,-0.067162036895751953,-0.034911423921585083,0.01043023238889873,0.0,0.10182170197367668,0.17566747963428497,0.24252037703990936,0.31781488656997681,0.0,0.34156757593154907,0.38437551259994507,0.39074742794036865,0.41169029474258423,0.39407460391521454,0.38791865110397339
0.35251481831073761,0.34225697026533242,0.33490994785513195,0.31385306065732782,0.29909064514296396,0.285365743296487,0.26780543476343155,0.25355679169297218,0.25378084679444629,0.268908254802227,0.29931443929672241,0.30050396919250488,0.28348061442375183,0.26441074907779694,0.22661556303501129,0.18681043386459351,0.15595141798257828,0.12860070168972015,0.099319260567426682,0.040498130023479462,-0.0062252914067357779,0.0,-0.056307783350348473,-0.057903647422790527,-0.056460089981555939,-0.062438920140266418,-0.08400387316942215,-0.07309306412935257,-0.061654822900891304,-0.045842766761779785,-0.00859565194696188,0.039238999597728252,0.0,0.146685179322958,0.20808222889900208,0.25736516714096069,0.3159349262714386,0.0,0.35649131238460541,0.38948428630828857,0.0,0.38913461565971375,0.37545737624168396
0.36527639802764444,0.35741258226335049,0.35167399235069752,0.32509991985100967,0.3060462661087513,0.2846938797405788,0.26127987674304415,0.25359216829140979,0.26700595021247864,0.29181016484896344,0.31415399163961411,0.30436331033706665,0.27579900622367859,0.24921383708715439,0.2144077941775322,0.18361652890841165,0.14378304034471512,0.11765566095709801,0.083118300884962082,0.038940776139497757,-0.01849529379978776,-0.04414798691868782,-0.044025406241416931,-0.057058889418840408,-0.058178586885333061,-0.064406167715787888,-0.087467320263385773,-0.090514861047267914,-0.068970661610364914,-0.035680748522281647,-0.031519096344709396,0.020170794799923897,0.092403538525104523,0.13526897132396698,0.0,0.20191289484500885,0.27184255421161652,0.32194694876670837,0.0,0.35829082131385803,0.37088194489479065,0.36636814475059509,0.362942636013031
0.37594728022813795,0.36051895022392272,0.32595210149884224,0.29128960967063905,0.27375672633449238,0.2621275782585144,0.25076068299157278,0.25376109778881073,0.27260856628417968,0.30046888440847397,0.310343861579895,0.29625354210535687,0.26505488157272339,0.23080237954854965,0.19598344713449478,0.17424778640270233,0.1314946711063385,0.10746217146515846,0.071762751787900925,0.026899216696619987,-0.002605207497254014,-0.027805768884718418,-0.028616074472665787,-0.047949075698852539,-0.048725392669439316,-0.08615383505821228,-0.084985420107841492,-0.10304448753595352,-0.087942324578762054,-0.060360908508300781,-0.0067700729705393314,0.026528887217864394,0.063766144216060638,0.12375164031982422,0.17305971682071686,0.0,0.23924030363559723,0.29879011213779449,0.33413276076316833,0.35792896151542664,0.35454609990119934,0.36136811971664429,0.0
0.3569452166557312,0.32182176332724721,0.2529269073690687,0.22753220583711351,0.22500930353999138,0.23717630240652296,0.242677284611596,0.25627752393484116,0.27560401956240338,0.2877621054649353,0.29653535286585492,0.27854323387145996,0.25080463290214539,0.2128763347864151,0.17707699537277222,0.16847643256187439,0.1377035491168499,0.10891089091698329,0.062764162197709084,0.025241823866963387,0.016687899827957153,-0.00078472145833075047,-0.018949324265122414,-0.032583954744040966,-0.061988882720470428,-0.085261136293411255,-0.0931987538933754,-0.091562330722808838,0.0,-0.075229242444038391,-0.034197796136140823,0.035900220274925232,0.049219965003430843,0.083928465843200684,0.15122447907924652,0.23511968553066254,0.0,0.28588923811912537,0.331722229719162,0.33523815870285034,0.34822246432304382,0.35569044947624207,0.342918336391449
0.28674350040299551,0.23444904386997223,0.1831355094909668,0.18843803341899598,0.21017986370457542,0.22338382601737977,0.2364762524763743,0.25249495357275009,0.2666320726275444,0.26185276110967,0.27013300855954486,0.25285981595516205,0.22746846824884415,0.18821054697036743,0.15567325800657272,0.1380109041929245,0.12424405664205551,0.097621392458677292,0.075076622888445854,0.044644025464852653,0.037184268236160278,0.025606616400182247,0.0042328201234340668,-0.041055232286453247,-0.061260074377059937,-0.085592623800039291,-0.10637421905994415,-0.091803610324859619,-0.073435336351394653,-0.024862386286258698,-0.03428342193365097,0.012352700345218182,0.05544687807559967,0.13376626372337341,0.13757346570491791,0.21689431369304657,0.27786716818809509,0.0,0.31146019697189331,0.0,0.32595193386077881,0.32166838645935059,0.0
0.2294508034692091,0.22451394182794235,0.19847358365853626,0.20933504402637482,0.22318336367607117,0.20850543975830077,0.212778739631176,0.2311437726020813,0.23297011107206345,0.22844884544610977,0.23145122453570366,0.21490021546681723,0.19561780989170075,0.15776986628770828,0.14445768296718597,0.11109526827931404,0.1024312861263752,0.0733497366309166,0.084168113768100739,0.060875337570905685,0.053091792389750481,0.02709124144166708,8.0974881711881608E-05,-0.021882056258618832,-0.055694404989480972,-0.072397977113723755,-0.073736213147640228,-0.077424410730600357,-0.072970956563949585,-0.022140566259622574,0.034347500652074814,0.0,0.048871578648686409,0.11111920326948166,0.0,0.19981971383094788,0.26750549674034119,0.27701523900032043,0.29738864302635193,0.28566372394561768,0.29428505897521973,0.0,0.29130961000919342
0.26998191997408866,0.27373665291815996,0.25155386235564947,0.23819038172562917,0.21543416049745348,0.18519475393825108,0.18544300893942514,0.20545405447483062,0.19214676693081856,0.18562144537766775,0.17486616969108582,0.16261249780654907,0.15526799857616425,0.12520217895507813,0.1111883632838726,0.07565036416053772,0.090796634554862976,0.088263820856809616,0.079709418118000031,0.072714809328317642,0.060637844726443291,0.0314920749515295,-0.0018726499984040856,-0.030565886758267879,0.0,-0.042503312230110168,-0.059918586164712906,-0.040369082242250443,-0.037398796528577805,-0.025783851742744446,0.026347218081355095,0.05251331627368927,0.0,0.10277392715215683,0.19527474790811539,0.0,0.25191938877105713,0.26834830641746521,0.28159844875335693,0.27182850241661072,0.27342319488525391,0.26910558342933655,0.28171509504318237
0.28970484670839813,0.2944748282432556,0.27580756694078445,0.23781188176228449,0.19983731334408125,0.16469690389931202,0.15664139986038209,0.15977404117584229,0.14898818979660669,0.13984639942646027,0.11888650556405385,0.10364430770277977,0.11141560226678848,0.082427851855754852,0.078655000776052475,0.070584433153271675,0.070645604282617569,0.085484497249126434,0.10088836774230003,0.1025145910680294,0.067594816908240318,0.043828319758176804,0.016701947432011366,-0.00098112341947853565,-0.027054622769355774,0.0,-0.028215504251420498,-0.036013077944517136,-0.03297710046172142,0.012326442636549473,-0.0043145604431629181,0.034386438317596912,0.091650150716304779,0.087449356913566589,0.17646303772926331,0.26141354441642761,0.0,0.2826022207736969,0.0,0.28425168991088867,0.29028534889221191,0.0,0.2916642427444458
0.29514067173004149,0.31091009343371673,0.29550326532787746,0.25043128530184428,0.19035013020038605,0.1452631801366806,0.13327124076230185,0.11104285965363185,0.10492840533455212,0.095498750607172653,0.08115287683904171,0.048312097787857056,0.065468450387318924,0.04227718710899353,0.043693840503692627,0.050728427246212959,0.070352040231227875,0.09592457115650177,0.12468567490577698,0.10211725905537605,0.066700473427772522,0.040633384138345718,0.028839375823736191,0.0116444556042552,0.00739839393645525,0.0061999051831662655,-0.017339429352432489,0.0,-0.022523848805576563,-0.012777759693562985,0.0,0.044376567006111145,0.10917495936155319,0.16667462885379791,0.16456602513790131,0.237709678709507,0.28544187545776367,0.28728458285331726,0.28130736947059631,0.0,0.27836757898330688,0.27500337362289429,0.279414564371109
0.36481310725212096,0.35224086046218872,0.3202279543175417,0.23854822796933792,0.16535227426460811,0.11962780966000124,0.10060843080282211,0.090956278145313263,0.078052943572402,0.063553474843502045,0.037319338570038475,0.0085283368825912476,0.023318173519025247,0.0148678426630795,0.021239564754068851,0.0424851281568408,0.085313163697719574,0.1134117878973484,0.12051887810230255,0.0,0.075424820184707642,0.0453723706305027,0.040720943361520767,0.031376384198665619,0.024988112971186638,0.013728744350373745,0.0098886797204613686,0.0020752076525241137,0.0,0.022273512557148933,0.060638885945081711,0.0,0.12483900412917137,0.17122930288314819,0.0,0.24415738880634308,0.0,0.2800481915473938,0.28385525941848755,0.27511340379714966,0.2929597795009613,0.26423382759094238,0.0
0.39454296089354013,0.37088064761722789,0.31840193446944742,0.21702558240469763,0.14686884151564705,0.10734115608713844,0.087162327435281545,0.074293037876486778,0.061211900785565376,0.044560302048921585,0.011339376990993818,-0.023420486599206924,-0.02106383687350899,-0.00062441965565085411,0.021648362744599581,0.036183573305606842,0.075263313949108124,0.10806878656148911,0.10564950853586197,0.080146536231040955,0.056339725852012634,0.065985091030597687,0.051798820495605469,0.038151919841766357,0.013004596345126629,0.0068963160738348961,-0.014690540730953217,-0.0015363777056336403,0.028620468452572823,0.012795899994671345,0.073601424694061279,0.13336333632469177,0.0,0.15602605044841766,0.23399356007575989,0.0,0.28216907382011414,0.0,0.28953301906585693,0.0,0.27594006061553955,0.2474835216999054,0.1861676424741745
0.36313953697681428,0.3483783960342407,0.31954888440668583,0.24524592821087157,0.16566352865525655,0.12019374018365686,0.10810558199882507,0.090399719774723053,0.07310400841136773,0.046313263475894928,0.012391604192089289,-0.029196025803685188,-0.027250122899810474,0.0076706847175955772,0.0084208387415856123,0.0084341776091605425,0.041359992697834969,0.058892151340842247,0.067567899823188782,0.061244707554578781,0.057714805006980896,0.059076603502035141,0.0,0.0183824822306633,-0.025965163484215736,-0.02929321676492691,0.0082899723201990128,-0.012780257500708103,0.014690188225358725,0.05738261342048645,0.052921824157238007,0.11078571900725365,0.14996197819709778,0.16181571781635284,0.22631730139255524,0.25346039980649948,0.0,0.28467133641242981,0.0,0.26968041062355042,0.24429655075073242,0.0,0.0
