SouthSea_Web/demo/jsonfile/2017-12-14-09.json
{"header": {"parameterUnit":"m.s-1","parameterNumber":3,"dx":0.1,"dy":0.1,"parameterNumberName":"Northward current","la1":29.0,"la2":12.0,"parameterCategory":2,"lo2":131.0,"nx":250,"ny":171,"refTime":"2017-12-14T09:00:00","lo1":106.0}, "data":
[rows 114 to 132 of 171, columns 86 to 128 of 250]
-0.01467721777347227,0.021585443678001564,0.059099502861499786,0.077681213617324829,0.083234310150146484,0.079534118374188736,0.068714940920472145,0.05283051853378614,0.037751674652099609,0.023704113438725471,0.049500226974487305,0.0483256708830595,0.093923099339008331,0.0838228240609169,0.095998935401439667,0.10549205914139748,0.0,0.16988198955853781,0.18842317163944244,0.19481097906827927,0.17778646945953369,0.13454998657107353,0.0,0.075010783970355988,0.053384225815534592,0.0032698409631848335,-0.030500906053930521,-0.077993154525756836,0.0,-0.12858583033084869,-0.13555790483951569,0.0,-0.11060707271099091,-0.093582089990377426,-0.0662645623087883,-0.03630088921636343,-0.04385681077837944,-0.0029648956842720509,0.062532210722565651,0.080486763268709183,0.0818251445889473,0.086742721498012543,0.082776330411434174
-0.012140481655175487,0.019661155994981527,0.052028413861989975,0.062828280963003635,0.062461243569850923,0.054732712358236311,0.046931573500235878,0.041835543513298032,0.029494193568825721,0.014159377353886763,0.013285093009471893,0.028477484825998545,0.043973498046398163,0.055784616619348526,0.072644822299480438,0.092797540128231049,0.12315916642546654,0.16629400849342346,0.18419622629880905,0.19336403906345367,0.1981767863035202,0.17762574553489685,0.15583476424217224,0.14135926961898804,0.0,0.0755712240934372,0.0,-0.015795911895111203,-0.058889646083116531,-0.078215591609478,-0.094510588794946671,-0.1063869446516037,-0.097188040614128113,0.0,-0.070826128125190735,-0.073813468217849731,0.0059160087257623672,0.0047555430792272091,0.0560766588896513,0.077962890267372131,0.0,0.0948701798915863,0.093279212713241577
0.00290527679802229,0.042572582885622975,0.054165139049291613,0.050042507052421567,0.063468838110566139,0.06692809984087944,0.063712738454341888,0.051771462894976139,0.037242582067847252,0.018257880816236138,0.0038767591831856407,-0.0009478619322180748,0.013750812970101833,0.030765452887862921,0.0582231841981411,0.094105236232280731,0.11437554284930229,0.14240005612373352,0.15382108837366104,0.19063618779182434,0.0,0.21295706927776337,0.20904654264450073,0.17611663788557053,0.14883366227149963,0.0,0.075735881924629211,0.041965480893850327,-0.0026678922586143017,-0.029747670516371727,-0.060987547039985657,-0.088484801352024078,-0.11453279852867127,-0.095388941466808319,-0.10084815323352814,-0.065859701484441757,-0.029584458330646157,0.0065778680145740509,0.035986002534627914,0.087815370410680771,0.092549193650484085,0.09868265688419342,0.09403558075428009
0.0081013122883935775,0.043391766026616096,0.049646887928247452,0.036066638305783272,0.049341519922018053,0.077283528447151181,0.080958500504493713,0.073586750775575638,0.042741280669967331,0.017809353303164244,0.0016453884541988372,-0.014723512654503187,-0.011047925489644209,0.012605603784322739,0.053081078454852104,0.073800630867481232,0.060626780614256859,0.099076423794031143,0.1238471120595932,0.17657996714115143,0.20904719829559326,0.22774583846330643,0.23551179468631744,0.20767804980278015,0.18773917853832245,0.1656673401594162,0.13667535036802292,0.0,0.065868785604834557,0.012896928936243057,-0.021847587078809738,-0.078789710998535156,0.0,-0.10756209865212441,0.0,-0.0595942847430706,-0.027336495229974389,0.0012740175006911159,0.060807408764958382,0.054183855652809143,0.083691433072090149,0.0,0.10560928285121918
-0.0015316184144467115,0.024470936041325331,0.035537666330734886,0.027048846706748009,0.030991711188107729,0.063889402275284127,0.095535781234502792,0.098859481513500214,0.066866246052086353,0.033035589382052422,0.01067305137985386,-0.016941279172897339,-0.026892536319792271,-0.012910459045087919,0.011159050278365612,0.03706074133515358,0.0,0.043083162978291512,0.10311111062765122,0.14552678167819977,0.1770060732960701,0.20456775277853012,0.2291303277015686,0.23459167778491974,0.23851472139358521,0.19481094181537628,0.18263949453830719,0.12678367272019386,0.0,0.075460173189640045,0.012978130951523781,-0.032921124249696732,-0.097582750022411346,-0.076850432902574539,-0.087018884718418121,-0.074891645461320877,-0.033265799283981323,0.0264650690369308,0.026605008170008659,0.033230509608983994,0.044052250683307648,0.085497070103883743,0.15946512669324875
-0.013154327170923352,-0.0099666201664755736,0.0079762688837945461,0.0078939042054116722,0.008756786390828589,0.051487777382135391,0.11079307024677594,0.12925045192241669,0.10367642045021057,0.070338924415409565,0.034870106354355813,-0.014398917788639665,-0.029988686864574749,-0.030840056017041206,-0.010425986598420423,-0.0020752057898789644,0.013835493475198746,-0.01532132551074028,0.030684377066791058,0.087811104953289032,0.10899681970477104,0.1265779584646225,0.21964229643344879,0.23790958523750305,0.0,0.22210202366113663,0.18882007896900177,0.17081210017204285,0.11074160039424896,0.11697192490100861,0.025656946003437042,0.0037306998856365681,-0.039622392505407333,0.0,-0.057769838720560074,-0.0617530420422554,-0.018782664090394974,0.0038266193587332964,0.012923120521008968,0.0022384730400517583,0.0,0.12500324845314026,0.17265585064888
-0.016881162184290588,-0.05488513084128499,-0.06103636914243301,-0.062766412893931076,-0.03704365410764391,0.022210972150787711,0.064768583327531812,0.10867035090923309,0.11194749735295773,0.096633033826947212,0.045778733864426616,0.0042588951376577215,-0.025768774561583996,-0.035718142986297607,-0.030967719852924347,-0.031920040957629681,-0.032219298183918,-0.025287450756877661,-0.035218242555856705,0.011037352494895458,0.0,0.15420247614383698,0.17340733855962753,0.21166817843914032,0.23348948359489441,0.0,0.21568888425827026,0.19211602210998535,0.14765316247940064,0.068904846906661987,0.068028911948204041,0.043802343308925629,0.01813201978802681,-0.024759987369179726,-0.0407782606780529,-0.060203365981578827,-0.010754508897662163,-0.013880559941753745,-0.007456547231413424,0.036922439932823181,0.050633411854505539,0.12885834276676178,0.13547787070274353
-0.015528741938396706,-0.071028817445039749,-0.10206895428044456,-0.095110440892832618,-0.063387240682329454,-0.024404243470468958,0.026442223461344838,0.063677937537431714,0.083173954486846918,0.073266130872070789,0.048490234650671482,0.0049143088981509209,-0.021812058053910732,-0.0294979028403759,-0.051026837900280952,-0.053650815039873123,-0.057482071220874786,-0.053122848272323608,-0.062408775091171265,-0.049474693834781647,0.027170377783477306,0.072356216609478,0.094186857342720032,0.20169378817081451,0.20651015639305115,0.22871853411197662,0.20158970355987549,0.18321660161018372,0.15180609375238419,0.096225053071975708,0.0,0.066844182088971138,0.0,0.026768118143081665,-0.0061809779144823551,-0.0350588783621788,-0.031323294155299664,0.003019469790160656,0.012740210629999638,0.040119405835866928,0.078528881072998047,0.10734127089381218,0.10724823176860809
-0.047718475262324013,-0.076505950341622039,-0.097816979512572289,-0.073111296320954963,-0.049793279419342674,-0.028969479724764824,0.0032253176517163715,0.027202164754271507,0.042242253199219704,0.034040477871894834,0.016738215344958007,-0.0071890427110095816,-0.019583885247508686,-0.04161418229341507,-0.058457762002944946,-0.077523007988929749,-0.081552635878324509,-0.074089489877223969,-0.083010077476501465,-0.057609483599662781,-0.027285663411021233,0.037670474499464035,0.12851089239120483,0.14007055014371872,0.18825130164623261,0.18776541948318481,0.0,0.1842116117477417,0.13390111923217773,0.11261274665594101,0.093510046601295471,0.076491869986057281,0.049577364698052406,0.0,0.0054514026269316673,-0.02311786450445652,0.0,0.005417779553681612,0.015200163703411818,0.055528705939650536,0.096786923706531525,0.10443262010812759,0.11604855457941692
-0.034679212421178815,-0.0695839375257492,-0.10906282812356949,-0.10826170231614794,-0.08748953603208065,-0.049056134319731166,-0.0098117287270724773,0.0041249589994549751,-0.0012153796851634979,-0.0066708042286336422,-0.010107221140060574,-0.026442917063832283,-0.038665849715471268,-0.057551024481654167,-0.071163944900035858,-0.083173297345638275,-0.091810006648302078,-0.10335499793291092,-0.084467701613903046,-0.091997399926185608,-0.023469284176826477,0.0,0.0731697827577591,0.0,0.13972803205251694,0.12402811646461487,0.16527546942234039,0.0,0.14197966456413269,0.0,0.093108616769313812,0.067742090672254562,0.0,0.030942276120185852,0.0,-0.0064391311025246978,-0.027083102613687515,-0.012065056245774031,0.0066206445917487144,0.043096330016851425,0.080805990844964981,0.11579519510269165,0.12517836689949036
0.0010605721035972238,-0.036072961943732065,-0.077406082302331924,-0.12425747017065685,-0.11925335321575403,-0.060124980285763741,-0.0056960055371746421,0.0021219704067334533,-0.004585654630015294,-0.026387551799416542,-0.037996064871549606,-0.044475758448243141,-0.054924037307500839,-0.065908942371606827,-0.084107875823974609,-0.088846892118453979,-0.096011761575937271,-0.084384836256504059,-0.092031195759773254,-0.072557732462883,-0.059024695307016373,0.0048724254593253136,0.0,0.087418951094150543,0.083868071436882019,0.12609767913818359,0.0,0.12994593009352684,0.1284157782793045,0.0,0.094919051975011826,0.0693492516875267,0.050301741808652878,0.044222023338079453,0.012833831831812859,0.0019104895181953907,-0.0080671762116253376,0.0016905623488128185,0.020572090521454811,0.036553069017827511,0.0,0.12167029082775116,0.14333736896514893
0.080886961147189143,0.027849719560305988,-0.034068924281746148,-0.085672348427275821,-0.10793593153357506,-0.067510684153863368,0.00071548458654433487,0.01947591903929909,-0.0023483131856968007,-0.02299013299246629,-0.038958657532930374,-0.053559327498078346,-0.057485530152916908,0.0,-0.070748306810855865,-0.08520682156085968,-0.077653590589761734,0.0,-0.07814372330904007,0.0,-0.058377023786306381,-0.02847588062286377,0.033074663020670414,0.0,0.080187320709228516,0.073308423161506653,0.0,0.12300042808055878,0.09819357842206955,0.11786593496799469,0.0919434130191803,0.0,0.055816803127527237,0.033327281475067139,0.012592259794473648,0.0,0.00907820276916027,0.0093452185392379761,0.0,0.045933660119771957,0.058761782944202423,0.099589917808771133,0.1248869001865387
0.20352837344010671,0.12370631545782089,0.026694213971495628,-0.0484873281361965,-0.044473856651725679,0.0183517347710828,0.0643042182283742,0.045991601732869945,0.00047296743529538315,-0.023482757465293009,-0.042853204533457756,0.0,-0.045227609574794769,-0.053342275321483612,-0.064024463295936584,0.0,-0.05945318192243576,-0.0744231790304184,0.0,-0.076526850461959839,0.0,-0.03350415825843811,-0.001312498701736331,0.040365781635046005,0.020831422880291939,0.0,0.075781881809234619,0.065481849014759064,0.0,0.10573313385248184,0.084145482629537582,0.075812101364135742,0.0,0.0,0.031564063392579556,0.0066994205117225647,0.0062758931890130043,0.017286067828536034,0.029371197335422039,0.054182680323719978,0.075698226690292358,0.09786321471134822,0.12280209362506867
0.3165824423943247,0.11958217780504908,0.025658976232322554,0.029189071127413108,0.0663711584306189,0.13513363928844532,0.15141599687437216,0.088388481487830475,0.00036852317862212658,-0.016344409435987473,-0.033648976124823093,-0.036221746355295181,-0.03696843609213829,0.0,-0.023443999234586954,-0.03469352051615715,-0.050938058644533157,-0.079788953065872192,-0.069697119295597076,-0.088736224919557571,-0.073119059205055237,0.0,-0.01986398734152317,-0.0075009581632912159,0.0,0.023917730897665024,0.0,0.0766892060637474,0.053242776542901993,0.0,0.073479026556015015,0.0,0.0646825060248375,0.060683097690343857,0.052301947027444839,0.034692239016294479,0.019868040457367897,0.0,0.040740977972745895,0.045336570590734482,0.077918447554111481,0.093340210616588593,0.10342926283677419
0.11980256151694518,0.075539813591883734,0.03124904231767037,0.16616458129802986,0.37989572329180582,0.34004685481389363,0.22080262818119742,0.086611244827508926,-0.0026542337145656347,-0.0344125060364604,-0.0357348183169961,-0.02816450223326683,-0.019838916137814522,-0.0086611809674650431,0.0,-0.01003579399548471,0.0,-0.036398465745151043,0.0,-0.085798680782318115,0.0,-0.07990582287311554,-0.068685963749885559,0.0,-0.044151447713375092,-0.013476510066539049,0.0,0.0065501788631081581,0.0,0.050532963126897812,0.024071488529443741,0.0,0.048690680414438248,0.0,0.045465555042028427,0.0,0.037430707365274429,0.026248931884765625,0.028908024542033672,0.0475070308893919,0.071189653128385544,0.089569415897130966,0.09695863351225853
0.095497024173919975,0.017326720291748643,-0.0024782106316146944,0.30034629255533218,0.43721054494380951,0.33172253568967186,0.24504827128516304,0.12094966694712639,0.012605625049521526,-0.036063193033138909,-0.047346878796815872,-0.052411621436476707,-0.039931397885084152,-0.017716637346893549,0.0055587771348655224,0.0,-0.00824520643800497,0.0,-0.04606965184211731,-0.055959772318601608,-0.088506914675235748,0.0,-0.064842544496059418,-0.0656421110033989,0.0,-0.070480629801750183,0.0,-0.010203770361840725,-0.023353224620223045,0.0,0.0,0.027376260608434677,0.018807483837008476,0.0,0.037891965359449387,0.044025890529155731,0.0,0.021851211786270142,0.035324808210134506,0.0437711738049984,0.058975998312234879,0.077711599568525955,0.0880601555109024
0.087413587075259008,-0.062503839460467656,-0.033878678339533508,0.48542826871077221,0.4338676700225243,0.28724626402060188,0.20532384680377114,0.1227202832698822,0.051939108098546662,-0.019750011502765119,-0.057720070704817772,-0.072399694472551346,-0.071404464542865753,-0.059068825095891953,-0.046250371262431145,0.0,-0.033380161970853806,-0.035920854657888412,0.0,-0.05712432786822319,-0.073998868465423584,-0.0798359215259552,0.0,0.0,-0.073531165719032288,-0.072288304567337036,-0.065220549702644348,0.0,0.0,-0.025516988709568977,-0.048640735447406769,0.0,0.0,0.0066170264035463333,-0.00040499074384570122,-0.0098911412060260773,0.027983053587377071,0.0047788862138986588,0.01976434513926506,0.038880534470081329,0.052441431209445,0.056907758116722107,0.080364083250363663
0.1007792653515935,-0.0588889980489122,0.3892892828444019,0.62806566403462338,0.4627237742145856,0.3236519992351532,0.2272133320569992,0.13212258368730545,0.051824396476149559,-0.0097589754441287369,-0.054410688579082489,-0.081047959625720978,-0.081960588693618774,0.0,-0.076095350086689,-0.034853335469961166,-0.046400010585784912,-0.054066196084022522,-0.050153627991676331,0.0,-0.058932315558195114,0.0,-0.063165366649627686,-0.071458078920841217,0.0,-0.10033673048019409,0.0,-0.09386129304766655,0.0,-0.090012520551681519,-0.08706095814704895,-0.073101378977298737,-0.052292622625827789,-0.063294686377048492,-0.034912705887109041,0.0,-0.0051831523887813091,-0.00832832371816039,0.00453701289370656,0.034018412232398987,0.050000067800283432,0.048117775470018387,0.07211688905954361
-0.0087363130102554951,0.1140518226971229,0.561824402638844,0.512596057011531,0.40277234216531116,0.30239891509215039,0.21355455741286278,0.13371318578720093,0.056037997826933861,0.0,-0.045676834881305695,-0.078227058053016663,-0.094370152801275253,-0.089054867625236511,0.0,-0.05388868972659111,-0.055020805448293686,0.0,-0.02747635543346405,0.0,-0.049432922154664993,-0.060045491904020309,0.0,-0.075617924332618713,0.0,-0.072369575500488281,0.0,0.0,-0.10470975190401077,-0.10756746679544449,0.0,0.0,-0.10777131468057632,-0.10769997537136078,-0.081808723509311676,-0.075229831039905548,-0.050923705101013184,-0.040667932480573654,0.0015217533800750971,0.020859110169112682,0.029161815531551838,0.026842075710495312,0.059125969186425209
