SouthSea_Web/demo/jsonfile/2017-12-14-08.json
{"header": {"parameterUnit":"m.s-1","parameterNumber":3,"dx":0.1,"dy":0.1,"parameterNumberName":"Northward current","la1":29.0,"la2":12.0,"parameterCategory":2,"lo2":131.0,"nx":250,"ny":171,"refTime":"2017-12-14T07:58:07.5","lo1":106.0}, "data":
[rows 57 to 75 of 171, columns 129 to 171 of 250]
-0.086755888802664619,-0.0969301726467706,-0.1668575311961927,-0.15444922861125734,-0.1111395573308174,-0.1338465549517423,0.25790501296506735,0.0061358411572515394,0.10246574959795302,0.25132366038601972,0.37726713816324869,0.11736929102073518,0.0903472528283099,0.0,0.0,0.0,0.0,0.0,0.0,0.0,0.0,0.0,0.0,0.0,0.0,-0.003984110981777862,0.84887633806609208,1.1229655868570569,0.90234900102382753,0.79289802043668689,0.8031566093365351,0.88961771556309288,0.95313420421198791,0.89909148547384476,0.78061668787683758,0.63766727728002215,0.48181343291487011,0.33620539121329784,0.27757161259651186,0.24470751285552977,0.18270083623273031,0.11488914489746094,0.078242100775241852
0.01739250827471123,-0.0454677223838312,-0.13025662620716236,-0.21297488059546496,-0.18319554839815413,0.13203403252131765,0.04664726568315225,0.07716846362454817,0.15848190373028903,0.29214473271911795,0.36152819453216178,0.17299074448268623,0.29100357452934644,0.0,0.0,0.0,0.0,0.0,0.0,0.0,0.0,0.0,0.0,0.0,0.0,0.14782368169969176,1.0463612842450447,0.99962263382398164,0.80732263156345907,0.79904243018892074,0.86704888032830285,0.96913230121135707,0.973470036472593,0.861824557185173,0.74256559680489931,0.629536360502243,0.48504294753074645,0.3529446583527785,0.27643974037731395,0.23305103431145349,0.19449299459274,0.133790522813797,0.0861961655318737
0.25694051128009271,0.067840911913663149,-0.06366165357055785,-0.20899886149784613,-0.27739791296146532,-0.11301699886098504,-0.12258331799371676,0.048724547620319449,0.2310071111871646,0.33914881785001072,0.38611415790957077,0.35795090015695874,0.31591705481211346,0.0,0.0,0.0,0.0,0.0,0.0,0.0,0.0,0.0,0.0,0.0,-0.12902849912643433,0.63469465158575789,1.0621170730967271,0.82272915442784622,0.725272173390669,0.78176640547238863,0.9051574143496427,1.0034438848495484,0.9705824732780457,0.837250296274821,0.71309149723786569,0.60800918510981972,0.48386124707758427,0.37214741340050328,0.27954134345054626,0.22877320740371943,0.19493712591273443,0.14208315126597881,0.084497845669587457
0.29107609715150751,0.051524024808757188,-0.12391320060938597,-0.32615203484892846,-0.33264324304304627,-0.2142833030472199,-0.036642630933783948,0.10350430069061425,0.29275943727596948,0.29423733331539015,0.32266173072350329,0.218023512469626,0.049719086652219614,0.077605057818194226,0.0,0.0,0.0,0.0,0.0,0.0,0.0,0.0,0.0,0.0,0.58385560834413452,0.94053171482761344,0.894422052270275,0.67731191813945768,0.68732159265450066,0.77818611595365739,0.929652346217114,1.0184163942056543,0.95354725519816086,0.80869223062808693,0.68180646346165585,0.57423498080326962,0.45009150888238636,0.35985273619492847,0.2715721565943498,0.21839390794436137,0.18042880755204421,0.14431240707635878,0.063755546031253676
0.026058552838448022,-0.08569453481365652,-0.26895327552368764,-0.33491694740951061,-0.28758068662136793,-0.14099709514309378,0.042130475949594064,0.088305540050246892,0.20391423432599931,0.30340719830106805,0.34105342084711249,0.28485025527576607,0.10052532639106035,0.12603492799269803,0.0,0.0,0.0,0.0,0.0,0.0,0.0,0.0,0.0,0.22955400160572026,0.78449159969162463,0.91634103125088839,0.70400707941988239,0.54871213275033071,0.68618958967703358,0.75936889877686131,0.92118233442306519,1.005585755620684,0.95344588756561277,0.78693802356719966,0.669309492622103,0.56490128437678022,0.44296341708728243,0.35281723365187645,0.28412353992462158,0.22617263559784209,0.18063527574905983,0.13280997822682064,0.050332097868834226
-0.10842554670359407,-0.26341624386035478,-0.33572740604480106,-0.31619364236082348,-0.26048096801553455,-0.16238930262625217,-0.07654679719255203,0.098008658461780709,0.29046119451522828,0.31619177434755408,0.32922042799847467,0.40603877322093862,0.31823322504307283,0.17932008842712846,0.0,0.0,0.0,0.0,0.0,0.0,0.0,0.0,0.0,0.45733575591355818,0.92488248331446044,0.76555865480188734,0.40701045508080341,0.56249074892299933,0.66564057334776849,0.72478669136762619,0.88867943666198035,0.95961736142635345,0.9170777877171834,0.77704440355300908,0.66600779124668663,0.561143017240933,0.42338803112506868,0.33443179726600647,0.27724282902020675,0.21269470353921255,0.15862762089818716,0.13759856621424357,0.078632816672325134
-0.21073767211702135,-0.26611214751998585,-0.27643296664411371,-0.27941256626085803,-0.24426193216017314,-0.19195584339254043,0.0094237647426780313,0.11553147847631148,0.12352314591407776,0.15493125112160391,0.23625242144897066,0.31168109266196981,0.37004636108875277,0.15432662913203241,0.033002215294310681,0.0,0.0,0.0,0.0,0.0,0.0,-0.011640114295813773,0.46085063368082047,0.7684302650579885,0.79451976689425385,0.65833709461073719,0.264486927699683,0.66601469706405292,0.6272087674587965,0.70851045846939087,0.85200416190283634,0.92429876724878945,0.87353803217411041,0.73252268234888718,0.62146474764897275,0.52496580206430876,0.40571005543073019,0.32260047396024066,0.2635355197957584,0.19194006494113378,0.146315621478217,0.14196563741335502,0.086148370305697122
-0.13669228057066599,-0.14990328997373581,-0.19702189601957798,-0.24203454635360025,-0.29380191518710208,-0.16903068182560113,-0.10738571298619111,-0.036272564902901649,0.079786802258561634,0.13820706152667603,0.20749897647787025,0.21231644215254947,0.24285869797070822,0.14058118111301046,-0.0015573569990951441,0.0,0.0,0.0,0.0,0.0,0.0,-0.0067479790728769183,0.56383275707191394,0.70312091055370507,0.67777814290353233,0.606091172065375,0.48650605678558351,0.61950801312923431,0.57200555965818212,0.70138398896564136,0.831368855454705,0.896678127348423,0.82249907535665179,0.68025703613574684,0.57463401981762474,0.49218607636598438,0.38866391777992249,0.31225636388574329,0.24403905017035349,0.17661479016145071,0.15738779657027302,0.15889505716040731,0.078169928242762879
-0.066062015082154951,-0.1234832141134474,-0.19010794162750244,-0.26054014265537262,-0.21762526035308838,-0.22728090547025204,-0.1753278604398171,-0.015664781690301263,0.075229215125242874,0.11716749552976001,0.140267929305201,0.14088278236212554,0.12430454852680366,0.14715916524499151,-0.0020511982792325604,-0.090156409998444167,0.0,0.0,0.0,0.0,-0.20332159101963043,0.137867919092431,0.65990103483200069,0.703887517334985,0.66556685611053745,0.63226570223653045,0.542440891992755,0.48012147886412482,0.52963411697634943,0.68300351748863852,0.80153948352450421,0.83314722148995646,0.74646539579738269,0.62559192095484051,0.55340402821699775,0.48164203763008118,0.37903075665235519,0.29962830360119158,0.22145017449344909,0.153196195140481,0.16422915546333089,0.16177263004439219,0.0857356686431628
-0.041593804973672377,-0.076485992512769163,-0.1429864482747184,-0.2059910476207733,-0.29477195317546528,-0.30093185718242937,-0.075395716199030474,0.066493628857036427,0.10792876945601569,0.14636986921815312,0.18153973960358164,0.21135485967000325,0.18564998841768987,0.11619674961548299,0.1411336325109005,-0.021886029836215723,-0.00980413838116461,0.053101548067802054,0.0,0.0,-0.1320947722505397,0.42310172753794251,0.6414326094744498,0.68013644085990055,0.67744270116090777,0.63738794326782222,0.4470067699165905,0.34931753178437552,0.53233881243344006,0.670868470118596,0.76556634008884428,0.74762477944878969,0.64351702531178789,0.5513906598091125,0.52821778709238221,0.47049925724665326,0.36748508077401382,0.28190056979656219,0.19707030745653006,0.140806502529553,0.15916540367262705,0.14039870947599412,0.058760314762366761
-0.013883516813317934,-0.0676619588630274,-0.10368579151955518,-0.16374075878411531,-0.23849760591983796,-0.12229477651417256,0.074402836284467158,0.1773142654980932,0.21247814893722533,0.24898961343263326,0.30914990816797527,0.38141691803932187,0.34193912247816721,0.21368125902146709,0.27722268989857507,0.21803432254132277,0.09151524837961364,0.11689321436595333,0.11087989062070847,0.0,-0.065989121598183015,0.5174772672000385,0.65218858742246444,0.64153285515614045,0.65995690577170429,0.6419779227839576,0.29495763621832194,0.2853617686778307,0.6393493115901947,0.73582179784774782,0.7516975581645966,0.68785053491592407,0.53670849005381271,0.46268956019328189,0.4765437602996826,0.433850559592247,0.34371892256396158,0.2946900526682536,0.19849699850265795,0.11812768926223119,0.13527354554218404,0.095084570844968158,0.00031891059604406891
0.044247004669159651,0.00444066985801328,-0.035451115315987006,-0.029296981086107819,0.015650900250131435,0.15044257925315338,0.22832625483473143,0.2913685848315557,0.34569317528179716,0.38563148285213272,0.41953315399587154,0.40620033637337061,0.30035192390968057,0.23512284085154533,0.27212574543817986,0.22190472619100052,0.21388550376755067,0.12757656479684207,0.023722495321837615,0.0,-0.097059866967832753,0.55893350660036767,0.64281583480213,0.58614445516937652,0.57694187378272033,0.62027481765974135,0.24083398601838521,0.3045538433077859,0.70743947259841422,0.7731581261524787,0.754979548000154,0.66641818775850181,0.496745099623998,0.37249239484469093,0.40492671728134155,0.39458227428522979,0.31112983624140422,0.30220593397433942,0.19487782364541834,0.095485371599594748,0.0891559069355329,0.055641699085632962,-0.037456515987287275
0.11597619040144815,0.13290118757221434,0.16927365337808928,0.23339924067258835,0.3242237329483032,0.34851113292906022,0.39574056565761567,0.40808787671002472,0.42717471931661877,0.41244562466939289,0.39323108760934128,0.29745176931222278,0.22835611862440905,0.28052306813853128,0.39109104489668822,0.30019565990992952,0.14944055004447115,0.12018256472341211,-0.072333043757978763,0.0,-0.15841869306938741,0.52881157561524272,0.58052068117053013,0.48296511027871108,0.46391870602965357,0.50614261006315553,0.24520868943742644,0.28762974789581047,0.69429406026999152,0.7386825595583234,0.753055685444882,0.67700979444715714,0.53254704549908638,0.36728249986966449,0.35949038771482617,0.36294092535972594,0.28420273157266468,0.30134699046611785,0.19918596400664404,0.078285878151655192,0.065563535193602238,0.049516721861436963,-0.017620641156099737
0.12121501937508583,0.19265685044229031,0.26806210726499557,0.32027389854192734,0.36674179509282112,0.45281133717960781,0.550116217136383,0.54763484249512351,0.45346939166386924,0.38266673684120178,0.33961559569134431,0.26922834333446288,0.26538864672183993,0.33972955619295436,0.36329054832458496,0.23291705417282441,0.079148951102979481,0.014970364452854388,-0.0857677765799543,-0.10546205658465624,-0.11618787620720431,0.568509840015052,0.52861012642582261,0.40136887978863073,0.40333571604319979,0.39002032645724038,0.31890638861240761,0.37717114443643895,0.605230598914914,0.66168448754719322,0.71941481033960974,0.671363381544749,0.56567685405413315,0.43362157849165112,0.35841660545422482,0.34246779680252076,0.25547083573681967,0.27365084489186603,0.18786534620448947,0.063532898345818892,0.041665479023423463,0.038607006395856541,-0.0087288466041042876
0.088990500196814537,0.17275016382336617,0.23745117230074747,0.28593125194311142,0.38626409694552422,0.49898906879954869,0.56999289989471436,0.52243286100300879,0.4368369487615732,0.36824980576833088,0.29550252854824066,0.28509113192558289,0.32242490351200104,0.33723264414331189,0.27329675046106178,0.16557715027718931,0.076988332649870289,0.0073207339763434395,-0.096016560943882973,0.20416240985613296,0.277881049762219,0.58760484187833728,0.44035944271655308,0.40400228468147487,0.44032804708223083,0.437431551314689,0.5251480333861851,0.50548041217467365,0.529786501175318,0.57192871891535246,0.63631526448509912,0.615131651653963,0.54984240872519352,0.44440082141331266,0.3704828376119787,0.33570342593722874,0.25153094988602859,0.25515680588208711,0.19448573355163848,0.07252919351061185,0.037548667689164476,0.023714912970557205,-0.022806391219741533
0.048067429768187661,0.1032124862074852,0.16609370377328661,0.2709597647190094,0.41868370771408081,0.527810275554657,0.4893333911895752,0.43483789265155792,0.37083108971516293,0.321731659082266,0.29209059874216714,0.30803646333515644,0.3310689214203093,0.32288144860002732,0.25214507430791855,0.22380160512747588,0.15403156317770481,0.03836339892335798,0.033079166566171957,0.38675997925664835,0.60531930863857264,0.42190691322650548,0.423581898976595,0.49728078891833621,0.53578563034534454,0.539425896273719,0.63226399289237123,0.49677454019492528,0.49842113648590286,0.5099908125897249,0.55191755791505182,0.54611943399204932,0.52163726942879818,0.43603534003098804,0.38084037601947784,0.355612439768655,0.29176556567351025,0.26865963981701779,0.21165802143514156,0.092521369238110149,0.043872163466670937,-0.0031056718726176769,-0.046885847921172778
0.0013986200792714953,0.08155343309044838,0.183280491403171,0.30072109401226044,0.40738528668880464,0.42530278033680385,0.37878857254981996,0.32824386060237887,0.29558132724328473,0.273190608391395,0.29064776576482332,0.31577649499688831,0.32356150075793266,0.30716092796886668,0.25455288318070496,0.21197492272957511,0.20342922061681748,0.18333698694522566,0.25506706827995823,0.35165251734890518,0.31039861571498034,0.25797661749476736,0.34218480024072861,0.48276291355010004,0.57581393793225288,0.60787675281365716,0.66125473768814746,0.49604557454586029,0.48961584174886663,0.48214981555938718,0.47209426501522894,0.48521962411263408,0.49082528352737426,0.41522302031517028,0.35290608727014983,0.33073953290780383,0.29275892923275632,0.25827974654161012,0.19210803295884812,0.090425949078053236,0.02167485384335224,-0.039056544875105223,-0.0645602002207722
0.012122875929991197,0.084722244180738926,0.20396683116753897,0.2990651215825762,0.32423626525061472,0.30096092820167542,0.27508965134620667,0.26608656346797943,0.26641726493835449,0.27477358958937903,0.28686743974685669,0.30602986078995925,0.29066149677549091,0.24176205974072218,0.19994507916271687,0.20487211715607417,0.16588108028684342,0.095880722006162,0.032515538597098465,0.023206933520647677,-0.015532787206994241,0.077362906666738646,0.26182223716750741,0.43049951295057931,0.52954726134027752,0.582850927656347,0.56007571704685688,0.38457675034349614,0.42235248846312362,0.4600623160600662,0.42662801345189411,0.43423067846081476,0.42369895822861614,0.34961109956105552,0.29915304825856137,0.27381559213002521,0.25055162608623505,0.19937397977885077,0.14857338544200449,0.065803280721108123,0.009056656194540361,-0.06615492794662714,-0.092018838971853256
0.088540275714227137,0.11051419483763832,0.22269720397889614,0.29642583642687115,0.29138163157871794,0.25203325226902962,0.24050094825880869,0.24084670655429363,0.25721964571211076,0.2862414002418518,0.28180145025253295,0.26918808980421588,0.2649146169424057,0.22203448787331581,0.20372833510239918,0.14531758349192769,0.028211650946600872,-0.0940145502010217,-0.11271738008196865,-0.10998067655600607,-0.059680117618744123,0.089409465853381775,0.33874897401908349,0.4514915871209112,0.43695026732260184,0.47559575976863983,0.42150934460835582,0.29255293495953083,0.35167063929532705,0.43913309971491493,0.41310876722519213,0.41310152908166248,0.36092194213586692,0.29098364009576683,0.26398824850718178,0.24991185466448465,0.22334047187777126,0.17411222352701075,0.14377579312114155,0.057710441469680518,-0.0074679443569038995,-0.09430563236985888,-0.1322406014570823
