SouthSea_Web/demo/jsonfile/2017-12-16-20.json
{"header": {"parameterUnit":"m.s-1","parameterNumber":2,"dx":0.1,"dy":0.1,"parameterNumberName":"Eastward current","la1":29.0,"la2":12.0,"parameterCategory":2,"lo2":131.0,"nx":250,"ny":171,"refTime":"2017-12-16T19:58:07.5","lo1":106.0}, "data":
[rows 19 to 37 of 171, columns 172 to 214 of 250]
-0.3899287462234497,-0.36249533295631409,-0.35386029879252118,-0.30912523716688156,-0.25339973717927933,-0.22822377681732178,-0.20232286155223847,-0.15282454043626786,-0.14638131260871887,-0.10099316388368607,-0.11443302035331726,-0.25638903379440309,-0.38280776143074036,-0.38643357157707214,-0.33485130965709686,-0.31409019728501636,-0.39589899405837059,-0.40714145983968464,-0.313071645796299,-0.33115539699792862,-0.27293426692485812,-0.14489975300702182,-0.068856377982431,-0.087630403651432556,-0.15485617468754451,-0.16111879742571286,-0.058556373364159038,0.026814772854917325,0.13208674391110739,0.15987958415196493,0.11205899600799267,0.06995311741215679,-0.0059209197449187441,0.027417656696903017,0.083812973151604339,0.032323944740570508,-0.056756547519138882,-0.12432129795734699,-0.20696182797352472,-0.30875028769175211,-0.25787649651368461,-0.25980832370427936,-0.307968574265639
-0.43784094452857969,-0.426349937915802,-0.39847145676612855,-0.33711789846420287,-0.27455728820392061,-0.21377009153366089,-0.17545567701260248,-0.15173596143722534,-0.14186352118849754,-0.16049473285675048,-0.096335351467132568,-0.144106949865818,-0.28994382917881012,-0.27068966414247242,-0.28349579232079641,-0.25274703734450871,-0.375511246068137,-0.36324387416243553,-0.37663265764713288,-0.32618871993488735,-0.22386126084761185,-0.16608857984344164,-0.17647581237057844,-0.19222784042358398,-0.13161186714257514,-0.067179912410210818,-0.0094718876228268665,0.0746081994416622,0.12919860067112104,0.09742576425725763,0.046568609308451414,-0.0075291739582705,-0.045929124703009923,0.0085516771456847582,0.009206901852260618,-0.0855383023333091,-0.15515033503373463,-0.22311689761968759,-0.29176796399630034,-0.3995190400343675,-0.38849346836407977,-0.39358896911144259,-0.40307397567308867
-0.44903558492660522,-0.40206296741962433,-0.36597656607627871,-0.31707423329353335,-0.27011575798193616,-0.21802066564559935,-0.18247391283512116,-0.17693203389644624,-0.14960450865328312,-0.21523517966270447,-0.17184461355209352,-0.083445150405168533,-0.095536525671680764,-0.14292580386002859,-0.22186641146739325,-0.25018036551773548,-0.33793548246224719,-0.35118212754076178,-0.365135596557097,-0.28099971761306125,-0.22680902824952051,-0.22605566084384918,-0.24471955136819321,-0.14000998330967768,-0.074959679444630944,0.016447704643584214,0.093677945967231474,0.10246862585727985,0.06523844453373126,0.029484392358706549,0.00092720933413753905,-0.079265091568231583,-0.090862184189833134,-0.032788829192415707,-0.082221684977412224,-0.17595350369811058,-0.23146860186870283,-0.28336920589208603,-0.29656168474600864,-0.42208058996634051,-0.44641893018375745,-0.46431538462638855,-0.46426264196634293
-0.45267289380232495,-0.402748703956604,-0.37281963654926847,-0.36661513894796371,-0.34193954368432361,-0.32500721812248229,-0.28771736025810241,-0.28055389821529386,-0.28101244072119397,-0.35276029109954832,-0.365336075425148,-0.27502412845691043,-0.172883415594697,-0.19734332391193935,-0.26164431599053467,-0.37863343358039858,-0.34375172394972581,-0.36706882944473851,-0.31621810297171277,-0.27128959379412909,-0.27802831278397488,-0.23393927415211996,-0.17596006533131003,-0.082879531880219778,-0.0039905183231374918,0.064582050511879582,0.093214364005969122,0.071288014224802076,0.0064681488277832004,0.00046199750698481997,-0.043331976669530071,-0.13928531323160445,-0.14078498538583517,-0.074034149359379492,-0.17169152249892553,-0.21956816812356314,-0.25188697036355734,-0.283983601973607,-0.31774861537493193,-0.42491802031343634,-0.43931219644016689,-0.43768285463253659,-0.45438359000466089
-0.4670674552520116,-0.42834940552711487,-0.4209471217223576,-0.42813310452869963,-0.39430126547813416,-0.38783883551756543,-0.41418628607477459,-0.34790847202142078,-0.33985439936319989,-0.41165928542613983,-0.3999885966380437,-0.37957410886883736,-0.32139094173908234,-0.29675083926745821,-0.34117482196200977,-0.40205649354241113,-0.43697439432144164,-0.30464859586209059,-0.242809080829223,-0.29501076894147055,-0.23265163485820478,-0.16225927757720152,-0.06471670443813006,0.045075166361549728,0.069472158327698708,0.056407938897609713,0.046814311916629471,-0.0102616969130135,-0.014781298731187624,-0.021500279040386278,-0.089157136778036758,-0.19168287217617036,-0.16833661038141984,-0.1352820201880402,-0.24682022395886874,-0.26125751874026132,-0.28893968860308328,-0.31671883968206554,-0.36377566059430438,-0.43512903153896332,-0.45161003562120289,-0.39998492350180942,-0.345292928814888
-0.5042297303676605,-0.47299771223749432,-0.48286346452576773,-0.49820452928543091,-0.46732136234641075,-0.39055222272872925,-0.42906384170055389,-0.42104949269975933,-0.37612239643931389,-0.449432373046875,-0.47723888978362083,-0.52497705391475136,-0.47347064451737836,-0.36891592442989352,-0.40536976854006451,-0.49492073059082031,-0.36479839043957846,-0.20231285691261292,-0.25567966348984661,-0.25696001308304922,-0.1997058806674821,-0.16392115450331143,-0.066524038234582319,0.013450097543402361,0.039975913673905392,0.033526893456776938,-0.027009888651913831,-0.0485039592648928,-0.057520727841899946,-0.096691478262929356,-0.16404586551444872,-0.22537027597427367,-0.19877148301977859,-0.23499140581663916,-0.310576640897327,-0.31949890156586963,-0.31985464867423563,-0.3256055989435741,-0.33734079599380495,-0.31477544137409758,-0.30604986101388931,-0.31150811371010018,-0.28715644031763077
-0.49827572277614046,-0.477787084877491,-0.52516300479571021,-0.54920871555805206,-0.51155462435313637,-0.4672315163271768,-0.38280113413929939,-0.37175754457712173,-0.39686475321650505,-0.3847956508398056,-0.44928155011600918,-0.43526304364204405,-0.4937615692615509,-0.5163814259899987,-0.5290294757911137,-0.39626294587339672,-0.28197076490947176,-0.23104750861724219,-0.3471588730812073,-0.29815501826150076,-0.22210552371465242,-0.099098958361607328,-0.025340289315984896,0.01414087510560281,0.00054634443949908018,0.014630120014771819,-0.042809058850010233,-0.069483104233558357,-0.10510681817928951,-0.16423072379369003,-0.22980712091221528,-0.2762034684419632,-0.24859864922130809,-0.32607582637241911,-0.3685226249694824,-0.40848799737600178,-0.37610503624786029,-0.33156728943188984,-0.31529231965541837,-0.24188792028210379,-0.152889679496487,-0.19798215134785727,-0.21572416169302805
-0.42495991786321,-0.42822960019111633,-0.48995735123753548,-0.49256413802504539,-0.45767466889487374,-0.47932467609643936,-0.44443574878904557,-0.36266375184059141,-0.30986727096817712,-0.33717249740253796,-0.37708601355552673,-0.45588520765304563,-0.3814297695954641,-0.43194233912688035,-0.43870044025507843,-0.31568476983479093,-0.26385630667209625,-0.24507811913887659,-0.27112589875857035,-0.2873893127991603,-0.20404958495726952,-0.10337749266853699,-0.024091938844261071,-0.038584972816434776,-0.025248442579490635,0.0029575122607639059,-0.024892044564088184,-0.072400778870690949,-0.14124553916709765,-0.20358894169330596,-0.26992913016251158,-0.32894644667120543,-0.31582045868823405,-0.41028616825739544,-0.38528226367358503,-0.41828494880880629,-0.30305650519828004,-0.28816528831209454,-0.269626375574332,-0.22412715355555216,-0.11700432341207158,-0.15130853788419205,-0.20997870645739816
-0.30266668730311924,-0.30377564827601117,-0.3565266604224841,-0.38556915223598481,-0.37678789198398588,-0.42412891321712071,-0.42311100363731385,-0.39803655445575714,-0.39724101954036289,-0.29462648679812747,-0.28073284924030306,-0.31627872857180511,-0.424748753507932,-0.48264762759208679,-0.42258480389912922,-0.33150672699723926,-0.24390397327286856,-0.21094741352966853,-0.15576024087412016,-0.069101754176829538,-0.068463912878472075,-0.13212118756312591,-0.082515265482167408,-0.089340460885848322,-0.046488698822661087,0.0027874042978510262,-0.013941416217546378,-0.0467911813981258,-0.14652969967573881,-0.21991700772196055,-0.31529204635059133,-0.34383169002830982,-0.30785451907860606,-0.43383722121898943,-0.355006011059651,-0.2758934208088451,-0.22039469084037203,-0.12885110855235585,-0.24423107963341934,-0.29302038387818768,-0.233187837096361,-0.13769131526350975,-0.22555075076065564
-0.24283290058374404,-0.24635977230288766,-0.27249935600492692,-0.27342909276485444,-0.31074397116899488,-0.36312558352947233,-0.41985494395097095,-0.42832545592234683,-0.36020836446966442,-0.34647142887115479,-0.31853134357012236,-0.26174136251211166,-0.31877508071752697,-0.39646196961402891,-0.3699952353324209,-0.23389082948366802,-0.1852085143327713,-0.16156084356563433,-0.14543751689294973,-0.10471342069407304,-0.092254639204059324,-0.12513135889401802,-0.11179485438125474,-0.13071379695947355,-0.054555673897266385,-0.010775089060189202,-0.028168524083282267,-0.045557916164398193,-0.16353540023167928,-0.24525603527824083,-0.32422856898868785,-0.36884604560004342,-0.30140364405355957,-0.37084736923376721,-0.43318540208479939,-0.503435472647349,-0.49358939379453659,-0.31887013092637062,-0.24050516954490117,-0.26193785667419434,-0.29955737739801408,-0.10439666375801292,-0.10459541557065677
-0.17431142032146454,-0.15741802752017975,-0.16545926282803217,-0.18634541739117017,-0.24060108444907449,-0.28651659811536473,-0.35072247277606616,-0.38375600255452669,-0.39997366070747375,-0.363183065255483,-0.33651113510131836,-0.32293816159168881,-0.21685895323753357,-0.21061464685660142,-0.16577249249586692,-0.066077657882124191,-0.056774739373045474,-0.051873269490897655,-0.062355720151502356,-0.11382343272368113,-0.13512599874626508,-0.13297112192958593,-0.14186294580047781,-0.16264682356268168,-0.070151231118610921,-0.045840634405612944,-0.076137369928451687,-0.10792825669050217,-0.2099352906147639,-0.28704627087483037,-0.3123881326002233,-0.39133343801778908,-0.34910968371800016,-0.33353197388350964,-0.35280158519744875,-0.36967475712299347,-0.39136829040944576,-0.34514433604020339,-0.31822379430135089,-0.29755515522427028,-0.40796212213379995,-0.37005697010141431,-0.298772735176263
-0.11667826337118943,-0.10412561080672524,-0.10107860443266956,-0.12811961087087789,-0.17146482467651367,-0.23827653129895529,-0.31928603757511487,-0.3354845717549324,-0.4452844460805257,-0.37304354707400006,-0.24177902363813841,-0.22510751485824584,-0.19601970911026,-0.10885927144304983,0.031514234973915985,0.10931854518795652,0.06751246961693351,0.050409301028897367,-0.038535126234189823,-0.10152045202751954,-0.13877637471471513,-0.14186417857805889,-0.19543233743080726,-0.20213018783501216,-0.12514751497656107,-0.12255678432328361,-0.17036211011665209,-0.2283336722425052,-0.30803812146186826,-0.3903643508752187,-0.42361063223618728,-0.45144840280214943,-0.42753777901331586,-0.39361752072970074,-0.39464533754757475,-0.38142486718984753,-0.38890789855610242,-0.32985623587261548,-0.30437818765640257,-0.30292952391836381,-0.33577115427364,-0.3915992719786508,-0.34851506081494416
-0.15518665886842287,-0.13554308157075534,-0.079056066026290256,-0.12062184661626815,-0.1852583470089095,-0.25118286410967511,-0.31778101729495184,-0.29311797366692471,-0.30224976036697626,-0.19487220346927642,-0.079577194168590576,-0.089136551134288311,0.023473478286177851,0.18632657847677667,0.31973483241521394,0.20704654432260072,0.15523978781241637,0.065057197676893941,-0.055987074398077451,-0.10133295645937324,-0.13926370342572531,-0.21424537599086763,-0.25866981276444029,-0.23793658713499705,-0.19505428629262106,-0.21604353003203869,-0.29379741634641376,-0.41492326656977335,-0.48147907427379061,-0.54257688112556934,-0.56882180158908546,-0.56487864957136269,-0.54966665397990833,-0.48321304470300674,-0.44824229524685788,-0.42831141902850223,-0.37092591524124147,-0.29761116951704025,-0.24626788049936293,-0.24718609723177823,-0.29790447354316713,-0.29665181785821915,-0.28574167639017106
-0.19112232380679675,-0.10600081458687782,-0.051850910608967148,-0.09702421190838019,-0.16707467287778854,-0.15434196069836617,-0.16874111443758011,-0.15858140215277672,-0.091697092669514507,0.016973150763078593,0.047792943745541078,0.0945618461119011,0.2018422231078148,0.27561452297063976,0.2702441800917898,0.21777157684167225,0.12067423065503438,0.018219908549716429,-0.069219996088317456,-0.11060738519710653,-0.196968532034329,-0.28350460422890528,-0.31164739174502237,-0.28881295323371886,-0.27496594749391079,-0.3260521079812731,-0.39910066723823545,-0.52674724347889423,-0.58334024037633625,-0.6118820224489484,-0.6314088741938273,-0.59440824160209071,-0.54582715034484863,-0.455844136801633,-0.40699209024508792,-0.40153516332308453,-0.329042602669109,-0.27442838116125629,-0.22581323981285095,-0.25863494165241718,-0.22265294641256334,-0.19232465161217582,-0.18566921725869179
-0.1554893654372011,-0.12787318130334219,-0.084243661131371148,-0.059440238933478086,-0.080775685777718376,-0.062947275489568716,-0.095155785450090971,-0.11883452987032277,-0.041662769348477013,0.059049227212866144,0.075259919340411818,0.14222202450037003,0.17375910396759325,0.17541938913719996,0.15184112290541332,0.11428617399472457,0.062194332977135974,-0.0074263477387527628,-0.096053845145636141,-0.11941424359877904,-0.17496838967005413,-0.22033659716447193,-0.287809016307195,-0.31520122060408962,-0.34421138891151976,-0.41054869070649147,-0.46558064023653667,-0.57294855798993793,-0.64239648183186848,-0.65554696321487427,-0.62112315098444626,-0.55264045433564624,-0.47929813216129941,-0.43890784978866576,-0.42321014404296875,-0.37072156234221026,-0.31578278243541719,-0.27778850282941547,-0.2435503817266888,-0.26524672243330216,-0.23117723564306894,-0.23469504714012146,-0.23150314390659332
-0.0958746721347173,-0.030719172890083149,-0.037902569456491619,-0.03578093820916755,-0.033261129414313473,0.0036260762202660912,0.026674263241390387,-0.012084618769586086,-0.02364529951591976,0.031617951612653475,0.07151005224635204,0.060183367588453822,0.060659533832222223,0.055570448166690767,0.045967284182552248,0.030934282770270809,0.0037609395535232928,-0.066674572473857552,-0.16153260263112876,-0.19081854995559244,-0.25008317508867811,-0.26523252204060555,-0.32257192023098469,-0.34120410494506359,-0.41518922050793966,-0.48074092864990237,-0.55860848151720488,-0.61569311718146,-0.6502941984396714,-0.61002172123302112,-0.58409833695207325,-0.39533645808696749,-0.37267003953456879,-0.34293928471478546,-0.31931888394885594,-0.28438166777292889,-0.24601401057508257,-0.28518644401005339,-0.27126842737197876,-0.28780778869986534,-0.25186629924509263,-0.28520174963133677,-0.30795059885297504
-0.17439050525426864,-0.059948978679520745,-0.018266672501340508,0.026495787998040518,0.059032081688443823,0.075737108343413892,0.093301326834729734,0.086317013700803122,0.076448987637247362,0.054233718081377447,0.010306746906800461,-0.0015362012355277935,0.00372469295481486,-0.0045005361831639539,-0.014170053189445753,-0.018164061211670437,-0.046911781157056492,-0.098816666519269347,-0.18762532302311488,-0.22991870592037836,-0.2667638764661901,-0.32541628281275431,-0.37744851673350616,-0.41183228446887088,-0.46710323890050254,-0.50827631179024191,-0.64586341381073,-0.7269409528145423,-0.64801153311362636,-0.66811632026325574,-0.57412335574626927,-0.36773521249944513,-0.30856416871150333,-0.33763190772798324,-0.27697381873925525,-0.24161019176244736,-0.27248082723882461,-0.28832271322607994,-0.30529201361868119,-0.29752066358923912,-0.27742801606655121,-0.3002686245100839,-0.34127278625965118
-0.32534104306250811,-0.24235312740008036,-0.19087975586836153,-0.058730457730304733,0.024901657777193647,0.088637502631172538,0.13586000565971648,0.16552621523539227,0.16094041566054027,0.10528675732868058,0.0072844087379053237,-0.013818206373029031,-0.0090767938715597511,-0.019264291439737593,-0.053233325729767481,-0.073628003895282748,-0.10233391961082816,-0.15701694551267123,-0.22478333816808813,-0.26022653447257149,-0.29472457865873974,-0.33119865726022157,-0.41762059132258095,-0.45866872808512521,-0.46877657089914593,-0.40476961319263166,-0.42144743725657463,-0.52378044907863319,-0.48395697027444839,-0.51695988906754387,-0.52154742587696423,-0.37677391701274449,-0.37174385786056519,-0.37291628122329712,-0.32724414169788363,-0.31348713114857674,-0.32823952287435532,-0.33778325319290159,-0.36898884177207947,-0.32951926688353222,-0.31606848165392876,-0.3401672303676605,-0.37574355602264403
-0.29891885729397044,-0.29082203283905983,-0.25525611745459692,-0.16826169332489371,-0.060179289810669917,0.018206171637687545,0.0816293237109979,0.13423968156178792,0.14670954325369426,0.075509667280130088,0.0010183360970889529,-0.010363327917487671,0.010503653834478297,-0.0056031241273397907,-0.05660592072776386,-0.11229499867733787,-0.16410043695941567,-0.19376321136951447,-0.2331717733455741,-0.29172422940080817,-0.33217842941698822,-0.39345810264348985,-0.51034281320042085,-0.520211277405421,-0.45740631047417135,-0.42763675634677595,-0.40420793824725681,-0.40548346363581145,-0.47567118704319,-0.40405328978191724,-0.31520573943853381,-0.31368100047111513,-0.33293231204152107,-0.36072614043951035,-0.40723692625761032,-0.40240199651036945,-0.38731600557054791,-0.37728187441825867,-0.40053060154120129,-0.3819216676056385,-0.36482901871204376,-0.36778504649798077,-0.385401614010334
