SouthSea_Web/demo/jsonfile/2017-12-16-11.json
{"header": {"parameterUnit":"m.s-1","parameterNumber":2,"dx":0.1,"dy":0.1,"parameterNumberName":"Eastward current","la1":29.0,"la2":12.0,"parameterCategory":2,"lo2":131.0,"nx":250,"ny":171,"refTime":"2017-12-16T10:58:07.5","lo1":106.0}, "data":
[rows 38 to 56 of 171, columns 168 to 209 of 250]
-0.60770035535097122,-0.51435368188789909,-0.3820948451757431,-0.28160080313682556,-0.23390252689520519,-0.18623473069497518,-0.11607515043579042,-0.010360664688050747,0.042400657868711278,0.045054244187970958,0.05109148481860757,0.030339716337039135,0.0014106393625427569,0.024789012078305379,0.053179624623485973,0.09628406586125493,0.13169595133513212,0.1214117556810379,0.0683085153098492,0.019652672344818711,-0.015638758757096881,-0.028844025314730758,-0.079824901609258217,-0.13282743161139282,-0.173966517051061,-0.25294122383708045,-0.32895728038704913,-0.38354834119478859,-0.393484707062061,-0.34907225569089256,-0.29319699747221811,-0.17974027171730994,-0.03488838164643808,0.067334805428981778,0.098687831726339131,0.11879474390298128,0.098789595067501068,0.067659505775996623,0.0563492625951767,0.038709516869857907,-0.012829135238592113,-0.062970640137791634
-0.56682205572724342,-0.49513250764678507,-0.43280061893165112,-0.33121249245272744,-0.24802002425377184,-0.21319900979014003,-0.18002021126449108,-0.12193741786636804,-0.0751663290840738,-0.057675290416227654,-0.061708560213446617,-0.06727794255129993,-0.033066026899697523,0.02878831807590489,0.068738653091713786,0.10095865974823634,0.0974470576537507,0.056848827391929389,-0.016619347237671413,-0.040939446276752278,-0.025764893045965839,-0.096479687839746475,-0.15665173645202929,-0.2020246403084861,-0.207117333456322,-0.21814928396984382,-0.32759492099285126,-0.36160141054321737,-0.269672404974699,-0.18746388417023879,-0.071643198723904788,-0.018709001631941648,0.017685440072620458,0.069434019313617187,0.0768038012087345,0.057866824790835381,0.0475112684071064,0.073009907667125978,0.085161664656230388,0.047839435438315071,-0.0074859511805698276,-0.046075222392876945
-0.52521322502030265,-0.45195191784908895,-0.38873831431070965,-0.31187888666203145,-0.24895647820085287,-0.22630874900256887,-0.20907467289974815,-0.18241109479876125,-0.17421116586774588,-0.13262044594568365,-0.09664449468255043,-0.0529100781875766,0.022574549970718529,0.057520797825418413,0.0655254375721727,0.045769779614227658,0.0064654382211821416,-0.070641936028550845,-0.0677287475458191,-0.020804425020917103,-0.090429307441809215,-0.15211700275540352,-0.13033276951561371,-0.184275126770923,-0.29451688864956732,-0.21117634885013104,-0.12040690454439475,-0.22958998557399302,-0.09735485736746341,-0.01008726906341811,0.0310546555944408,0.046547196805477142,-0.007486242800951004,0.036285800673067567,0.020407573035400774,0.0061982452004615751,0.028364975548659761,0.07964885660580226,0.10311695684989293,0.066546746840079621,0.010686148190870881,-0.02582564705517143
-0.43143968582153319,-0.3554583903816011,-0.29054128182561773,-0.2786893897196826,-0.25495279729366305,-0.25393052085449819,-0.24082156402223251,-0.1857211239197675,-0.13487178418371412,-0.076728160766994249,-0.030295203377803167,-0.0089209020603448156,0.021033338120426324,0.0095172719409068428,-0.027852594959907807,-0.077516562039298673,-0.12194700711048566,-0.16503820071617761,-0.1531641801389364,-0.084775535676341787,-0.18774624913930893,-0.24877511858940124,-0.22556728067306373,-0.21983668888392655,-0.16692528009621632,0.012966982468528903,0.0096080289818573656,-0.087034889396322382,0.044636133265966133,0.059458971289651733,0.048021758773497174,0.022680182048740487,0.022920957481902506,0.0076360867358744146,-0.0081776242004707456,-0.0042164128972217441,0.0379284453811124,0.08607005700469017,0.098956809689601258,0.074828433245420461,0.0284049577312544,-0.019080659141764045
-0.31893944805083069,-0.29373125461014832,-0.25687633170968011,-0.29134240746498108,-0.2678735736343596,-0.26449519768357277,-0.19144693718237035,-0.10226001900931199,-0.052007586260636646,-0.028567246782282989,-0.031299057142699468,-0.0628623171399037,-0.093036669091536447,-0.13476145615180332,-0.21216902782519659,-0.24131119251251221,-0.23084037750959396,-0.18294674778978029,-0.17027067908873925,-0.022334246941479959,-0.14054356732716164,-0.25263426502545677,-0.31080243226728943,-0.21997605747094862,-0.16695746809136178,-0.060131386374996508,0.14497380480900698,-0.002255312752331028,0.10452626049518585,0.089988971501588827,0.020353093814964477,-0.011077432660385966,-0.011126320622861386,-0.012196806362933584,0.0078005423872835105,0.028679542243480682,0.044933905204137169,0.063656079272429153,0.095480938255786893,0.095658227801322937,0.077531407276789352,0.07699195357660453
-0.24104028865694999,-0.28110218048095703,-0.2915852801366286,-0.34171252076824504,-0.28856484591960907,-0.21280263587832451,-0.091653813814951315,-0.026540753742059071,-0.031222057114872668,-0.0606248868862167,-0.12723361477255821,-0.20084773091708913,-0.252428867987224,-0.31004263646900654,-0.36122662287492019,-0.3554109131035052,-0.25745975651911329,-0.20844566609178269,-0.20347013200322786,0.068346186777732021,-0.073048814998141351,-0.17334791559439439,-0.24205195276360764,-0.21851854635910553,-0.11942514822115763,-0.079423192472985155,-0.088147199458696632,0.026271966211061225,0.078899488884913313,0.075420002659989729,-0.0033140826022385488,-0.032818954437971115,-0.023153436214973528,0.0014108734515806039,0.025980188112173761,0.050100955579962046,0.05860926272968451,0.073328747414052486,0.099165543913841248,0.10715907563765843,0.123016157746315,0.19335845609505972
-0.21813516497611998,-0.29134942644408773,-0.41118275860081549,-0.41993914484977724,-0.25826876433122725,-0.12880375003442168,-0.024740442931134667,-0.011093679211198297,-0.055515696760267019,-0.12808926793790998,-0.22824958711862564,-0.32939934501281154,-0.35991015604564119,-0.3618274394954954,-0.31133456677198412,-0.21492576764098237,-0.18680650591850281,-0.24856680631637573,-0.32049718818494249,-0.14194095176127222,0.016169575819124777,-0.020873649541802781,-0.14074522027602562,-0.2080548286321573,-0.18151902012607973,-0.13170127255753392,0.0117152656561562,0.076154801406358413,0.0716702417573995,0.02638366318454868,-0.0069041931055835448,-0.0095969366464907155,0.0010474414254228275,0.0060597469065604469,0.033254713086145263,0.063909348100423813,0.0809087485074997,0.10030331214269002,0.10888478656609853,0.12795253967245421,0.18389660120010376,0.23323501646518707
-0.15817413576271222,-0.17934872684153644,-0.44791201781481504,-0.38016224751869837,-0.14742428809404373,-0.053461137289802237,-0.037508439447265118,-0.055222343342999615,-0.10305376149093111,-0.20635290164500475,-0.25727530462401255,-0.32327947961656672,-0.34557584876363928,-0.26354022980445907,-0.27822399916856183,-0.11046562076693303,-0.11129198562015187,-0.15694775635545905,-0.15746978111565113,-0.11941715919723113,-0.035575221246108416,-0.011808985056212315,0.0048666321007268766,0.012585265723128732,-0.013375315101196368,0.0020743093529225526,0.010579469536120692,0.00013569005144139132,-0.0018330665591817636,0.0015094720169704838,0.018831064051482826,0.02815841231495142,0.022219359991140664,0.022978528269699643,0.037895362513760723,0.066623638073603317,0.086830380062262222,0.11640935142834981,0.12750709354877471,0.15600716571013132,0.19862038393815359,0.2458310971657435
-0.061380637619136411,-0.0040607975226723486,-0.16922658654934197,-0.1833647537444319,-0.040762324310729611,-0.00542221509385854,-0.056757668731734157,-0.066681209951639175,-0.18075380217412423,-0.23733486653497768,-0.1099501146517437,-0.031813410192947179,-0.10906944094149738,-0.047287859545388028,0.0,-0.022441110484158762,-0.11462479747003979,-0.1281584459874365,-0.13022405530015627,-0.085083965626027852,-0.0055784733161668883,0.022425987164024264,-0.00089536687592044477,-0.02427040538750589,-0.020202182376613982,-0.028726369608193636,-0.033465788566640446,-0.032321010343730451,-0.011839236329416797,0.00835095655056648,0.026949513703584671,0.032278943108394742,0.025467880691091221,0.025145403730372589,0.035756019875407219,0.058397658790151276,0.0953215379267931,0.11260329559445381,0.13325010985136032,0.16137037674585977,0.19913055002689362,0.24392234782377878
0.022860573992754023,0.10231686044823039,0.14608375829729167,0.062278896503682644,0.054436125956914,0.021262559354962671,-0.073621342287344085,-0.047354302025939286,-0.14244343189741759,-0.18110733419501532,-0.19948060363531112,-0.24457792694856589,-0.296531286649406,-0.24374959810326496,-0.15994101645493949,-0.21473623697574323,-0.12743360346013849,-0.09329515546560288,-0.083116122606125747,-0.0482309615239501,-0.015873451304452665,-0.021794942652129314,-0.044574700668454169,-0.022820199115408793,-0.028341661122712223,-0.052043196558952329,-0.046298584714531896,-0.030658444803622033,-0.0052001308746791137,0.026446891094868381,0.047591966473393969,0.043677691991130509,0.021116634272038935,0.01611256692558527,0.028900670353323221,0.047463182359933853,0.067459899932146072,0.094384746626019478,0.13424807538588843,0.16553544998168945,0.19050910323858261,0.19834432005882263
0.13607430280674071,0.14140801415556953,0.18082374227898462,0.18324090847197702,0.18089670458665261,0.12195767432636143,0.00054095144150778651,-0.046976737821331389,-0.013572307190556517,-0.14634165324662862,-0.2093505940089623,-0.29561733129696971,-0.32670732130927427,-0.38264644321273356,-0.27605558484792708,-0.13596172465218437,-0.073887468212180674,-0.057512832432985307,-0.049148616567254069,-0.0475542222460111,-0.051633542403578758,-0.053575683799054891,-0.043855910056403706,-0.031775858253240585,-0.047303629004293017,-0.053018582777844533,-0.034694115734762616,-0.015226747240376426,0.0089826579205691814,0.037529421970248222,0.056755717378109694,0.039783755938212075,0.018787856586277484,0.0083275618380866945,0.0056668094111955725,0.023651052576800186,0.052114769816398621,0.090691265960534409,0.1222952554623286,0.1313573569059372,0.135769285261631,0.13825602829456329
0.25637370347976685,0.221554896235466,0.15185863375663758,0.20946584322622844,0.21431377644722277,0.18214538972824812,0.14718593756357828,0.046088289469480515,-0.0222232423722744,-0.01811862116875617,0.028422470341902227,-0.11127400171632568,-0.18724165111780167,-0.15288602560758591,-0.11205489002168179,-0.09678377685221759,-0.090425686538219446,-0.069691069051623339,-0.057871333789080381,-0.059720126166939738,-0.065132795522610351,-0.053171769316707342,-0.041338567311565079,-0.044702989359696708,-0.048054592063029609,-0.029695037053897977,-0.0084564798065306,0.0032383896759711206,0.011119707953184843,0.013939218129962683,0.019919924515609939,0.022225659495840471,0.019457105919718741,0.011057934879014889,0.0097319265478290617,0.0075627090409398079,0.043454445277651153,0.084966960052649185,0.084460092087586716,0.11657386273145676,0.098976497848828629,0.08757966011762619
0.30244697630405426,0.27605102024972439,0.22752737899621328,0.2031739769237382,0.19572565853595733,0.1531202957034111,0.14758741991086441,0.13224479680260023,0.077933353759969279,0.052734227478504182,-0.060985941775143146,-0.053367943861163579,-0.055585172441270619,-0.0597514059394598,-0.074830835064252213,-0.084775116294622421,-0.073841577395796776,-0.070994127541780472,-0.0734867699444294,-0.0806683355144092,-0.0880439355969429,-0.065401879139244556,-0.037353645211883953,-0.0383455459959805,-0.036877962201833724,-0.010259425966069102,0.0014131987367623619,0.0074650508662064867,0.026369541697204114,0.023725559236481786,0.017424736171960831,0.020981063134968281,0.028403231253226597,0.019510471417258184,0.004750886932015419,0.013326497282832861,0.021687433589249849,0.031467120163142681,0.035937553271651268,0.054103354612986244,0.051903852572043739,0.05485423281788826
0.252989773121145,0.23131288851008697,0.22719179093837738,0.2414316428559167,0.23635332400982195,0.20698907772699993,0.16713149960224444,0.14315942273690149,0.13019361471136412,0.10804465319961309,0.05706661596724933,-0.020297967974329367,-0.069075775891542429,-0.070054082199931145,-0.062663034225503608,-0.0326958789373748,0.001537350588478148,-0.026896422496065497,-0.053947872881378443,-0.09210808450977008,-0.092894786037504673,-0.058576595038175583,-0.033864536987883706,-0.017701578512787818,0.0031465939246118069,0.025154486671090125,0.021276498213410378,0.033505356311798094,0.066363068297505379,0.059023844699064888,0.033348208758980036,0.044801690615713596,0.039024957766135536,0.029451017268002033,0.0065552564337849617,-0.014550446222225824,-0.030151196755468845,-0.033307369943941012,-0.0056345085613429546,0.0059112003073096275,0.018596598180010915,0.025478864088654518
0.19633655995130539,0.16157204005867243,0.15422011762857438,0.18252902960076051,0.18048474888006846,0.14092524449030558,0.10527142165945126,0.10308842035010457,0.10613273705045383,0.11434885687552966,0.1201878900711353,0.082224558530883354,0.026306039569052784,0.027249165199464187,0.029944997704164547,0.0354970678454265,0.0445890873670578,0.0092684265691787,-0.038872317969799043,-0.07847406590978305,-0.08510367998055049,-0.049709572643041613,-0.019981460471171886,-0.0068438268693474429,0.0064822490676306188,0.024781433632597327,0.015892737172544004,0.020490393042564392,0.021362447645515203,0.022628488251939416,-0.0057688395900186151,0.00601845948646466,0.012176251659790674,0.0037500571925193071,-0.038144472055137157,-0.050092039629817009,-0.081598620861768723,-0.11161811649799347,-0.08593103537956874,-0.052271204069256783,-0.0094420301029458642,0.00091633556197242194
0.15262879845168856,0.10671911854296923,0.063955862184657764,0.08545491865111722,0.10976927677790324,0.0699610489492233,0.0351106725865975,0.039301399607211351,0.06773670733673498,0.08574435580521822,0.11506051880617936,0.10917316451668739,0.0887374695804384,0.055116967382756149,0.029304120130836962,0.042284408817067742,0.052934833284881383,0.017959464030961197,-0.016427139285951853,-0.046975943446159366,-0.067984198033809659,-0.032190725952386853,0.0020129317999817431,0.023938165977597237,0.041649925522506237,0.0694764569401741,0.061584584414958954,0.03553318977355957,0.0052674518277247744,-0.030699992552399635,-0.074532857785622283,-0.081279290219148,-0.088987980037927628,-0.072448546687761947,-0.083831587185462311,-0.11112210402886073,-0.129263569911321,-0.139108307659626,-0.12585283567508063,-0.079780135303735733,-0.042499622330069542,-0.037578929215669632
0.10629926661127492,0.056040956638753414,0.0074136484748267223,0.0082847072228201118,0.0355336545035243,0.039116028805865961,0.0038223593046495807,-0.030251458885946443,-0.029452204059522886,0.028290290494138996,0.096171166747808456,0.098366746306419367,0.062019973993301392,0.021144884224567149,0.015432474720809195,0.025328541174530983,0.035562695935368538,0.02953305058181286,0.0044876557774841787,-0.011938951744620377,-0.027399387396872043,-0.013470434894164404,0.0085844408410290871,0.032620296813547611,0.0632873298600316,0.070320556561152145,0.05322017458577951,0.012361650820821524,-0.046862389426678419,-0.089232165366411209,-0.1259802058339119,-0.15401105086008707,-0.139731764793396,-0.1332809142768383,-0.14814437925815582,-0.16852264851331711,-0.18128299713134766,-0.180475781361262,-0.14389055470625559,-0.10972694307565689,-0.082285325974226,-0.0466208482782046
0.0816634731257663,0.035121790352551377,-0.0073653887683416113,0.017733660119120032,0.015906086629804445,0.023664611923907484,0.024943794904495862,0.015822554069260756,0.0019041772466152906,0.062149955425411463,0.096079708635807032,0.08866396280271667,0.063972283154726028,0.027586033218540251,0.027004619428355778,0.0488969407354792,0.037724862992763522,0.026356698013842106,0.0075691837506989641,-0.012006997518862287,-0.029933390207588673,-0.020509075062970322,0.0029801166383549571,0.02933873888105154,0.05028659850358963,0.039585823193192482,0.00596966128796339,-0.054376284281412758,-0.11225917935371399,-0.14661302417516708,-0.19102233648300171,-0.19502435624599457,-0.20023158937692642,-0.17833333710829416,-0.19115637987852097,-0.20350352674722672,-0.21039277315139771,-0.20573030412197113,-0.17153624445199966,-0.1273137629032135,-0.11494341492652893,-0.082717828452587128
0.060133304446935654,0.053985066054498446,0.041571845125872642,0.0068716376502861217,-0.011749352162171687,-0.0091418961015091657,0.0041388963166225168,0.021203400500650917,0.0433274211982886,0.0638104324730543,0.069568907043763575,0.092571402137929748,0.089420884847640991,0.07226897829345294,0.091115361700455352,0.088762761652469629,0.065652703245480851,0.046469095163047314,0.027520355147620041,0.00012000557035207748,-0.023174230009317398,-0.034846670304735504,-0.020990715362131596,0.0021613063290715218,0.0037477116566151381,-0.01493126293644309,-0.049647079780697823,-0.089487850666046143,-0.13445620238780975,-0.17482782403628031,-0.20313297957181931,-0.22367364664872488,-0.22734123468399048,-0.22396253794431686,-0.22574041783809662,-0.22822338342666626,-0.22206456959247589,-0.19961640238761902,-0.1780901774764061,-0.1567593440413475,-0.13840401917696,-0.10270701721310616
