SouthSea_Web/demo/jsonfile/2017-12-15-12.json
{"header": {"parameterUnit":"m.s-1","parameterNumber":3,"dx":0.1,"dy":0.1,"parameterNumberName":"Northward current","la1":29.0,"la2":12.0,"parameterCategory":2,"lo2":131.0,"nx":250,"ny":171,"refTime":"2017-12-15T12:00:00","lo1":106.0}, "data":
[rows 114 to 132 of 171, columns 129 to 171 of 250]
0.15571455657482147,0.15707765519618988,0.17641271402438483,0.17356428503990173,0.24938168483121054,0.31348130532673429,0.35121140629053116,0.4014968546954068,0.37528157921937794,0.36861620488620939,0.38976480001988617,0.43560357964955843,0.47476988534132641,0.5708005438957896,0.59004989991316925,0.25703281164169312,0.0,0.0,0.0,0.0,0.0,0.0,0.0,0.0,0.0,0.0,0.0,0.0,0.0,0.0,0.0,0.0,0.0,-0.44556764089418743,-0.38107799304710638,-0.055053226149349072,0.41318304507205117,1.0474810969261896,1.1083443830995,0.92313532483193184,0.72604298839966452,0.58488858782726783,0.48201822787523269
0.13598567247390747,0.12293905206024647,0.12657409906387329,0.1374928042292595,0.22948504239320755,0.29345824817816418,0.32428824475833345,0.35364376381039619,0.33008260528246564,0.32288567367054166,0.34784184009940539,0.38904530008633931,0.40372388996183872,0.48107149664844784,0.39308797578151161,-0.0044494247929235823,0.0,0.0,0.0,0.0,0.0,0.0,0.0,0.0,0.0,0.0,0.0,0.0,0.0,0.0,0.0,0.0,0.0,-0.324430139350497,-0.3514979188389416,-0.15009651480394662,0.29079888771626761,0.99559994707716271,1.0612195236342294,0.88893055064337589,0.69149586006447117,0.54029633317674908,0.44149060547351837
0.14628930389881134,0.14459105829397836,0.14340149859587351,0.14651135206222535,0.18122490247090659,0.21371868252754211,0.24299352802336216,0.28130702809853986,0.29719719886779783,0.29431949555873871,0.32584325904431549,0.33337107658386228,0.28155934378024072,0.41744707124989205,0.40396853757871165,0.148781099294101,0.023425112069269421,0.0,0.0,0.0,0.0,0.0,0.0,0.0,0.0,0.0,0.0,0.0,0.0,0.0,0.0,0.0,0.0,-0.1351584365131982,-0.19227499808636564,-0.27530085883078587,0.12609200039878488,0.97899377008654032,1.0193365303909077,0.82780285804502429,0.63010742266972863,0.47261889491762432,0.37178891748189924
0.19006027777989706,0.22164028137922287,0.19833764185508093,0.18190003931522369,0.17925966531038284,0.17280811071395874,0.190525209531188,0.22135643022400992,0.25407233337561291,0.27654509246349335,0.31468585946343164,0.31095235670606297,0.27630111747063124,0.38895864261163249,0.39120549120401082,0.20999115313170477,0.0,0.0,0.0,0.0,0.0,0.0,0.0,0.0,0.0,0.0,0.0,0.0,0.0,0.0,0.0,0.0,0.0,0.0,-0.024955427240153465,-0.11195112393272327,0.023394821708609393,1.056710979977592,1.01206763750977,0.79409266180462312,0.58753042894860974,0.437809125373238,0.3502497918465558
0.23617588977018991,0.23764021694660187,0.21354548881451288,0.21800446212291719,0.23753791153430939,0.24182197451591492,0.23928718268871307,0.25172013789415359,0.26191375404596329,0.29035691171884537,0.31377985874811809,0.30356778535577988,0.32887475192546844,0.36134261661960232,0.29608052174250282,0.23754882775635147,0.0,0.0,0.0,0.0,0.0,0.0,0.0,0.0,0.0,0.0,0.0,0.0,0.0,0.0,0.0,0.0,0.0,0.0,0.0,-0.30903125115271124,0.026293524114336976,1.0720587311119869,0.93598073019700889,0.72674010629239294,0.5550166751657214,0.45227750763297081,0.4028912345568339
0.2508210614323616,0.23774067064126334,0.23172353580594063,0.23523656278848648,0.25872175991535185,0.29086318115393323,0.30471171935399372,0.3018905371427536,0.30025490000844,0.32870134338736534,0.35493560632069904,0.35260074088970822,0.35122701972723008,0.29100135849280789,0.16352592625965676,0.066418754053302109,0.0,0.0,0.0,0.0,0.0,0.0,0.0,0.0,0.0,0.0,0.0,0.0,0.0,0.0,0.0,0.0,0.0,0.0,0.0,-0.13826412551570683,0.058369321538895534,0.95448713348462033,0.82586131051734646,0.64090034365653992,0.51190220783738527,0.43894461045662564,0.41324614882469179
0.23942742248376212,0.24362807969252268,0.25113122661908466,0.243104487657547,0.25286556780338287,0.2857604239668165,0.30706430226564407,0.3060095565659659,0.29525673389434814,0.30780848860740662,0.32980965971946719,0.35258505832065234,0.34330800526282368,0.24458447369662198,0.090470551428469742,-0.10339676894779716,0.0,0.0,0.0,0.0,0.0,0.0,0.0,0.0,0.0,0.0,0.0,0.0,0.0,0.0,0.0,0.0,0.0,0.0,0.0,0.0,0.61541097504752018,0.80805325135588646,0.72854898124933243,0.57886912567274906,0.47370751608501782,0.41505544835870917,0.39662790000438691
0.21701978147029877,0.23142955203851065,0.23633051663637161,0.22587382420897484,0.22099830955266953,0.259475976228714,0.28576149940490725,0.28789245656558443,0.26514947786927223,0.26552844899041311,0.28728241920471193,0.30959616104761761,0.31126541750771658,0.24826828266183534,0.11873863521032035,0.017742113520701725,0.0,0.0,0.0,0.0,0.0,0.0,0.0,0.0,0.0,0.0,0.0,0.0,0.0,0.0,0.0,0.0,0.0,0.0,0.0,0.0,0.74472858309745793,0.79832994396036316,0.6767214417457581,0.55401505364312065,0.47185296937823296,0.42311776801943779,0.40523832043011981
0.18563769012689591,0.19085597991943359,0.19473559657732645,0.18763933703303337,0.19576320052146912,0.23423371315002442,0.25810843493257252,0.25893229618668556,0.25253723810116452,0.2435252411024911,0.23897487331520428,0.24264947904480827,0.23799831544359526,0.18927458673715591,0.18010116834193468,0.0,0.0,0.0,0.0,0.0,0.0,0.0,0.0,0.0,0.0,0.0,0.0,0.0,0.0,0.0,0.0,0.0,0.0,0.0,0.0,0.689855953057607,0.815833694405026,0.8057898328854487,0.64148995876312254,0.51080793390671408,0.42878839001059532,0.39827590518527561,0.3882761150598526
0.15842026472091675,0.15702061355113983,0.16559010247389475,0.15101191699504851,0.18081418105534144,0.21399623453617095,0.23759541766984121,0.25049483279387158,0.24045355431735516,0.21983065704504648,0.18583285477426317,0.16739240288734436,0.1165272073650902,0.034301973413676023,0.016652232549469254,0.0,0.0,0.0,0.0,0.0,0.0,0.0,0.0,0.0,0.0,0.0,0.0,0.0,0.0,0.0,0.0,0.0,0.0,0.0,0.0,0.64960834809712,0.82865564823150639,0.74930697017245818,0.57750405669212346,0.46331154758279974,0.40096390247344971,0.38562151127391392,0.37325352430343628
0.17083725333213806,0.17527682085831961,0.16908997048934302,0.15411622609410966,0.16843479233128683,0.20186174847185612,0.24818594753742218,0.27705392241477966,0.25896330508920884,0.20137508426393783,0.13002129085361958,0.082092771120369432,-0.01077381636087711,-0.062354117631912231,-0.016931968535236257,0.0,0.0,0.0,0.0,0.0,0.0,0.0,0.0,0.0,0.0,0.0,0.0,0.0,0.0,0.0,0.0,0.0,0.0,0.0,0.39247896273930866,0.63137557440333891,0.7408147007226944,0.63839657306671138,0.50333971116277909,0.44335855756487164,0.3935360312461853,0.37821474671363831,0.3597109355032444
0.15145754317442575,0.16133763492107392,0.16323620676994324,0.1698024794459343,0.17413279786705971,0.20077122561633587,0.25191305364881245,0.27417226135730743,0.23681481395448958,0.13147550949361175,0.024246641667559743,-0.039798532923062645,-0.10418787826266554,-0.10789317513505618,-0.039715365713669196,0.0,0.0,0.0,0.0,0.0,0.0,0.0,0.0,0.0,0.0,0.0,0.0,0.0,0.0,0.0,0.0,0.0,0.0,0.0784002145131429,0.42517340076821192,0.6726313125003468,0.67048945526281989,0.55927034881379867,0.45229491839806241,0.3940119594335556,0.35776850912306046,0.35344566032290459,0.33756537238756817
0.14245653649171194,0.14309033006429672,0.13864193643842424,0.162074726074934,0.17888789810240269,0.19216617776287925,0.226447622690882,0.22842443982760111,0.20252664387226105,0.10988528902331989,-0.039457769754032292,-0.081047860284646348,-0.11804978073471123,-0.0482558356015943,0.026746004975090425,0.0,0.0,0.0,0.0,0.0,0.0,0.0,0.0,0.0,0.0,0.0,0.0,0.0,0.0,0.0,0.0,0.0,0.0,0.14019403792917728,0.61205966906114062,0.70018016795317328,0.6063064813613892,0.49403007193045184,0.4100835919380188,0.36412173509597778,0.33253461664373224,0.32924052410655552,0.31622003391385078
0.13614085813363394,0.13921812176704407,0.13758738338947296,0.14396622114711338,0.14324842819145747,0.1631483236948649,0.17600191278117044,0.15465340231146132,0.13741546571254731,0.20043894648551941,0.0,0.0059118165324131651,0.0072574731228607038,0.010012759439026317,-0.014559465576894581,0.0,0.0,0.0,0.0,0.0,0.0,0.0,0.0,0.0,0.0,0.0,0.0,0.0,0.0,0.0,0.0,0.0,0.0,0.38572767265141011,0.66276606917381287,0.611402714252472,0.505064345896244,0.42563938722014427,0.38629038333892823,0.35450860857963562,0.30335936695337296,0.28902507573366165,0.26941290870308876
0.11791148781776428,0.11410407274961472,0.10966860130429268,0.10286596231162548,0.093343555182218554,0.092658254317939281,0.09975321011410819,0.091839282640389028,0.097733280621469021,0.0,0.0,0.0,0.052692811191082004,0.04384777182713151,-0.0067476935995121794,-0.040129178203642368,0.0,0.0,0.0,0.0,0.0,0.0,0.0,0.0,0.0,0.0,0.0,0.0,0.0,0.0,0.0,-0.04357152059674263,0.066290544345974922,0.46686448901891708,0.61192586421966555,0.49123507738113403,0.40188071429729461,0.36423246189951897,0.345775481313467,0.2930052001029253,0.24567984044551849,0.23567721247673035,0.21867993899754115
0.1210101954638958,0.10282661020755768,0.077293214698632554,0.08076330108775033,0.090092869102954859,0.064838323328230113,0.0669017576358535,0.072509936057031155,0.066903787975509957,0.0,0.0,0.0,0.064467247575521469,0.025980194797739387,-0.019290133815957233,-0.05897434800863266,0.0,0.0,0.0,0.0,0.0,0.0,0.0,0.0,0.0,0.0,0.0,0.0,0.0,0.023862098227255046,-0.055372358144571386,-0.051317841080682616,0.25714366883039474,0.45693013734287685,0.47087190217441982,0.374560683965683,0.30669259428977969,0.29477536305785179,0.27689732238650322,0.21845546364784241,0.1750077735632658,0.19343298971652984,0.168888621032238
0.13539011776447296,0.12285212054848671,0.088637399354151311,0.0942709930241108,0.11856598630547524,0.0969025045633316,0.099128120324828414,0.086996201425790787,0.054950643796473742,0.0,0.0,0.0,0.0,0.0,0.0,0.0,0.0,0.0,0.0,0.0,0.0,0.0,0.0,0.0,0.0,0.0,0.0,0.0,0.0052129777946642464,0.017454290261957793,-0.053141848099502648,0.06182017216224267,0.341685178604993,0.37185238674283028,0.33936818540096281,0.26450674049556255,0.22919447855515915,0.22541570290923119,0.20008044131100178,0.15567834489047527,0.12312486235584531,0.1209506057202816,0.098082492394106727
0.15469970181584358,0.17352264001965523,0.16188234516552516,0.16420875489711762,0.15740485042333602,0.11624580062925816,0.1151146690050761,0.10047814135368054,0.062886964699084114,-0.0052477809649644769,-0.078089970164000988,0.0,0.0,0.0,0.0,0.0,0.0,0.0,0.0,0.0,0.0,0.0,0.0,0.0,0.0,0.0,0.0,-0.076333412124464914,0.05760689452290535,0.099524424993433058,0.19892745195991463,0.28016024082899094,0.30154130675575952,0.29239783287048338,0.23865974115000832,0.17850110232830047,0.16252207756042481,0.16488533280789852,0.16591338254511356,0.13988953456282616,0.10353483578988484,0.060122283796469368,0.041966298967599867
0.18861712142825127,0.2036120742559433,0.2075838872364589,0.19303568452596664,0.16843094527721406,0.13953755982220173,0.13307844549417497,0.12086951111753781,0.090137102419421786,0.047150023335624222,-0.0016957007623700933,0.0,0.0,0.0,0.0,0.0,0.0,0.0,0.0,0.0,0.0,0.0,0.0,0.0,0.0,0.0,0.0,-0.013643760027156936,0.17714800211516293,0.27184354811906813,0.32562842071056364,0.31428478793664411,0.2699108692732724,0.23804393112659456,0.16482754237949848,0.12049291200107998,0.11426264627112283,0.13022650871425867,0.16306517190403408,0.14264753957589468,0.080966699247558907,0.02966742536851338,0.0030655057427273797
