SouthSea_Web/demo/jsonfile/2017-12-14-22.json
{"header": {"parameterUnit":"m.s-1","parameterNumber":2,"dx":0.1,"dy":0.1,"parameterNumberName":"Eastward current","la1":29.0,"la2":12.0,"parameterCategory":2,"lo2":131.0,"nx":250,"ny":171,"refTime":"2017-12-14T22:01:52.5","lo1":106.0}, "data":
[rows 76 to 94 of 171, columns 126 to 167 of 250]
0.16112823513421146,0.13403510089431489,0.021726990636024211,-0.10477252224726337,-0.14976469533784048,-0.0865822641977242,-0.026804866136184761,-0.024783881830184588,0.00059420877369120717,-0.0012657369923545047,-0.029619084937231883,-0.04585151094943285,-0.039799321908503771,-0.016687875147908926,-0.037375162617536262,-0.10416296422481537,-0.14668939883510271,-0.20453191761459624,-0.24125363020335927,-0.34398062291898224,-0.417242373029391,-0.22452801698818803,0.05094012655799502,0.09429856970975245,0.08407891831464237,-0.02433528529514593,-0.093747364176857861,0.023499097034800798,0.079938478102641444,0.10926372517964669,0.024599545797375159,0.00028568304676030365,-0.10896906371300037,-0.110574202456822,-0.27980175873507623,-0.368468620560386,-0.34695362150669096,-0.26481849029660226,-0.18950543221500185,-0.11240073687889997,-0.11895991704965893,-0.18132081727186838
0.067349347389406622,-0.015569592953066935,-0.13628355972468853,-0.22004049164908274,-0.21897759474813938,-0.14973129000928667,-0.093716824054718012,-0.077602241188287735,-0.05183824896812439,-0.039981381502002478,-0.052976323757320642,-0.049590528476983309,-0.023173694343616564,-0.0036742964293807745,-0.033627075591034047,-0.0752166099846363,-0.087405148033912361,-0.12259407651921113,-0.1838669271932708,-0.287823033960242,-0.28511310404255275,-0.067667366576973684,0.24595468894888958,0.28630212508141994,0.1642758501348672,0.038560210093855858,-0.0488664011315753,-0.058228997513651848,-0.026293703742946189,-0.020651602211208746,-0.011904692944621534,-0.04957124474889564,-0.091117141837323154,-0.057232450710476508,-0.26511213362216951,-0.38777444635828334,-0.37024471610784532,-0.2979917299179804,-0.21827899333503512,-0.1316995769739151,-0.12360308932907441,-0.2092670701444149
-0.021573851969812742,-0.14665480982512236,-0.270095556974411,-0.28752862555640085,-0.2529461681842804,-0.17908129734652384,-0.12746159306594304,-0.09304630632201831,-0.048062630308171116,-0.02048334403662011,-0.038600282211388857,-0.021172913589647839,0.0038850198034197092,0.035317886620759964,0.026112090097740293,-0.014145453253553974,-0.046664148672587343,-0.13524050093614137,-0.19277072325348854,-0.18931354319348054,-0.074282207864929325,0.0283917524364023,0.24176962157854667,0.28689261734485627,0.1933712245275577,0.085355853160413414,-0.031011880851689388,-0.11656519263982773,-0.21677755511232785,-0.21704570369588006,-0.083127339370548725,-0.089677344455763142,-0.080201963965709389,-0.0879321772871273,-0.32075205862522127,-0.39011525238553685,-0.39463557675480843,-0.31962960390817552,-0.24615930020809174,-0.16210363283753396,-0.17112169218690773,-0.23650193214416504
-0.094901755452156067,-0.24608128890395165,-0.35288967192173004,-0.30599372684955595,-0.235244857147336,-0.16849814727902412,-0.10578290692397527,-0.066389822711547211,-0.006176776543725282,0.033992969741423927,0.0097956082317978144,0.030379320058273152,0.068919175118207929,0.10117296129465103,0.084182410900081911,0.039300533218516245,-0.016362188733182848,-0.088303074985742566,-0.14241638531287512,-0.076426331244874746,0.040422163926996289,0.09628490672299736,0.17326211799745975,0.18988688644908724,0.15839904466910021,0.068117578066169068,-0.058601603537048817,-0.1675672298669815,-0.31349236130714414,-0.29564964930926052,-0.1487007051192481,-0.146980439943652,-0.10520194383958975,-0.10838141420057841,-0.36005913594673422,-0.4175888431072235,-0.421823216676712,-0.34229290874108026,-0.27775133436634425,-0.20671698600053787,-0.1824208065867424,-0.20617295252649406
-0.14886201545596123,-0.30391980210940045,-0.36480479314923286,-0.28945234715938567,-0.21567978709936142,-0.14685271804531416,-0.0764210836163589,-0.017437251085149392,0.036421079188585281,0.079656273126602173,0.058486069951738627,0.072430795324700217,0.12917937551225936,0.1427265852689743,0.1071937620639801,0.054434494674205781,0.010527645889669656,-0.030570430949760172,-0.093328283727169031,-0.041624205719147413,0.038134529474465287,0.0966922625899315,0.098757930777289657,0.10257210180163384,0.091522517924507454,0.0012324469802339221,-0.12911302498296687,-0.23992609977722168,-0.30142386754353839,-0.27841924351674541,-0.15165710399548213,-0.14432869369492812,-0.041067048928446391,0.023618848942634132,-0.33423644097314942,-0.4554593793807491,-0.44761489280338945,-0.3594992959499359,-0.3089203873406286,-0.2117534103718671,-0.18866749040105127,-0.21276871334103978
-0.17696599662303925,-0.33489322662353516,-0.36249109357595444,-0.28228998929262161,-0.20009067468345165,-0.1193852424621582,-0.02827258381460394,0.025695939858754475,0.096096125032220564,0.11155172189076741,0.0990550418694814,0.09469946349660556,0.1562471717596054,0.15295570769480296,0.095289293676614761,0.013427710207179189,0.0073637922760099173,-0.056000470959891878,-0.15116181870301565,-0.064404572069179267,-0.0044221511821628413,0.059230487793684006,0.076610136893577874,0.04285696840712002,-0.0039308295769539354,-0.11256997319667236,-0.22783704882576353,-0.31666335016489028,-0.32133527486412611,-0.31450640925994289,-0.20993130141869187,-0.15079839341342449,-0.10159778808069936,-0.058137758113370068,-0.40998496221644537,-0.48897451600607705,-0.45661346665744124,-0.38356962919235227,-0.336444307457317,-0.20999866076137708,-0.17141107395291327,-0.17276722565293312
-0.21785147935152055,-0.33782043390803868,-0.34101316663953996,-0.26586849490801495,-0.17653120474682915,-0.072184723491470024,0.027454576765497524,0.094056964984961924,0.17307074616352716,0.16562637500464916,0.11396106705069542,0.11835398524999619,0.159228153526783,0.12186931818723679,0.0093859146349132058,-0.034410071248809494,-0.024238925116757553,-0.12836053719123206,-0.19598951439062753,-0.10959626493208549,-0.052527217815319695,0.051104988820631712,0.1134441498489607,0.034406539357195683,-0.062513314936633993,-0.19497172892093659,-0.29906831552153046,-0.3551455706357956,-0.32599561489545381,-0.30724963013614925,-0.26647775462179474,-0.21493239262524774,-0.18491709094072126,-0.15136085473684632,-0.52430963706462941,-0.5023196245942797,-0.43596413433551789,-0.37594529544865646,-0.33432830411654252,-0.20012757430473963,-0.14274329282343387,-0.12949646973893755
-0.27008123364713454,-0.35353555530309677,-0.29871989573751179,-0.22819967940449715,-0.15405485246862685,-0.0450563709406803,0.05072376442452272,0.13177485125405447,0.18382862706979117,0.16780710592865944,0.093663061835936132,0.093483801931142807,0.10738846007734537,0.0628077752480749,-0.057290894289811455,-0.089508389433224991,-0.0750791035592556,-0.166951855023702,-0.21427140509088835,-0.17915403957550341,-0.11937163156621597,-0.0044334434852417968,0.081423268254314146,0.06513460320623024,-0.10437322807653497,-0.25428066706215896,-0.33646380359476263,-0.38447349315339868,-0.35879240735717444,-0.36775726399251391,-0.32813935414437323,-0.25709778070449829,-0.26489814158968544,-0.3661243243597358,-0.64263403804405872,-0.53717567497178131,-0.40769910626113415,-0.33700432734830038,-0.30831385100329362,-0.19996988631430127,-0.13752916703621546,-0.10317450075557358
-0.34155281633138657,-0.36711835488677025,-0.30725029110908508,-0.24689711204596929,-0.15898315235972405,-0.04411887563765049,0.059050197014585137,0.14202747866511345,0.17113497480750084,0.11566960190733273,0.054309832242627941,0.052028601616621019,0.051680303364992144,-0.026718377756575745,-0.0950029669329524,-0.10273357480764389,-0.10194302598635356,-0.1731128752231598,-0.26908306100151758,-0.27625698943932853,-0.20571172138055166,-0.059004279086366296,0.011038109473884106,-0.00021411007956454627,-0.13305192017419773,-0.2366218799352646,-0.32002299107038057,-0.40504042716587291,-0.41565758802674035,-0.41577848685639246,-0.43060003221035004,-0.403887613695495,-0.29243066572937471,-0.48542559146881104,-0.53267815465829815,-0.40198739184889681,-0.37431004468132467,-0.32214077562093735,-0.27576711716560215,-0.20723472082096597,-0.17514949291944504,-0.1365565113723278
-0.37617784440517427,-0.38444877096584867,-0.33801604594503132,-0.28538716052259716,-0.16498446570975439,-0.040039765958984695,0.057270988555891175,0.14335992932319641,0.14881529410680136,0.067416924983263016,0.0072026830166578293,0.0039785089708554251,0.014090510735210652,-0.06112321031590303,-0.1237786915153265,-0.10495143830776214,-0.14446379616856575,-0.23233837783336639,-0.30808156728744507,-0.28477323597127741,-0.18078995897219732,-0.11021005440699427,-0.102961228007362,-0.062607658518986267,-0.14408080178228291,-0.20106274441436486,-0.28983489215373992,-0.39343877633412677,-0.45182412977402026,-0.50916922731058933,-0.4417613988572901,-0.23741073675808452,-0.2217867990895625,-0.38602604636031651,-0.42503332912997166,-0.370490864640282,-0.31841160242374128,-0.2876832922299703,-0.227291038324093,-0.1932068175325791,-0.18497763946652412,-0.15096844546496868
-0.43354009091854095,-0.40804218128323555,-0.37156202963420321,-0.29672433223043171,-0.14825870841741562,-0.019733790541067719,0.057249061763286591,0.1344767457672528,0.12103196552821569,0.016255041603775073,-0.034798875118472745,-0.034501589741557835,-0.024223898615067203,-0.1134614497423172,-0.15670627355575562,-0.1186252623796463,-0.15510253608226776,-0.25478588541348773,-0.28498861193656921,-0.20720897242426872,-0.12022219869223508,-0.082044146209955218,-0.15038811829355028,-0.1240568395704031,-0.12368107554705246,-0.17036933160346487,-0.28077114146688709,-0.47075580557187396,-0.59771066904067993,-0.73292570689628866,-0.59665655624121428,-0.31888708534340066,-0.16323339177064813,-0.21347849572135602,-0.049466110821695948,-0.29474873194154705,-0.31393951097050227,-0.22296030586585403,-0.160300717822143,-0.14762850447247425,-0.15965039553967389,-0.13009582124650479
-0.488643399306706,-0.45657515525817871,-0.39474065105120343,-0.29879855116208393,-0.13807704672217369,-0.019704649477110554,0.049389481145356386,0.10717727492252986,0.08649550875027974,-0.02512271413579583,-0.097156360745429993,-0.0765243268438748,-0.081339664012193683,-0.15204112976789475,-0.21453684568405151,-0.15252670645713806,-0.19418696761131288,-0.28655583411455154,-0.27932103276252745,-0.18609964421817235,-0.05912390278271315,0.0027750113180705477,-0.0954305889112327,-0.19607100387414297,-0.17434777884647765,-0.16727563544459964,-0.23017620868407762,-0.47416880376198711,-0.75173628807067872,-0.92638213881130871,-0.93017037212848663,-0.63668175171250885,-0.1822762426577301,-0.67725496575599764,-0.5212919736587549,-0.46694124923195951,-0.37802493843165313,-0.24811188677946727,-0.16825790244799393,-0.12229797146890474,-0.1568053825980141,-0.13057282567024231
-0.51506870559283668,-0.49222123622894287,-0.40894557038942975,-0.29700796802838642,-0.16131998226046562,-0.054239738998668532,0.033827661869249175,0.07495499104261398,0.035026153942453675,-0.07802408028926168,-0.14221033155918122,-0.134375461935997,-0.13510546460747719,-0.25836735963821411,-0.27083943039178848,-0.2036825180053711,-0.21335982382297516,-0.29815170913934708,-0.31498117744922638,-0.18204050014416376,0.0077207093967849184,0.10416179176952158,0.032765734744699376,-0.19880966802960948,-0.25656723976135254,-0.22719419538974761,-0.20819708637215875,-0.4877498849578526,-0.814759576762164,-0.9209987741929514,-0.89247478457058182,-0.80081594288349156,-0.809388657747689,-0.77920164294162042,-0.65106738540861342,-0.55598559677600856,-0.44564813813742471,-0.30763610878161024,-0.20981661975383759,-0.17716885924339296,-0.16920837901887439,-0.14781273085446584
-0.50431019919259212,-0.49923514823118847,-0.39357632398605347,-0.27452928253582548,-0.17253226041793823,-0.058546657860279086,0.024485315817097824,0.05509010454018911,-0.030839328747242691,-0.14229176193475723,-0.202388105293115,-0.21066571523745856,-0.22721017897129059,-0.32600179910659788,-0.34376546740531921,-0.26343666017055511,-0.23469215631484985,-0.31905842324097949,-0.34152203053236008,-0.2002584214011828,0.033077005855739118,0.1562670566714727,0.14915602884310134,-0.13160459682001688,-0.26363984848323624,-0.30228133885948744,-0.30132988678372424,-0.41191772052219938,-0.74008052547772729,-0.88955337267655588,-0.78990732772009709,-0.63276847472061981,-0.59987992970716386,-0.76654696158873725,-0.69225055310461259,-0.6410565972328186,-0.5021315049380064,-0.34249451653710727,-0.23425172324533816,-0.19604417749426581,-0.17327462065787541,-0.17459510031499362
-0.41528003215789794,-0.47346869111061096,-0.40185332298278809,-0.31130256752173108,-0.22281432747840882,-0.1016999427229166,0.0056069559417665,0.021379060763865709,-0.056369525939226152,-0.17044725517431894,-0.26682196805874508,-0.282448910176754,-0.30323580900828045,-0.40517998486757278,-0.42863542834917706,-0.34557871023813885,-0.25521568655967714,-0.26759188373883563,-0.25196107973655063,-0.11875062957406044,0.0576041754335165,0.14702332445553371,0.18902752460802302,-0.025053555960766971,-0.21694700606167316,-0.34791377072150892,-0.40778821468353271,-0.50082352899369742,-0.64846312786851612,-0.73024123268468044,-0.78882536600376,-0.66795240044593807,-0.57481123419368974,-0.63346771457616025,-0.60604491271078587,-0.55616872060683464,-0.4880113016281809,-0.35085349480311073,-0.24591836002137926,-0.20845347046852111,-0.17772005782240913,-0.15888542979955672
-0.33733322024345397,-0.41249618430932361,-0.38812058170636493,-0.34098567813634872,-0.2738164301429476,-0.15197395284970602,-0.060097348565856613,-0.026644798888203997,-0.10863966060181458,-0.21061961054801942,-0.30723636597394943,-0.3453999638557434,-0.35373346010843915,-0.40625648498535155,-0.4440121054649353,-0.36583276838064194,-0.2121359147131443,-0.14199422299861908,-0.071701860055327415,-0.01736499612323112,0.072476773626274527,0.12237726094631049,0.18340636240808586,0.045434789518670492,-0.13089459870010614,-0.30166415481463721,-0.41455502187212306,-0.61383429280033819,-0.75854375561078391,-0.68200946648915606,-0.53293607358274786,-0.452281528711319,-0.524276381189173,-0.5701528327805655,-0.53765056096017361,-0.43673578090965748,-0.40382888562539043,-0.31205639441808064,-0.20944606065750121,-0.17870215055617419,-0.18488991734656421,-0.14371378798233836
-0.2746502508719762,-0.35295294225215912,-0.39935347437858582,-0.37207132577896118,-0.32023797432581586,-0.2221592552959919,-0.13319829255342483,-0.083567413687706,-0.12908545322716236,-0.22591196993986765,-0.31642369031906126,-0.38034719228744507,-0.38213527947664261,-0.394293375313282,-0.41921941936016083,-0.36073482781648636,-0.21952791512012482,-0.11952765037616094,-0.037003788538277148,-0.028436203503386222,-0.001089555283005421,0.092467425062375916,0.13255848304221504,0.074267548881471163,-0.039440152790540688,-0.21667832963996464,-0.39121782909268921,-0.58273464068770409,-0.74472156939683132,-0.7371966562100819,-0.46462083701044321,-0.26346535235643387,-0.31990112057503534,-0.59153631329536438,-0.57514996142000763,-0.36713489890098572,-0.30737016085655461,-0.26645680020252865,-0.18527011413659369,-0.10872016909221809,-0.11876405349799565,-0.12011456489562988
-0.20128002390265465,-0.29278986901044846,-0.38735296328862506,-0.39503551721572877,-0.35023894309997561,-0.26897564902901649,-0.18539945781230927,-0.1532625064253807,-0.18637243658304215,-0.25545381009578705,-0.33036779761314394,-0.39709076285362244,-0.40218750387430191,-0.36559443672498065,-0.344374293088913,-0.29294780890146893,-0.22818392217159272,-0.13146149987975755,-0.044459906406700611,-0.086395341225645753,-0.077673470401870351,0.027365575777366757,-0.0022997985128313304,-0.0038725965741005812,-0.0029579184095685682,-0.029071951222140343,-0.21768760725855826,-0.49635483269338254,-0.67565016400429512,-0.78757420579592385,-0.54030730356188383,-0.35903169853346689,-0.35839835181832314,-0.51641175911781634,-0.51964238848326338,-0.31880949152276872,-0.28014260195195673,-0.23869297001510859,-0.19349640722458178,-0.10425325855612755,-0.065412740182617432,-0.04605959305384507
-0.13280600681900978,-0.23168871551752091,-0.34257508814334869,-0.37882556021213531,-0.3592967689037323,-0.29444796840349835,-0.23942891756693521,-0.22504266599814096,-0.23837572708725929,-0.28322222232818606,-0.34483093023300171,-0.39367162436246872,-0.39918489754199982,-0.32588569819927216,-0.24020965024828911,-0.18744232878088951,-0.15947038307785988,-0.13896906822919847,-0.05537358159199357,-0.078310299326073043,-0.078233201343279615,-0.039198653306812048,-0.11531213282243065,-0.11791346939625563,-0.097557577447822466,-0.045960788667963985,-0.070073676983947342,-0.25255944579839706,-0.47503219807849212,-0.64165465320859638,-0.58517234873127288,-0.53013914259704387,-0.469435536613067,-0.45288792216634177,-0.30734179192222655,-0.20480121903378387,-0.15794473455140465,-0.15555739381483624,-0.13560815826058387,-0.096635584030300384,-0.079809885641390632,-0.03869314091703431
