SouthSea_Web/demo/jsonfile/2017-12-16-13.json
{"header": {"parameterUnit":"m.s-1","parameterNumber":3,"dx":0.1,"dy":0.1,"parameterNumberName":"Northward current","la1":29.0,"la2":12.0,"parameterCategory":2,"lo2":131.0,"nx":250,"ny":171,"refTime":"2017-12-16T13:01:52.5","lo1":106.0}, "data":
[rows 76 to 94 of 171, columns 0 to 42 of 250]
0.0,0.0,0.0,0.0,0.0,0.0,0.0,0.0,0.0,0.0,0.0,0.0,0.0,0.0,0.0,0.0,0.0089369582336595553,0.0065023963005074016,0.083482562604895269,0.025343786157981579,-0.0081957581369351828,0.021886902155529242,0.056191142927485678,0.03751406522933394,0.012208779587732957,-0.03879959482389192,-0.06142150456535405,-0.007249843055051902,-0.036443599180451459,0.012798746161715826,0.054493309993665875,0.018365976022583448,-0.080733538208164646,-0.076676884446752025,-0.064436427389507389,-0.17931986180976234,-0.074188290488224548,-0.14879816532661411,-0.054848145702398259,-0.030481471830086471,0.0,0.0,0.0
0.0,0.0,0.0,0.0,0.0,0.0,0.0,0.0,0.0,0.0,0.0,0.0,0.0,0.0,-0.030328417128425669,0.0055354344637839129,0.032566480366226946,0.023144551265124109,0.0042396341333538244,0.016739290452236533,-0.011921560631599278,0.1045152607919841,0.0638018332214819,0.048853058367967606,-0.0035686971080538476,-0.065097818151116371,-0.10243175178766251,-0.077783635713987886,-0.049714608956128357,0.0023701577308765124,0.0038360157022907515,-0.00809415389614349,-0.079978782493545078,-0.069604828829566631,-0.0329833206462784,-0.079867367431320044,-0.089915128749961409,-0.27356949597597124,-0.20736220720239351,0.0,0.0,0.0,0.0
0.0,0.0,0.0,0.0,0.0,0.0,0.0,0.0,0.0,0.0,0.0,0.0,0.0,0.0,-0.0441900723482023,0.060228612782482649,-0.12120279852158145,0.031583665942337032,0.054450723716886279,0.048713771141793386,-0.01015974076138867,0.14244547203697008,0.0680222127897044,0.021604460419008608,-0.036223298864735458,-0.090930096805095673,-0.12740923687815667,-0.088480688631534576,-0.066457086641873636,-0.020469955606933904,-0.01950811695794321,-0.031221992110438419,-0.023371410183608533,-0.02454476706811369,-0.023362579109179306,-0.066696564356486007,-0.16914282744336459,-0.17913721575919125,-0.12804077220930449,0.0,0.0,0.0,0.0
0.0,0.0,0.0,0.0,0.0,0.0,0.0,0.0,0.0,0.0,0.0,0.0,0.0,0.0,-0.084988708697980447,-0.15184978550078218,-0.1286142451238394,-0.0030831695873273315,-0.015127533291116451,0.099884838446640686,0.11396496545057744,0.071481105250616864,0.038438475320369682,-0.018312207626877353,-0.070356120541691783,-0.09371054793397586,-0.1035510173865727,-0.065546881407499313,-0.055204205214977264,-0.034141521235661845,-0.024872653496762116,-0.1086121605072386,0.010772094308935188,-0.0037834685146143393,0.0030449274668676984,-0.0813854822772555,-0.23904347632612502,-0.23075243028933587,0.0,0.0,0.0,0.0,0.090468121569491688
0.0,0.0,0.0,0.0,0.0,0.0,0.0,0.0,0.0,0.0037759700499009341,-0.0021657404070278322,0.012003198057767133,0.018438735447396815,0.011942950467160249,-0.048605365288303205,-0.1188700208430139,0.053458248004000813,0.02395805775566966,-0.069790382986903432,0.10977735724203133,0.10732817756278175,0.057984166093828046,-0.0043665897877266007,-0.055516480002552271,-0.090081706643104553,-0.0914798987408479,-0.080726684736354012,-0.051598821456233658,-0.036803545223342046,-0.02087209342668454,-0.00032831503943141015,-0.12755398319581943,-0.028404932084959,0.0088152861156101745,0.018953033551377684,-0.011735510600444216,-0.11711461300199683,-0.17422592191809705,0.0,0.0,0.0,0.0,0.2841615409018135
0.0,0.0,0.0,0.0,0.0,0.0,0.0,-0.6245543777942657,-0.015347018730077858,0.01781030453012028,0.0068620071427724092,0.088768922929988864,0.11596938122684623,0.16989826190499052,0.011014487747461842,-0.023386185442836119,0.00847374098075013,0.0406912838365575,0.020539442159261713,0.074603978183961681,0.061484059264116431,0.0068635762436315417,-0.06507622290934835,-0.089936899642149612,-0.10139931291341782,-0.08191095168391864,-0.063033547252416611,-0.033788385801017284,-0.019194337273282663,-0.011921356698232037,-0.012887469193499004,-0.040114917659333775,-0.018917570716108788,0.043158191550326977,0.08410566914826631,0.074980083949350074,-0.046101383652977564,-0.12447596219729404,0.0,0.0,0.0,0.0,0.15126546411588818
0.0,0.0,0.0,0.0,0.0,0.0,0.0,0.0,0.046114027014963567,0.17663126284086111,0.25224016926118303,0.22580496048924811,0.23421403010788203,0.23341539013199508,0.056619714378578018,0.00082990959853432094,0.11055955151095986,0.064134123242076707,0.015728118435834489,0.017022546372997265,0.0018083597067743539,-0.058382605016231534,-0.11448307894170284,-0.11257746070623398,-0.10045164078474045,-0.068730715662240982,-0.04948982074856758,-0.022833219330225672,-0.005129171215230599,-0.006715780767586289,-0.021281095803715289,-0.039425695687532424,-0.022023768463016798,0.044074963621824281,0.1313941290504054,0.15944170294439092,0.09603477961654254,0.00189820075008486,0.012326077359162649,0.0,0.0,0.0,0.0
0.0,0.0,0.0,0.0,0.0,0.0,0.0,-0.032439779135106941,0.18352283296796182,0.19180278064402734,-0.029443067125681364,-0.072044936660636008,0.023822746199180581,0.12401238520990829,0.0067870144649413823,0.021674014173359388,0.12787388505474215,0.057555493410854114,0.025790250394493341,0.0037787441267735427,-0.055141333490610123,-0.10609423816204071,-0.13487004240353903,-0.12096397578716278,-0.11403573676943779,-0.072372391819953918,-0.037790410220623016,-0.0093739299724499379,-0.0043878122981238577,-0.010021030183204195,-0.025173892499879003,-0.044051596894860268,-0.0317046378667538,0.027322846308571139,0.11574509083515122,0.24839238739675945,0.2508714209342825,0.084653091102425221,-0.029649459399129576,0.0,0.0,0.0,0.0
0.0,0.0,0.0,0.0,0.0,0.0,0.02584870777722071,0.06837028159902224,-0.097919593410994349,-0.2393612957153565,-0.23155043125152588,-0.13269774757680439,-0.046178504382857144,0.072813454498019486,0.027318825850401213,0.0508110694911169,0.048558345374961696,0.021082305174786597,0.013290593659298288,-0.032311663297670226,-0.10976874455809593,-0.13233918510377407,-0.11948203667998314,-0.11766389012336731,-0.079670999199151993,-0.051622768243153892,-0.032089153304696083,-0.013286165699052313,-0.011588727938942611,-0.016140127687581947,-0.028965131565928458,-0.050370543729513884,-0.035252284801875554,0.039023705143335974,0.12799596207009423,0.27020249559598808,0.39422633977872984,0.30478932933718689,0.096887288819781911,0.0,0.0,0.0,0.0
0.0,0.0,0.0,0.0,0.0,0.0,0.02303160425330273,-0.078025007356209528,-0.13964286456205721,-0.064771070674760262,-0.012060825955932554,-0.04779316911375836,-0.00550869086291641,0.064410676481202245,0.068845780237632645,0.063079528948839975,0.054361057109557666,0.026342644652521067,-0.023340401239693165,-0.092388828098773954,-0.13563058276971182,-0.1140354685485363,-0.10981328785419464,-0.10618425905704498,-0.082220632582902908,-0.041528819128870964,-0.027467257343232632,-0.023800444789230824,-0.017754772367576759,-0.010573658316085735,-0.026564911939203739,-0.055389047041535376,-0.029152838513255119,0.040935230612950887,0.16721881677707037,0.27308615526327717,0.45500141325986609,0.45063527178975332,0.32403905296179852,0.00079858247018246744,-0.014598459950110946,0.0,0.0
0.0,0.0,0.0,0.0,0.0,0.0,-0.069358943015686236,-0.12108980330145534,0.065671960512797042,0.12617255392528715,0.12849429994821549,0.0863280612975359,0.0799532701762823,0.0482994777460893,0.068224623400185785,0.07547523318366571,0.045475993305444717,0.0028947138926014304,-0.058798885345458983,-0.1177150160074234,-0.13801298290491104,-0.094678934663534164,-0.078357622027397156,-0.089306499809026718,0.0,-0.047750413417816162,-0.031711937859654427,-0.032255752633015312,-0.022556782234460115,-0.00604299564147368,-0.032131755817681552,-0.062896171415394,-0.022603008908366685,0.086375495618475337,0.1622377306674466,0.33084014450248916,0.44768869545724654,0.5628245745567565,0.50928600052637718,0.040298814080644306,-0.015300747215098574,0.0,0.0
0.0,0.0,0.0,0.0,0.0,-0.54241532749599886,-0.15143818327048716,-0.032971338944180924,0.12427233532071114,0.16316516697406769,0.17245413114627203,0.14799065834709577,0.12488259077072143,0.098914523608982563,0.10061473399400711,0.081772540882229808,0.028426371132289723,-0.026892014113920077,-0.10155743807554245,-0.11912762746214867,-0.10853346437215805,-0.083405639976263046,-0.07645966112613678,-0.068091064691543579,-0.05314265750348568,-0.043770238757133484,-0.045802641659975052,-0.040597079942623772,-0.028979631513357161,-0.0072166708091066945,-0.041324617771001965,-0.076933957636356354,-0.033824318749024175,0.10030454423810754,0.19931537488050627,0.31068296219621389,0.44747157506644725,0.6930060014128685,0.72892966330051423,0.25045846924132836,-0.036180192269692373,0.03984420499846078,-0.014817748855363341
0.0,0.0,0.0,-0.0968937228123347,0.026787002606560677,0.014891473375774041,-0.1861647400957874,-0.13561004795262527,0.12600981466033878,0.20699566106001535,0.20824901301127213,0.18229986591772598,0.15411812191208205,0.12730120205216938,0.11345706880092621,0.071129453678925827,0.017106502811657265,-0.054268960142508149,-0.10906968389948209,-0.069951916734377548,-0.0442492701113224,-0.053862979635596275,-0.054543236270546913,-0.051198266446590424,-0.043768033385276794,0.0,-0.053236422439416252,-0.05984001886099577,-0.027853424328246286,0.0020886381518923575,-0.050951337929637658,-0.0771000480486287,-0.04513868622519579,0.024598896317813243,0.096801190878100254,0.27263036897086135,0.35627431109129826,0.48211281001567841,0.64857690525054934,0.19378113294087215,-0.046595398351856346,-0.049186828142439021,-0.25516055850780117
0.0,0.0,0.00081912684254348278,-0.0584278112715658,-0.026747154599111644,-0.14455825803761788,-0.25827176778605487,-0.069090235594723548,0.16691218713919323,0.228446209972555,0.22962769865989685,0.21359076723456383,0.17461044092973074,0.14634495601058006,0.11172216468387181,0.058107752352952957,-0.016414716723375022,-0.080756767342487976,-0.057133560243528336,-0.016436125850304961,-0.022522012703120708,-0.031902212649583817,-0.03938145749270916,-0.045725688338279724,-0.053397232666611671,-0.057232538238167763,-0.071899930636088058,-0.059808769573767982,0.0027783388892809549,0.00097493768522613922,-0.05597171290881104,-0.049738519003286082,-0.027004880256783742,-0.016892354008040924,-0.011308190425123444,-0.068962028479401138,0.011893993495876613,0.19357101496388304,0.28304139124460459,0.098634124804850648,-0.1951730434757461,-0.374909348445001,-0.17605831908032057
0.019609014189088756,-0.40014915076143881,-0.06719806520889203,-0.096234480308931933,-0.19256769716739655,-0.20582873108131544,-0.092476450867252424,0.08490096790095171,0.18207608908414841,0.23704531416296959,0.26168567314743996,0.24478068388998509,0.19211317040026188,0.15306909382343292,0.10961481609514781,0.049939499391863741,-0.040279468521475792,-0.045971626415848732,0.00011488527525216341,0.020314579363912344,-0.007485042791813612,-0.019514001905918121,-0.042732741683721542,-0.056606676429510117,-0.064280502498149872,-0.06716369092464447,-0.054690467193722725,-0.0077620428055524826,0.026255119724997451,-0.010181647201534361,-0.080746217795154632,-0.089128781714149424,-0.11379985650154677,-0.11168329600916534,-0.14822810409324511,-0.29236451465988633,-0.22766988641685909,0.15446737060437682,0.075191640529136211,0.0062851852972458291,-0.051363094061472617,-0.28298305118156686,0.061538032514363294
0.043982348992931249,-0.060918527175465149,-0.15611564176965898,-0.25413098477798962,-0.20190591447055339,-0.012833608983783051,0.10698054575671752,0.17826406522230667,0.21765965372323989,0.2552051626973682,0.2552221483654446,0.2298505206902822,0.19162303635052272,0.15207881586892263,0.10538286864757537,0.051857896459599338,-0.033007698405223586,-0.021955884527415037,0.034756932407617569,0.024938612555464108,-0.00017218658467754722,-0.028584655374288559,-0.045748060569167137,-0.054718481376767159,-0.066707830876111984,-0.063665255904197693,-0.030219773761928082,0.027183357346802949,0.03282836483170589,-0.038158450001741159,-0.11242872221689475,-0.12987691810464158,-0.17645355748961289,-0.086616096048105232,0.0059047854906668458,-0.11629213105396567,0.0,0.0,0.0,-0.01029768417804287,-0.019276457765954547,0.0,0.0
-0.15842433032151815,-0.32082172875763265,-0.24305337376710845,-0.16391589879989624,0.019502079912594388,0.12049791935299124,0.16552042588591576,0.18541542589664459,0.21114086608091989,0.25860703736543655,0.26196563839912412,0.23707501590251923,0.199595774213473,0.15527172386646271,0.099789054691791529,0.056723832152783871,-0.0087836600335625317,0.027917159721255302,0.037074828520417213,0.030553836996356647,0.022981636226177216,-0.014611520183583101,-0.041616635397076607,-0.04364355094730854,-0.037171448580920696,-0.026739498600363731,0.028354295529425144,0.040474496471385159,0.0058432924561202526,-0.064324977342039347,-0.10716613124196346,-0.12889887105141368,-0.15217323950252637,-0.0048094851791814254,0.0,-0.0089826069452101365,0.0,0.0,0.0,0.0,0.0,0.0,0.0
-0.24956795397926779,-0.24548196064101324,-0.14324028244636095,-0.013431575459738573,0.10144502217216152,0.13351870179176331,0.15210676855511135,0.18097988764444986,0.21695925295352936,0.25789457559585571,0.26240231990814211,0.23972346633672714,0.18935645620028177,0.1465211182832718,0.10327297076582909,0.054296906571835279,0.031818386167287827,0.027286909520626068,0.05766645073890686,0.0,0.0166323222219944,-0.017483478412032127,-0.011661855038255453,-0.0063226486866672831,0.0030697534093633294,0.017920099664479494,0.039318260736763477,0.023481691558845341,-0.024926302147408326,-0.031402825268314165,-0.030226238787566362,-0.0704184325072371,-0.036490683728549848,-0.0070023125558286168,0.0,0.0,0.0,0.0,0.0,0.0,0.0,0.0,0.0
-0.27531390507961168,-0.038839176212522114,0.0364141499157995,0.0567127291399699,0.10140089893882925,0.11883013867414914,0.11791120655834675,0.1864465456455946,0.23216467102368674,0.2566109299659729,0.26009391993284225,0.22790800034999847,0.18688655396302542,0.14413660764694214,0.094478864222764969,0.048479927703738213,0.021695920964702964,0.051943250000476837,0.060785531997680664,0.056054074317216873,0.024528262515862782,0.0053315135883167386,0.045470356941223145,0.050214219838380814,0.030676120426505804,0.035640675108879805,0.0222268751822412,-0.00073696297476999462,-0.016864756299626259,-0.020474792015232633,-0.049217420170622826,-0.052931136911428429,-0.026028716471046209,0.0,0.0,0.0,0.0,0.0,0.0,0.0,0.0,0.0,0.0
