SouthSea_Web/demo/jsonfile/2017-12-16-16.json
{"header": {"parameterUnit":"m.s-1","parameterNumber":3,"dx":0.1,"dy":0.1,"parameterNumberName":"Northward current","la1":29.0,"la2":12.0,"parameterCategory":2,"lo2":131.0,"nx":250,"ny":171,"refTime":"2017-12-16T16:01:52.5","lo1":106.0}, "data":
[rows 133 to 151 of 171, columns 43 to 85 of 250]
-0.45021381122725351,-0.43658783286809921,-0.40052256584167478,-0.35342503019741606,-0.3348731441157205,-0.29389485987749969,-0.25302936695516109,-0.16801519337154569,-0.13336250289006435,-0.23672837718033496,-0.25376581928033509,-0.24917707208431128,-0.2067008413374424,-0.11961904246556132,-0.047681947581862151,0.0067570490755315404,0.019104845490992853,0.0077839123784898493,-0.012638278892202499,-0.040470775030553338,-0.018516184816903928,0.0020729874668177217,0.0403150936588645,0.087712260997957647,0.14325273688882589,0.16600950248539448,0.20086329927047095,0.23358880231777826,0.26899548371632892,0.26887012024720508,0.2401736399957112,0.17175879081090292,0.0718766892185578,-0.0727093844107003,-0.22416480098451888,-0.1578778363764286,0.053153925002194367,0.10587322126541819,-0.0025688375426398125,-0.070357257500290871,-0.11828803013150509,-0.070137197428266518,-0.1109006108183946
-0.465141304901668,-0.47201544543107349,-0.46925614029169083,-0.42245831234114511,-0.39919151365756989,-0.32645692825317385,-0.25298459231853487,-0.17929807119071484,-0.189977765083313,-0.27561725601553916,-0.29856478981673717,-0.27454648911952972,-0.21296613189307126,-0.12872276053978846,-0.045547484885901213,-0.0017846744012786076,-0.00916824471205473,-0.0099555540073197335,-0.045696785549322765,-0.067077283064524332,-0.042411502326528232,-0.013698232243768871,0.042968859637363091,0.10693837170089994,0.14280196172850473,0.17207491695880889,0.2229393243789673,0.27164242664972943,0.2930627167224884,0.28941888610521954,0.25289404392242432,0.18658150732517242,0.086928663376186571,-0.041617081196119,-0.070351800451485008,0.012468507114265646,0.072433853832383946,0.054766219730178513,-0.063936278282199055,-0.1813031749001571,0.034755192697048187,0.18421229417435825,0.19261784851551056
-0.4639439582824707,-0.45969867706298828,-0.44275110363960268,-0.39635693281888962,-0.38390522003173827,-0.31091377884149551,-0.26086012522379559,-0.23581988923251629,-0.27335493905203684,-0.31631403788924217,-0.31370710730552676,-0.28355395421385765,-0.19306801557540892,-0.11104647293686867,-0.039148451838021479,0.0083146609011402525,0.013581991661339998,-0.021435973019554064,-0.054863925816284284,-0.058136918328025124,-0.044742212113406926,-0.017861401351789635,0.0327842789036887,0.077205344413717583,0.1175116179510951,0.15896502733230591,0.20447377860546112,0.24056769907474518,0.25325037787357968,0.27055544086865019,0.26601422684533255,0.22675844530264536,0.16687036554018656,0.1062181821713845,0.10272643466790517,0.093472848513296666,0.044603441567981947,0.000749629671470477,-0.056819559873214791,-0.10865586722890536,0.1990723757694165,0.29685265620549522,0.30318875266955447
-0.429662823677063,-0.4357370972633362,-0.41170518100261688,-0.35108787318070728,-0.30599487423896787,-0.25855258107185364,-0.23850956857204436,-0.26575051248073578,-0.30664495229721067,-0.32458768784999847,-0.29532571964793736,-0.20666268654167652,-0.11128529657920201,-0.06253044493496418,-0.02843562869185751,0.0057248586963396519,0.01201270699966699,0.013170035478348533,0.011214000130580231,-0.0062766773844487034,-0.019184631398982473,-0.017291619442403316,0.011977318237768486,0.061324896663427352,0.11206346963133131,0.14675590097904206,0.1746370792388916,0.2067739243308703,0.25624118745326996,0.30611474812030792,0.29367856894220623,0.25603746303490232,0.21989592351019383,0.18705155226317319,0.17178992182016373,0.14862193043033281,0.11508097912051848,0.082965141627937555,0.079527967809034247,0.094563180658345417,0.24835310131311417,0.29356261004101147,0.28783196873135036
-0.39424435794353485,-0.38090730139187406,-0.35543213039636612,-0.29143593907356263,-0.25315574929118156,-0.23407178223133088,-0.24270508544785635,-0.29595308218683514,-0.33192109465599062,-0.32450783625245094,-0.25083253532648087,-0.14466349863343769,-0.080445513806559829,-0.049811943123737969,-0.031774589791893959,-0.043204522558621,-0.036730546175557023,-0.016011394870777924,-0.0087411962449550629,-0.018720860659543957,-0.023162341793067753,-0.010587128810584545,0.030213920826402802,0.075248598431547478,0.12415955464045207,0.15735193838675818,0.19681960046291352,0.22176181276639304,0.27720357477664948,0.2956596314907074,0.29172997815268381,0.27836487122944426,0.2548631876707077,0.22179820574820042,0.19991904248793921,0.18483361388955796,0.17121139168739319,0.14955452270805836,0.14193368454774222,0.16437433908383051,0.21302396953105926,0.24965569589819228,0.25102573335170747
-0.36951868236064911,-0.37167845666408539,-0.34002930777413504,-0.27531197667121887,-0.24121431012948355,-0.23725979775190353,-0.2707158972819646,-0.3130214512348175,-0.34195137449673246,-0.33033819496631622,-0.24242326830114638,-0.17508762578169504,-0.14570221453905105,-0.11742168975373109,-0.094414138297239936,-0.085711999485890075,-0.076644414488007045,-0.043225728208199143,-0.023148062949379284,-0.016390243239584379,0.000888446889196833,0.053533443715423346,0.092111770063638687,0.1195650366800172,0.15417122840881348,0.19230539798736573,0.2286253422498703,0.25637994408607484,0.27245596051216125,0.28560962847300936,0.285097673535347,0.27642418657030376,0.24384261419375738,0.21271017690499625,0.19485931843519211,0.19399251341819762,0.18526372561852136,0.17075801889101663,0.166093111038208,0.17253907024860382,0.19313410222530364,0.21134448796510696,0.22081419825553894
-0.3919389396905899,-0.39025352001190183,-0.3690565327803294,-0.30719069143136341,-0.26745682458082837,-0.2694108635187149,-0.29263294935226442,-0.33172298754964558,-0.35187478363513947,-0.33408937851587933,-0.29964698212487356,-0.2594866082072258,-0.21115558594465256,-0.18387582302093505,-0.16856755129992962,-0.12288059899583459,-0.091397784650325775,-0.054763533920049665,-0.013884135935869481,0.0012747910805046558,0.041217833058908582,0.092770616710186007,0.11490277387201786,0.14465843327343464,0.17598221451044083,0.20699437175478255,0.22862226665019989,0.246364064514637,0.26682886481285095,0.271841025352478,0.2599761039018631,0.24196666230758032,0.22484207153320313,0.21849924325942993,0.21436705936988196,0.19923135141531626,0.186730545014143,0.17041431367397308,0.16758666932582855,0.16451355318228403,0.16098948940634728,0.16464429597059885,0.1789066456258297
-0.42148069043954212,-0.43765767912069958,-0.40427808761596679,-0.33721073865890505,-0.28942884504795074,-0.27702388167381287,-0.30137584464890615,-0.3523113677899043,-0.37802157998085023,-0.36700392514467239,-0.35666727026303607,-0.31716474039214,-0.25895539257261491,-0.20821491008003554,-0.142410047352314,-0.096237438032403588,-0.057550923029581709,-0.017198201191301148,-0.0086599710040091947,0.0034198902547359468,0.068883771076798439,0.1052632387727499,0.1267634779214859,0.16741348505020143,0.19019318372011185,0.20526617392897606,0.22041794409354529,0.23509107530117035,0.25703208893537521,0.25285308559735614,0.24400560259819032,0.23872056305408479,0.23190753906965256,0.22445549070835114,0.21563017666339873,0.19617219865322114,0.17942652478814125,0.1617070771753788,0.15280281752347946,0.1457330696284771,0.13733283678690592,0.14455001056194305,0.14839651683966318
-0.49007593095302582,-0.48368483781814575,-0.41859097480773927,-0.36283456087112426,-0.31229920188585919,-0.28983784914016725,-0.30369501312573749,-0.35043596369879587,-0.38100588818391162,-0.3962937667965889,-0.39275484283765155,-0.34525113180279732,-0.296912744641304,-0.22869783043861389,-0.13873944710940123,-0.059168014302849771,-0.029575348314311769,-0.007208946601167554,0.02057740610325709,0.060919310099312236,0.10423343069851399,0.12347898446023464,0.15464518368244171,0.18810324370861054,0.20443045347929,0.21699675321578979,0.22686987519264221,0.23823880900939307,0.25355345606803892,0.25224878787994387,0.24768274426460266,0.24299346506595612,0.22703324258327484,0.21627313196659087,0.20338355004787445,0.19414138793945313,0.18268505334854127,0.1607479527592659,0.14530909806489945,0.135724276304245,0.13205797970294952,0.13257405161857605,0.12911813333630562
-0.53718191385269165,-0.48361613353093463,-0.42136932164430618,-0.38134496808052065,-0.33952905734380084,-0.33584931067058016,-0.34200625334467205,-0.36324198544025421,-0.38143910765647887,-0.39610763107027325,-0.37631716827551526,-0.33917883038520813,-0.30466867344720022,-0.23164148297574785,-0.13895419074429405,-0.071808249290500364,-0.022370419531528438,0.010437961714342237,0.069034625376973829,0.12258551801953997,0.15689290761947633,0.18259399831295015,0.1782520157950265,0.19031936426957449,0.20541121959686279,0.20617719988028208,0.2032659575343132,0.22497376054525375,0.23343307276566824,0.22781778126955032,0.24019544571638107,0.23780593276023865,0.23177805840969085,0.21762343868613243,0.20530263582865396,0.19758034497499466,0.18971101442972818,0.16458849608898163,0.14048629502455393,0.13078624506791434,0.13009747117757797,0.12167571733395259,0.11565574258565903
-0.52332324385643,-0.46892766654491425,-0.41599183281262714,-0.39192738533020022,-0.38610105216503143,-0.3968500743309657,-0.40509885549545288,-0.40847642506871906,-0.39015530049800873,-0.36689108014106753,-0.34506800174713137,-0.280932469027383,-0.23019761059965407,-0.17282346189022063,-0.12618201971054077,-0.067890627043587823,-0.018756715697236359,0.042484934752186142,0.12133688692535673,0.19334904849529266,0.25098510583241779,0.29115562637646991,0.28646617631117505,0.2573920413851738,0.24688246846199036,0.22165735363960265,0.19733485877513884,0.20572342723608017,0.20169651011625925,0.20491325855255127,0.20866802583138147,0.22288736328482628,0.23231192926565805,0.23638497665524483,0.22084325179457665,0.21031133333841959,0.19135236740112305,0.15821518748998642,0.12947569191455841,0.12373584136366844,0.12280180677771568,0.11416583880782127,0.10041221231222153
-0.51776103973388676,-0.46703598399957019,-0.4352656677365303,-0.42289504408836365,-0.43968690931797028,-0.44860694805781048,-0.43915306329727172,-0.43499922752380371,-0.39466973145802814,-0.349500373005867,-0.29100195070107776,-0.24468818679451942,-0.21060984830061594,-0.17867961277564368,-0.12194046253959338,-0.047542965970933437,0.015154659495844195,0.096000378951430321,0.17977682501077652,0.2657381072640419,0.33249579866727191,0.33606820305188495,0.321409709751606,0.30581835905710858,0.28143499791622162,0.24277784302830696,0.21936440467834473,0.20072008669376373,0.18508933484554291,0.18033994361758232,0.19897600015004477,0.21519231299559274,0.23262604822715124,0.24037393182516098,0.23404994979500771,0.213001882036527,0.18540922701358795,0.14657747372984886,0.12403916319211324,0.11645646765828133,0.1193150095641613,0.10741835335890453,0.094929538667202
-0.503854105869929,-0.47859854499499005,-0.460259477297465,-0.45924472312132519,-0.46817137797673541,-0.4719336416040148,-0.45921972890694934,-0.44338513165712357,-0.39838889241218567,-0.33562511205673218,-0.27898433307806653,-0.23542812963326773,-0.20367972254753114,-0.172109916806221,-0.11630560755729676,-0.024009798467159272,0.090747660957276821,0.17321634888648987,0.24860009799400964,0.33644544333219528,0.36003357172012329,0.3475252166390419,0.33011798262596131,0.32286472618579865,0.30784744024276733,0.27516602476437885,0.24096333384513854,0.19790821522474289,0.17568931976954141,0.16839440912008286,0.18229305744171143,0.20078174769878388,0.22316256165504456,0.23529664178689322,0.22858656197786331,0.20266825333237648,0.1721886433660984,0.13223523832857609,0.10847142338752747,0.10214566936095555,0.10593917220830917,0.10662759095430374,0.094709306955337524
-0.48882116377353668,-0.47700825333595276,-0.46782440543174741,-0.46854817271232607,-0.47798797984917957,-0.47653462489446,-0.45940001308918,-0.42546225090821582,-0.37702516913414,-0.302104651927948,-0.25055338814854622,-0.197002482910951,-0.15550062557061514,-0.11940017901360989,-0.04495797713752836,0.047229067189618945,0.1677183449268341,0.25997713704903919,0.30778400599956512,0.33775601536035538,0.33888063430786131,0.32631738483905792,0.325445219874382,0.32411256432533264,0.306594705581665,0.27919924259185791,0.238576278090477,0.19764836132526398,0.1770647644996643,0.16610950976610184,0.17871328691641489,0.2062569260597229,0.23055465519428253,0.23180586397647857,0.21871242920557657,0.19419807195663452,0.16003404930233955,0.127414857968688,0.1024028331041336,0.09425811842083931,0.10391923785209656,0.10514930263161659,0.097749959677457809
-0.48936209082603455,-0.473359078168869,-0.47702522575855255,-0.48462650179862976,-0.47986560634204317,-0.46754711866378784,-0.44100011140108109,-0.38538549343744916,-0.32879998087882994,-0.27021098881959915,-0.20446864962577821,-0.14314996202786764,-0.089901039997736618,-0.054346198681741953,0.009327995590865612,0.11336349509656429,0.21013128012418747,0.26656870543956757,0.31091210742791492,0.31843894720077515,0.31512609124183655,0.31117306152979535,0.31196671724319458,0.30838271975517273,0.28699108958244324,0.25425273180007935,0.21552756801247597,0.1939526081085205,0.18278601268927255,0.18461491167545319,0.192898690700531,0.21731724590063095,0.23158557340502739,0.23041706532239914,0.2115484724442164,0.19376877943674722,0.16527549922466278,0.13066743314266205,0.093241165081659957,0.096918225288391113,0.096099048852920532,0.10457991808652878,0.10310998931527138
-0.518995726108551,-0.49945790001324247,-0.49891979247331619,-0.50480026006698608,-0.49001116305589676,-0.45275890082120895,-0.40366705258687335,-0.34289741516113281,-0.29388504624366762,-0.21651695668697357,-0.15722681954503059,-0.097962448373436928,-0.034018664248287679,0.022965021897107363,0.094134365518887833,0.16605935096740723,0.23195807337760926,0.27446290850639343,0.29487376411755878,0.30066019892692564,0.30399129788080853,0.31248886585235597,0.30623211711645126,0.29142305254936218,0.2668385863304138,0.23388192057609558,0.20516080657641092,0.18517459183931351,0.18390240271886191,0.19764870107173921,0.21679021914800009,0.23586300387978554,0.24564259250958762,0.23829009135564169,0.21867576986551285,0.19684422761201859,0.1606106236577034,0.127375066280365,0.092692218720912933,0.087454628199338913,0.0930214636027813,0.10261450335383415,0.10095292329788208
-0.552794873714447,-0.53083078563213348,-0.52977726459503172,-0.52444875240325928,-0.50071848928928375,-0.44029153585433961,-0.366820827126503,-0.31275905668735504,-0.25863920152187347,-0.20309209326903024,-0.12501543574035168,-0.06692889891564846,-0.010540630493778735,0.062093468755483626,0.12923878580331802,0.18352986872196198,0.23998157183329263,0.27917443215847015,0.29736553877592087,0.3025934025645256,0.31510692834854126,0.32985819131135941,0.31866317391395571,0.29313813149929047,0.26060884073376656,0.22242623195052147,0.20084995031356812,0.19504627883434295,0.2089909054338932,0.22465438147385916,0.24402368962764739,0.2553417483965556,0.24777442713578543,0.2380564957857132,0.21804081400235495,0.18639924625555673,0.14281152188777924,0.11002391949295998,0.085935425013303757,0.076832987368106842,0.088131237775087357,0.10580902174115181,0.11864237487316132
-0.563789427280426,-0.55695221424102781,-0.55934306979179382,-0.544485068321228,-0.49387289583683014,-0.43243783215681714,-0.37169775962829588,-0.30757395178079605,-0.24665290613969168,-0.14762995541095733,-0.078791759163141253,-0.014080465412310636,0.060951371677219868,0.10176920890808106,0.15490306913852692,0.21555379778146744,0.2569533258676529,0.28141674399375916,0.29396025339762372,0.30769168585538864,0.32748311758041382,0.340536504983902,0.322852723300457,0.28618717193603516,0.25061535835266113,0.22290155664086342,0.21216159065564474,0.23613871932029723,0.25056413561105728,0.271770844856898,0.27670936286449432,0.25947873294353485,0.23955285847187041,0.21136246621608734,0.19131933649381003,0.16159136965870857,0.12099041417241097,0.09641946479678154,0.08223353698849678,0.079533944527308151,0.096470583230257034,0.10577765107154846,0.1223541870713234
-0.57418176531791687,-0.56925726930300391,-0.5642680823802948,-0.53974153101444244,-0.49662862420082093,-0.44594532996416092,-0.39096999913454056,-0.31159921288490294,-0.21890297283728918,-0.12063519408305486,-0.036441509146243334,0.04872362377742926,0.10092451795935631,0.16543592512607575,0.21456823870539665,0.25921640172600746,0.27504552900791168,0.281497098505497,0.29058613628149033,0.3091477692127228,0.33359121282895404,0.35188060253858566,0.33400263388951618,0.3081923544406891,0.26889116565386456,0.2452764262755712,0.26083520352840422,0.29372301697731018,0.31504092365503311,0.31908867955207826,0.311011528968811,0.26918871204058331,0.2321716919541359,0.19066574176152548,0.15910445153713226,0.11590303480625153,0.10622263699769974,0.0819576121866703,0.076633883019288376,0.0860321931540966,0.1043393537402153,0.1199546754360199,0.14079627394676209
