SouthSea_Web/demo/jsonfile/2017-12-16-08.json
{"header": {"parameterUnit":"m.s-1","parameterNumber":2,"dx":0.1,"dy":0.1,"parameterNumberName":"Eastward current","la1":29.0,"la2":12.0,"parameterCategory":2,"lo2":131.0,"nx":250,"ny":171,"refTime":"2017-12-16T07:58:07.5","lo1":106.0}, "data":
[rows 38 to 56 of 171, columns 168 to 209 of 250]
-0.062876483658328652,-0.043618860920625072,-0.081464591436088085,-0.10451358656088511,-0.083546888083219528,-0.031752300215885043,-0.012566931727633346,0.022485483697999048,0.11205044784583151,0.17331482023000716,0.21340177555878956,0.24796848371624947,0.24679977021047048,0.23100470707697027,0.22671058454683848,0.23618704453110695,0.23392646107822657,0.22194380845342362,0.17037434130907059,0.12062082414825757,0.095827045686104714,0.1107347796068472,0.062403762813615191,0.0022363292012849579,-0.016921915135753807,-0.0803944259615881,-0.16080838571424069,-0.18265356620152792,-0.20304232377272385,-0.22678892016410829,-0.22850002029112407,-0.16891979873180391,-0.02950328040275384,0.038484306447207926,0.11486667394638062,0.11767929047346115,0.10794753674417734,0.088985661310809,0.067171997257641378,0.058144784532487392,0.057018344423600605,0.033228471564749874
-0.096811325754970312,-0.070063679752980959,-0.074326999951154,-0.11706457411249478,-0.12780990738135117,-0.0890838004210416,-0.05259426892735064,-0.034982082237930673,0.012718079732354348,0.076755836838856339,0.12800180117289225,0.18169538397341967,0.21162418808255876,0.26168503186532427,0.29217106103897095,0.259320076306661,0.18967967161110469,0.13678715963448798,0.061529026630644995,0.064938668860122561,0.08970242355846697,0.016109715491582296,-0.018053224184908546,-0.048428074887919205,-0.063719978331829658,0.00098961183135139034,-0.057411707349513709,-0.12279771334108185,-0.091577488618592426,-0.071127489782296688,-0.017027213094899289,-0.025713844317942859,-0.0033808203668079591,0.091041004793210464,0.11427528113126755,0.086680406704545021,0.074951708316802979,0.082644091120788035,0.071218180869306841,0.065013614172736808,0.053673620335757732,0.026631856492410105
-0.13182928495936924,-0.10692735369268216,-0.1015670978360706,-0.11137575185612629,-0.1302382224239409,-0.1225571614854476,-0.095208802113407542,-0.072696304277462112,-0.031737006240291521,0.04264631705968093,0.14758843462914228,0.2156069560183419,0.26701011451391071,0.31151600554585457,0.30436237795012339,0.21641253022586598,0.11368505896202155,0.0075472823373274878,-0.034317932431955946,-0.0016807921302433198,-0.044401254242984578,-0.063319473019377751,0.013164820018573664,0.01272059567762833,-0.1575413001296313,-0.074364466872066257,0.0055078112815793315,-0.039299753001507592,-0.026514652126934379,0.050067632303883634,0.071870464210708931,0.0704099484719336,0.0037877133116126062,0.078864238038659093,0.067197698271936834,0.0513439987386976,0.051828827088077865,0.074135133198329387,0.0815705843269825,0.0657298577328523,0.044754226381580033,0.01955881086178124
-0.12003732807934284,-0.12304059002134535,-0.098313460616688983,-0.099741855088402248,-0.12566296793520451,-0.1260480810152857,-0.092221042031750966,-0.035663522095145547,0.048584535014419492,0.13663330893306172,0.21665311853090921,0.248905877272288,0.267764291342567,0.26132480800151825,0.20542040581886584,0.118145065382123,0.033143442921125546,-0.085979977312187358,-0.18720274303968137,-0.19401519459027511,-0.16392090973945764,-0.19035769750674567,-0.094408923419765561,-0.06377958152544401,-0.11378262177135588,-0.026305268835978047,0.0067115127983525761,-0.03331777527505024,0.021910208536105022,0.0700801805193935,0.062765209004282951,0.087984908372163773,0.082906228386693537,0.053436694666743279,0.029495057960351307,0.020217392477206886,0.049734265077859163,0.087138085315624877,0.078269152591625854,0.053963127732276919,0.039767122517029442,0.020662597380578518
-0.109681341311206,-0.13066348636692221,-0.12206153678042549,-0.12620510794222356,-0.15455932004584205,-0.13690018691122532,-0.048732429968795794,0.03820389134085013,0.10530800620714824,0.13555186986923218,0.16896734737298069,0.18254225055376688,0.1550608271589646,0.11332240278522174,0.056374005538721877,0.0033544358403350297,-0.07683110521174967,-0.13564415710667768,-0.24280065871202028,-0.2998638268974092,-0.18587900574008623,-0.19344503283500672,-0.19263826389061778,-0.16225858598395629,-0.13768291780792608,-0.04440817552385852,-0.023910953645527651,-0.020915725045031995,-0.013878976320847869,0.075811269382635757,0.075845233522928684,0.062910766651233033,0.050521595217287538,0.028097909357812669,0.025604446108142536,0.021513430401682854,0.039546011636654534,0.063157321264346436,0.069249054044485087,0.072314264873663589,0.083069777737061187,0.08144388099511464
-0.12461274489760399,-0.15132529678798856,-0.14561425691301172,-0.18804290642340979,-0.22256836633790622,-0.14486012496054174,-0.031976365406687059,0.048222051519486636,0.072347061708569527,0.068629858433268964,0.06045075056608766,0.035183687406756425,-0.003764342184045485,-0.020772255142219365,-0.033537692891863674,-0.0865979819117408,-0.10581728097583566,-0.12546259058373316,-0.28619108845790225,-0.27252830589811006,-0.15013066679239273,-0.15638148440764502,-0.19372525144564479,-0.24276560341769998,-0.14469678706505842,-0.083960299505493968,-0.12911122031668623,-0.058470242391922514,0.019873032626822929,0.053880892952697143,0.036429366629038541,0.025440835487097503,0.01884259982034564,0.020427447898934286,0.019226533626871451,0.0215048525216324,0.035791566284994282,0.0385859040543437,0.054572445899248125,0.08975401769081752,0.1218722179532051,0.15469170113404593
-0.11334291905164719,-0.11478302202054433,-0.17298146240089252,-0.25211509287357331,-0.24051203968979062,-0.163858434651047,-0.074725244711670608,-0.012435938532957259,-0.01665951751638204,-0.028562287539465443,-0.042384660115931186,-0.10480355328092209,-0.12902258629245417,-0.076432222633489547,0.020040994149167091,-0.0044054755126126111,-0.00859598300109307,-0.11314463956902425,-0.33874689042568207,-0.37979733943939209,-0.1305691177646319,-0.053155577586342893,-0.093201047812516868,-0.15587698633316904,-0.0981698637706754,-0.046148675449547316,0.01931916738283776,0.035254952203678455,0.021276830006778862,-0.011754245393125242,-0.017099738484830596,-0.01384555604846145,0.00046079679870874516,-0.0054770062145377907,-0.0079544839183134687,0.01215691224206239,0.034526204690337181,0.037050016845266022,0.049766622483730316,0.099764067679643631,0.14925829693675041,0.16017328947782517
-0.0176242771760925,-0.046634996493318766,-0.15142728155478835,-0.20605571443835893,-0.19287786384423575,-0.15756294627984366,-0.098832823801785707,-0.083337710372039256,-0.12058488683154185,-0.13459126775463423,-0.12895751358675106,-0.13983300445895447,-0.12681880525567316,-0.068895900907504942,-0.078851648495006171,-0.023351084396524942,0.024918909015303307,-0.036050938175652518,-0.11276078131049871,-0.11369165793682139,-0.032127531804144384,0.016596487144572444,0.06552493262902967,0.089568158754935637,0.065029125909010568,0.048034853767603636,0.0034689328322807947,-0.033875242512052255,-0.064400315571289793,-0.065189677648819416,-0.044180917243162789,-0.018303893972188234,-0.007847519707866013,-0.016673787630030086,-0.013850326572234431,0.010124865919351578,0.015746538372089464,0.033452949797113739,0.0616008311510086,0.099953740835189819,0.12982575595378876,0.14310342570145926
0.16670572486790744,0.16070406188050079,0.034254628046434005,-0.077497226984373155,-0.093907738214029979,-0.11217489838600159,-0.092377251014113426,-0.11212164422740108,-0.21496760279967866,-0.24972966441696154,-0.074646272945442585,0.077674621031345689,-0.008726618523538416,-0.055589489984756581,0.0,-0.028131204111000094,0.0018489108834829596,-0.0071575678367581629,-0.047304943359146513,-0.036092028642694153,0.0094522748086919,0.040764685533940789,0.044834440201520921,0.063366864621639249,0.054049049862302266,0.00958979946153704,-0.0247197225689888,-0.060760987922549248,-0.081690319559790878,-0.074409824609756467,-0.037115929182618856,-0.022668687626719475,-0.032070138802131019,-0.025638552693029244,-0.027891467791050673,-0.0126477213925682,0.010631000972352922,0.03106922865845263,0.063318586908280849,0.082499315341313675,0.085719067603349686,0.099657962719599411
0.2072020291040341,0.25290256467732514,0.25968493318015878,0.12349945967573495,0.031726780580356717,-0.056284687605083865,-0.075138589476837825,-0.0731286804534887,-0.18942140705664368,-0.14290031602399217,-0.18677225708961487,-0.20927842380478978,-0.25391291390794019,-0.26608794014900922,-0.15301191817141241,-0.098551624884399086,0.02394691558120857,0.020479338988661767,0.0026244407159868965,-0.0021205798853770829,-0.010508237787607041,-0.0055421266323802147,0.017064218106679619,0.057119983765814036,0.02689764943418347,-0.026633207977283746,-0.061546497046947479,-0.08689189122782813,-0.095359030697080821,-0.0643145361294349,-0.018149998504668474,-0.019445292030771572,-0.053054545819759366,-0.062898570299148554,-0.066730428487062454,-0.046944364160299304,-0.031117403414100409,0.01117773190344451,0.032431865421434246,0.048630059696733952,0.049541372805833817,0.0507725328207016
0.33485774057252066,0.32526557786124094,0.29285266995429993,0.26123190013801351,0.22124365201363197,0.10475915517000591,-0.012277368601644412,-0.022590627818247482,0.056889570948174768,0.028375565720795606,-0.13030179233949943,-0.1939453478807058,-0.24470586041288991,-0.29639971519217773,-0.12203183175297454,0.049127517061101064,0.092515077855851918,0.083814284205436712,0.037873508874326944,-0.0099630791486965287,-0.033512913389131427,-0.015955787772933643,0.011347430134524725,0.011791326061938889,-0.024278481646130484,-0.046733533342679344,-0.050966365469826594,-0.073152114171534777,-0.072855395264923573,-0.040947563014924526,-0.026410085381940007,-0.039618361430863537,-0.065905226022005076,-0.090685058385133743,-0.10847143232822418,-0.082950092852115631,-0.03682050621137023,-0.0039344825781881809,0.018910011897484463,0.016941254260018468,0.014115150125386814,0.017452142667025328
0.47415597902403939,0.47032008568445843,0.35272957682609557,0.31590123474597931,0.26488435726899368,0.18912600912153721,0.139542322854201,0.085885868515246183,0.107282505184412,0.15192853424109912,0.15426818743348122,0.091253527129689857,0.0294501700184562,0.065095952401558563,0.086241253186017275,0.076662230220707978,0.088449767231941229,0.096494972705841064,0.0575528503395617,-0.0016062705079093575,-0.034713727111617722,-0.011019771719085319,-0.0016082368674688041,-0.029500772400448721,-0.06060639706750711,-0.047858426347374916,-0.039259271075328193,-0.046887276073296867,-0.047303653632601105,-0.045197323585549988,-0.067303536459803581,-0.066442952180902168,-0.070949254930019384,-0.093209994335969285,-0.096580123528838158,-0.078494593501091,-0.043566944698492684,-0.001528050284832716,-0.0083300340144584571,0.0075548724271357059,-0.0023161128628998995,0.0054868966690264642
0.4730650434891383,0.49186805263161659,0.45624701182047528,0.400599011353084,0.33485084275404614,0.2505764861901601,0.19841082258657974,0.17226901898781458,0.16277877241373062,0.19160137474536895,0.092256102897226813,0.10942133917258336,0.12001387526591618,0.11972105205059051,0.1063022514184316,0.088712798804044729,0.076454202085733419,0.07212799321860075,0.035268274170812221,-0.018550690662647997,-0.04144194083554404,-0.019958024146035314,-0.0067169351137376255,-0.039090507663786411,-0.0651974357664585,-0.054163324957092605,-0.043521107839686532,-0.036467921920120716,-0.029216215945780277,-0.053184083662927151,-0.052862131036818027,-0.057552710920572278,-0.077316624422868088,-0.095681587855021163,-0.10027326395114262,-0.0653434619307518,-0.044511176645755768,-0.033044785261154175,-0.0278664231300354,-0.019436523007849853,-0.014603437234958014,0.00042308103002142161
0.40942627522680497,0.4136534438413732,0.41458783192293985,0.41982556666646687,0.40426763204427868,0.35082022945086161,0.26902226072091323,0.19612161356669206,0.1749828519920508,0.18068315275013447,0.18776764111085373,0.16067138873040676,0.11963730379939079,0.10606985241174698,0.0864280139406522,0.095875401981174946,0.088442799448966977,0.048653227742761374,0.0071214453782886267,-0.0400537463525931,-0.041545829968526959,-0.0095226551056839526,-0.0048713658720121854,-0.027991882339119912,-0.033499104529619218,-0.03056786097586155,-0.023554227082058787,-0.0092311569955199953,0.0006844201901306709,-0.024381009240945179,-0.04961762297898531,-0.056424085050821304,-0.076224267482757568,-0.096470475196838379,-0.087490727504094437,-0.078007484475771591,-0.076367557048797607,-0.0695972815155983,-0.043799808248877525,-0.039417278952896595,-0.025779563002288342,-0.0085391897009685636
0.35767369634575313,0.33719855546951294,0.32669626077016195,0.3395749435705297,0.34200893640518187,0.29794091979662579,0.232963787821623,0.19063998199999332,0.157671220600605,0.14568556845188141,0.194584004007853,0.23603734374046326,0.22584776173938403,0.20366432890295982,0.16339170390909369,0.13183531165122986,0.0910801279048125,0.032276325044222176,-0.015513165574520826,-0.047156539435187973,-0.036109507083892822,-0.011179619748145343,-0.010773844923824072,-0.02092689279622088,-0.025924995774403214,-0.032694047782570124,-0.049117851257324222,-0.070221077650785446,-0.0960884802043438,-0.090157829225063324,-0.11312317103147507,-0.089007149140040084,-0.083454780280590057,-0.089773178100585938,-0.10743142912785213,-0.10076162219047546,-0.10439827293157578,-0.1174236536026001,-0.091906269391377762,-0.065362937748432159,-0.037502139806747437,-0.021886577208836872
0.32043434348371291,0.29491483978927135,0.26861161870114941,0.24974501215749317,0.2715957979361216,0.23829583823680878,0.18176061566919088,0.15260085215171179,0.14125736663118005,0.13485216783980528,0.17028328403830528,0.20289028733968734,0.22973007460435233,0.19446181031790646,0.13889436572790145,0.10555010661482811,0.072374158021476537,0.01691836762862901,-0.014471122645772994,-0.035526149347424506,-0.027633065916597845,-0.0069730790099129083,0.001927858276758343,0.0073119672015309334,-0.0010592908220132813,-0.027191693708300591,-0.0636173610885938,-0.099336190149188042,-0.14094125231107077,-0.16857671737670898,-0.17244250078996024,-0.14909437795480093,-0.14359978213906288,-0.12622599552075067,-0.13395444800456366,-0.13608020295699438,-0.13947929441928864,-0.1302216574549675,-0.10953836888074875,-0.074691068381071091,-0.050516793504357338,-0.037559583783149719
0.30765261618714584,0.27388535998761654,0.26572571930132416,0.23577425903395602,0.22691566348075867,0.20094260485733256,0.13855226105079055,0.071196115841822963,0.05538568932276506,0.1030065193772316,0.15319615975022316,0.1501831255853176,0.14666637033224106,0.1315438581837548,0.10992731485101911,0.08780102112463542,0.05213603749871254,0.021233787573873997,-0.0089857007376849644,-0.0051721001897628112,-0.0017175895118271,0.0022414912527892739,-0.0031688403493414321,-0.006745535385562107,-0.035135871497914195,-0.0628707967698574,-0.093010778228441879,-0.13182689808309078,-0.18063731864094734,-0.20397971570491791,-0.21577513217926025,-0.19308067361513773,-0.16552557051181793,-0.15937791764736176,-0.1720934733748436,-0.18083097785711289,-0.17600148916244507,-0.15757659077644348,-0.11534363279740016,-0.0834478922188282,-0.061971588060259819,-0.038435989369948707
0.29918625775505514,0.26266379216138053,0.24784734143930323,0.25069058779627085,0.2323904887718313,0.19387066151414598,0.15881156877559774,0.11875253319740295,0.089221083326265216,0.12865237519145012,0.14608634809652965,0.1245209202170372,0.10522054218583637,0.10036196559667587,0.10883813564266477,0.10036383320887883,0.064913392812013623,0.025368739229937393,-0.0017358730547130108,-0.014663444676746925,-0.022742185741662979,-0.025779418647289276,-0.032046849839389324,-0.051675422117114067,-0.060399046167731285,-0.0986735187470913,-0.13417243957519531,-0.17718914647897086,-0.22064219415187836,-0.24077946692705154,-0.23913303762674332,-0.22097233682870865,-0.1990470290184021,-0.18353971838951111,-0.20276443660259247,-0.21187885105609894,-0.20514999330043793,-0.18565130233764648,-0.13368583470582962,-0.087559252977371216,-0.073378700762987137,-0.052934899926185608
0.26717732759083018,0.26974382645943584,0.28691298142075539,0.26315907520406384,0.21025889579738891,0.17099625310477087,0.12323314643331937,0.10511209443211556,0.11724304705858231,0.12469370433917412,0.11038779148033687,0.11162076484073293,0.10171149298548698,0.11763008790356773,0.14924034476280212,0.11871047019958496,0.081708997488021851,0.051056366413831711,0.0059802675774941845,-0.041214281693100929,-0.0514238141477108,-0.061422058691581093,-0.076545688013235733,-0.08543858677148819,-0.108985286206007,-0.13850315660238266,-0.16918615996837616,-0.20166177302598953,-0.23644588887691498,-0.25087383886178333,-0.24800510704517365,-0.23138226071993509,-0.2126644104719162,-0.22006498277187347,-0.23072046786546707,-0.23202886432409287,-0.20573032647371292,-0.16431318720181784,-0.12480438128113747,-0.098768841475248337,-0.078172780573368073,-0.057241741567850113
