SouthSea_Web/demo/jsonfile/2017-12-15-05.json
{"header": {"parameterUnit":"m.s-1","parameterNumber":2,"dx":0.1,"dy":0.1,"parameterNumberName":"Eastward current","la1":29.0,"la2":12.0,"parameterCategory":2,"lo2":131.0,"nx":250,"ny":171,"refTime":"2017-12-15T04:58:07.5","lo1":106.0}, "data":
[rows 38 to 56 of 171, columns 126 to 167 of 250]
0.0,0.0,0.0,0.12826328776362869,-0.025328695454198431,0.04169564805075375,0.20989039167761803,0.056161673414554754,0.045876338269875347,0.36659255040188632,0.22837591655156003,0.083621399790632392,-0.0013762946950546542,-0.065980699120296374,-0.051649626052262733,-0.01723595304065384,-0.0039228875616875792,0.016562308002520648,0.044350669130354244,0.0509941540658474,0.013407531790435315,0.068896464779973035,0.12281345097082001,0.2010405760477571,0.3840495320883664,0.50085599560822758,0.60853281228438671,0.48189219819684315,0.13409318624549918,0.059780950844287875,-0.021321022461052053,0.097671820394565123,0.19396762458983666,0.12233828341755096,0.2998990899986691,0.18019783022728833,0.137231869623065,0.1516010637084643,0.093771236584238388,0.24637315354563974,0.36976295183686647,0.43115537574416712
0.0,0.0,0.0,0.17775501338093802,0.31711198028277543,0.27986424112580771,0.094108516985938209,0.076559079438410643,0.10644055385662078,0.12993110498570351,-0.052316209131449055,-0.035347238536281834,-0.049508704058825972,-0.047479470621566384,-0.046080932935832868,-0.097102539873746938,-0.085584535430639222,-0.0020839685052068849,-0.0065906301230913211,-0.019913605071552511,0.011231538385170726,0.033389565790339963,0.13831059460838635,0.20622771009802818,0.36247662143273784,0.48943194704396387,0.514528280462731,0.30882527999993825,0.0068936258068551188,-0.024354309739115145,0.0,-0.026662396080791951,0.12817259862398109,0.17377947072269145,0.27621736671579511,0.01184310500572722,-0.041049466643016785,0.036088788249374677,0.045213469375784583,0.11786844598298724,0.23839760924640455,0.34532950446009636
0.0,0.0,0.0,0.11559703076324825,0.086719760250616673,0.1402115117174588,-0.000531220977532654,-0.0047445862910535652,-0.065455133451642583,-0.0965251448049919,-0.079797958375000561,-0.10367668441162919,-0.12226025640964508,-0.07438292806702,0.0030107293663604652,-0.01463505433231348,-0.072449022401997354,-0.053626970496095182,-0.027041722874855623,-0.0097039117454551169,0.068064700622387508,0.10555213749889404,0.20819489952436712,0.12812834838405252,0.22284245558679783,0.272964579363664,0.0,0.0,0.0,0.0,0.0,0.0,0.0,-0.0065533792592525,0.14871766956044172,-0.0039929049845494622,-0.081789271953778386,-0.020945897941211506,0.019765122166763131,0.042865234342488373,0.15740887932479381,0.27563247755169867
0.27756070184864495,0.080932581587694591,0.17371061363346166,-0.00083884318695298481,-0.027801285417399922,-0.11737980300637141,-0.081682316418136322,-0.12540019114138717,-0.16713523738659344,-0.12104821690648306,-0.077872664183743445,-0.11969118899836832,-0.18504200912103419,-0.10803924366417858,-0.030922619986813515,-0.11094371188664809,-0.12199538226785331,-0.07565868690866849,0.015964879262565564,0.077384788722086414,0.17040822886187454,0.22514635026454927,0.26847179393683163,0.12112988530960236,0.14787710206331434,0.0,0.0,0.0,0.0,0.0,0.0,0.0,0.10726326564326882,0.30264843470403846,0.045260724044748624,0.021490951969270717,-0.095185533549417473,-0.088932641451397246,-0.00972467938023012,0.036404784404389233,0.10807794349437411,0.1909815292982828
0.10697996889551481,0.31570501804273732,0.18589233262134036,-0.073028926299805313,-0.14917323673143984,-0.11635876057752922,-0.10958521993410203,-0.14871512293549521,-0.064009702197896937,0.071866777946035229,-0.0025139317284663056,-0.12989663514422206,-0.21621155200733078,-0.14302867957774332,-0.068819644550482437,-0.059157186968913,-0.033416834388238691,-0.051324916521793808,0.04579652573361441,0.18968792231037066,0.25352501292382518,0.35144954802943212,0.31273253786624694,0.071233768525948052,0.0,0.0,0.0,0.0,0.0,0.0,0.0,0.0,0.0077500787172337165,0.17060982852943996,0.05141176428016344,0.069884951977292081,0.020929001897457056,-0.032811310606820583,0.035362323125203453,0.046535342754352657,0.056190906431187286,0.11597227265960292
-0.017677005380392075,-0.091247782994469159,-0.12403294650634916,-0.11480613776307175,-0.11005889145391327,-0.13128402426106031,-0.11131290605823908,-0.013123702935883086,0.071851911851101458,-0.0074352598499639756,-0.1631045108064054,-0.22642705496400595,-0.21188676693747122,-0.10809286575104418,0.0055796520318835974,0.017010295860278087,0.044556952108396219,0.1280438530224341,0.16402313775486416,0.22091813159711432,0.32127598151564596,0.46845544032428577,0.23199052021616545,0.11890144384017697,0.0,0.0,0.0,0.0,0.0,0.0,0.0,0.0,-0.018207131344954379,-0.073432037699515521,0.0045814260762805743,0.12222522078694678,0.14176040881824109,0.13573820433682865,0.17425009293051866,0.0750477271662517,0.025720919887332813,0.084995587356388569
0.05976166483014822,-0.093582764294959847,-0.12742102930420324,-0.10911833530952854,-0.096937105573456861,-0.084963360530408941,-0.031234646022834992,0.047697808378590986,-0.038723185076378286,-0.17967972883156369,-0.27713648809327018,-0.23499549444644682,-0.16274744046456885,-0.086073708977421809,-0.036085910130238444,0.030418436497431964,0.097648934349417682,0.17941573520119375,0.20916966406198648,0.2721247501445539,0.39646084393773762,0.38175849323019839,0.05850046958346803,0.0,0.0,0.0,0.0,0.0,0.0,0.0,0.0,0.0,-0.001773336436599493,0.061873390475438363,0.32826186123035722,0.37330793126209361,0.22642481038647314,0.17283495724201203,0.19398634259899458,0.136649575246417,0.0698808889836073,0.15193188822139864
-0.044305780739260878,-0.14491756210724513,-0.15559028409994566,-0.14469321228955923,-0.14143221223583588,-0.10242876840962303,-0.017789831896463024,-0.065544673086454466,-0.21455596224404872,-0.34057760546947347,-0.335784442226092,-0.25186237692832947,-0.17604256918032965,-0.10016657367426281,-0.0055340203387593779,0.074872181401588023,0.18096848607063293,0.16035144829324313,0.21908273875713349,0.3178518722134252,0.40702841492421038,0.26236509895986981,0.0,0.0,0.0,0.0,0.0,0.0,0.0,0.0,0.0,0.0,0.18380507378076966,0.30275266343919255,0.52800066183720318,0.50260433635196167,0.21541756888230643,0.10340586490929127,0.1652454057087501,0.20686337893659418,0.1734067059376023,0.24029935257775442
-0.072388489448120083,-0.13282075971364976,-0.14523459775215489,-0.10200662173330784,-0.075126435690455962,-0.077681624144315717,-0.08667377992109819,-0.1573762444238509,-0.24398779482753188,-0.25038121927243012,-0.19819646658232579,-0.14327907602748144,-0.047110040533320546,0.045009301179864757,0.0749689806252718,0.10534064858048051,0.14055812159287079,0.15623135895778736,0.25351431593298912,0.41644250428023405,0.3274350808741352,0.0,0.0,0.0,0.0,0.0,0.0,0.0,0.0,0.0,0.0,0.0,0.2430571619243849,0.43208456218960772,0.47158057868480685,0.42101422888892037,0.2484606676574411,0.096913588487289162,0.15943455289710651,0.18369774261246558,0.19480588219382547,0.19956216570876895
-0.05828263128007,-0.13818753798279845,-0.0900088086581001,-0.10088833351619542,-0.12121616140371416,-0.19494557468330159,-0.23452198803424834,-0.28950734988406851,-0.28912908870440263,-0.23495179930558571,-0.1517092850473192,-0.031476711434038407,-0.026723248718772085,0.01437979714579082,-0.00032580055779329051,0.046196951096256572,0.050859577273233578,0.195314495159047,0.41254997491836548,0.30123319576714974,0.0011271699680946768,0.0,0.0,0.0,0.0,0.0,0.0,0.0,0.0,0.0,0.0,0.19028462717930475,0.25806810924979418,0.39473378706362938,0.41035593707453122,0.33439016605124755,0.27520145741956575,0.16160260558128356,0.21264852389045383,0.22036421149969102,0.17451282319697467,0.16931207123256864
-0.0577276992826855,-0.093133697917653344,-0.11234206929072446,-0.13648604932758543,-0.23153849519216097,-0.2943759448826313,-0.27471999978197031,-0.29033169536678877,-0.30202205313576591,-0.27629245210576941,-0.22869825774225697,-0.16360704664673123,-0.12574550095531675,-0.11934272648899683,0.0098426386185393143,0.18907486183775796,0.25639157108169919,0.30248390377632212,0.20993967767479638,0.048955079105993109,0.0,0.0,0.0,0.0,0.0,0.0,0.0,0.0,0.0,0.0,0.0,0.10746943476963146,0.2700138020294684,0.36278890468636338,0.35106490254402162,0.31316087707396478,0.30661390402487348,0.32375686073845084,0.32839800870936847,0.42039630562067032,0.40422430800067055,0.34258170879405475
-0.15061879925952668,-0.110990370711628,-0.090920250283347243,-0.15115945996797603,-0.21774353741145716,-0.194523941826176,-0.21550537916747006,-0.21974443175174571,-0.20677675417176,-0.15810370645844019,-0.10822060584489789,-0.069950684255379578,0.014962716889567674,0.080138781372256371,0.16699580491540281,0.22686132096818515,0.19725947885921127,0.13982266420113645,0.013947445020312444,0.0,0.0,0.0,0.0,0.0,0.0,0.0,0.0,0.0,0.0,0.0,0.023139574825396074,0.12000989252701402,0.33304801193567424,0.34278906772776346,0.30457934917825641,0.297025137146314,0.30077602093418437,0.32037897159655887,0.36581425910646265,0.42901695966720582,0.49040637761354444,0.56288303732872014
-0.14761825185269117,-0.10875954230626424,-0.14720970155163246,-0.25329865438815874,-0.30907834646029347,-0.25627836539889826,-0.21725203548416947,-0.1947818711400032,-0.20130508492390314,-0.13260595872998238,-0.0086974682699656122,0.049789334996603429,0.12473041165087904,0.20835618546296811,0.16840855247880282,0.083485851843072334,0.051077388655763153,-0.11257030198936381,-0.11347079408519409,0.0,0.0,0.0,0.0,0.0,0.0,0.0,0.0,0.0,0.0,0.0,0.089676783591204762,0.18688872723075434,0.33934938419948923,0.328987188064135,0.30442086133089935,0.3011739132580934,0.28414488792419434,0.28950740803371777,0.32073108497120084,0.38348301161419263,0.45076474547386169,0.52325007005741719
-0.12669572993820788,-0.21100222097432358,-0.30203335351414151,-0.30425238418273437,-0.30437181698970306,-0.30950157570116449,-0.35308222389883465,-0.28125827759504318,-0.21397992921993136,-0.18680998434623083,0.068589132744818926,0.14455809499378558,0.10187245123088359,0.044789150490908432,-0.053526933330835566,-0.090568612075664787,-0.21320669433528869,-0.17213478233785398,0.0,0.0,0.0,0.0,0.0,0.0,0.0,0.0,0.0,0.0,0.0,0.0,0.090293407098370346,0.24637728140634649,0.31093320965766907,0.31280392905076343,0.29534443616867068,0.29329290875682124,0.29244625827540521,0.32193174041234529,0.3811609021254948,0.43327451050281524,0.46094567293212529,0.48767601946989697
-0.21638954035481628,-0.27305095842698723,-0.29533169642090795,-0.19077653456956911,-0.24259517851628756,-0.16786745248828083,-0.22038500585726328,-0.31315887533128262,-0.270530570546786,-0.21872512136514372,0.20092540659813904,0.17309615761041641,0.065563508666985265,-0.025735579876646656,-0.2585385405435795,-0.23248029728927236,-0.25568122412241967,-0.12360046040901745,0.0,0.0,0.0,0.0,0.0,0.0,0.0,0.0,0.0,0.0,0.0,0.0,0.11133524622287482,0.27513528919555774,0.32157277506451276,0.29537728173392158,0.28907707025264873,0.29042686462402345,0.31716208613437152,0.40208297155120154,0.47136761177153813,0.49409442991018293,0.46440559939334269,0.44467367623981674
-0.25307427022768103,-0.18320219513288763,-0.16602596286684274,-0.17649452872574328,-0.13941103858607157,-0.050896583192393575,-0.093319314463502348,-0.11812866771140614,-0.19856653093463844,-0.275247003459039,0.17610786720232632,0.30987331650014649,0.12379140302538871,-0.0023422902808166468,-0.28144415975971654,-0.30815932476263252,-0.10964226464607886,0.0,0.0,0.0,0.0,0.0,0.0,0.0,0.0,0.0,0.0,0.0,0.0,0.011026735916467649,0.14683855116494338,0.30902586238724844,0.30067328054730486,0.28877638136186906,0.29901613507952007,0.30522032206257182,0.37636824131011964,0.45900215989067439,0.51982662379741673,0.50765464007854466,0.43400050252676009,0.38521467335522175
-0.23401044309139252,-0.19765310361981392,-0.21578647769414461,-0.19365977918779528,-0.17279682248025327,-0.0935365372470447,-0.086086335691082219,0.017305088845770679,-0.070959468048790261,-0.15934129805231148,-0.0832247783504598,0.29371299579030496,0.10223545150074642,0.0019434572835774,-0.27534491640906178,-0.1658633045392941,0.0,0.0,0.0,0.0,0.0,0.0,0.0,0.0,0.0,0.0,0.0,0.0,0.0,0.025536304313415737,0.19098127219103164,0.276424845487907,0.24806236697209849,0.23722345829010011,0.27627550672601769,0.31668473644690082,0.39162606000900269,0.47904762625694275,0.53098309702343416,0.48263954802563314,0.386068731546402,0.34126201797934141
-0.24342733503956543,-0.17959767902219617,-0.17579381378033224,-0.10722114812386663,-0.11994150557688305,-0.09818814812522185,-0.057628577722904369,0.059702492468297862,0.1429881642295702,0.4102362134623766,0.13297690174132015,-0.11667280585464576,-0.079485689489437,-0.01064674217996071,-0.31315660764396724,-0.10721170535426915,-0.0047970251428826787,0.0,0.0,0.0,0.0,0.0,0.0,0.0,0.0,0.0,0.0,0.0,0.0,0.07607485722520764,0.24155814153082827,0.25811256559527651,0.19629161349601215,0.16808112734748471,0.21014601737260819,0.26559943349465082,0.35787204205989837,0.4472840905189514,0.51142467558383942,0.46619921260409886,0.36036628484725952,0.3038860484957695
-0.342805373507577,-0.24371969852692041,-0.16115716703840205,-0.14608654628197351,-0.081668081164762776,-0.0093006040686025061,0.063630080986989745,0.1324921136593743,0.072331356729621127,0.27324609505102182,0.34587840219600158,0.0177261309972226,-0.010032131873930875,0.020585355779351017,0.14110877485372431,0.01382867798267398,0.0074810348451137543,0.0,0.0,0.0,0.0,0.0,0.0,0.0,0.0,0.0,0.0,0.0,0.0,0.12151852339382999,0.22903466105461121,0.23109301924705505,0.1572447344660759,0.14024320474037758,0.15389516678723422,0.21047204661936986,0.29309998121526504,0.3811960097621469,0.44296953958623547,0.41041691388402668,0.34945640133486855,0.30386784113943577
