SouthSea_Web/demo/jsonfile/2017-12-16-07.json
{"header": {"parameterUnit":"m.s-1","parameterNumber":3,"dx":0.1,"dy":0.1,"parameterNumberName":"Northward current","la1":29.0,"la2":12.0,"parameterCategory":2,"lo2":131.0,"nx":250,"ny":171,"refTime":"2017-12-16T07:01:52.5","lo1":106.0}, "data":
[rows 76 to 94 of 171, columns 84 to 125 of 250]
-0.089902058669498991,-0.077978052198886871,-0.0668945396663966,-0.067308237224265377,-0.060304680006363645,-0.05094658970259703,-0.0592960358525698,-0.096778323804890667,-0.09608582730094592,-0.043038247921296194,0.055207783893610425,0.096771992999931861,-0.010711978558902047,-0.14963930319337285,-0.22364233302719452,-0.21785676394190107,-0.24281770539911171,-0.27201837148421848,-0.24992699953524963,-0.24799278925876228,-0.19377852364310197,-0.22183814023931822,-0.27249579420012815,-0.316222147508101,-0.35618112133099483,-0.402174641215612,-0.4557700074109875,-0.4571344588162764,-0.18562834667197117,-0.13868880644440651,-0.043667687789794789,0.02062570570706157,0.010911562645267095,-0.034411284848569527,-0.045376365599424942,-0.052520520499219063,-0.016485637909879544,0.033120993632250108,0.044721951904265506,0.045910817803815007,0.03749880065711645,0.030470841564238071
-0.13279243779403191,-0.049873906617554337,-0.00802653908074178,0.027591005436843261,0.0076682074103262962,-0.0566019619366637,-0.087031288003479992,-0.091736392471297029,-0.022998520485998597,0.063304467359557748,0.11081314351289504,0.085707679679938434,-0.083379775091140931,-0.16749259874676215,-0.21576384496357706,-0.23248782142614707,-0.26567049087448552,-0.23608291242271662,-0.22040239473183951,-0.21684847671096608,-0.22372672934499052,-0.23106201379387467,-0.32810941642971447,-0.40980539577347891,-0.38928481632349443,-0.47012049863847455,-0.43167390474459022,-0.28285586461424828,-0.24122699135440892,-0.018229986968621308,0.036912853729022158,-0.087780229168544929,-0.15642183838832763,-0.10588330878265972,-0.086356328800320625,-0.051528399040062838,0.018590870155021547,0.057710164812979872,0.076365018174761823,0.090076059568673372,0.078460690166269026,0.054836568350975327
-0.08375501826405525,-0.047392315939068792,-0.00452605145983398,0.023041197559975374,-0.016965624201914359,-0.036289823224285138,-0.022013787196242605,0.057025244584240554,0.1619086291640997,0.17453802203138669,0.11590683496286793,-0.048812197013334793,-0.19394353273160317,-0.17638501814670032,-0.22397821435802862,-0.21216658357439971,-0.21063501217092076,-0.25506923519648039,-0.23315308727915324,-0.2388586035141578,-0.21891607384207429,-0.21558122437889293,-0.28709512740582022,-0.2679114447917767,-0.33183501081807271,-0.38107405602931976,-0.14384857531018552,-0.0903456663553554,-0.12827243117083395,0.12449760536753363,-0.055646023089066146,-0.25191731254259747,-0.20242534621673472,-0.13170881594220799,-0.13268874638846942,-0.068075578041876167,0.019313361230002636,0.027980899289250374,0.045665026775428226,0.064461830589506358,0.067525637025634452,0.054007724548379578
-0.075968933030962943,-0.040044586290605366,-0.025272344984114171,-0.027767890564131516,-0.020249695499212697,0.051925613335495453,0.14919498256806815,0.20576331441601117,0.10657989266649659,-0.028008425158673321,-0.13993805399000206,-0.22460869606584311,-0.24875661151276696,-0.2014505569423948,-0.18712678196077998,-0.087128740233156157,-0.081055703449665617,-0.11303372038227896,-0.15690758893887202,-0.19431904529003388,-0.13577670541902384,-0.15003369518027113,-0.14691089322740161,-0.0062507185489305908,-0.16173452297065022,-0.24231974934709483,0.0013073883442716165,-0.018260094342489226,0.0096405457567677582,0.13637702560783188,-0.066465125194538316,-0.23082850683242717,-0.24228393953097493,-0.166142504130091,-0.11363508818405015,-0.015958417115533457,0.058981690788641572,0.06083041737261026,0.027927906049982361,0.014895597069213788,0.033424823744488616,0.038764859150562971
-0.0091216924728360019,-0.038986831828951837,-0.057262631798429151,-0.0048665160922190314,0.042726147543834046,0.13394181270684516,0.16730146469282253,0.03093547294071565,-0.12405292870807311,-0.17835156293585897,-0.1741939028725028,-0.15820255963241353,-0.18819449036507993,-0.18193833284625194,-0.069874235720617878,0.024628260911784459,0.033583225800909777,0.082678578085085344,0.065863488484227531,-0.020045174130549032,-0.18682711253337481,-0.19003058558908,-0.19407685407441416,-0.087045097456251178,-0.23342328404755572,-0.32292034659992186,-0.01208705915507443,-0.0683107011506091,0.087009326839781645,0.034606246985402878,-0.09716546382588237,-0.18641017630696297,-0.23207403574048019,-0.18437065084775289,-0.12297672952214876,0.026399996310759049,0.13140652142465115,0.11816950261592865,0.07567981101180378,0.041192315344233066,0.020973228973646958,0.0073816117999905891
-0.036494886562987057,-0.030922580539481714,-0.0070163075536213539,0.0604832969959183,0.15512557992977755,0.1123762969260237,-0.011701273770692447,-0.14754541816988162,-0.20042433449998498,-0.1831490195566608,-0.19200680724212102,-0.19315638882773265,-0.16056510541392,-0.047800390288615838,0.088761018346185272,0.072003216083560667,0.031538359765594791,0.097145009418263248,0.16736912742878,0.11119300788910738,-0.10589318551212447,-0.18402108323314917,-0.14580486292746958,-0.11873352818255281,-0.2074016897787905,-0.26658699383295659,-0.17205252087154946,-0.055038126436032675,0.082674514881714622,0.042499282974858943,-0.005008418404653831,-0.021365131853262602,-0.0726505157803242,-0.14733139611780644,-0.055591340956743805,0.11314968463826787,0.1523930344444055,0.14144874146829048,0.11924719143854945,0.0831148974597454,0.046110572579961553,0.013907855671797214
0.0483852264781793,0.059584523479525857,0.08493905831818227,0.11753078513512653,0.05323159634800894,-0.042356455743673346,-0.077112480252981189,-0.11554320901632309,-0.11233313155389624,-0.050224619240246036,-0.10467892534592573,-0.087860679520027976,-0.055711789840930385,-0.1093756647869235,-0.0040006086527783835,0.085600886561653836,0.133891110500646,0.13467990341660094,0.10130377016578089,-0.03593398218992043,-0.12518869287084114,-0.21321065756289856,-0.2493355014737238,-0.21572044339145857,-0.12281984761031954,-0.2202653268254117,-0.19441313974285152,-0.070684129792739289,0.026309121714338451,0.040923283925900854,0.033920277997278661,-0.0047036417968699647,-0.036096499125450487,-0.0049884403723159006,0.10944164053521931,0.17857029674382047,0.17927375125388304,0.16049497995687567,0.13812581656707657,0.10085815141598384,0.071326635777950287,0.0515711253715886
0.11493033485916945,0.10181482216077191,0.064256086609222829,-0.0573488863495489,-0.054774271249438504,-0.031171198520841527,-0.077146305943486,0.002569098225129502,0.07124785953612231,0.0628872986342157,0.01189282415933641,-0.029304057926040242,-0.16451778840273618,-0.19295965475232704,0.046808289522944149,0.192531041654886,0.15941297437154478,0.04991127352914191,-0.011620884693399506,-0.052484330378080667,-0.090933436686548949,-0.23107255667511997,-0.36633810201393707,-0.56497149733786889,-0.39089615670877081,-0.191582171655658,0.060162325263815396,-0.021485227804267829,-0.0013781879898822373,0.018126018852074464,-0.060203708751272976,-0.063996246769250822,0.0038152750037328967,0.073752629735014022,0.1805450270573298,0.246431201144501,0.25124961997453982,0.25105469402941788,0.22513475351863438,0.15110293378432591,0.097965579193372,0.072674824545780822
0.067020713817328215,0.029210178108769469,-0.038683125328344219,-0.12252863582510215,-0.014963862921802266,-0.064054101992708945,0.010312318016076461,0.089223009564222827,0.041305827815085648,0.047925735368291054,-0.016969324136152864,-0.11776624423348242,-0.12932624961984784,-0.057695484619371865,0.051190866489320044,0.10150899905366478,0.0037736081322359426,-0.030116362706298548,-0.070968664618152558,-0.09308036878381086,-0.022371897241603055,-0.11035328527866332,-0.21671474605041036,-0.34165353042923885,-0.34830203156728867,-0.18989830268150415,-0.0077903581471815767,-0.013711804032066297,0.052181658176890681,0.033074304754510904,-0.082514007643955514,-0.056775489114583112,-0.0090524035928721876,0.072793878994964284,0.22610173554256044,0.31013796994319331,0.31429685079134428,0.32112319618463514,0.29960048023392172,0.21878326258489064,0.13929335095665671,0.082505618222057819
-0.080692988022097525,-0.079973404495311637,-0.10460962262004614,-0.065795696913622886,-0.066080242755912968,-0.058528384702624642,0.015302129375049845,0.020283724788124815,0.017292773381461089,-0.039887645070848521,-0.131303244153969,-0.11444494439485042,-0.029188881828210864,-0.014010947598360999,-0.030091936834176759,-0.037782369560412712,-0.080124405758648085,-0.081900870925943614,-0.098247669894119788,-0.055660668835517464,-0.081635558580140974,-0.23567401146334885,-0.24753872797483914,-0.20694446770231362,-0.16561111338970685,-0.026383827258226737,-0.0439019803843343,-0.054946783183222422,0.0068627546914268945,-0.044583870034854291,-0.12757926984973575,-0.12244884099583236,-0.064133858455247,0.049285602212573089,0.20315157031190806,0.25807775610259603,0.26479507373137906,0.30900452037652332,0.30986018975575763,0.2657025009393692,0.20611315830187363,0.13323598768976
-0.13862307236662932,-0.14213250923369611,-0.06906627857637021,-0.0789416788210129,-0.089678593973318732,-0.012541064342226961,0.0058601263624344334,-0.025687727204058319,-0.075306828351070484,-0.12062341313470494,-0.10383602855209675,0.00072636987481798448,0.032040619425872038,-0.018136606086844084,-0.063198366570611328,-0.08305838781719406,-0.075770773516412371,-0.10140028076641487,-0.0871578762425652,-0.078059364482760435,-0.14677883970334119,-0.23377275243015486,-0.0811104741677123,0.061697476560262123,-0.0251645902758699,-0.047054773320930755,-0.028586436603815327,0.013193047494342965,0.031641862849151769,-0.023233136855646649,-0.14374579590255932,-0.17210869774931953,-0.12624173300961653,-0.0025124616260009426,0.12498653321354478,0.1906503677368164,0.24113038537048159,0.28524251545176788,0.29689479370911914,0.27620599934687984,0.22167960893024097,0.17242344788142613
-0.10492943525314331,-0.089870088050762811,-0.099082992998538191,-0.0932050212379545,-0.013690728403162211,0.0035322079463555754,-0.044751789246220142,-0.074323812217423416,-0.079377449501086689,-0.051376014044790558,-0.0098742592445988618,0.060370339171552073,0.022813195141498,0.02075210658878815,-0.04817123321646994,-0.0623138741571076,-0.0611893522242705,-0.10087623909629624,-0.13025062360933848,-0.17844535986937227,-0.1920060102302249,-0.19782710704021156,-0.020828636600717165,0.00057413577288861956,-0.14000743541297656,-0.084326564672574475,-0.0803937847751218,-0.062364567320426584,-0.015182787396970168,-0.079782823087568858,-0.16430366913909497,-0.17722297211488089,-0.13418791095415752,-0.06276944302150915,0.053134355955990031,0.13895188271999359,0.19316977700766394,0.24069663882255554,0.26866788359788746,0.23560529616143969,0.17543386481702328,0.16528129205107689
-0.15028277734915416,-0.13976414714540755,-0.092718480113295046,0.0082846375958373145,0.012438294876899039,-0.073060208142945365,-0.14468920091167092,-0.11140602752566338,-0.091594366056303819,-0.071185006992891431,-0.00040974801363931459,0.029193555251421296,0.030070406384766102,0.029043961471567552,-0.018235394737746987,-0.01813534693143953,-0.029722078703343868,-0.062198226984876856,-0.15910028092196729,-0.22683744920151575,-0.21388902794569731,-0.19696797004767827,-0.043156937547748728,-0.010242227614374619,-0.11483890516263945,-0.099877305328845978,-0.07924999953391626,-0.052165875103064745,-0.070080911797972822,-0.16158297332003713,-0.21571862619174154,-0.18400097265839577,-0.14750684592230567,-0.07966241305289061,0.026253084313463081,0.095721571395794555,0.14257185558478039,0.19373941421508789,0.22650076697270075,0.19419502317905427,0.16611110977828503,0.19708956964313984
-0.0844181144031985,-0.059864671797388129,0.0058252097722808161,-0.030590810401675602,-0.11400037950703076,-0.16855487773815792,-0.12378663818041484,-0.088373082306455158,-0.066244786729415264,-0.050616855674888939,0.017551465520889244,0.04218703636101314,0.010568942279288812,-0.0068128471140044972,0.0020292309256946302,-0.0013447597552190668,-0.0412343657679028,-0.10144663400327166,-0.18037380222921018,-0.20566671315965981,-0.1969347245270206,-0.18402638868109822,-0.098250776674453311,-0.095495710987597709,-0.1623936645403693,-0.14847576112290958,-0.11427157349311388,-0.092513317209586762,-0.13289517230457729,-0.17668548598885536,-0.18720545838860905,-0.16834598779678345,-0.136223786175251,-0.077434452007646148,0.012553400894188705,0.069435173379523416,0.08701588163773219,0.13331545806593365,0.16064266589554874,0.17517403513193131,0.20220805917467391,0.24957880590643203
-0.069312714613400966,-0.073805934633128345,-0.083808323511710539,-0.092925280332565308,-0.13947874014931067,-0.14309880385796228,-0.10062682474481649,-0.098749468552655192,-0.062807003205472778,-0.029358869558200239,0.012610392883289023,0.050463927690597141,0.012181075098591723,-0.022944985206575237,-0.022382782419791091,-0.010484144855768252,-0.0554967431706332,-0.1193301577207654,-0.158333915596207,-0.1671172073483467,-0.17893254675648429,-0.1352069206269724,-0.13016126329700153,-0.16214274626511793,-0.180034444216759,-0.15782624708031709,-0.11890582962239042,-0.13447389362210577,-0.15809512177580282,-0.17106247123549967,-0.17862965166568756,-0.14650127291679382,-0.098607271401719612,-0.045503880609484279,0.020192577658842008,0.055570776359393045,0.058788497828774981,0.077422345522791147,0.1325409822165966,0.17163383960723877,0.20401379217704138,0.25491322576999664
-0.082957502853657522,-0.051181754363434653,-0.045721398321566756,-0.070394060735044811,-0.094394638070038381,-0.096734463911632013,-0.0986097002851552,-0.096303372547544286,-0.08467906114778348,-0.039050950499420818,0.0094203999960882356,0.032638916235056617,0.0021253914370283704,-0.018974094625030247,-0.030252431933250692,-0.033267838776939444,-0.057173737299603386,-0.10821830221386843,-0.14081831369549036,-0.12891305497912473,-0.14592036091619068,-0.14055029699142943,-0.12766298713783422,-0.15603854280451071,-0.16511102636223254,-0.14777308312200366,-0.099842413533024671,-0.10217007040046156,-0.14862106554210186,-0.18682263145844141,-0.18733517080545425,-0.1280689656057141,-0.046410961925764292,0.017916386931513748,0.063102422282099724,0.085844974626194351,0.096643296832388093,0.10774380589524905,0.14288239926099777,0.17110596171447209,0.1933277944723765,0.2461996704339981
-0.080617113837174,-0.062039612895912595,-0.05579593365213701,-0.074671058117278991,-0.10238951162017625,-0.11276096685065164,-0.10831071590555125,-0.0979061141129463,-0.078398035261137727,-0.023251653465316244,0.01436402962257665,0.016807284731898579,-0.00918648006468588,-0.0250907649340875,-0.034481408622334987,-0.055592379054507694,-0.057564313139985591,-0.074353956894294637,-0.10093867739564494,-0.1036908951837842,-0.089044467918574816,-0.10884642086568333,-0.12114518098533153,-0.14006217885762454,-0.15440413314435217,-0.093680409235613687,-0.054643330700469742,-0.083567246907588211,-0.12823250676904405,-0.16494828820228577,-0.16185048384510953,-0.071097589624849591,0.020580729800713016,0.063574231822382324,0.090758786282756118,0.11934073352151448,0.13060404360294342,0.14003827795386314,0.17204854389031729,0.19499243795871735,0.21325678527355194,0.28021132647991182
-0.081903673708438873,-0.0705997814182882,-0.082013102440998478,-0.0979230667331389,-0.10668607698432331,-0.1089598787603555,-0.10926478587347886,-0.11008918260534605,-0.083711635445555058,-0.015716450760373847,0.030225049238651991,0.033606177847832444,0.014932335150660947,-0.0049607981613917218,-0.010373334477966031,-0.037543523181794269,-0.032584114274119627,-0.034685011953115463,-0.054110415926617056,-0.04750898204694845,-0.047517636894351907,-0.0745915639667939,-0.11219571786267417,-0.12497516870498657,-0.11344418719862447,-0.077414742177900148,-0.033442565270008578,-0.029026372657556618,-0.048049142405104175,-0.090391292813278373,-0.097042070799752286,-0.032868221319014471,0.024415267506041206,0.048196770250797272,0.077526227171931944,0.10906041041016579,0.12437032908201218,0.15337047477563223,0.18060973925249918,0.19488835707306862,0.22022430102030435,0.28713064392407733
-0.10371734068862029,-0.10375874088360713,-0.12946822190726245,-0.13787018590503269,-0.11826206666642222,-0.10662132661257472,-0.10842615365982056,-0.1237251642677519,-0.10512961919109026,-0.032454743329435584,0.020822854576118547,0.042787177307951833,0.052335450301567714,0.048875470435427081,0.03928940047820409,0.0182018019258976,-0.011403188754973764,-0.013563635635364335,0.016694408656536219,0.043263065573923731,0.0097355178176340724,-0.030030883835362537,-0.061755316215567291,-0.088268801337108016,-0.0958087791223079,-0.081795078413239838,-0.059542132748497859,-0.035192519820366912,-0.029898558540836624,-0.069289776600069464,-0.086559950732267826,-0.062149637689193092,-0.0079072625958360732,0.025410269076625507,0.040996066693748744,0.063924909170184813,0.09466356163223584,0.13109233230352402,0.14399942010641098,0.16790627241134642,0.1964576281607151,0.30008673071861269
