SouthSea_Web/demo/jsonfile/2017-12-15-05.json
{"header": {"parameterUnit":"m.s-1","parameterNumber":2,"dx":0.1,"dy":0.1,"parameterNumberName":"Eastward current","la1":29.0,"la2":12.0,"parameterCategory":2,"lo2":131.0,"nx":250,"ny":171,"refTime":"2017-12-15T04:58:07.5","lo1":106.0}, "data":
[rows 57 to 75 of 171, columns 84 to 125 of 250]
0.0,0.0,0.0,0.0,0.0,0.0,0.0,0.0,0.0,0.0,0.0,0.0,0.0,0.0,0.0,0.0,0.0,0.0,0.0,0.0,0.0,0.0,-0.16843977997658763,-0.3103519695069335,-0.093674895447926426,-0.095958742643556291,-0.2197993015023795,-0.33640743760352437,-0.30966860079389857,-0.35329883019129438,-0.44022309852809438,-0.43969642874356862,-0.45189129500775727,-0.42098432098116195,-0.40129652193614412,-0.45360791298650927,-0.43654939532279968,-0.42064525385697682,-0.38481463771313429,-0.35886095050308442,-0.3613687174660819,-0.37118796055967157
0.0,0.0,0.0,0.0,0.0,0.0,0.0,0.0,0.0,0.0,0.0,0.0,0.0,0.0,0.0,0.0,0.0,0.0,0.0,0.0,0.0,0.0,-0.058733266412111171,-0.1679607647604176,-0.22913334142048281,-0.19469188680422717,-0.26309996927684209,-0.29047402251850474,-0.34710860492721679,-0.42252593888686252,-0.42557147911616733,-0.4192809082310775,-0.41215468175483472,-0.36475460429986317,-0.38506436004088473,-0.40127174900128293,-0.39788722074948824,-0.33398389485147262,-0.34218479905809673,-0.31685094734032948,-0.30267712672551472,-0.30320016511024966
0.0,0.0,0.0,0.0,0.0,0.0,0.0,0.0,0.0,0.0,0.0,0.0,0.0,0.0,0.0,0.0,0.0,0.0,0.0,0.0,0.0,-0.016908419784158468,-0.14664277403901976,-0.22059474223189884,-0.25272970685833379,-0.26120592057704928,-0.29670381789304773,-0.33178508902589482,-0.42107580267653172,-0.42316377925318344,-0.39907418778448395,-0.37319182580517185,-0.349848740867206,-0.33603444933891297,-0.36508528590202333,-0.37192313373088837,-0.29758720596631366,-0.29702289605682547,-0.25771393529746844,-0.25300726413726804,-0.28522838881382573,-0.32288055342656596
0.0,0.0,0.0,0.0,0.0,0.0,0.0,0.0,0.0,0.0,0.0,0.0,0.0,0.0,0.0,0.0,0.0,0.0,0.0,-0.10382003337144852,0.0,-0.1732467452271117,-0.15082103321929613,-0.21734881732198927,-0.27766705275728154,-0.30629900574684144,-0.32435725407397492,-0.38806300229496427,-0.43411520777679069,-0.429303851392534,-0.38013014916715948,-0.349188360784735,-0.33199466820116397,-0.31850608146708942,-0.32694030304749805,-0.35879235518606084,-0.35429848730564117,-0.15718712254116932,-0.22710155612892574,-0.18341679958736196,-0.28196261038905696,-0.32924718819558618
0.0,0.0,0.0,0.0,0.0,0.0,0.0,0.0,0.0,0.01184500627683862,0.0,0.0,-0.027425039768946079,-0.028137484658509494,0.0,0.0,0.0,0.0,-0.112694737440704,-0.16204363125853422,-0.26861272093195182,-0.3122474756397185,-0.29069850869752745,-0.33121543460422093,-0.33269266875422732,-0.34364941120147707,-0.37287461549736733,-0.43671363519459239,-0.435748359395398,-0.40533119981939142,-0.36931234818917735,-0.32533962607383726,-0.2947288304567337,-0.27538081774344814,-0.268874642940668,-0.25503832331070531,-0.29962843385609711,-0.21109378058463335,-0.10161275615294775,-0.16219979723294575,-0.12555990368127823,-0.018034837441518903
0.0,0.0,-0.007578715740237385,-0.013781110706197138,-0.013477186546605144,0.011103628612850813,-0.0042285481228493422,-0.0098301251299511942,-0.0013734185925288794,0.015606778542107614,0.026378860042915363,-0.025870878545736723,-0.065539186966738536,-0.07793057780410792,-0.0683265175204724,-0.26232352470740294,-0.25142731383198597,-0.29187978687696159,-0.28018987112080873,-0.31014347995320957,-0.35563375342350739,-0.38953893328154526,-0.3906047690127577,-0.38687656700611117,-0.39505871117115021,-0.42641009887059528,-0.46777310902657715,-0.44594646493593854,-0.40493573771940694,-0.39112516180161505,-0.34169874699027453,-0.27268414341268088,-0.22247931887121761,-0.21383757723702324,-0.22755241766571999,-0.17951880530877548,-0.16204299506815997,-0.23728899843990803,-0.1644797932046155,-0.0035479902078143573,0.041112630694572418,0.068521743329862758
0.0,-0.0096983178963354379,-0.0099154346195307937,-0.013507349818657484,0.0,0.026520465050956264,-0.024861309455445735,-0.053564709416375714,-0.052709621999156631,-0.066002882939463145,-0.12205930232197385,-0.10072961783523417,-0.12695061988968565,-0.28142849206924436,-0.37545814528129995,-0.4086492618576425,-0.42600079651536615,-0.43050252502424674,-0.44164018254531057,-0.45174453708163481,-0.43283836764317973,-0.43708155046809805,-0.4432655923506793,-0.45589466422211888,-0.47026310923198861,-0.49924718791788275,-0.49304033477197995,-0.44773772997515543,-0.38805937153451581,-0.30843341169935284,-0.238624846132902,-0.1982161140158063,-0.1480452767573297,-0.11966538594828712,-0.13183860778808593,-0.11434190440922976,-0.2028263376818763,-0.13734290169345009,-0.0589041625498794,-0.14202510565519333,-0.12208688802396257,-0.08579352310625836
-0.017759677910486559,-0.00971685561210468,-0.023444539426495853,-0.028990613611303933,-0.068769203437889212,-0.088096293607830167,-0.13316680169472955,-0.19716761553762879,-0.24470407708927436,-0.27561726761095734,-0.29723890309923151,-0.30331145042990459,-0.39520105288689394,-0.44544212375917741,-0.49191621092499277,-0.53309706899157738,-0.57127381381341968,-0.61691249608993526,-0.59738679517779436,-0.55572571984508579,-0.51358228602579659,-0.54309197487654515,-0.54435120979133922,-0.559493153070917,-0.56454288184642787,-0.50536413156256388,-0.4077495417811654,-0.32930633087049832,-0.27904782522665827,-0.24528901775678,-0.18092254549264908,-0.15172562127312025,-0.12306817322969436,-0.09929008515817779,-0.082443683873862028,-0.0973849083696093,-0.11609337292611599,-0.15913981530401442,-0.20420864762531388,-0.21204792388847896,-0.28663725086620878,-0.44913548656872343
-0.078011007962180051,-0.048250585870517823,-0.049780998856112313,-0.07123079363740438,-0.11895417879049332,-0.23725085689996681,-0.27547371508770213,-0.34927749393447755,-0.40096405251272793,-0.44893366199428753,-0.46240986008492729,-0.45423779242178974,-0.484806990000739,-0.52089488040655851,-0.58861065820112068,-0.68074770651611627,-0.7566103405422635,-0.7339712116453383,-0.679510667107322,-0.66918957233428955,-0.58587293505668636,-0.55930494025068467,-0.52120641389718425,-0.49983078859887031,-0.43029393973173918,-0.3612793181091547,-0.3413129156711055,-0.28990539442747831,-0.2243069052696228,-0.20333435996012253,-0.16713237948715687,-0.15299079911066935,-0.15741748719111734,-0.15532657571814276,-0.14664462674409151,-0.15489561642919267,-0.16026813217571803,-0.22558418909708658,-0.34100145101547241,-0.43899111946423847,-0.47798945903778078,-0.54831468207495548
-0.099991203377094454,-0.0643953410139683,-0.074798253628512529,-0.12225314005094409,-0.22482563603308894,-0.28923482915102428,-0.3677172268430392,-0.43400148771427294,-0.54969592523925448,-0.64341284642143859,-0.64302799105644226,-0.615558123588562,-0.61173264153542062,-0.61427081089753366,-0.686028732308026,-0.78362098390405832,-0.69908690253893535,-0.69920012461287639,-0.69250748775623461,-0.67315505201166326,-0.63407360382799838,-0.58572863710337675,-0.55026862726492043,-0.50456764205144,-0.46856344824141644,-0.37924795734639072,-0.35835457263990889,-0.32502420045234059,-0.31928562659483689,-0.30165024527481626,-0.26376313982265337,-0.23533905094320123,-0.25369920912716126,-0.24798848054238729,-0.23031632726391157,-0.23452164019857133,-0.2477354146540165,-0.31736281939915251,-0.38286777905055452,-0.41127239912748337,-0.40054310858249664,-0.4392905781666438
-0.10813566339604762,-0.19460039802135959,-0.19677408039569855,-0.20338399949319222,-0.315406569484937,-0.37768068956950357,-0.47332480095200619,-0.56567356487115228,-0.60764839956837313,-0.55918818321384367,-0.57360548973083492,-0.59785616993904112,-0.63476968114658938,-0.65339179975645878,-0.73497746857729829,-0.69768355621231926,-0.58464461689194047,-0.58427397937190773,-0.63022925016971731,-0.59358941749030469,-0.5648558948721204,-0.53729272811185746,-0.52173301974932351,-0.49202004227882778,-0.47279624241154367,-0.43538982953344074,-0.43120072556264472,-0.38870465968336376,-0.35888684757294192,-0.30586585721799303,-0.28576897538226581,-0.28708484963230463,-0.30301937460899353,-0.341166885693868,-0.33516005140084487,-0.31370847092734444,-0.26841037968794507,-0.264135804772377,-0.27652059743801755,-0.3015073339144389,-0.26055797295910971,-0.31022682785987854
-0.24345414441179586,-0.27708040842090742,-0.26921439232925576,-0.30284943363883277,-0.46159646892156758,-0.52638322456938325,-0.5350477615637439,-0.54199266484228226,-0.54573360143923288,-0.58977808470421644,-0.61749622954262628,-0.58913610970720331,-0.56002390260497725,-0.52661799715489754,-0.48429683421520475,-0.3870244034462505,-0.37261380404233935,-0.38874691960058716,-0.4212740957736969,-0.42165916987827845,-0.43764832440544577,-0.4317590044811368,-0.41762003203233083,-0.44573296019525238,-0.43865776807069778,-0.41486972775952569,-0.36871514575822012,-0.334799959703728,-0.30132859625986647,-0.26626613549888134,-0.25604039889115554,-0.23246716141700743,-0.24280804455280303,-0.30461204836243078,-0.2880377150498904,-0.25937884368679742,-0.157783311791718,-0.17240910125630243,-0.15901667438447475,-0.091843641130253673,-0.060263926784197487,-0.18507993640378118
-0.33992539662303345,-0.399262859026591,-0.37165659334924483,-0.39249114290116327,-0.41383840988079706,-0.44115036935137031,-0.51946724165569658,-0.57459437199260877,-0.58679556846618652,-0.587704156835874,-0.57682415210839477,-0.566825439222157,-0.52946266531944275,-0.49529911731851511,-0.45509806275367737,-0.38114952934639795,-0.33541629540509194,-0.32969162530369228,-0.31953183668000357,-0.338617918746812,-0.31139231100678444,-0.29695386120251249,-0.31657762383973159,-0.35325899720191956,-0.35152918329605687,-0.35116466192098766,-0.33630937227496394,-0.3354212680588598,-0.2262947311004003,-0.15893049910664558,-0.18642629224520463,-0.1548844069863359,-0.20550904635872161,-0.40247193972269696,-0.41863399042802696,-0.28236209849516553,-0.11646320950239897,-0.04800222379829696,0.025288678081282837,0.096205252815376632,0.081798556726425886,0.019335830983306681
-0.35328980048497516,-0.4658823093058358,-0.48066447867501166,-0.43310789147327688,-0.3876906639220668,-0.35977714075598605,-0.371125397885718,-0.42598100801308952,-0.45158039562163815,-0.465529733470508,-0.45990732073783874,-0.44051961027658904,-0.44594875861097266,-0.41777023902306187,-0.37574226260185239,-0.37353957616365874,-0.35779004118272234,-0.31719541091185349,-0.28691392640272778,-0.26448799669742584,-0.22598459985521105,-0.16262762305828241,-0.12497103357544312,-0.13962172000454023,-0.18840165808796883,-0.23829512975432657,-0.20622666898582662,-0.12561730144545436,-0.1071423002017232,-0.091750383174613773,-0.17438905426989432,-0.20663164680202803,-0.35849128876413616,-0.46101973245018407,-0.31053605782134192,-0.22427863677342733,-0.11820371472276747,-0.033370119161330737,0.024356974073452876,0.0713545357187589,0.054040017279071942,0.032323754082123436
-0.30138895671759081,-0.34651475904449341,-0.45549752779545322,-0.49155590417129652,-0.46038352044261233,-0.407416992528098,-0.34183032378073663,-0.28726163616886846,-0.25672182564934093,-0.22856155725625846,-0.22143017672575438,-0.24965247053366441,-0.2996267931801932,-0.28695349166026485,-0.30567412397691179,-0.33947896155027241,-0.37988427639007566,-0.41012250143906165,-0.36610040187835691,-0.26949943921395708,-0.18797656680856431,-0.16666019282170705,-0.13540766308350222,-0.12695439005720205,-0.17122528622192995,-0.24705352109891396,-0.15598101044694582,0.015451730987815946,0.045721864691586234,-0.089077115127885784,-0.21839185533198444,-0.18164963745757154,-0.19784282089063995,-0.23146905584467781,-0.22514153228086584,-0.25483821332454681,-0.10534598897485172,-0.0045667988444237336,0.044856259218332445,0.051110758135716118,0.0362994497641921,0.09215652868151665
-0.27266174283894623,-0.25721505306886905,-0.28035134399930633,-0.35480091827256338,-0.40162576467562944,-0.40694414319530609,-0.38063574639650494,-0.33430666533800274,-0.26442920720135726,-0.20703085482120515,-0.16255137434712164,-0.1209665213066798,-0.12043069328727393,-0.18381904571184091,-0.2766095053936754,-0.33422540021794184,-0.42757175862789154,-0.37735179169424649,-0.29055863022804262,-0.2343008908732184,-0.15205565474129149,-0.097353395881752167,-0.21471637686093648,-0.26728958583303858,-0.24689254706556146,-0.18806083553603717,-0.059898035472323155,-0.057883584803644694,-0.14985349874656934,-0.13329471595999268,-0.082842560485005379,-0.0028070378955453636,0.0172251650171044,-0.062673582942807116,-0.19553687070545398,-0.24914545083747192,-0.13096488267183304,-0.014072291916236282,0.046075779436664147,0.014480931362413685,0.025907797694134597,0.13276625424623489
-0.35151576137138624,-0.29984952534659431,-0.25039290956088472,-0.20246114290278891,-0.19273197608334677,-0.22885915530579432,-0.2599176938335101,-0.27110077330359705,-0.2262092482830797,-0.17827404373221928,-0.15189875496758354,-0.13696471916941497,-0.13443542005760328,-0.16419866042477743,-0.26994371825251084,-0.44042713026846608,-0.42322003944166775,-0.41940216404018982,-0.36109625967219472,-0.18227339941350854,-0.13155582602485083,-0.25101404411323142,-0.35348502227238249,-0.27536355094476178,-0.17023415925602117,-0.11846077780831944,-0.14452262385748327,-0.24092610087245703,-0.38172571412448225,-0.25935391868863789,-0.10391982588251787,0.095126622882874115,0.044997351163107414,-0.077301451767032792,-0.18276244650284448,-0.23635814871106828,-0.15544529578515462,-0.088030961751937864,-0.068879468087106946,-0.083190401809083089,0.047813370649237186,0.15092420279979707
-0.36954913017424668,-0.36515788568390739,-0.34318557310672032,-0.28383628621294693,-0.22256218375904219,-0.18363326251506806,-0.15753220792474418,-0.14041414950042963,-0.12648073154000136,-0.20312098717247998,-0.268909454897598,-0.287350761993178,-0.2715598094676222,-0.2272534389649668,-0.332502980530262,-0.38446279687266194,-0.43990557268261909,-0.36698074042797091,-0.14380408211207285,-0.2031801726617333,-0.42948720686965519,-0.47274529306512131,-0.36499316543340682,-0.19600908367372141,-0.17934741039533872,-0.21997835977775296,-0.26314030090967816,-0.45233283323400159,-0.48023105105933023,-0.37243695711267405,-0.13943054730971827,0.00099832945852540433,-0.10392423439770937,-0.24925493866205215,-0.28957898914813995,-0.29952843427658082,-0.22700235034738267,-0.12037664264440537,-0.14743151820518755,-0.13535768240690232,-0.0046847801467475407,0.1313390223817392
-0.29363566140333813,-0.30616468729244339,-0.30863228688637417,-0.29357435504595436,-0.23711327283546843,-0.19399215877056122,-0.15451651651944434,-0.11544506371021271,-0.1485056137400014,-0.2380735609266493,-0.307476091843385,-0.27526274734529954,-0.22131259595194169,-0.25366290938109159,-0.28603532958415245,-0.40875377910477773,-0.29974045231938362,-0.14028551396913827,-0.10432024512833561,-0.38388777595190776,-0.53423973987268847,-0.47289167377683849,-0.36600672043099697,-0.1728565089924391,-0.13955329596362215,-0.097591662080958486,-0.26732735092873161,-0.54042618158386979,-0.62254167891837453,-0.38455884565006604,-0.12864079116092575,-0.1072859170713595,-0.15000734077050135,-0.16597062865128884,-0.23938925848120735,-0.28146956386891281,-0.20418808305705036,-0.16073555126786232,-0.20412332937121391,-0.16943895909935236,-0.066060413534824669,0.047422819347544151
