SouthSea_Web/demo/jsonfile/2017-12-15-16.json
{"header": {"parameterUnit":"m.s-1","parameterNumber":2,"dx":0.1,"dy":0.1,"parameterNumberName":"Eastward current","la1":29.0,"la2":12.0,"parameterCategory":2,"lo2":131.0,"nx":250,"ny":171,"refTime":"2017-12-15T16:01:52.5","lo1":106.0}, "data":
[rows 114 to 132 of 171, columns 42 to 83 of 250]
-0.33251815758369585,-0.1683591698054914,-0.15181801606107642,-0.14988445463003935,-0.16376561919848123,-0.21854655775758955,-0.27240397858208626,-0.28748808205127718,-0.24445139007134872,-0.18906996761049544,-0.18069217293649106,-0.1921378069145735,-0.22679229981677476,-0.23472212578939355,-0.22693527392719104,-0.20509169758720833,-0.173367104128651,-0.15427834828468887,-0.15073486677435941,-0.15010873629496649,-0.13906160688826016,-0.12224478771289189,-0.1310701466032437,-0.144964650971815,-0.0965008519589901,-0.061638981902173588,-0.03727695773821324,0.032931226965350412,0.022946710505968203,0.023281651339493691,0.053913405281491578,0.08445735017840679,0.0688495555271705,0.051958026674886547,0.049743877413372196,0.034843939253025584,-0.018342987670621369,-0.07838547921606473,-0.1369387631615003,-0.17201042175292969,-0.16695843935012816,-0.14795519113540651
-0.25634147497740661,-0.18012470424175262,-0.16156766735590422,-0.17836109262246352,-0.20670307510428959,-0.25173946789332796,-0.26272280562308525,-0.23812470020669879,-0.19793098337120479,-0.15279085082667215,-0.2140955365366406,-0.28949504773667517,-0.31365895492059215,-0.3180196264694477,-0.29010841147652988,-0.25198864037620611,-0.21812442557087966,-0.22911969863850137,-0.21698939313693921,-0.17548384362210831,-0.1481259200308058,-0.14018388722951597,-0.13707048178483278,-0.15644998123516907,-0.18007251289155749,-0.16312935948371887,-0.080520272853651223,-0.01268850615209279,0.02508278370701841,0.063629371751295891,0.084469851763809431,0.11334659578278661,0.095044090102116272,0.058410778020819031,0.035179108042608605,0.023426368949003518,-0.028401938150636852,-0.0979366134852171,-0.15058293300015585,-0.16989430785179138,-0.16740849117437998,-0.17057290176550546
-0.24281608669654184,-0.18009168737464482,-0.17071609587773032,-0.16810708812304906,-0.20293877632529647,-0.21857269704341889,-0.19685406982898712,-0.18220630202974592,-0.16850314065814018,-0.19918485416306389,-0.31969931559129194,-0.37871883759895958,-0.41534772801072628,-0.39772694322623703,-0.31289844196519734,-0.25957545161247253,-0.22616627167409925,-0.21375903629121326,-0.190455525599677,-0.1891203160429823,-0.18874241720955326,-0.21753620866097903,-0.21468428350411928,-0.17502678287300197,-0.15206877233051672,-0.13133294356835856,-0.082302787403265631,-0.080441990660296545,-0.024658070013780769,0.044138718189464674,0.063809540821239352,0.083725214270608764,0.068956589592354636,0.025722592091187834,-0.004313956863673714,-0.02695353697054088,-0.071520697325468063,-0.12170427044232686,-0.16767975687980652,-0.1790238693356514,-0.18915438652038574,-0.18774072527885438
-0.257959463596344,-0.21549001097679138,-0.16223046238775607,-0.13860980614467902,-0.17696070571740469,-0.18640119558380497,-0.17611272037029266,-0.20686786919832229,-0.21795027962950772,-0.28917270111587812,-0.41190901880755143,-0.447560425670374,-0.4587847409295101,-0.39846036614490155,-0.28994428069610906,-0.26673086994403117,-0.23050052137935864,-0.24688919235582221,-0.21348486567886782,-0.23770692296650098,-0.29630477788547677,-0.31887134865148742,-0.27195596718229353,-0.23037543635943841,-0.2197400446642529,-0.15319052425234817,-0.083270286633209747,-0.05827160141077535,-0.023765786344566466,0.0094709314228231586,0.027642936199246085,0.042842748016119,0.019593851941560086,-0.0021589215353338253,-0.031866168396340475,-0.058024746676286064,-0.093370276902403154,-0.14472029265016317,-0.1876194647380284,-0.20299827679991722,-0.19946123287081718,-0.18025258556008339
-0.27718356003363925,-0.26318405687808988,-0.17886138973491533,-0.14409244965229714,-0.15395822448115196,-0.18977909286816916,-0.19249888901647769,-0.22338839429755544,-0.288264566273601,-0.35652325124967665,-0.43210890854106232,-0.48830280749778437,-0.51211756549693721,-0.49495093441671795,-0.41544711895478076,-0.43693739041012136,-0.39379621352310534,-0.36035150959250634,-0.28754723931060117,-0.28971981856486073,-0.34488709942967283,-0.34339876416719184,-0.31545999301107308,-0.28521452251917279,-0.27777673183910306,-0.19906190523634787,-0.10994340562158161,-0.0598185724268357,-0.037185285598612748,-0.040866532510048466,-0.011372347923872225,0.019217192045679048,-0.0033946257740767164,-0.02594794789329171,-0.059980255034234792,-0.087184379498163864,-0.1216138122337205,-0.18223029747605324,-0.21707657618182047,-0.2085251659154892,-0.18973590433597565,-0.16412166655063629
-0.24214286185227907,-0.21053526736795902,-0.17751708295610216,-0.1619835559810911,-0.15567125572312263,-0.19381237568126786,-0.22096331126806212,-0.25025052453080815,-0.30825707023261023,-0.313223201919485,-0.33329198163534912,-0.379989609686104,-0.42431986265509697,-0.55277646265246649,-0.51549147129581685,-0.52287521379334589,-0.50864397467823208,-0.47616570070385933,-0.41478486540161563,-0.40596971942099513,-0.42699121783689126,-0.41837809302590112,-0.37376297451555729,-0.3646799843440684,-0.33949705879939229,-0.23164705443577688,-0.13198226107203442,-0.077137093874625862,-0.051801188322513,-0.064618690028077075,-0.045532593552611376,-0.016279439871700909,-0.021799214649945498,-0.052668975873125926,-0.084047135896980762,-0.10896551183291844,-0.14713313803076744,-0.20961385752473558,-0.23749123513698578,-0.23060636967420578,-0.20845197141170502,-0.16962711264689764
-0.18533874990848395,-0.13854401962210736,-0.17055528700351716,-0.20320120453834534,-0.178489500374505,-0.19663132003375461,-0.24644569359546484,-0.25561244617093282,-0.2829567083945641,-0.2751517160850413,-0.32833162965118023,-0.47369883711367972,-0.59434870085609492,-0.52857170660387387,-0.4172114073628127,-0.41453937666885782,-0.41769822769694859,-0.40509433088437569,-0.40197534711225658,-0.35732203602539336,-0.41301584474768743,-0.39014879699810223,-0.49307782411173939,-0.44628023865199323,-0.37043272078037259,-0.26603168382573483,-0.17794719689032612,-0.12589462020912687,-0.076135682935516036,-0.042948872822782265,-0.039399003476968834,-0.0374831071553322,-0.036104986444115639,-0.059994696639478207,-0.084600468476613358,-0.10397530049085617,-0.15192820380131403,-0.20560770109295845,-0.2188663695539747,-0.21621521189808846,-0.21494623521963754,-0.20592010021209717
-0.18281177058815956,-0.16343627810478212,-0.20395189137370498,-0.24511676861180198,-0.23688769033726523,-0.235784690731611,-0.26543624796297238,-0.28339704662038567,-0.28019736494336811,-0.30403975883255835,-0.33165342326347647,-0.45437870498729926,-0.41772766645859788,-0.33819545190781353,-0.34706702807419737,-0.38016694638787246,-0.39017914329563175,-0.38887755137629215,-0.35221741850080052,-0.26674434153123516,-0.30401383483639133,-0.12193102725420248,-0.35007785761076743,-0.38857621441934709,-0.36983730019749822,-0.3021519910753443,-0.23462258104015799,-0.17908396313385089,-0.11712314981606699,-0.041263418085873124,-0.034929155207732147,-0.050479909235780891,-0.036585413185613494,-0.02793944828833143,-0.047182875871658328,-0.076957527548074722,-0.12721743620932102,-0.16883128136396408,-0.18726147462924322,-0.20635261634985605,-0.22460600733757019,-0.21259081959724427
-0.2318329889149893,-0.24219511708487634,-0.26309668006641523,-0.27262140597615925,-0.28495813440531492,-0.3007329539174125,-0.32647654049250546,-0.34832177357748151,-0.33806868633137471,-0.28126895796544482,-0.26122076045565246,-0.32287271007610735,-0.39291384237153187,-0.42487611823481292,-0.44589322836941514,-0.44311775224549432,-0.41881156366641126,-0.37399456929415464,-0.30872336862718358,-0.31085642405918668,-0.25545271832582561,-0.16001959423057005,-0.136686931193269,-0.18090435264981944,-0.16028561119315207,-0.24432516143865513,-0.26000017215465676,-0.20471682736318406,-0.16217625215649606,-0.0903507058063279,-0.072722264875968293,-0.070194954797625539,-0.020969525600473087,0.021134428812989166,0.0098988647140296447,-0.034822959452867508,-0.097273647785186768,-0.14977749586105346,-0.18592619647582373,-0.21232356727123261,-0.24428358674049377,-0.23134260731084005
-0.239705196336696,-0.27468805339025415,-0.28961372588362011,-0.29286330732805976,-0.32393473870045431,-0.3427549570798874,-0.3446230481971394,-0.3713282085955143,-0.37909513342948187,-0.29664275707222343,-0.23639737874487021,-0.33456352047431165,-0.4957090572468818,-0.61583785329546248,-0.54385829516756,-0.39582654782410326,-0.33813578599595767,-0.3092690792991154,-0.2878344025160815,-0.31456271189601481,-0.30461369967251495,-0.21072405229826444,-0.12194469198584557,-0.068852294426919383,-0.07658780901284333,-0.062847895508732265,-0.270980660850362,-0.27527658763479013,-0.2128969312391498,-0.15346545686847285,-0.128035485212292,-0.10081634670495987,-0.028906155261211097,0.0063068088687335449,0.0083503729753526077,-0.0063142019789665937,-0.0849323139658996,-0.158957873071943,-0.22515972703695297,-0.25908500452836353,-0.31782690435647964,-0.30921443871089388
-0.25923833101987837,-0.25408518835902216,-0.25756017296087175,-0.30219724884739629,-0.37046836660458493,-0.3534872746744821,-0.32850229321864616,-0.37393014776853867,-0.3617854819465906,-0.32947691736210671,-0.28089218637252827,-0.34158578056667466,-0.3971832523659124,-0.39979129213176362,-0.33035167466109827,-0.28183269859962617,-0.26260291186033513,-0.25636453789248809,-0.24655466992737127,-0.20393549999825553,-0.17044226049974159,-0.19148192285223209,-0.18184024429321288,-0.10656098381406935,-0.090860907908748179,-0.13152877534693261,-0.15729291516856611,-0.25314982543173042,-0.24723705492521586,-0.22054704243228548,-0.20637457924229757,-0.14339838270097971,-0.081845585877696678,-0.054549775086343288,-0.051720353588461873,-0.049454832915216684,-0.10309350490570068,-0.18442320185048239,-0.25272688766320545,-0.3292155052934374,-0.41754723872457233,-0.45002751217948067
-0.26186627844969429,-0.250707895308733,-0.2296514277872832,-0.26454182527959347,-0.311718941637964,-0.30969249253923242,-0.307760675919467,-0.30894430566437636,-0.30732383398395596,-0.34652355795397477,-0.21600854238968784,-0.22527687659150339,-0.12661323967928834,-0.13926417066149807,-0.15613595251795154,-0.18015919897754659,-0.21147286948442617,-0.25473846406788841,-0.31666217700133337,-0.31472798689831921,-0.18440994041376427,-0.1127986394466008,-0.22369929887496021,-0.20248253069078651,-0.18273611425569183,-0.12662052056379616,-0.1942684093007335,-0.25196120424850565,-0.28188841320850233,-0.27297774702310562,-0.26803213222460315,-0.19234521128237248,-0.13945327167000091,-0.12978136220148631,-0.10943440496921539,-0.10743018984794617,-0.15373542159795761,-0.21657648185888925,-0.28432825207710266,-0.37108192273548674,-0.47605451089995249,-0.55992772678534186
-0.24920407726484187,-0.25526103656738997,-0.22837497226216577,-0.23074050962924958,-0.25417580981464949,-0.28016745713022018,-0.23504319911201796,-0.24217097950833186,-0.22263156363838596,-0.16735129527688966,-0.17584955463649105,-0.361448491501451,-0.45241393928611,-0.44724243660601909,-0.47710728645324707,-0.37080606497919189,-0.24171886594792882,-0.19944512379138976,-0.30502734225123157,-0.44013814652353767,-0.36724964098427626,-0.27998266923257886,-0.29134122363801274,-0.34938042685688742,-0.27718231718059583,-0.21582362299957195,-0.18431781142046957,-0.22191751251618067,-0.26930504519006482,-0.29879510402679443,-0.29244399922234671,-0.23214231857231685,-0.183171716829141,-0.18504726514220238,-0.1811981201171875,-0.17286152499062674,-0.19413860993725912,-0.23483967036008835,-0.29929063096642494,-0.38164944350719454,-0.46467409913356489,-0.50009935100873315
-0.23065571486949921,-0.24467136152088642,-0.24875994523366293,-0.24649186804890633,-0.25924584269523621,-0.2630005520970925,-0.20037071255304045,-0.15306318510476857,-0.10015000258054999,-0.028875392788385006,-0.065459009560630027,-0.18977906845180864,-0.12892023985867734,-0.21461940842014479,-0.35628460319189753,-0.35710649737748651,-0.30371871565058239,-0.278315486995096,-0.32109094505389052,-0.31382391422786221,-0.44666801354541991,-0.53265608435474943,-0.52470167506078957,-0.41759428097499357,-0.29929546104825061,-0.21487189627119474,-0.21492186141392541,-0.24510383754968643,-0.28294525345166527,-0.28787553039464081,-0.26143456995487213,-0.2264860620101293,-0.19212229549884796,-0.2152425915002823,-0.22913186997175217,-0.21320911390440805,-0.22025010734796524,-0.24335306137800217,-0.26676660900314647,-0.32096372659389788,-0.33741175064018797,-0.31188816796330843
-0.23287816210226578,-0.25111362657376696,-0.26073260605335236,-0.258352546642224,-0.26109450496733189,-0.21436622381210327,-0.13517031664757626,-0.051068372452714207,0.025465455208281387,0.018755037806804827,-0.036533671784275253,-0.10675442805730326,-0.18758057381244417,-0.26622364856877628,-0.26142861055017547,-0.38622192234493963,-0.27182015730333531,-0.27057138794542374,-0.45376730114719938,-0.43209921410589508,-0.29606195143711422,-0.36373292264051554,-0.48601896435707465,-0.44514103776571767,-0.31943591214143313,-0.27841891824710563,-0.26498822052523774,-0.26598604258738068,-0.270630835245053,-0.25891486638122135,-0.23974506556987763,-0.20798000693321228,-0.18113130827744803,-0.19941645860671997,-0.24083217765603746,-0.24881985286871591,-0.26230844855308533,-0.26291576985801968,-0.24240898742125586,-0.25564270065380978,-0.29785095850626625,-0.27133367856343588
-0.24238169057802719,-0.27368707209825516,-0.28030321214880261,-0.27483510805500877,-0.23424258189541952,-0.15412754013582511,-0.099774472829368382,-0.0509404489126532,-0.013291301307473608,-0.054206630012951791,-0.044464895076563822,-0.10683247350877331,-0.27138946095640343,-0.44455458410084248,-0.42361545103425191,-0.40027892455372754,-0.37608437379688325,-0.32065886154509426,-0.45097137570946139,-0.51570645868778231,-0.45457694613107358,-0.37503820212512484,-0.23547840866719791,-0.15272860134663019,-0.29136821863598616,-0.35167248028775921,-0.31313535977493634,-0.27801152666409812,-0.25754624977707863,-0.24365643908580145,-0.21965545415878296,-0.18367821350693703,-0.16891380647818247,-0.19030384932245528,-0.22531521817048392,-0.23554108738899232,-0.26514733066925633,-0.34175914984482986,-0.29711583554744719,-0.23220050893723965,-0.13797785465916,-0.18668536841869354
-0.25474069515864056,-0.27762070596218108,-0.28290417331915635,-0.26408119762645049,-0.18209061026573181,-0.12079826187948849,-0.093828981538323586,-0.12907445861753328,-0.14787879441704216,-0.092622484653084369,-0.12758657331953102,-0.2118238406472428,-0.26777121847794377,-0.37575363393487604,-0.41757128107438396,-0.3516675578347877,-0.36707531562691481,-0.259324678392322,-0.34660814685383062,-0.4631796509027481,-0.565736087411642,-0.576002259690737,-0.47385625237413437,-0.37872979733812151,-0.29947374887134304,-0.31467783963307738,-0.29855491133297191,-0.29695837199687958,-0.28184456750750542,-0.24601471175750098,-0.20332804073890051,-0.16092323015133539,-0.15141311039527258,-0.1643279492855072,-0.17198809153503841,-0.17365231240789095,-0.21684604324400425,-0.31287617882092794,-0.26378203630447389,-0.20672371877091272,-0.14372509101835582,-0.1280475459061563
-0.25635468463102978,-0.26370329782366753,-0.2904917448759079,-0.23787442527034067,-0.17028975072834227,-0.13543005943298339,-0.093768212389438707,-0.11314432794118629,-0.14349970373735632,-0.16925852526636684,-0.23126576193741391,-0.29020230053515916,-0.30472686886787415,-0.37214289731898548,-0.39287565151850384,-0.3531521030742189,-0.30201706746677021,-0.26641929842216866,-0.30375908493995668,-0.44438177347183228,-0.56060729541030585,-0.5402062300479773,-0.42764326970319488,-0.31749144017696379,-0.30935878042251835,-0.331170507167515,-0.29789270088076591,-0.27307062223553658,-0.23921970774730048,-0.2172948494553566,-0.17878372470537821,-0.1552560657262802,-0.1570165114743369,-0.16565082967281342,-0.15606540983373468,-0.15938618672745569,-0.20891508261362712,-0.23414864341417949,-0.23098852751510485,-0.34396364220551084,-0.27269582847754159,-0.144545350755964
-0.23035660811832973,-0.25776733245168415,-0.27597783293042866,-0.22179552416006723,-0.21963366459716449,-0.20780988463333674,-0.12912050021045349,-0.13498652891980278,-0.16537606871376434,-0.18228306475086747,-0.23058656764245913,-0.33938122801639864,-0.33405991353922421,-0.35559805081440854,-0.35784309932163783,-0.31220022810472026,-0.3108798310160637,-0.32710538716877208,-0.38622139250078508,-0.50647062361240391,-0.59265508528413446,-0.543510870801078,-0.4309404178669578,-0.3682775557041168,-0.3733174183538982,-0.39276370737287736,-0.34409827845437185,-0.29673910140991211,-0.25112875550985336,-0.21280094981193543,-0.16347033778826395,-0.1572804663862501,-0.18177765820707595,-0.18616443748275438,-0.16516165779187128,-0.12063055435816447,-0.06496376284797277,-0.042100040459384522,-0.12887917186266609,-0.22398433486620586,-0.25195858840431484,-0.18994084000587463
