SouthSea_Web/demo/jsonfile/2017-12-14-19.json
{"header": {"parameterUnit":"m.s-1","parameterNumber":3,"dx":0.1,"dy":0.1,"parameterNumberName":"Northward current","la1":29.0,"la2":12.0,"parameterCategory":2,"lo2":131.0,"nx":250,"ny":171,"refTime":"2017-12-14T19:01:52.5","lo1":106.0}, "data":
[rows 114 to 132 of 171, columns 129 to 171 of 250]
-0.047926578670740128,-0.072940436502297715,-0.051271884391705193,-0.013834003068041056,0.023235074501176962,0.082921541162899556,0.1359888231381774,0.24005524678663773,0.27413917504824126,0.33233029217947097,0.374732265005941,0.41800452654178327,0.43011344224214554,0.49507825661982807,0.5143692140763223,0.054536327719688416,0.0,0.0,0.0,0.0,0.0,0.0,0.0,0.0,0.0,0.0,0.0,0.0,0.0,0.0,0.0,0.0,0.0,-0.4531654797628254,-0.389992173065196,-0.071259152427413014,0.40259233862161636,0.92332319986252553,0.96903321146965027,0.782191643791814,0.58417491863171256,0.42032905376475788,0.30053230673074721
-0.057302780449390411,-0.018350107478909194,0.028463994385674596,0.0656364655122161,0.12991750674943128,0.18608845770359039,0.233296560389655,0.26909640431404114,0.28917451898256935,0.30842900701931547,0.34620688138184724,0.37665915290514629,0.36845693178474903,0.43283151356237276,0.37152807112481145,-0.015766804281718904,0.0,0.0,0.0,0.0,0.0,0.0,0.0,0.0,0.0,0.0,0.0,0.0,0.0,0.0,0.0,0.0,0.0,-0.32675428245185822,-0.34878532607344132,-0.18254942243101494,0.1969610785599798,0.899967613372397,1.0048772164753506,0.82844571982111248,0.62292098778265492,0.44352557687532335,0.32104050517082217
-0.015115772373974323,0.029625267100830872,0.11088315645853679,0.15817508995532989,0.23148496448993683,0.28584008131708416,0.305077750235796,0.31058647957715119,0.30619749625523884,0.29346679151058197,0.31781152668206586,0.34458969712257387,0.28965727215813053,0.34227993938981033,0.27147843608179606,0.072170333042173421,-0.0037907696010627072,0.0,0.0,0.0,0.0,0.0,0.0,0.0,0.0,0.0,0.0,0.0,0.0,0.0,0.0,0.0,0.0,-0.10490584588842467,-0.16450365300771586,-0.26007257420075153,0.0050121748328700172,0.94200804548443484,1.0358060423065634,0.82241867626866982,0.62313954319272724,0.46712010389282588,0.3337035268545151
0.022723428051297862,0.1021735742688179,0.16838868459065756,0.23306729495525361,0.28331535557905835,0.32458411370004925,0.35291272029280663,0.36693108507565092,0.36395551264286041,0.33010958880186081,0.31688728251240472,0.30460197602709133,0.24451054518039411,0.22684946454860069,0.13902430275553152,0.020433975562453272,0.0,0.0,0.0,0.0,0.0,0.0,0.0,0.0,0.0,0.0,0.0,0.0,0.0,0.0,0.0,0.0,0.0,0.0,-0.030929870311714087,-0.15913439406914279,-0.06044914827825839,1.0718430427254224,1.0609252485964034,0.8387352581377383,0.63458886094715283,0.49308758346658005,0.38947089630014758
0.073693296561638519,0.12172805517911911,0.1478040317694346,0.20604040026664733,0.27410349249839783,0.31932063187871662,0.37481291219592094,0.40762409195303917,0.408219372232755,0.35402377508580685,0.29659818212191263,0.25068439294894534,0.22566076977686447,0.224930549821546,0.12513876176542707,-0.015495087283973892,0.0,0.0,0.0,0.0,0.0,0.0,0.0,0.0,0.0,0.0,0.0,0.0,0.0,0.0,0.0,0.0,0.0,0.0,0.0,-0.27681976197553532,-0.023289797126233972,1.1118834686690364,1.0224089832866894,0.823670550532963,0.63792089053562706,0.51263003796339035,0.44706558187802631
0.0978980753570795,0.11250987152258556,0.14543238654732704,0.1870088055729866,0.23474293947219849,0.31541632612546283,0.37711655596892041,0.414546271165212,0.4102591834962368,0.35595176741480827,0.2856834861967299,0.21242339784900347,0.17394299656152726,0.15061800452795895,0.097641242590422436,0.01255682571354555,0.0,0.0,0.0,0.0,0.0,0.0,0.0,0.0,0.0,0.0,0.0,0.0,0.0,0.0,0.0,0.0,0.0,0.0,0.0,-0.12168844642583281,0.069573168035490462,1.0410872445656703,0.91742470970860235,0.74059156125242065,0.59127044677734375,0.48977304995059967,0.44229437708854674
0.082171055177847549,0.12843652069568634,0.17651935915152231,0.20505711684624353,0.23166614274183908,0.29246755157198223,0.37433872371912,0.39686019931520733,0.38354760408401489,0.33436868919266594,0.25861808508634565,0.1940199380571192,0.12842420137980404,0.062145467191426593,0.018964753740213135,-0.054204979578831365,0.0,0.0,0.0,0.0,0.0,0.0,0.0,0.0,0.0,0.0,0.0,0.0,0.0,0.0,0.0,0.0,0.0,0.0,0.0,0.0,0.71080292122704647,0.883262500166893,0.81248605623841286,0.66079123531069073,0.5297489301724867,0.44027681784196332,0.3972038686275482
0.0658527109771967,0.14121261239051819,0.1992645338177681,0.23532870039343834,0.26237309724092484,0.32164963483810427,0.36560280919075011,0.39070561953953337,0.36801912635564804,0.33532258868217468,0.25181175619363783,0.14939174552758536,0.063710700302700776,-0.02495118192746304,-0.077746396418660879,-0.061662874494989715,0.0,0.0,0.0,0.0,0.0,0.0,0.0,0.0,0.0,0.0,0.0,0.0,0.0,0.0,0.0,0.0,0.0,0.0,0.0,0.0,0.80780842304229739,0.8577681346373125,0.74686234593391421,0.61793681648042464,0.51047651469707489,0.42380669713020325,0.3936299781004588
0.10888878256082535,0.15874358266592026,0.20657236377398172,0.24663574621081352,0.27912806272506713,0.339267885684967,0.36510026880673,0.3605090007185936,0.34449493885040283,0.31607337508882793,0.25019904564727435,0.15674087653557459,0.036141121255544327,-0.083804289344698191,-0.094226000539492816,0.0,0.0,0.0,0.0,0.0,0.0,0.0,0.0,0.0,0.0,0.0,0.0,0.0,0.0,0.0,0.0,0.0,0.0,0.0,0.0,0.74612291653951013,0.85727214150958586,0.84811826394154477,0.68709197044372561,0.54836979508399963,0.457067646086216,0.40502080321311951,0.3887949486573537
0.14431718736886978,0.15527859330177307,0.20140914618968964,0.2180963009595871,0.27816836748804363,0.3387430191040039,0.35935051526342121,0.34351876378059387,0.3167216032743454,0.28162950277328491,0.24487151867813534,0.1819734341568417,0.070881607561287557,-0.037699205578454506,-0.035995046907503693,0.0,0.0,0.0,0.0,0.0,0.0,0.0,0.0,0.0,0.0,0.0,0.0,0.0,0.0,0.0,0.0,0.0,0.0,0.0,0.0,0.70307903630392887,0.869920289516449,0.77283050616582238,0.59675298333168025,0.47068314931609412,0.41661865370614187,0.39977544877264237,0.39032233187130522
0.16947682201862335,0.18651811281840006,0.19657436261574426,0.20660258616719926,0.24513118820531027,0.31461899727582932,0.35719912818499971,0.35475960373878479,0.32552338639895123,0.28793996146747042,0.23910505324602127,0.15976452082395554,0.088926621641104042,0.009301735778535658,0.020874048255521943,0.0,0.0,0.0,0.0,0.0,0.0,0.0,0.0,0.0,0.0,0.0,0.0,0.0,0.0,0.0,0.0,0.0,0.0,0.0,0.43461100260416669,0.6670851442548964,0.76724141836166382,0.65576412081718449,0.51243455542458427,0.43622768351009916,0.39542114436626435,0.38597820699214935,0.37691565975546837
0.12658366312583289,0.1466740995645523,0.17162835299968721,0.20211129076778889,0.22374062798917294,0.27871339023113251,0.33460944890975952,0.34221280515193941,0.32037868670054842,0.286335501819849,0.20485027972608805,0.0454656487951676,-0.0061146110399729675,0.020580803044140339,0.11451912919680278,0.0,0.0,0.0,0.0,0.0,0.0,0.0,0.0,0.0,0.0,0.0,0.0,0.0,0.0,0.0,0.0,0.0,0.0,0.11173301128049691,0.45780244682516369,0.68802113966508349,0.671053464214007,0.57387772533628678,0.47172724952300388,0.39917014241218568,0.36108120282491046,0.35798042640089989,0.34741895397504169
0.07149650653203328,0.10475471243262291,0.13790235455547059,0.20175228081643581,0.24363652989268303,0.28143613206015694,0.33066533718790325,0.34957551956176758,0.3776213675737381,0.34958228717247647,0.19185752173264822,0.033444793274005256,0.076350808143615723,0.0754736945964396,0.10751135398944219,0.0,0.0,0.0,0.0,0.0,0.0,0.0,0.0,0.0,0.0,0.0,0.0,0.0,0.0,0.0,0.0,0.0,0.0,0.20868097245693207,0.62339813871817151,0.67916925251483917,0.59942229390144353,0.50909645449031482,0.429579496383667,0.375945083796978,0.33244445107199927,0.33038544323709274,0.32285677641630173
0.056678061683972679,0.099707089364528656,0.14558026442925134,0.19344760477542877,0.2371993980237416,0.28874601920445758,0.35149871877261568,0.37977520057133268,0.43473932147026062,0.54688423871994019,0.0,0.11490797748168309,0.1181989067367145,0.093366566631529063,0.028870695328805596,0.0,0.0,0.0,0.0,0.0,0.0,0.0,0.0,0.0,0.0,0.0,0.0,0.0,0.0,0.0,0.0,0.0,0.0,0.45759905129671097,0.65682300428549445,0.59650627374649046,0.51842517405748367,0.45070721581578255,0.40025189518928528,0.36292427115970188,0.31335031613707542,0.3036750853061676,0.30154478549957275
0.057935792021453381,0.10054336190223694,0.13807553425431252,0.18733591958880425,0.24472192376852037,0.29944122210144997,0.35192379024293685,0.388022107737405,0.40969597548246384,0.0,0.0,0.0,0.14819755852222444,0.11571582220494747,0.031643141837169729,-0.024480141699314117,0.0,0.0,0.0,0.0,0.0,0.0,0.0,0.0,0.0,0.0,0.0,0.0,0.0,0.0,0.0,-0.00014218574506230652,0.11834296584129334,0.47068145498633385,0.58743984699249263,0.509625620312161,0.45292357802391053,0.40229625999927521,0.36091304942965508,0.33120274916291237,0.29486604200469124,0.28570149838924408,0.28667039530617849
0.097200462594628334,0.12954818705717722,0.15121317158142725,0.2091914431916343,0.27631808966398241,0.31044326225916546,0.354136431759054,0.36550417169928551,0.35457327465216321,0.0,0.0,0.0,0.11004799852768581,0.059601418673992157,0.0043034227564930916,-0.047875549644231796,0.0,0.0,0.0,0.0,0.0,0.0,0.0,0.0,0.0,0.0,0.0,0.0,0.0,0.005620564566925168,-0.0075390482864653068,0.034985718849514215,0.21903668995946646,0.40266582038667464,0.45388936996459961,0.4297363923655616,0.37974402904510496,0.341953556984663,0.31671365350484848,0.32112491875886917,0.29570209607481956,0.28082172870635985,0.28110968073209125
0.11726398766040802,0.15976174672444662,0.17664193681308202,0.20951170176267625,0.26675484031438829,0.29071191698312759,0.33218225565823639,0.32937986776232719,0.32713181897997856,0.0,0.0,0.0,0.0,0.0,0.0,0.0,0.0,0.0,0.0,0.0,0.0,0.0,0.0,0.0,0.0,0.0,0.0,0.0,-0.007313077338039875,0.055541232973337171,0.0548209388467843,0.12909533095080406,0.29252104190262879,0.37549925222992897,0.39404740333557131,0.359233520925045,0.294996516271071,0.27524707466363907,0.2733925711363554,0.3162139356136322,0.29981519920485361,0.27909440795580548,0.27193749376705717
0.11434394493699074,0.16686791181564331,0.19952638021537236,0.22119100689888,0.23984223455190659,0.24892119690775871,0.27327851123279995,0.2480593461256761,0.21874985776164316,0.0410383505950449,-0.032124429941177368,0.0,0.0,0.0,0.0,0.0,0.0,0.0,0.0,0.0,0.0,0.0,0.0,0.0,0.0,0.0,0.0,-0.081560900434851646,0.079508699849247938,0.19390223361551762,0.25827418184942669,0.28330814838409424,0.30174470489675348,0.34544094204902648,0.33411110772026908,0.28553703725337981,0.21857934445142746,0.21461365558207035,0.26015477813780308,0.321156124273936,0.30422528726714,0.27879241605599719,0.25018457174301145
0.11354539915919304,0.14794502904017767,0.1825858929327556,0.19095647037029268,0.1977679580450058,0.21162532642483711,0.21056681871414185,0.15696449081103006,0.097341343494398255,0.023524619302146936,-0.01616679592883553,0.0,0.0,0.0,0.0,0.0,0.0,0.0,0.0,0.0,0.0,0.0,0.0,0.0,0.0,0.0,0.0,-0.027584263847933874,0.20119979097084564,0.30053637325763705,0.34590677917003632,0.32884455810893665,0.30471776832233777,0.28796806335449221,0.2467829113205274,0.21353681219948661,0.16196904083093008,0.18612481467425823,0.2883754124244054,0.33261656264464062,0.29119874536991119,0.24621815127985819,0.22184428146907262
