SouthSea_Web/demo/jsonfile/2017-12-16-11.json
{"header": {"parameterUnit":"m.s-1","parameterNumber":2,"dx":0.1,"dy":0.1,"parameterNumberName":"Eastward current","la1":29.0,"la2":12.0,"parameterCategory":2,"lo2":131.0,"nx":250,"ny":171,"refTime":"2017-12-16T10:58:07.5","lo1":106.0}, "data":
[rows 114 to 132 of 171, columns 126 to 167 of 250]
-0.23771147429943085,-0.29188971221446991,-0.34914839267730713,-0.31490981578826904,-0.38187219699223834,-0.35648617645104724,-0.29464150220155716,-0.31698481525693623,-0.3372805118560791,-0.32343138009309769,-0.30633215741677716,-0.24866056786133692,-0.19948450937157586,-0.20220750505509583,-0.26732261478900909,-0.27002789038750863,-0.20494549588433333,-0.086341736888563309,-0.040688538923859596,0.0,0.0,0.0,0.0,0.0,0.0,0.0,0.0,0.0,0.0,0.0,0.0,0.0,0.0,0.0,0.0,0.0,-0.056900461416267707,0.061728233481747108,0.15036468541444237,-0.058564856514119759,-0.15935085642905461,-0.1797406631795799
0.0,-0.25640808045864105,-0.30041900277137756,-0.31020906567573547,-0.271685604006052,-0.25461347897847492,-0.2453610509634018,-0.3310265988111496,-0.36202922960122424,-0.320251818214144,-0.28829756751656532,-0.23516788880030315,-0.20792744060357413,-0.24035170839892495,-0.28207476486762367,-0.2636414379812777,-0.22428451824401105,-0.26558620714255282,-0.206959512344548,0.0,0.0,0.0,0.0,0.0,0.0,0.0,0.0,0.0,0.0,0.0,0.0,0.0,0.0,0.0,0.0,0.0,-0.03878407584876592,-0.00095042923452108628,0.071699666322627087,-0.096721158165371773,-0.17006425147360943,-0.25785529996667589
-0.24233442544937134,-0.25544139742851257,-0.27788662910461426,-0.25716730207204819,-0.19007296363512674,-0.18611416220664978,-0.19312086105346679,-0.27832624316215515,-0.32747416411127361,-0.30595206841826439,-0.27227075533433392,-0.23686739802360535,-0.25177487527782266,-0.29574571225954138,-0.27701442360877992,-0.25265028880488488,-0.16222909801616903,-0.14405452716793563,-0.034073730423692376,-0.00342247639919686,0.0,0.0,0.0,0.0,0.0,0.0,0.0,0.0,0.0,0.0,0.0,0.0,0.0,0.0,0.0,0.0,0.064219043415505439,0.0232523385897529,0.07575167008893012,-0.085668121843220119,-0.14091955181562677,-0.2666793413021985
-0.27757400274276733,0.0,-0.26808886229991913,-0.20900671184062958,-0.15194022655487061,-0.14976098885138831,-0.17034447491168975,-0.22746026267608008,-0.26960694789886475,-0.27441782504320145,-0.2628220979656492,-0.23784789815545082,-0.2550362706184387,-0.29779616133733228,-0.24154688666264215,-0.16638231363434058,-0.15628752937993487,-0.042996640063377028,0.030547695814952022,0.0,0.0,0.0,0.0,0.0,0.0,0.0,0.0,0.0,0.0,0.0,0.0,0.0,0.0,0.0,0.0,0.0,0.0,0.038957431960928567,0.013088386853911636,-0.11812547761821907,-0.12915749395968484,-0.23361075007253224
-0.29983122646808624,-0.27697698771953583,-0.24831501394510269,-0.19227510193983713,-0.15405007700125376,-0.1498290995756785,-0.1639036476612091,-0.18212663531303405,-0.20717257687023707,-0.23308914713561535,-0.21942322701215744,-0.20723017305135727,-0.2249070480465889,-0.25652820567289986,-0.22131993952724668,-0.16477100618860938,-0.13834692417613922,-0.054614563036658285,0.002044808336844047,0.0,0.0,0.0,0.0,0.0,0.0,0.0,0.0,0.0,0.0,0.0,0.0,0.0,0.0,0.0,0.0,0.0,0.0,0.0,-0.16347677889398812,-0.12313202653116126,-0.10790102511387446,-0.15807707914534738
0.0,-0.28955820202827454,-0.25071677565574646,-0.19444706290960312,-0.15403644740581513,-0.14115477725863457,-0.17205815017223358,-0.19668641388416291,-0.20438279459873834,-0.20185030996799469,-0.17286411672830582,-0.16167658567428589,-0.19614859111607075,-0.2131546288728714,-0.20842505122224489,-0.17826232090592384,-0.0892124946483157,-0.05036135964716474,-0.043998002540320158,0.0,0.0,0.0,0.0,0.0,0.0,0.0,0.0,0.0,0.0,0.0,0.0,0.0,0.0,0.0,0.0,0.0,0.0,0.0,-0.058667181129567328,-0.015518781786394195,-0.031727561691346079,-0.11935754975786915
-0.2986942132314046,-0.26388382911682129,-0.23777443170547485,-0.19507604340712229,-0.14231260617574057,-0.11222730825344722,-0.14052931095163027,-0.1998023490111033,-0.2162238210439682,-0.19350732490420342,-0.16263867488929204,-0.1524373037474496,-0.19817906783686745,-0.21414390355348587,-0.19038146598772568,-0.1155311309677713,-0.031448238529264927,-0.026631212560459971,0.0084651256578841382,0.0,0.0,0.0,0.0,0.0,0.0,0.0,0.0,0.0,0.0,0.0,0.0,0.0,0.0,0.0,0.0,0.0,0.0,0.0,0.0,0.081530499538140636,0.0092911353858653456,-0.097539952024817467
-0.28981472551822662,-0.26930961012840271,-0.20874479413032532,-0.18402343988418579,-0.13668155670166016,-0.097129024565219879,-0.093333803117275238,-0.13752937316894531,-0.19213272929191588,-0.18796356022357941,-0.15408266442162649,-0.14994531311094761,-0.20773409094129289,-0.23996453285217284,-0.20210149718655479,-0.11633746565452643,-0.017243266600416973,0.048141199978999794,0.19309996999800205,0.0,0.0,0.0,0.0,0.0,0.0,0.0,0.0,0.0,0.0,0.0,0.0,0.0,0.0,0.0,0.0,0.0,0.0,0.0,0.0,0.039195399009622635,-0.028679345819083126,-0.11605353020131588
-0.28926673531532288,-0.26322659850120544,-0.19061182936032614,-0.15084439516067505,-0.12485286965966225,-0.10437687486410141,-0.080034974962472916,-0.092150177061557773,-0.1310034140944481,-0.15940338586057937,-0.13166752271354199,-0.12703187763690949,-0.19161282054015569,-0.22576277364384045,-0.19554203914271462,-0.13555066970487437,-0.079940343741327524,0.010785826132632792,0.0,0.0,0.0,0.0,0.0,0.0,0.0,0.0,0.0,0.0,0.0,0.0,0.0,0.0,0.0,0.0,0.0,0.0,0.0,0.0,0.17714471618334451,0.10918936257561047,-0.041906081892263428,-0.18286355286836625
-0.24542593210935593,-0.21045766025781632,-0.16072735190391541,-0.12240368127822876,-0.12206032499670982,-0.10121821612119675,-0.1135032445192337,-0.11638706177473068,-0.10259318351745606,-0.11361781507730484,-0.11247648919622104,-0.11909972596913576,-0.16754388809204102,-0.23101784288883209,-0.18769313395023346,-0.12950098717754538,-0.11020923778414726,-0.063787535897323069,0.0,0.0,0.0,0.0,0.0,0.0,0.0,0.0,0.0,0.0,0.0,0.0,0.0,0.0,0.0,0.0,0.0,0.0,0.0,0.0,0.20634880236216954,0.093033494148403409,-0.092359746392402381,-0.23331780284643172
0.0,-0.17052367329597473,-0.13883104920387268,-0.0931082343061765,-0.0885366474588712,-0.098592576881249741,-0.13875029874699457,-0.16144274175167084,-0.13529045041650534,-0.1183271376149995,-0.11297644178072612,-0.12207056002484427,-0.16116214650017874,-0.23313035443425179,-0.1801961600780487,-0.11418201946295224,-0.093951414804905653,-0.054349532014586859,0.0,0.0,0.0,0.0,0.0,0.0,0.0,0.0,0.0,0.0,0.0,0.0,0.0,0.0,0.0,0.0,0.0,0.0,0.0,0.13277406245470047,0.11686013928718037,-0.015587918169330806,-0.16254768930375577,-0.287438776757982
-0.15100901573896408,-0.15410163998603821,-0.097160149365663528,-0.095576517283916473,-0.090097907185554507,-0.084691408276557925,-0.099071306176483631,-0.14970099087804556,-0.160500630736351,-0.14852567868573324,-0.14965143650770188,-0.1614379244191306,-0.18625704571604729,-0.2039132583886385,-0.19031858940919241,-0.14313596487045288,-0.087396183051168919,-0.02621702452759362,0.0,0.0,0.0,0.0,0.0,0.0,0.0,0.0,0.0,0.0,0.0,0.0,0.0,0.0,0.0,0.0,0.0,0.0,-0.12234536061684291,-0.031823747525257726,-0.0016514149981296876,-0.14182050929715237,-0.23495256569650438,-0.3368048295378685
-0.074576061218976974,-0.066748999059200287,-0.072406208763519928,-0.070077250401179,-0.078856632113456726,-0.074659575841256556,-0.070630992762744427,-0.084524979814887047,-0.14124169366227257,-0.16871871054172516,-0.20209618243906233,-0.19676284243663153,-0.22950715819994608,-0.255971963206927,-0.10671783704310656,-0.096648439558015928,-0.0038334565397235565,0.0134538389587154,0.0,0.0,0.0,0.0,0.0,0.0,0.0,0.0,0.0,0.0,0.0,0.0,0.0,0.0,0.0,0.0,0.0,0.0,0.026679996401071548,-0.0524852570484985,-0.1230264309172829,-0.2181805118918419,-0.31890963695266028,-0.39206419749693439
-0.034956905990839005,-0.038948498666286469,-0.048843746383984886,-0.041081060965855919,-0.032185790129005909,-0.033595522865653038,-0.039819850689835019,-0.044320477971008847,-0.082677202920118972,-0.14790939113923482,-0.20281728037766048,-0.1656467154622078,-0.1704474687576294,0.0,0.0090830374392680824,-0.019465247601536766,0.029433442279696465,0.036584025248885155,0.0,0.0,0.0,0.0,0.0,0.0,0.0,0.0,0.0,0.0,0.0,0.0,0.0,0.0,0.0,0.0,0.0,0.0,-0.037691399455070496,-0.056239781202748418,-0.18420330584049224,-0.29796456359326839,-0.38576329499483109,-0.43685405254364013
-0.025094795972108841,-0.029226499609649181,-0.040793070569634438,-0.042586156167089939,-0.036847490072250369,-0.030274224933236837,-0.032881586579605937,-0.038717577606439589,-0.061003400944173336,-0.096209901902410716,-0.15496116025107248,-0.12972911167889833,0.0,0.0,0.0,0.0029483279213309288,0.012784875594661571,0.029164674691855907,0.018558778101578355,0.0,0.0,0.0,0.0,0.0,0.0,0.0,0.0,0.0,0.0,0.0,0.0,0.0,0.0,0.0,-0.018297633156180382,0.053843910252908245,0.17081895470619202,-0.030407836288213731,-0.24124317202303144,-0.36593492031097413,-0.4410187229514122,-0.49591627717018127
-0.033514211885631084,-0.0357129592448473,-0.046563313653071724,-0.042558999732136726,-0.039093945796291031,-0.037486497312784195,-0.041918421785036721,-0.028097511827945711,-0.050020952191617757,-0.079779471186074341,-0.10754561610519886,-0.10206060484051704,0.0,0.0,0.0,0.0034509818069636822,0.021857148191581171,-0.033894978618870177,-0.054692540317773819,0.0,0.0,0.0,0.0,0.0,0.0,0.0,0.0,0.0,0.0,0.0,0.0,0.0,0.014292563777416945,0.020428205064187448,0.0085732132928179848,0.085609674919396639,0.0734908538353112,-0.083786455914378166,-0.29704250560866463,-0.43858593702316284,-0.51762041822075844,-0.56913280487060547
-0.046549540013074875,-0.056710833062728248,-0.063895225524902344,-0.063484028913080692,-0.04369571960220734,-0.025521955918520689,-0.043093043193221089,-0.035311585292220116,-0.027318730484694242,-0.048138161274519836,-0.054335573688149452,-0.073510856833308935,0.0,0.0,0.0,0.0,0.0,0.0,0.0,0.0,0.0,0.0,0.0,0.0,0.0,0.0,0.0,0.0,0.0,0.0,0.0,-0.03753455502114126,0.014578355138655751,0.0806851422583515,0.12621042318642139,0.1155093065039678,-0.017564837966347113,-0.19040635228157044,-0.36693504452705383,-0.51866533539511939,-0.59306886047124863,-0.63582802563905716
-0.043045632541179657,-0.066195291777451828,-0.071069162338972092,-0.075656123459339142,-0.051977511495351791,-0.010908258214060749,-0.0019957778509706258,-0.014442738634534181,-0.017581123684067279,-0.025329980274869338,-0.025264052387613516,-0.057857375591993332,-0.020299125964811537,0.065143772400915623,0.0,0.0,0.0,0.0,0.0,0.0,0.0,0.0,0.0,0.0,0.0,0.0,0.0,0.0,0.0,0.0,-0.057111111159125962,-0.0048592895967885848,0.064554818207398057,0.085102403329478368,0.10316646695137025,0.021199973469430752,-0.12298408942297101,-0.27729055616590714,-0.41854669451713561,-0.54390258342027664,-0.61100263148546219,-0.66063788533210754
-0.052741223946213722,-0.0652891347805659,-0.0565282991155982,-0.052841329947113991,-0.046354319900274277,-0.012286064880234855,-0.0016314184409566223,-1.4938201638869942E-05,0.0055883465538499877,0.0029281844384968282,-0.0078064319047067938,-0.048272377013095787,-0.058586180507388362,0.015399537758309056,0.0,0.0,0.0,0.0,0.0,0.0,0.0,0.0,0.0,0.0,0.0,0.0,0.0,0.0,0.0,0.0,0.031824956544571452,0.060006711293350563,0.028837699047289788,0.025535645941272379,-0.00839375238865614,-0.11453424876725132,-0.23128993362188338,-0.34395152827103931,-0.44190836615032619,-0.51078042719099259,-0.57582543045282364,-0.65421400467554724
