SouthSea_Web/demo/jsonfile/2017-12-14-23.json
{"header": {"parameterUnit":"m.s-1","parameterNumber":2,"dx":0.1,"dy":0.1,"parameterNumberName":"Eastward current","la1":29.0,"la2":12.0,"parameterCategory":2,"lo2":131.0,"nx":250,"ny":171,"refTime":"2017-12-14T22:58:07.5","lo1":106.0}, "data":
[rows 76 to 94 of 171, columns 126 to 167 of 250]
0.035924577577547592,-0.049515181088021824,-0.14708128323157629,-0.13019534732614244,-0.06489727246974196,-0.0021105208163914669,0.024571676073329791,0.029973827701594149,0.050226949155330658,0.0148718501906842,-0.01874161747816418,-0.024817751935916021,-0.010307287098839879,-0.020019082276849075,-0.097051350167021155,-0.18037848323583602,-0.25071824093659717,-0.33146368818623678,-0.36376132509287668,-0.45883591080966751,-0.40357244946062565,-0.1051784276496619,0.11639548367660108,0.17308037583198813,0.0931426855838961,-0.032592652813979876,-0.10073173779153055,-0.047922194433900028,-0.054970474606047252,-0.0098155629280621982,-0.018832373788528558,0.00020140146578861667,-0.093064965966802374,-0.054312496174437307,-0.19708912204141202,-0.38660815222696826,-0.3611720338463783,-0.28981099724769593,-0.2316475585103035,-0.14942878528552897,-0.11566621496489174,-0.17822364171346028
-0.07598738672418727,-0.23486456681381573,-0.27778312936425209,-0.20229709999901907,-0.12114180531352758,-0.059793441452913813,-0.034453221037983893,-0.013238452568960687,0.0052860576995751923,-0.029613379738293588,-0.045438035391271114,-0.029175841016694903,-0.0055068602151651345,-0.013819085635380665,-0.1019103585018052,-0.16044386625289916,-0.19530212076810691,-0.26559559628367424,-0.30150633222526974,-0.32107927767853989,-0.20144241569297655,0.082483325322920631,0.31419019587337971,0.34047844881812733,0.1897066503211304,0.0045519875152967874,-0.098806605239709216,-0.12543798300127187,-0.14211395051744249,-0.148609449687813,-0.10648879674928528,-0.05685037957435405,-0.10381513544254833,-0.019704262767845648,-0.19990250021219252,-0.39232935880621272,-0.36930409371852874,-0.2993316650390625,-0.25646911478704876,-0.1763699870360525,-0.11976566078031764,-0.20656825378537178
-0.20600342615084213,-0.39361191168427467,-0.370409627755483,-0.22829922607966832,-0.15301529424531118,-0.086602017283439636,-0.057016892092568536,-0.022164876359359671,0.0059969029259971445,-0.014089725678786635,-0.032662359798060994,-0.0013144184569162981,0.015961840355885215,0.016621721733827144,-0.052524534985423088,-0.1118278553088506,-0.17725972748465008,-0.25082373733703905,-0.23343407828360796,-0.13229436405441342,0.024095055350864477,0.16960676706262998,0.30934354204397935,0.31437632858753206,0.19923298216114441,0.011091838599755786,-0.12155419655821541,-0.22011444151401519,-0.33052879199385643,-0.30659886421980681,-0.16612234299204179,-0.15173993508021036,-0.10142613345613846,-0.039002775391314311,-0.28481638550758359,-0.39557443310817081,-0.383035318305095,-0.32336070565950303,-0.27633575172651381,-0.20842922627925872,-0.17343968780417191,-0.2399015836417675
-0.31009860187768934,-0.47654011100530624,-0.3951721154153347,-0.24731091558933258,-0.15014378912746906,-0.075701193884015083,-0.027406750779066767,-8.8650500401854515E-05,0.042819707188755274,0.038365564619501434,0.0094158577339840122,0.0506116037722677,0.074824205040931707,0.06959816487506032,0.0053482755486454281,-0.056656231689784259,-0.13526159462829432,-0.15248943616946539,-0.12785914440949758,0.017627261171583086,0.12080378644168377,0.18981985120396866,0.19072645319544751,0.21336101492245993,0.12976178766361304,-0.012081735588323612,-0.16058716469484827,-0.31462816178798675,-0.45053239226341246,-0.38290673600775854,-0.23983143218632402,-0.19648021363442944,-0.09466638869295517,-0.030232897937613804,-0.32617456799951094,-0.41730395555496214,-0.40612394094467164,-0.36243748276130011,-0.29502542813618976,-0.251054485142231,-0.19424107372760774,-0.21716759393089696
-0.36495899856090547,-0.47613415122032166,-0.35838840901851654,-0.22641246765851975,-0.13760327423612276,-0.060308769034842648,-0.0034287678676524331,0.0329134144953319,0.074502020009926381,0.085829503834247589,0.053693754864590507,0.0870092622935772,0.12738554286105291,0.096416770170132324,0.032701944485597781,-0.032720041321590544,-0.048718036897480485,-0.0642234728886531,-0.070419638355573022,0.042420226348830123,0.098960284362821019,0.15290782451629639,0.10966796665029092,0.10868378564715385,0.033824812465657793,-0.078487593304509148,-0.25880107597300883,-0.40562276471228825,-0.45207496111591655,-0.38891331906671878,-0.23407020717859267,-0.17757672947995803,-0.04581722409718416,0.05871186815202236,-0.30828211332360905,-0.45100359762868575,-0.44502190783106049,-0.39526092648506167,-0.32391354441642761,-0.25523382628505881,-0.20634533261710947,-0.23305510335108814
-0.38933151147582312,-0.421115585735866,-0.31156504154205322,-0.20998699963092804,-0.12139634694904089,-0.038834241800941527,0.036996656230517795,0.068629809965689972,0.12241327336856298,0.11418509731690089,0.092647680391867951,0.105077280352513,0.13928003013134002,0.099171840186629973,0.024350195890292525,-0.032495255768299106,-0.0048572870146017522,-0.068729776656255126,-0.098786728084087366,0.017978597636101767,0.060783725586675462,0.11488270238041878,0.09712708555161953,0.049893870461909545,-0.046034634772998594,-0.19118359166642893,-0.38972258709725882,-0.50856219977140427,-0.47447454267077976,-0.44981643672172839,-0.3155543589964509,-0.23295616842806338,-0.13323818204008928,-0.048882311605192512,-0.39172921613568351,-0.48624589688637676,-0.46140614151954651,-0.42083967447280884,-0.36734621768647974,-0.25560148189897125,-0.19030856266617774,-0.19541279723246893
-0.40706768929958342,-0.38286505805121529,-0.27029724419116974,-0.18581527223189673,-0.085405131801962852,0.011907061768902673,0.092354156076908112,0.1294603400996753,0.173884687324365,0.14778924733400345,0.10639354462424915,0.12046416636024203,0.12864118814468384,0.054551728535443544,-0.03717412706464529,-0.031253033628066383,-0.015494205639697611,-0.11202508832017581,-0.1334168209383885,-0.035564619794433171,0.019805630850088265,0.13215516157010021,0.15345922183422817,0.041036511511685185,-0.092542779793881855,-0.29480878710746766,-0.48552018663157587,-0.54695133268833163,-0.49165499554230618,-0.46607011982372831,-0.40759684913086169,-0.35259301697506623,-0.25780515270979748,-0.14174481586954418,-0.51557135645379415,-0.50058679580688481,-0.44056594173113506,-0.40760167550157617,-0.37776254002864545,-0.25548890729745227,-0.1590172454714775,-0.15435045886607396
-0.43449652194976807,-0.32737227529287338,-0.20972835166113718,-0.13242662511765957,-0.040234060093228309,0.057607280711332955,0.11991181348760922,0.15683660975524358,0.16785530994335809,0.13131491653621197,0.0850136625979628,0.095944482833147049,0.066929718886967748,-0.00349870432789127,-0.069994108130534485,-0.062277848521868386,-0.047511725872755053,-0.13801711549361548,-0.1551114059984684,-0.10696355482706657,-0.026913168634671497,0.10518555322455035,0.14244330958241508,0.074381266740839114,-0.16026409156620503,-0.40360622273551094,-0.53501381386410107,-0.58396740935065528,-0.55587352617927221,-0.52565541331257137,-0.482791518972766,-0.37122564102118871,-0.27363751607612197,-0.37604470670840362,-0.63473200798034668,-0.52576571781384318,-0.4145180331543088,-0.38114561885595322,-0.35890968419887403,-0.26657671800681521,-0.15234918537594022,-0.14164293518191889
-0.44153684377670288,-0.30009242706000805,-0.20572139695286751,-0.12617851155144827,-0.026327927402841549,0.064284365624189377,0.13210552744567394,0.16473579903443655,0.14048659056425095,0.075035177171230316,0.040598580613732338,0.045609981566667554,0.0074076467135455459,-0.066861225912968322,-0.087216077372431755,-0.06695119570940733,-0.096643984317779541,-0.15708489716053009,-0.20862180130048233,-0.18743066291014354,-0.096001437430580455,0.037456605001352727,0.06643908834084869,0.039319940499569238,-0.19935139082372189,-0.4189378905296326,-0.53595449488896585,-0.62523920045179482,-0.64606040174310853,-0.61155601271561211,-0.58680664616472578,-0.47201671101609055,-0.33035458084838143,-0.46128371124174078,-0.50437126171832181,-0.41957062413526136,-0.39927584458799925,-0.38136488292366266,-0.34401183059582341,-0.27669970885567041,-0.19855991480025378,-0.17788137234747409
-0.44112630188465118,-0.30056379948343548,-0.23835199006966182,-0.1546816857797759,-0.038412761741450856,0.049667915639777981,0.12638542588268006,0.17011251194136484,0.10992500931024551,0.028134215235089261,-0.0071859073068480939,-0.005439293341623852,-0.029358975899716217,-0.096217929075161621,-0.095813747495412827,-0.088564822077751154,-0.15840119682252407,-0.21462377905845642,-0.23157360553741455,-0.18010260367935355,-0.08451542029014,-0.046754319416849238,-0.062936856943581782,-0.027038010265889832,-0.19911266964944926,-0.38016693790753681,-0.51335412144660952,-0.61543295780817664,-0.716955902484747,-0.71379672416618889,-0.54694943536411633,-0.29575815122751964,-0.21114647881157936,-0.27934800969112827,-0.2864157624326345,-0.39104475621734897,-0.3578667281529842,-0.35691695113976796,-0.3055037835548664,-0.25091566580037278,-0.21435090079903602,-0.19552012681961059
-0.4436164438724518,-0.31974802538752556,-0.28278621179716928,-0.176338329911232,-0.047059280953059592,0.045444494379418235,0.11724480539560318,0.15514841888632094,0.077797538733908114,-0.022665138201167185,-0.049470049994332452,-0.038894125446677211,-0.071622372915347413,-0.13352675239245096,-0.1207684263586998,-0.10638186037540436,-0.17691658809781075,-0.24515586594740549,-0.2011751631895701,-0.10534857958555222,-0.036372882250527087,-0.044204992614686488,-0.14740393766098553,-0.14002689011394978,-0.19713295931401459,-0.3469708095426145,-0.52365358497785486,-0.702597938477993,-0.83698373220183631,-0.92171938460448688,-0.67460967786610126,-0.34282654989510775,-0.040514274595937295,-0.13001715871195,-0.014053730577809596,-0.30040402049725912,-0.35557566703976812,-0.29310673382133245,-0.23254644817539624,-0.20005994414289793,-0.19143971868536688,-0.18632311001420021
-0.48778868147305082,-0.37449857166835238,-0.31808160245418549,-0.2064802423119545,-0.065008880880971745,0.025979237786183756,0.095332132386309762,0.11211256931225459,0.03894557493428389,-0.06398479118943215,-0.099586935341358179,-0.075402267809425078,-0.13021444231271745,-0.18957641422748567,-0.18475457131862641,-0.14160631845394769,-0.22431084513664246,-0.26867645978927612,-0.21385016143321992,-0.083789671638182225,0.034763142043216663,0.049737068225762675,-0.11215255584786921,-0.24923446419693174,-0.25386401394317892,-0.31061063512511877,-0.47537249899827516,-0.72150266170501709,-0.96562302827835078,-1.1184132962391293,-1.0000607166439295,-0.62186218862948206,-0.1304483725107275,-0.57078397134697534,-0.46022938210752945,-0.45469681190889938,-0.41430057178844104,-0.30125597765048345,-0.2284918433198562,-0.15901025417058365,-0.18167381485303244,-0.19339202814980558
-0.50203397870063782,-0.4063086410363515,-0.34164271752039593,-0.23454769949118295,-0.1125900720556577,-0.019148630389411534,0.064915948148284636,0.062141944840550425,-0.01570299898351853,-0.11624299309083394,-0.14149379581212998,-0.1370263934135437,-0.19593099132180214,-0.29611027240753174,-0.23488679155707359,-0.20295389592647553,-0.2604661673307419,-0.290380522608757,-0.25715688243508339,-0.071202692886193589,0.11402883773876561,0.16977585107088089,0.024357185086333437,-0.2484431776561235,-0.32504852508243759,-0.34673773765563964,-0.44059197469191119,-0.72863632181416382,-1.0013803861759327,-1.038852005093186,-0.95950977767215051,-0.83853389024734493,-0.76298034595230879,-0.67386667607194284,-0.60458354552586868,-0.52910906150937076,-0.48338253357831168,-0.34655846442495075,-0.26919548213481903,-0.19960904896259307,-0.19306723844437373,-0.2040095166081474
-0.4994385710784367,-0.42156185209751129,-0.33910474606922697,-0.23833595216274262,-0.13419200778007506,-0.01984574875095859,0.043056925448278584,0.030201597119836759,-0.078917852789163592,-0.1798968344926834,-0.20977174490690231,-0.22096050282319388,-0.30055449008941648,-0.37296123504638673,-0.31088690161705018,-0.2556873659292857,-0.28290774424870807,-0.32893530527750653,-0.28375128284096718,-0.086951976021130875,0.13780854493379594,0.23005396815446708,0.15292864774956422,-0.17881204981711649,-0.33265517103044612,-0.39204832580354476,-0.50459314947542933,-0.64062114272798809,-0.92224691311518348,-0.97235764448459328,-0.87319516496998928,-0.70878083158183747,-0.6058370541958582,-0.72654888874445211,-0.65927012927002382,-0.62077690796418628,-0.55747781414538622,-0.40028303039485008,-0.29807482935764174,-0.22590568458492105,-0.2040234754482905,-0.22136385974131131
-0.45279826521873473,-0.42398649028369356,-0.35070241093635557,-0.27888544648885727,-0.17656139731407167,-0.054564114039142929,0.022114946320652962,-0.0044004429131746289,-0.0989276148378849,-0.21751595288515091,-0.28712796668211621,-0.28747832775115967,-0.35030128558476764,-0.43696297705173492,-0.40370963017145794,-0.31550098458925885,-0.2858681559562683,-0.26694856584072113,-0.20048895726601282,-0.033824437484145167,0.14197192415595056,0.21870293042489461,0.19063045566572862,-0.065633375348988915,-0.28233435936272144,-0.44357108611326951,-0.602399823665619,-0.67819676512763616,-0.77475481161049431,-0.81935529410839081,-0.85167584131503926,-0.70407253503799438,-0.54246501887545862,-0.595445429577547,-0.55759054236114025,-0.55183501012863656,-0.54571322564567837,-0.43891017536322274,-0.3220237769462444,-0.25434622526168821,-0.21034829318523407,-0.2048591084778309
-0.39092922210693359,-0.40578782558441162,-0.35442224641640979,-0.30564356595277786,-0.22432471811771393,-0.096102060129245118,-0.031989188243945442,-0.0479774105673035,-0.15774069974819818,-0.26460411250591276,-0.33682478219270706,-0.34387797117233276,-0.37053194642066956,-0.43917493224143983,-0.43403162558873493,-0.32373470813035965,-0.20484962314367294,-0.14430577121675015,-0.049017698504030704,0.027781914402213361,0.12840022063917583,0.17034278007654044,0.16606319303575315,0.0049828724295366555,-0.17635905176401137,-0.39153468220130255,-0.58538110926747322,-0.75707821934311481,-0.841754021247228,-0.72335392634073892,-0.55509778343398,-0.47231420204043389,-0.51767765753196948,-0.54586365904126843,-0.54120132140815258,-0.49085813481360674,-0.47657197626198039,-0.39818225999673207,-0.30051195621490479,-0.24251996725797653,-0.22636644677682358,-0.16972845949624715
-0.33084211746851605,-0.38480582336584729,-0.378854696949323,-0.32798601984977721,-0.26560037334760028,-0.16927389241755009,-0.10675530135631561,-0.096764054894447324,-0.18168017268180847,-0.28050755709409714,-0.35009926557540894,-0.37313377112150192,-0.37280213832855225,-0.39471568167209625,-0.40738692879676819,-0.31653103232383728,-0.19598236680030823,-0.1223687728246053,-0.042855076864361762,-0.01378561013067762,0.036549603638167567,0.10060736164450645,0.10451867745110863,0.024258150521200152,-0.0866820513485716,-0.29224063428463759,-0.46956657197164453,-0.665002167224884,-0.86218265692392981,-0.80347399200711933,-0.47438191343098879,-0.29908286560984221,-0.34588793708997612,-0.589813415820782,-0.60709757901526784,-0.43995266242159736,-0.36387692343804146,-0.33247721890608467,-0.28026052617600988,-0.19611821075280508,-0.16705724526019322,-0.14000367266791208
-0.26921612396836281,-0.36201215783754986,-0.39251997073491413,-0.35600278377532957,-0.29635950326919558,-0.22247838228940964,-0.16676414385437965,-0.18048663735389708,-0.23507031053304672,-0.30500639478365582,-0.358465838432312,-0.38244396448135376,-0.360625758767128,-0.32754120230674744,-0.31963061094284057,-0.25705720980962116,-0.20428361892700195,-0.12138287723064423,-0.0633796143035094,-0.10109307278286327,-0.063838704223079343,0.017250029794762239,-0.028619934594257757,-0.063330306279981,-0.069572276435792446,-0.10846723273396491,-0.25189144492149351,-0.54060423926070889,-0.78910437514705045,-0.89594465295473735,-0.57831772110041446,-0.41120996049472264,-0.36674834415316582,-0.55287576736287869,-0.5583832196469577,-0.36299424792857882,-0.32638994380831721,-0.30100085772573948,-0.28810886408273989,-0.19788504474692875,-0.12401139606600223,-0.071763240421811744
-0.21144887059926987,-0.31967145204544067,-0.37519609183073044,-0.35896781831979752,-0.30652467906475067,-0.24998705834150314,-0.22310587018728256,-0.24360796064138413,-0.27772113680839539,-0.32192093133926392,-0.37286946177482605,-0.39075823873281479,-0.34479503333568573,-0.2638399675488472,-0.1866517998278141,-0.15043115243315697,-0.15068485401570797,-0.13696834295988083,-0.082101064268499613,-0.11178387362848628,-0.1033929053407449,-0.080570711940526965,-0.16357676814431729,-0.18895735260513094,-0.16148810059978411,-0.11372445726936514,-0.097101979605529617,-0.2796947679692699,-0.57136884769972629,-0.75890690428870067,-0.68133800416379364,-0.59961541601129476,-0.49578936584293842,-0.44423530223857927,-0.37010962826510269,-0.23616616787581607,-0.19926143241556069,-0.2094880291393825,-0.23170336008071898,-0.1962420716881752,-0.15597603910348631,-0.074858659031716263
