SouthSea_Web/demo/jsonfile/2017-12-14-07.json
{"header": {"parameterUnit":"m.s-1","parameterNumber":2,"dx":0.1,"dy":0.1,"parameterNumberName":"Eastward current","la1":29.0,"la2":12.0,"parameterCategory":2,"lo2":131.0,"nx":250,"ny":171,"refTime":"2017-12-14T07:01:52.5","lo1":106.0}, "data":
[rows 19 to 37 of 171, columns 168 to 209 of 250]
-0.16621137131005526,-0.18745433539152145,-0.18390685213463648,-0.23229510088761649,-0.22633087635040283,-0.19721070528030396,-0.21339554587999979,-0.16743024624884129,-0.12734922021627426,-0.095335491001605988,-0.055076049640774727,0.010371411486994475,0.083669875562191,0.14292324086030325,0.16580880184968314,0.12250117808580399,0.0753339771181345,0.043316774070262909,-0.13468754788239798,-0.1838411862651507,-0.22424172051250935,-0.14948264403002604,-0.18838656631608805,-0.10823241877369583,0.0030005836670170538,0.13296568529172378,0.18831793632772234,0.16200037774714557,0.12291071712970733,0.11260521252240453,0.12061037016766411,0.18024689761491922,0.27911488960186642,0.3174567245520078,0.33122761662189776,0.30185293234311616,0.29970166683197019,0.31591002069986784,0.35250536998112997,0.32696255583029527,0.2843241478715624,0.20008099766877982
-0.26210323472817737,-0.28173783421516418,-0.29520832896232607,-0.31746921688318253,-0.30099168419837952,-0.27628056704998016,-0.26458584070205687,-0.24499342739582061,-0.22018149707998549,-0.18816395848989487,-0.14043959602713585,-0.080861745402216911,-0.017597511876374483,0.068339236825704572,0.080699080601334572,0.055215543461963536,-0.00055676950917889678,0.038904579888497083,-0.13825067345585143,-0.14524837748871911,-0.17406119831970759,-0.19442114979028702,-0.10531667061150074,-0.014247914983166589,0.011570294913161144,0.018654547224286944,0.016267021846336622,0.0549206523081431,0.081979500395911079,0.11113253289035388,0.16132078053695814,0.22121036396576807,0.26614248752593994,0.2880122106183659,0.29278412833809853,0.26962237556775409,0.28203931450843811,0.31091315795977909,0.31893603591357961,0.2481288222166208,0.21810638407866159,0.13309588397924715
-0.33057821542024612,-0.32462680339813232,-0.32815402746200562,-0.31649190187454224,-0.30429245829582213,-0.26139400899410248,-0.25803988277912138,-0.24370402097702026,-0.21723209321498871,-0.16018112897872924,-0.11265994821275983,-0.0886863499879837,-0.087429435923695564,-0.088128223270177844,-0.044482921436429027,-0.046911498265607018,-0.0714990043391784,-0.037972685880959034,-0.13719333211580911,-0.15447026677429676,-0.1897460954884688,-0.17973475158214569,-0.11557138406417587,-0.10004524110505979,-0.08507535807215251,-0.036418651562416929,0.010316130620512095,0.043296071634228737,0.079928219070037207,0.15675002508438551,0.18516286994729722,0.22216242551803589,0.22073858444179809,0.24950278149201319,0.24892964760462444,0.2570151413480441,0.26488312620383042,0.29778145584795213,0.27696817989150685,0.18854789528995752,0.12889595559010139,0.062513218610547483
-0.30802960197130841,-0.33738502860069275,-0.29952350258827209,-0.26900751143693924,-0.24087536086638769,-0.210792342821757,-0.19521183839866094,-0.19720912724733353,-0.17227454483509064,-0.13328807502985002,-0.09916998893022537,-0.061620148271322249,-0.090385769804318741,-0.15256663113832475,-0.21377937708582198,-0.2296481654047966,-0.14289924688637257,-0.11435449655566897,-0.22637167572975159,-0.2270419865846634,-0.21244465617033151,-0.12070739097320117,-0.13570859159032503,-0.13284873826937241,-0.0890273294196679,-0.035327096966405708,0.011642021068837494,0.056312546382347742,0.11908314749598503,0.16939907521009445,0.1626904709981038,0.20550913764880255,0.2066162588695685,0.22277182837327322,0.20823923945426942,0.23113040519612177,0.25886789802461863,0.27121253950255259,0.22315186262130737,0.13117520411809286,0.056548144901171327,-0.020489962395423882
-0.30060721039772031,-0.290692076086998,-0.25251057185232639,-0.19901214838027953,-0.15359827627738318,-0.14428540468215942,-0.13442904395716532,-0.14904832627092088,-0.15423671901226044,-0.13751012335220972,-0.16149179637432098,-0.13612118115027747,-0.11613865445057552,-0.18801959231495857,-0.22015654792388281,-0.32810888066887856,-0.34759656712412834,-0.18565962676491057,-0.29086238823153754,-0.28485165671868756,-0.1619717448949814,-0.088388050178764388,-0.092997882825632885,-0.097876029355185371,-0.027853383718488309,0.033496421043916293,0.14282905111710231,0.19912426517559931,0.18260164310534796,0.21798311074574789,0.163492934157451,0.19995167425700597,0.20261234364339284,0.20484411716461182,0.19969819883505505,0.20045039256413777,0.25278327671381146,0.23461518353886074,0.15504031118593717,0.081541612990857923,-0.026475042942911385,-0.089197591233711973
-0.20823622494935989,-0.1955137699842453,-0.1429514909783999,-0.13830753229558468,-0.15269336402416228,-0.14462231951100485,-0.1385495662689209,-0.17766828835010529,-0.19930882193148136,-0.19279508665204048,-0.25488094985485077,-0.25001214870384764,-0.24669182859361172,-0.22846388816833496,-0.21859319694340229,-0.22130402284009115,-0.35013831135901535,-0.2684475526213646,-0.2061572844783465,-0.23780816048383713,-0.10849249283117908,-0.054592460537186034,-0.086505273904870533,-0.025988025083539208,0.0450469962171545,0.055418246026550023,0.12132080873617759,0.1572138242996656,0.25507230843816486,0.26344697376092274,0.19487488801990235,0.20958968309255746,0.19585773234183973,0.18289179048117468,0.18679238855838776,0.16749813755353291,0.2003501622300399,0.15297673949423959,0.085607340973284513,0.028389772895025089,-0.069350590929389,-0.12980401728834426
-0.03442337245879961,-0.031450801761820912,-0.012845069169998169,-0.077520113438367844,-0.14690187999180385,-0.13663842901587486,-0.13573846717675528,-0.19822617806494236,-0.20727959913866861,-0.23611451259681157,-0.26384596526622772,-0.28831726498901844,-0.23786446172744036,-0.40658835470676424,-0.35996280113856,-0.25928826183080672,-0.23281717300415039,-0.22200716535250345,-0.17240066400596074,-0.12171739605920655,-0.094211689595665254,-0.1025019387404124,-0.091202936321496966,-0.034370541260744049,0.01102139135876384,0.090906062664893955,0.21564669162034988,0.32161969061081225,0.33181038002173108,0.2991069033741951,0.25153885583082836,0.22288634456121004,0.17997054879864058,0.14774450545127577,0.12091044643346001,0.14090941334143281,0.13334677105440812,0.0473069010657214,-0.027712870715186,-0.031214138967558168,-0.12810823490673845,-0.14234668761491776
0.038862711517140269,0.051256044102566581,0.054710880387574434,0.0046213338646339253,-0.078375016235642969,-0.062207935377955437,-0.096342839300632477,-0.14372614398598671,-0.14284557352463403,-0.21259252168238163,-0.22548649708429971,-0.27437507659196853,-0.196237138049169,-0.11378429449078711,-0.15784957942863306,-0.15369509607553483,-0.139178267121315,-0.23755307151721075,-0.19577376747673209,-0.088595511657851081,-0.09808271271841866,-0.0865568354104956,-0.057922159197429816,-0.01561428950383113,0.0786042668355199,0.23805210911310637,0.36083237131436668,0.3486166542226618,0.35795480012893677,0.33500665776869831,0.28827463785807289,0.22537040845914322,0.1606005643095289,0.12550176332394283,0.089691106230020523,0.10772582012064316,0.085439380258321762,-0.016576536033036455,-0.17863095680187488,-0.11259142350671547,-0.16085677314549685,-0.13165413402020931
0.075177052989602089,0.10067098513245583,0.110797637142241,0.11900629755109549,0.0856501232418749,0.060496959835290909,-0.023091100854799151,-0.086960979551076886,-0.082485553622245786,-0.14687052783038881,-0.20301387310028077,-0.25375778041779995,-0.25900122688876259,-0.21213380495707193,-0.15530913770198823,-0.19885561547496103,-0.11394917157789071,-0.1448331642895937,-0.16324050327142078,-0.15297811638031686,-0.071866189262696681,-0.023016868874297609,0.03774879347162953,0.20221332460641861,0.33274256036831784,0.34413091723735517,0.33030022184054059,0.33884878030845095,0.34221851825714111,0.3212609390417735,0.28331297848905834,0.2258468339076409,0.16284237615764141,0.11448295274749398,0.0712042225196081,0.08862073952332139,0.064913466670795492,-0.017486159893171413,-0.1223051229921671,-0.31806178515156108,-0.10447380109357514,0.018992465676482034
0.14419173896312715,0.18161977692083878,0.19194090200795066,0.22271393901771969,0.18288957774639131,0.13302760232578625,0.0549512921522061,0.0037571682827547193,-0.025675051647704096,-0.11493816263973714,-0.17973400528232256,-0.2443893150641368,-0.21898253581353597,-0.21972962067677423,-0.1987112840780845,-0.19334703559676805,-0.16295665731796852,-0.065677623761196929,-0.10772355166929108,-0.071699274564161891,-0.023660255953048666,0.04885020825479712,0.166139950354894,0.30149549121658009,0.36409385076590944,0.34765738019576442,0.32405426033905577,0.32227401779248166,0.32376318573951723,0.31214806437492371,0.25161840979542049,0.20454719449792588,0.17316486636797587,0.11264373424152534,0.078996326993493474,0.055586178476611771,0.034957598551715673,-0.0088541412017851453,-0.044992627356858814,-0.10841304601894485,-0.094905540533363822,-0.050836442923173311
0.14045603076616922,0.18660076707601547,0.194476150653579,0.234877545099992,0.21030451357364655,0.19749709963798523,0.14584736277659735,0.0794746225530451,0.021714773960411549,-0.056899558907995619,-0.12478467618877237,-0.12927300139115408,-0.24244497601802534,-0.24906205336252849,-0.17369283782318234,-0.15408357294897238,-0.14566395751067571,-0.10228920154846631,0.0061418022467898065,0.041293488411853714,0.097735580486746937,0.24084730446338654,0.36681807958162749,0.39570581912994385,0.35602548176592047,0.34483359009027481,0.35465661504051904,0.357621967792511,0.3577753688607897,0.28905043999354046,0.20621730157962212,0.20802766978740692,0.16945738991101583,0.1042003001158054,0.064878706765525485,0.055654841968241858,0.036647958148803027,-0.0040129639601218514,-0.070685439556837079,-0.12689247261732817,-0.13703996548429132,-0.11245513535462894
0.088944916020740158,0.13722879737615584,0.17770944535732269,0.20713887612024942,0.2062788630525271,0.19156609340147537,0.15026552975177765,0.088218313331405326,0.041557976754847917,-0.056335915627035625,-0.13173569671132349,-0.11933543719351292,-0.1259549414118131,-0.10684988728413979,-0.033618910211281709,-0.049815248977392909,-0.03052259572238351,-0.034784450129206688,0.096217148072485409,0.23257298607911384,0.30996961891651154,0.42481240034103396,0.447586538699957,0.38970602552096051,0.35558366562638966,0.37996787627538048,0.40304615635138291,0.40210544424397604,0.36051887832581997,0.25216347511325565,0.2020790513072695,0.1798083015850612,0.13577632581194241,0.055199426536758738,0.046282096121173635,0.034915176779031755,0.019221370108425617,-0.033274370032207422,-0.096861727269632478,-0.14970856102613303,-0.15792275016958063,-0.1195482611656189
0.054598368533576531,0.093569885628918811,0.0808404440490099,0.11764397525361606,0.14942788905822313,0.12936377660794693,0.13330209702253343,0.12530419776837032,0.040879001508333852,-0.076973794493824244,-0.10414055894528117,-0.084989247413781971,-0.11900740116834641,0.023196060955524445,0.095897392298166573,0.080439072175067849,0.18931752257049084,0.32072219550609588,0.46093266743880051,0.45160914384401762,0.43612441191306484,0.43123544057210289,0.38165220847496617,0.36082985065877438,0.38257918755213421,0.40099239150683086,0.38619759040219442,0.34863149325052895,0.2956352872507913,0.22702873032540083,0.15685150931988443,0.086746170247594512,0.0017977327973182713,-0.0415738782032804,0.019736183466962896,-0.013470744878491935,-0.036994758951054377,-0.0463279167500635,-0.10226313941753827,-0.14702712916410887,-0.16386062502861024,-0.13271666939059892
-0.11813299171626568,-0.07995245829224587,0.012763059698045254,0.13538793101906776,0.19063182494470052,0.18189481496810914,0.16802951395511628,0.12311344693104426,0.04336129182151386,0.026697868795599787,-0.0079806115411754173,0.012867055966385774,0.083875051269737572,0.17850088840350509,0.21192186077435812,0.28589338064193726,0.4303779145081838,0.49834826359382045,0.49329150361674173,0.45246470173199971,0.42261083523432413,0.40341476670333315,0.32481235904353006,0.36828431487083435,0.42043403429644449,0.41253290218966349,0.35834204299109323,0.2902095139026642,0.2291024960577488,0.14465271548501082,0.049208995979279281,-0.083317287482714164,-0.15803886950016022,-0.14293625684721129,-0.1486123484869798,-0.18788281484292105,-0.14367141345372567,-0.088077795437791137,-0.0785223791996638,-0.12156067581640349,-0.14402954280376434,-0.12559961730783636
-0.24983615960393632,-0.16519335428109536,-0.057811670179944485,0.017243560931334893,0.086731944632317343,0.1539061297972997,0.20794858580285852,0.23580953053065709,0.18058220093900507,0.1917910322546959,0.16648949397106966,0.13269545590238913,0.25036782957613468,0.33264594872792563,0.35106139183044432,0.37388504428022046,0.4284910743053143,0.44118902725832804,0.40918713410695395,0.40706057731921858,0.43487445513407391,0.39066222806771594,0.30496322943104637,0.40634451707204183,0.41800506313641866,0.40110528071721396,0.34668665726979575,0.25593763933731961,0.16635638209325926,0.057764475466683507,-0.0666048969142139,-0.15614349501473562,-0.2085521767536799,-0.25667448962728184,-0.27999870379765829,-0.21441529420289127,-0.10541805679289003,-0.018759453063830735,-0.0040544267928150175,-0.022170219485732643,-0.072309054061770434,-0.12020205493484225
-0.10186043860656875,-0.13066946621984243,-0.13649785092898778,-0.074455437465355948,-0.0053394517376242822,0.092782693700148508,0.16791098890826106,0.23979930686099188,0.27160164713859558,0.29767504334449768,0.32863859136899315,0.33198548356692,0.34164387732744217,0.3641065550701959,0.367838724454244,0.35408374667167664,0.36202310957014561,0.34071913734078407,0.34856420569121838,0.40449014831991759,0.45222360812700713,0.33139749616384506,0.28243813262535977,0.37510413983288932,0.39260460436344147,0.34215852618217468,0.27190455514937639,0.20530009269714356,0.068606012500822544,-0.035614371982713541,-0.14958159568218085,-0.16713241239388785,-0.25349574249524337,-0.2882456969131123,-0.20585889688559941,-0.043309611553559078,0.0020783716812729836,0.017607715150172062,0.014222136168326769,0.011984703855382072,-0.010167233827006485,-0.087230045880590162
0.10291843355766364,0.15004124351932358,0.12955087708930174,0.026472373865544796,0.0038639159019415578,0.035754728995795758,0.095532116247341037,0.1753011037906011,0.20733665625254313,0.21791376173496246,0.2511208099978311,0.27780476609865823,0.29615545485700878,0.32187590934336185,0.31964531327996937,0.28920271595319114,0.27050117616142544,0.28298801871446461,0.31942767463624477,0.39702695210774741,0.36755456924438479,0.24420872703194618,0.26426610244171961,0.33792809314197964,0.33789432224105387,0.26630050341288247,0.19194288464153514,0.12072683011110012,0.035825314822917183,-0.038577112047385204,-0.15568352925280729,-0.175132433955486,-0.18403430168445295,-0.1830947216261517,-0.11412420868873596,-0.0010731752792542632,0.031938954178864755,-0.0012689067815598617,0.035494314092728824,0.043441501329652965,-0.0424600053164694,-0.087915358133614063
0.286818983964622,0.36125729481379193,0.36903394386172295,0.26681066652139029,0.12792136275675148,0.0590039619555076,0.069397348624009356,0.12359909254771012,0.17404006536190325,0.20328786689788103,0.23647564756018774,0.29105221827824912,0.3107735812664032,0.311001073036875,0.28982731252908706,0.25586277131850904,0.24053467634846182,0.26056968846491407,0.30244112610816953,0.29548129041989646,0.21335370466113091,0.18397806820116544,0.23726566048229442,0.28318385531504947,0.22637885560592017,0.16881156143020182,0.0815991323441267,0.079409218228915154,0.045361265274030824,-0.054547932464629412,-0.04962986994178209,-0.12243769826510778,-0.0632827455798785,-0.0854097203248077,-0.089899266646666962,-0.013377627399879404,0.027015720080170367,0.013442965557000466,-0.0045930311316624284,-0.015870984585490078,-0.0676603326573968,-0.1043025404214859
0.34094418147030997,0.39883300103247166,0.42457255919774373,0.37446244699614389,0.27622163471053629,0.15255904197692871,0.096455095601933341,0.11918024439364672,0.17222403188546498,0.2048681263740246,0.23668706913789114,0.30764402747154235,0.34461181930133272,0.33742747828364372,0.32047012249628704,0.2875126798947652,0.26476854085922241,0.27974234083119559,0.25108639895915985,0.18112093078739502,0.15021465765312314,0.18061446792939129,0.22629497491795084,0.20743777535178445,0.13311932073987048,0.053418331747525374,-0.058472065817719944,-0.090433817030861979,-0.098379817654323923,-0.16237779592092222,-0.10863653156492445,-0.087839283192387,-0.040728496573865416,-0.050608051432804627,0.015019849548116327,0.0537248614593409,0.030229538446292281,-0.030082070229885478,-0.048605565447360277,-0.036974854501230378,-0.066133576312235418,-0.10917950297395389
