SouthSea_Web/demo/jsonfile/2017-12-15-11.json
{"header": {"parameterUnit":"m.s-1","parameterNumber":3,"dx":0.1,"dy":0.1,"parameterNumberName":"Northward current","la1":29.0,"la2":12.0,"parameterCategory":2,"lo2":131.0,"nx":250,"ny":171,"refTime":"2017-12-15T10:58:07.5","lo1":106.0}, "data":
[rows 133 to 151 of 171, columns 129 to 171 of 250]
0.18094635754823685,0.18388364215691885,0.17947952200969061,0.16249108873307705,0.13668434321880341,0.13401074541939628,0.1243315049343639,0.1016694765005793,0.081522162144000709,0.097981044133617121,0.11822126158758213,0.0,0.0,0.0,0.0,0.0,0.0,0.0,0.0,0.0,0.0,0.0,0.0,0.0,0.0,0.0,0.0,0.18727448085943857,0.24758147922429172,0.33724571764469147,0.31805352866649628,0.28421351479159462,0.216513367369771,0.15552682429552078,0.092975056833691061,0.073356848210096359,0.080965258181095123,0.11079674679785967,0.14172416180372238,0.12577111646533012,0.069439872168004513,0.020367895319525684,0.0017078820092137903
0.15955476959546408,0.14792698870102564,0.14551474899053574,0.12979065378506979,0.10591723397374153,0.10622828724709424,0.087643819776448334,0.0603230990130793,0.035009162655721106,0.033028821381906583,0.10334526871641477,0.0,0.0,0.0,0.0,0.0,0.0,0.0,0.0,0.0,0.0,0.0,0.0,0.0,0.0,0.0,0.0,0.061049856245517731,0.29075107926672156,0.315533975760142,0.28243730284950952,0.23386024615981363,0.15417127683758736,0.064800367267294365,0.030161174293607474,0.021376861142925918,0.053357608616352081,0.094980633258819586,0.10858011059463024,0.085421024688652578,0.0561282392591238,0.031894307350739837,0.021182306731740635
0.11898211886485417,0.12055295209089915,0.12003760997738157,0.077424294004837677,0.0664292321436935,0.060289785265922546,0.03780453336528606,0.0076125301161987912,-0.026849112007766962,-0.055150991724804047,0.0503940467024222,0.0,0.0,0.0,0.0,0.0,0.0,0.0,0.0,0.0,0.0,0.0,0.0,0.0,0.0,0.0,-0.051372850313782692,0.13872784205401936,0.29917680791446138,0.30904564261436462,0.291317386759652,0.22952688824046741,0.084110180170021268,-0.0248149074614048,-0.055045132292434573,-0.038329320028424263,0.011943467514356598,0.052893810905516148,0.058371184393763542,0.045733928214758635,0.035881415382027625,0.03464563232329157,0.023653185305496056
0.068369543179869652,0.07124809455126524,0.066168372053653,0.036645639454945922,0.019040710577327345,0.0011768664593215692,-0.035572223261826567,-0.067894105902976454,-0.096483302488923076,-0.12985014501545164,-0.05112859715397159,0.0,0.0,0.0,0.0,0.0,0.0,0.0,0.0,0.0,0.0,0.0,0.0,0.0,0.0,-0.029793217778205872,-0.028898908011615276,0.20247164368629456,0.30105273127555848,0.3107462708766644,0.26235882751643658,0.16759835514757368,0.038517969815681376,-0.057911263609474357,-0.10099054195664146,-0.059171351707643934,-0.020210386952385306,0.0074796443223021924,0.025167466420680285,0.028571570912996929,0.025606591047512159,0.03040574284063445,0.010587494613395797
0.041831653937697409,0.036707427818328142,0.024038730189204216,0.0089891900101469625,-0.025555579273714102,-0.058249716957410179,-0.10519489049911499,-0.12328342029026576,-0.15025828507813541,-0.183272014771189,-0.13148748253782591,-0.04579301799337069,0.0,0.0,0.0,0.0,0.0,0.0,0.0,0.0,0.0,0.0,0.0,0.0,0.0,-0.071911972016096115,-0.038490428496152161,0.102342991080756,0.23930982997020087,0.25132086541917587,0.2144289662440618,0.11164790723058912,0.020893170420701306,-0.042650221753865479,-0.083118840224213064,-0.098252142220735555,-0.069363673403859141,-0.036675206711515786,-0.0060000317171216011,0.0049291740637272593,0.0072058297745469548,0.0069005932997573509,-0.047385840327478945
0.030216420069336891,0.033128071948885916,0.015329102907950679,-0.016279378327453742,-0.054005890525877474,-0.092218565754592419,-0.14113288186490536,-0.17021964821550581,-0.19387229532003403,-0.22545260687669119,-0.20334338210523129,-0.09906638041138649,0.0,0.0,0.0,0.0,0.0,0.0,0.0,0.0,0.0,0.0,0.0,0.0,0.0,-0.041652966290712357,-0.10359576344490051,-0.041858049924485385,0.090230907712663927,0.15926704555749893,0.16820948570966721,0.13559188010791937,0.064126031473279,0.0010789325693622231,-0.0769596037200906,-0.13226374387741088,-0.11950686912644994,-0.079636000096797943,-0.0604790635406971,-0.054608368314802647,-0.04671970778144896,-0.0613239746954706,-0.083888335360421076
0.032384138554334641,0.0136509551666677,-0.0072364010848104954,-0.044512589927762747,-0.089492762088775629,-0.12087935283780098,-0.16142910532653332,-0.18726266378706152,-0.22095457712809244,-0.2581534130232675,-0.29315713047981262,-0.16804376120368639,0.0,0.0,0.0,0.0,0.0,0.0,0.0,0.0,0.0,0.0,0.0,0.0,0.0,0.0,-0.16763210296630859,-0.11492269734541576,-0.052170852703663208,0.069998629675764173,0.0753249793779105,0.08986964263021946,0.038800579326396641,-0.02764568916754797,-0.0740512777119875,-0.10137388966977597,-0.060819571651518342,-0.02960704577465852,-0.039327176753431559,-0.067476421594619751,-0.078079286590218538,-0.055956827476620674,-0.0484904270619154
0.0021800569491460921,-0.00089626146170000232,-0.027430611862135783,-0.07571307995489665,-0.11374125629663467,-0.12149484977126121,-0.14783470034599305,-0.17616379633545876,-0.22754898220300673,-0.29403041303157806,-0.34550304072243826,-0.22744978219270706,0.0,0.0,0.0,0.0,0.0,0.0,0.0,0.0,0.0,0.0,0.0,0.0,0.0,0.0,0.0,-0.092743218690156934,-0.13111632926897568,-0.097637357811133071,0.0,0.039252491667866707,-0.046783281091068475,-0.11740917451679707,-0.10270588546991348,-0.067139246585694229,-0.031039088654021423,0.00039003901077773082,0.0054681795882061124,-0.020154907315736638,-0.037949839606881142,-0.037081458047032355,-0.041987658943980932
-0.012008992644647757,-0.00782235460355878,-0.03256809338927269,-0.0749214868992567,-0.10502436850219965,-0.1059540096256468,-0.12464437782764434,-0.17400435772207049,-0.24053441484769186,-0.28125698491930962,-0.33082272247834638,-0.29549203564723331,-0.29316645860671997,-0.0066247833892703056,0.0,0.0,0.0,0.0,0.0,0.0,0.0,0.0,0.0,0.0,0.0,0.0,0.0,-0.040811577501396336,-0.050561974091189246,-0.10113642774522305,0.0,0.0,0.0,-0.18358450531959533,-0.21782166324555874,-0.11104217879474163,-0.0368751080499755,0.026676634665239941,0.0384783623740077,0.01064781808963744,-0.0048615386347389882,-0.031707448677884206,-0.073644332173797816
-0.02237922023050487,-0.018294675120462973,-0.027331339567899703,-0.053895131285701482,-0.0708550401031971,-0.07826621551066637,-0.10419395342469215,-0.16658109426498413,-0.22474562908921922,-0.24615760520100594,-0.29936257128914195,-0.29031204680601758,-0.15984920226037502,0.076414115571727351,0.031440149712580023,0.0,0.0,-0.0065938821062445641,0.0,0.0,0.0,0.0,0.0,0.0,0.0,0.0,0.0,-0.048704823479056358,0.005104661673410899,-0.018711585586424918,-0.13058938334385553,-0.066478878259658813,-0.0635704765362399,-0.05539192259311676,-0.21419828236103058,-0.14772389332453409,0.0077289876062422991,0.05906029107669989,0.047255916012959046,0.060953052545135673,0.023795051448461082,-0.028644063213670797,-0.077930290251970291
-0.041226097693045936,-0.031195489224046469,-0.023918313284715016,-0.031568530248478055,-0.044677690044045447,-0.061744763981550932,-0.085852806270122525,-0.13513830304145813,-0.17358075231313705,-0.19994111359119415,-0.21885897591710091,-0.21613298025396135,-0.093803616240620613,0.033585041707348343,0.0,0.0,0.0,-0.10751829743385315,-0.0682474473640988,-0.0093650196678936488,-0.019356048491317779,0.0,0.0,0.0,0.0,0.0,0.0,-0.0221797414124012,0.10548214208600777,0.016010117072325487,-0.19917299747467041,-0.15156430006027222,-0.0928590101274577,-0.092182756298118174,-0.12008881072203319,-0.061313426587730646,0.057419034652411938,0.083967654407024389,0.061310062805811562,0.058027170971035956,0.015700875781476498,0.011351541223120876,-0.014540498044384136
-0.038423973321914676,-0.03104761689901352,-0.021527486542860668,-0.025876326486468315,-0.041233986802399161,-0.050483817234635353,-0.066238219663500783,-0.091059574484825129,-0.11770342290401459,-0.13149968907237053,-0.15542361305819619,-0.16910014487802982,-0.13146695978939532,-0.0084648404947736053,-0.0095219588256441057,-0.032368995249271393,0.0,0.027498146208624046,0.062471969053149223,0.046088340184227986,0.020502401702106,0.065787218511104584,0.0,0.0,0.0,0.0,0.0,-0.011751174926757813,0.051685765178667173,-0.0699872160796076,-0.22380312085151671,-0.10578409284353256,-0.092375338077545166,-0.1083473793484948,-0.117342885169718,-0.069526961073279381,0.010415382746776397,0.013607314671389759,-0.01255611623896079,0.0041577931027859446,-0.018049597119291622,-0.02773315937956795,-0.017866054055048153
-0.030381133779883385,-0.032956530805677176,-0.029789982629673823,-0.026167196620787894,-0.0432638188617097,-0.046034651622176168,-0.042420739101039037,-0.051294360309839249,-0.06031367013400251,-0.0784341510799196,-0.12009105309844018,-0.1710747561671517,-0.19258503615856171,-0.11327126622200012,-0.043925307070215545,-0.0029248083010315895,0.0,0.039228678991397224,0.046526020392775536,0.024724110728129745,0.020331981177959178,0.0014338548644445837,0.0,0.0,0.0,0.0,0.0,-0.021730257198214531,0.02199005726724863,-0.06880335662175309,-0.17936788333786857,-0.12811376628550616,-0.11279633031650023,-0.11006645299494267,-0.11688160300254821,-0.073807483166456217,-0.023078505881130695,-0.04099456195465543,-0.079158985479311508,-0.058048194833099843,-0.019825987647184067,-0.033458150509330958,-0.081079134096701935
-0.033965972065925595,-0.035472250543534756,-0.032547746319323778,-0.035435392521321774,-0.052247481886297464,-0.052471337219079338,-0.032270032912492752,-0.031378505751490593,-0.045579687692224979,-0.070655459030108017,-0.11842186681248924,-0.18377815864302896,-0.22147163252035776,-0.17409357262982261,-0.070493099590142563,-0.019687446008902043,-0.025295776315033436,-0.0014033946208655834,0.0032031766604632139,-0.022995829489082097,0.0,0.0,0.0,0.0,0.0,0.0,0.0,0.0,0.025432659812005504,-0.049443729384802279,-0.16584536619484425,-0.12526887655258179,-0.13572582263838162,-0.13016975224018096,-0.11901426613330841,-0.073720448650419712,-0.0078044035048647356,-0.034226791048422453,-0.069665868249204427,-0.06626031242988327,-0.055002078827884465,-0.02941872039809823,-0.05689731054008007
-0.039825735613703728,-0.041770993173122405,-0.049693960164274485,-0.053893423639237881,-0.066156008746474981,-0.064277595281600958,-0.042955561075359583,-0.040945105999708173,-0.080191356553272766,-0.098965500481426716,-0.12694326788187027,-0.19253992040952048,-0.23403868350115689,-0.21410564912690056,-0.098091844469308853,-0.0083115202578483149,-0.062529620197084218,-0.031340470512805044,-0.0017432044260203838,0.0,0.0,0.0,0.0,0.0,0.0,0.0,0.0,0.0,-0.0050526168197393417,-0.044880635777695313,-0.069472726004628033,-0.0552128233301284,-0.12753601993123689,-0.13703560022016367,-0.10303361382749346,-0.086180523503571749,-0.023920845240354538,0.007293190186222394,-0.064764929702505469,-0.0475946344435215,-0.07208739898421547,-0.043345927027985454,-0.032893520593643186
-0.034229909535497427,-0.0554430199166139,-0.069514917209744453,-0.074215603371461228,-0.084647394716739655,-0.078409460932016367,-0.06765519206722577,-0.0879888828843832,-0.11891409837537342,-0.13671415609618029,-0.17198467254638672,-0.20953192455427988,-0.26788450100205163,-0.24605160680684177,-0.086642231171329812,-0.019443848998182349,-0.052134819949666657,-0.0706797856837511,0.0,0.0,0.0,0.0,0.0,0.0,0.0,0.0,0.0,0.0,0.0,-0.054708684540607712,-0.06519054485992952,-0.027840438712802198,-0.10071899245182674,-0.12986007053405047,-0.01094095733262495,0.0,0.0,0.0,0.0,0.0,-0.10245601087808609,-0.0570131778717041,-0.015738640198833309
-0.054841859266161919,-0.072905888160069779,-0.081311912586291626,-0.086847248673439029,-0.094800353050231934,-0.10658842821915944,-0.11565450165006849,-0.13735679388046265,-0.14105865359306335,-0.16235530210865867,-0.20974874267211327,-0.24404573972736085,-0.27109713000910624,-0.2240174025297165,-0.037572365719825029,-0.014290787590046724,-0.0047070926520973444,0.081434469437226653,0.0,0.0,0.0,0.0,0.0,0.0,0.0,0.0,0.0,0.0,0.0,-0.097725456580519676,-0.049527718262238937,-0.060217989236116411,-0.069624328240752223,-0.041545233223587275,0.0018657422624528408,0.0,0.0,0.0,0.0,0.0,0.0,-0.045170466881245375,0.034360489606941963
-0.0729776347676913,-0.079069770872592926,-0.088195845484733582,-0.10549487173557282,-0.10657884180545807,-0.13107553337301528,-0.15977738052606583,-0.16550468073950875,-0.16305909156799317,-0.20032077133655549,-0.25707696148982417,-0.27847309112548829,-0.23669930263644173,-0.052343084069434553,0.027658107681322451,0.077811227180063725,0.12397621050477028,0.19104211777448654,0.0,0.0,0.0,0.0,0.0,0.0,0.0,0.0,0.0,0.0,0.0,0.0,0.0042857415974140167,-0.022537000477313995,-0.062635836812357112,-0.019504484487697482,0.070130579173564911,0.0,0.0,0.0,0.0,0.0,0.0,0.0,0.1524623904377222
-0.086230717599391937,-0.095052503049373627,-0.12003132328391075,-0.13953357562422752,-0.14619596600532531,-0.1496211551129818,-0.16099809772438473,-0.1611852678987715,-0.18914980255067349,-0.269535257266118,-0.33418920811484842,-0.18078452266802611,-0.076859338092617691,-0.059944294502629954,0.00791510252020089,0.12622081547191269,0.21965299174189568,0.17841444661219916,0.0,0.0,0.0,0.0,0.0,0.0,0.0,0.0,0.0,0.0,0.0,0.0,0.0,0.0,0.0069953494239598513,-0.028161283892889816,0.0,0.0,0.0,0.0,0.0,0.0,0.0,0.0,0.179612684994936
