SouthSea_Web/demo/jsonfile/2017-12-15-09.json
{"header": {"parameterUnit":"m.s-1","parameterNumber":2,"dx":0.1,"dy":0.1,"parameterNumberName":"Eastward current","la1":29.0,"la2":12.0,"parameterCategory":2,"lo2":131.0,"nx":250,"ny":171,"refTime":"2017-12-15T09:00:00","lo1":106.0}, "data":
[rows 152 to 170 of 171, columns 42 to 83 of 250]
-0.032401208366666524,-0.048066107556223869,-0.047249888690809407,-0.066203603520989418,-0.087470027307669326,-0.0990406684577465,-0.090022650857766465,-0.0767708420753479,-0.081204924732446671,-0.0773530441025893,-0.085570222139358526,-0.08076109886169433,-0.071628067642450333,-0.096887020766735082,-0.14944031337896982,-0.1699929783741633,-0.1287001334130764,-0.081606857478618622,-0.037409447133541107,0.0023847982908288636,0.05054057389497757,0.0691395765170455,0.066341389901936054,0.027033281745389104,0.0030024467487237416,0.0052798424731008708,0.026728995703160764,0.065294944681227207,0.12787669152021408,0.19731296102205911,0.24866537004709244,0.28536903858184814,0.2966989278793335,0.28585568070411682,0.28318186104297638,0.29694953560829163,0.28551319241523743,0.26914701859156293,0.22433198988437653,0.0,0.15308750669161478,0.12518037855625153
-0.0099181417774941247,0.0095514782937243577,-0.0069509839522652328,-0.03183312900364399,-0.057985289022326469,-0.070010784268379214,-0.062841328481833145,-0.0407993920147419,-0.029774234785387915,-0.039104945336778961,-0.05415639840066433,-0.059603912755846977,-0.06139584444463253,-0.088205713778734207,-0.12854983471333981,-0.15246893092989922,-0.11767166294157505,-0.074634001590311527,-0.027273067273199558,0.015920076111797243,0.0449679596349597,0.059627876927455269,0.03952456141511599,0.014046911452896892,0.011067884927615523,0.013593408434341351,0.03742365725338459,0.089055702090263367,0.151763354241848,0.20880606025457382,0.25458242371678352,0.28033554553985596,0.27576117217540741,0.25838714092969894,0.26788197457790375,0.23723165690898895,0.23742478589216867,0.0,0.21614867448806763,0.1761673241853714,0.13803722895681858,0.11690472066402435
0.011278519251694283,0.031962003869314991,0.0090055843815207478,-0.016410796553827822,-0.043133696168661119,-0.051648866385221481,-0.044239842643340431,-0.02275455929338932,0.0046837470338990288,-0.00017098795312146345,-0.02536720409989357,-0.040520569930473961,-0.058219398682316147,-0.08357422550519307,-0.10926265269517899,-0.11851213872432709,-0.0814119279384613,-0.0522160679101944,-0.022064209915697575,0.00482830461114645,0.033301535062491894,0.04590738117694855,0.031226156279444695,0.019693101290613413,0.021551865618675947,0.03440281872948011,0.071085161219040557,0.12199710607528687,0.18236524363358816,0.22835300117731094,0.26748875677585604,0.28358349204063416,0.26622277125716209,0.23288955539464951,0.22240156928698221,0.2001732736825943,0.18505454808473587,0.18798527866601944,0.15857253968715668,0.14034964144229889,0.1265452653169632,0.12170147895812988
0.041227550644959719,0.047017535567283629,0.02676570803547899,0.0016573435083652537,-0.017079304637445603,-0.02917707748711109,-0.013716172717977315,0.01431828539352864,0.039516827091574669,0.037595128081738947,0.0061572378035634756,-0.021788218466099352,-0.038211595267057419,-0.051892288029193878,-0.052168767899274826,-0.057252161204814911,-0.045687890611588955,-0.031977685168385506,-0.023507457847396534,-0.00901584979146719,0.02480913233011961,0.038442471375068031,0.030350406964619953,0.020226170774549246,0.031633955736955009,0.064297852106392384,0.10750655084848404,0.17486383765935898,0.22241205349564552,0.25772018730640411,0.28896318872769672,0.29152343670527142,0.25736071169376373,0.21755514045556387,0.18423658609390259,0.16258015483617783,0.14930251240730286,0.14671481400728226,0.12691377103328705,0.130461685359478,0.12441690266132355,0.11682936176657677
0.048577903459469475,0.062542719300836325,0.06143471300601959,0.038845346122980115,0.01419593661557883,-0.00027805636636912823,0.010895630170125514,0.045185778662562369,0.078530661761760712,0.072408877313137054,0.032170804838339485,0.0041794780020912485,-0.0064607798121869564,0.00065573382501800859,0.0080866698796550427,-0.0019360032553474109,-1.5673460438847542E-05,-0.012345916591584683,-0.02171896646420161,-0.007312463635268311,0.018890207633376122,0.040244234725832939,0.033831323496997356,0.027326203417032957,0.044344187714159489,0.086308876673380538,0.1825774721801281,0.24023365477720896,0.27703112363815308,0.29331738750139874,0.30601420998573303,0.28904977440834045,0.23222266882658005,0.19608525186777115,0.16321568191051483,0.12871216982603073,0.11463165655732155,0.11208588629961014,0.11048850789666176,0.11636770889163017,0.12390647083520889,0.1267225444316864
0.03799804331113895,0.064608036230007812,0.076190011575818062,0.05198089852929115,0.0295125063508749,0.029241643380373716,0.042784359926978745,0.070297401398420334,0.09597259946167469,0.081144317984581,0.04748334176838398,0.033111497138937317,0.049455825239419937,0.049636044539511204,0.069622624665498734,0.056722832843661308,0.057511386771996818,0.02769280131906271,0.0036609256640076637,-0.0018172027776017785,0.029043462127447128,0.045841345563530922,0.045224099420011044,0.041058335453271866,0.085658585280179972,0.15705806016921997,0.23336160928010941,0.2881532410780589,0.31403311093648273,0.31267563501993817,0.28967130184173584,0.26403045654296875,0.22766027599573135,0.18504808843135834,0.13616743683815002,0.0969693772494793,0.082319930195808411,0.081828076392412186,0.10095273703336716,0.10174547880887985,0.12553071975708008,0.12821497023105621
0.014039373008927214,0.051621884107589722,0.075520335137844091,0.06872289627790451,0.052356118336319923,0.064973600208759308,0.087052509188652039,0.10766088217496872,0.11645413935184479,0.11055527875820796,0.081130301579833031,0.060159375891089439,0.085716571658849716,0.12314995626608531,0.13115769810974598,0.11537235230207443,0.10020225991805394,0.062004769220948219,0.027597696830828983,0.012593488092534244,0.036241178587079051,0.05478120781481266,0.064385288953781122,0.083837244659662247,0.16125226393342018,0.22822838524977365,0.28918236494064331,0.3276269833246867,0.3173174262046814,0.28264979720115663,0.25649036963780719,0.23716618120670319,0.19599548975626627,0.15553885698318481,0.11193346232175827,0.079909440129995346,0.079509325325489044,0.082693327218294144,0.08206804096698761,0.10775662213563919,0.0,0.12479999661445618
-0.0009997444382558267,0.044267914444208148,0.0699029341340065,0.077321060001850128,0.0929429903626442,0.1153525710105896,0.14002653956413269,0.15051897466182709,0.14186911036570868,0.12943674623966217,0.10797242820262909,0.10156146436929703,0.12623284757137299,0.16983035206794739,0.18769080191850662,0.16288268566131592,0.13820198737084866,0.09926648810505867,0.065288849174976349,0.037764327600598335,0.053250489135583244,0.0711762011051178,0.08702348669370015,0.1394457072019577,0.21481027454137802,0.28423627018928527,0.3214227557182312,0.31766414642333984,0.28309063613414764,0.26021477580070496,0.22715873643755913,0.20289905865987143,0.18359557539224625,0.15879465639591217,0.11230632662773132,0.092507399618625641,0.0,0.09164680540561676,0.092142637819051743,0.0998123288154602,0.11609585955739021,0.0
-0.011129313226168355,0.029449488501995802,0.066839782148599619,0.097690025344491,0.12834873795509338,0.16705032289028168,0.18001486361026764,0.19270188361406326,0.18106157581011453,0.17084771394729614,0.16619937121868134,0.19136259953180948,0.22182121376196542,0.23573796451091766,0.23071540892124176,0.20516729851563773,0.18441366155942282,0.14960229396820068,0.096264404555161789,0.057444011171658836,0.067190691828727722,0.075545335188508034,0.10183845460414887,0.16658736765384674,0.23084404071172079,0.2706092894077301,0.30435266345739365,0.27958391606807709,0.26057777802149457,0.23846489191055298,0.21904800087213516,0.19422535101572672,0.16200240701436997,0.13318569958209992,0.12482507526874542,0.097506869584321976,0.087861143052577972,0.10284455865621567,0.10718144476413727,0.11711709201335907,0.11816208809614182,0.11429847031831741
-0.0093120374949648976,0.033022407814860343,0.076594175149997071,0.1188349761068821,0.15989790856838226,0.19337068994839987,0.21231818199157715,0.2233909914890925,0.21483583003282547,0.21419552713632584,0.24160547057787576,0.2761618047952652,0.29612870514392853,0.30251984794934589,0.28197984894116718,0.251937597990036,0.22570093472798666,0.18695152401924134,0.13492241688072681,0.0971219427883625,0.088822032014528915,0.0955086499452591,0.11211953808863957,0.14796894292036691,0.20895218352476755,0.24998020380735397,0.26422800123691559,0.25840300321578979,0.26412054896354675,0.24481571465730667,0.2196417897939682,0.19375566393136978,0.15689516067504883,0.13068480044603348,0.11941376328468323,0.091780044138431549,0.096784196794033051,0.10397948324680328,0.12118753045797348,0.1140684112906456,0.0,0.10581789910793304
-0.026189692202024162,0.019395515788346529,0.080773216982682541,0.14043406645456949,0.20207727948824564,0.24748705327510834,0.25445722043514252,0.25206183642148972,0.25027481466531754,0.252936989068985,0.28590852022171021,0.3143402636051178,0.33904531598091125,0.34563745558261871,0.30699135363101959,0.26814670860767365,0.24161601066589356,0.21371539930502573,0.16437401473522187,0.13782313714424768,0.118256114423275,0.11572796106338501,0.12189306815465291,0.16847793757915497,0.19777820259332657,0.24011366069316864,0.23849494755268097,0.27454203367233276,0.26850354671478271,0.25989358127117157,0.0,0.21525922417640686,0.14987817406654358,0.12508536875247955,0.10088153928518295,0.093795031309127808,0.098075680434703827,0.10801215469837189,0.0,0.11313154548406601,0.11727556586265564,0.0
-0.034532155841588974,0.019532657228410244,0.07834112147490184,0.16898834109306335,0.22897817939519882,0.26511470973491669,0.28244024515151978,0.28015661239624023,0.28228867053985596,0.2967829207579295,0.33355559408664703,0.363290399312973,0.37030830979347229,0.34835168719291687,0.32285194098949432,0.27764967083930969,0.24121393263339996,0.20903509110212326,0.18286126852035523,0.16356873512268066,0.14586988836526871,0.12854462365309397,0.12373912706971169,0.1481136679649353,0.19287827610969544,0.24023561179637909,0.28462493419647217,0.32079005241394043,0.30667597055435181,0.31022095680236816,0.255520761013031,0.0,0.19206666201353073,0.11612663418054581,0.0,0.0812784880399704,0.078416578471660614,0.07396358996629715,0.088102050125598907,0.084496095776557922,0.065424665808677673,0.063316121697425842
-0.062171048671007159,0.0022338908165693283,0.0795292171339194,0.15815918892621994,0.2190292626619339,0.25971879065036774,0.28972803056240082,0.30041413009166718,0.30513438582420349,0.30745705962181091,0.32298809289932251,0.34380920231342316,0.3514128178358078,0.34435677528381348,0.29585373401641846,0.25620218738913536,0.21938785910606384,0.19279138743877411,0.16249098628759384,0.15460707992315292,0.14119916409254074,0.12869726493954659,0.14637499302625656,0.19472359865903854,0.0,0.30002890527248383,0.33942294120788574,0.35144254565238953,0.34022653102874756,0.32632079720497131,0.28864535689353943,0.23670937120914459,0.0,0.14360669255256653,0.093780100345611572,0.0,0.071389127522706985,0.042276926338672638,0.0,0.018631231039762497,0.0,-0.00032321744947694242
-0.10560621072848637,-0.050869413651525974,0.025706524029374123,0.11171061918139458,0.19165940582752228,0.23909642547369003,0.27205657958984375,0.2892654687166214,0.30938123166561127,0.3034186065196991,0.32092580199241638,0.31233695149421692,0.0,0.30985915660858154,0.28445012867450714,0.2175949439406395,0.18874716262022653,0.15840349346399307,0.1288042813539505,0.12465944141149521,0.13832082599401474,0.15147431939840317,0.200080007314682,0.0,0.250322550535202,0.354860782623291,0.0,0.35820439457893372,0.31108075380325317,0.0,0.29967918992042542,0.29693201184272766,0.25872343778610229,0.14269701018929482,0.086785860359668732,0.07899068295955658,0.0,0.0472722090780735,0.012675327248871326,0.0,-0.00047133577754721045,0.0
-0.19650992751121521,-0.10996044799685478,-0.032592350617051125,0.046436730888672173,0.14640675485134125,0.19297181069850922,0.21342452615499497,0.22624048590660095,0.25257985293865204,0.272779643535614,0.25337279587984085,0.23421518504619598,0.28503286838531494,0.26388786733150482,0.22711783647537231,0.17917616665363312,0.13208878040313721,0.10523156821727753,0.085138976573944092,0.1216563992202282,0.16384032368659973,0.21845653653144836,0.25316452980041504,0.28704458475112915,0.30095404386520386,0.0,0.28780877590179443,0.0,0.24468894302845,0.27923545241355896,0.0,0.17589525878429413,0.0,0.058143705129623413,0.0,0.00569049222394824,-0.0361010804772377,-0.048342902213335037,-0.072218261659145355,-0.11223404854536057,-0.070087626576423645,-0.0991358533501625
-0.29090136289596558,-0.14231953769922257,-0.086859907954931259,0.0025170701555907726,0.067275179550051689,0.11312835663557053,0.126343984156847,0.12892259657382965,0.17020901292562485,0.17900808155536652,0.14448808133602142,0.17410767078399658,0.0,0.19200541079044342,0.16782408952713013,0.0,0.1039583832025528,0.10342232137918472,0.0,0.16630396246910095,0.0,0.19667278230190277,0.20361003279685974,0.14004407823085785,0.19158229231834412,0.10815569013357163,0.14522203803062439,0.14178942143917084,0.010198821313679218,0.16043320298194885,0.17336632311344147,0.0,0.1731715202331543,-0.0057990932837128639,0.0,-0.0134182870388031,0.0,0.0,0.0,0.0,-0.27994221448898315,0.0
-0.031578106805682182,-0.019502701237797737,0.039487183094024658,0.074035860598087311,0.073502376675605774,0.088472537696361542,0.11513558775186539,0.0,0.15779267251491547,0.17142564058303833,0.0,0.15284423530101776,0.11818116903305054,0.15414004027843475,0.0,0.12001088261604309,0.09768550843000412,0.0,0.080992870032787323,0.0,0.14607672393321991,0.16905774176120758,0.0,0.0,0.14202490448951721,0.0,0.072933308780193329,-0.071801468729972839,0.0,-0.0050997878424823284,0.0,-0.017832949757575989,0.0,-0.12062021344900131,0.0,-0.12988676130771637,-0.19993987679481506,-0.20592018961906433,-0.23809245228767395,-0.25593855977058411,0.0,-0.30446112155914307
0.0,0.0,0.0,0.06542205810546875,0.067641638219356537,0.07535254955291748,0.0,0.095856226980686188,0.14038003981113434,0.0,0.15164518356323242,0.0,0.16018944978713989,0.20287510752677918,0.25084131956100464,0.26850965619087219,0.27426697313785553,0.28692209720611572,0.30279326438903809,0.29938802123069763,0.3182605504989624,0.28498980402946472,0.22238224744796753,0.22126363217830658,0.0,0.13916251063346863,0.025822656229138374,0.0,-0.10348090529441834,0.0,0.017127634957432747,0.0,-0.088652819395065308,0.0,-0.099622726440429688,0.0,0.0,0.0,0.0,0.0,0.0,0.0
0.0,0.0,0.0,0.0,0.0,0.0,0.0,0.0,0.0,0.0,0.0,0.0,0.0,0.0,0.0,0.0,0.0,0.0,0.0,0.0,0.0,0.0,0.0,0.0,0.0,0.0,0.0,0.0,0.0,0.0,0.0,0.0,0.0,0.0,0.0,0.0,0.0,0.0,0.0,0.0,0.0,0.0
