SouthSea_Web/demo/jsonfile/2017-12-16-16.json
{"header": {"parameterUnit":"m.s-1","parameterNumber":2,"dx":0.1,"dy":0.1,"parameterNumberName":"Eastward current","la1":29.0,"la2":12.0,"parameterCategory":2,"lo2":131.0,"nx":250,"ny":171,"refTime":"2017-12-16T16:01:52.5","lo1":106.0}, "data":
[rows 133 to 151 of 171, columns 42 to 83 of 250]
-0.49448493123054504,-0.54084184340068275,-0.53307472169399261,-0.52249388694763188,-0.56405101503644672,-0.50969735213688439,-0.4019945805723017,-0.31850909814238548,-0.39467152243568782,-0.4954200935490588,-0.51091262164675155,-0.5305768298299125,-0.54521572770494409,-0.56621000766754148,-0.57181912033181437,-0.63099170358557455,-0.7112853080034256,-0.71279841034035929,-0.70980581511621887,-0.79421725084907135,-0.90644581317901607,-0.84627152891720048,-0.75125939399003983,-0.68014393448829646,-0.61636751227908659,-0.55888268351554871,-0.53184965252876282,-0.54070079326629639,-0.53704443573951721,-0.52291673421859741,-0.49789423743883771,-0.46771263650485445,-0.45376995868153042,-0.43844419030042797,-0.40834479965269566,-0.33757155707904268,-0.20306463433163507,-0.18923040422109458,-0.288414760359696,-0.3589763417840004,-0.36444826126098634,-0.29519680715524232
-0.4761262834072113,-0.54296141862869263,-0.51521117488543189,-0.52916702628135681,-0.52530357667378014,-0.50197851657867432,-0.42272870540618895,-0.37364256381988525,-0.44873496145009995,-0.49368663934560925,-0.503109709918499,-0.51801960915327072,-0.54303121566772461,-0.57754956592213025,-0.616396440909459,-0.67693061381578445,-0.75460261564988351,-0.7426362931728363,-0.70685435192925594,-0.76693578163782761,-0.84046555360158282,-0.784963603814443,-0.72644648949305213,-0.68015540308422517,-0.60125436101640972,-0.53696216855730328,-0.51080027818679807,-0.50141860246658321,-0.49737787743409473,-0.49269252419471743,-0.50155524909496307,-0.47805185914039611,-0.41952327745301382,-0.32686166039534975,-0.27491491459883177,-0.15998250109931597,-0.1106990867161325,-0.19431668985635042,-0.25479343334833782,-0.28302743285894394,-0.27161753390516552,-0.14556506921404175
-0.49351947009563446,-0.53483332693576813,-0.48354700207710266,-0.49198046326637268,-0.47715127468109131,-0.46449298262596128,-0.4284934401512146,-0.41230353713035583,-0.45105791836977005,-0.48106816411018372,-0.49435104429721832,-0.51557351946830754,-0.52905522286891937,-0.55123828053474422,-0.618198698759079,-0.68681555986404419,-0.73208560726859351,-0.70811521465128113,-0.68149304389953613,-0.72691002156999374,-0.75930227474732837,-0.74424878756205237,-0.70977835522757637,-0.64319946936198646,-0.54684463143348694,-0.50059177726507187,-0.47395512461662292,-0.43948149681091309,-0.4398044288158417,-0.44059804081916809,-0.47018000909260343,-0.43582857080868315,-0.38729590177536011,-0.29574668738577103,-0.18015731126070023,-0.061151527508627623,-0.0013908960557143604,-0.026882459108224687,-0.097456640456444948,-0.10768058057874441,-0.05692965177198251,0.0031297164503484966
-0.47572365403175354,-0.48904649168252945,-0.45948938131332395,-0.48050578683614731,-0.50702370206514991,-0.48992295265197755,-0.45463400483131411,-0.43869504928588865,-0.44552174955606461,-0.47405623197555541,-0.48659177869558334,-0.5157832304636637,-0.52882706373929977,-0.55520435174306237,-0.62031956513722741,-0.65986341238021851,-0.670815979441007,-0.66669700145721433,-0.6583101749420166,-0.63727035305716773,-0.63348554074764252,-0.65675478511386443,-0.62998007982969284,-0.56789251416921616,-0.49582561254501345,-0.43356691087995258,-0.39502922296524046,-0.36849678414208548,-0.35308752954006195,-0.32969803114732105,-0.34101953109105426,-0.33811670541763306,-0.30730052292346954,-0.2463960237801075,-0.16139145737344568,-0.10104211730261643,-0.059957852897544704,-0.013944273461155328,0.058980950697635613,0.16017786945615495,0.2395112949113051,0.13127709552645683
-0.48232708573341371,-0.47325964768727619,-0.44612021957124981,-0.51518446952104568,-0.56754167079925533,-0.54069027304649353,-0.48752785325050352,-0.42940821392195566,-0.41653992874281748,-0.46033415198326111,-0.49364898353815079,-0.5270269438624382,-0.5315227773454454,-0.54703944379633118,-0.59465377198325264,-0.59709029847925355,-0.59882272992815289,-0.61117536530775185,-0.60695766905943549,-0.58334054730155249,-0.57251549618584774,-0.54083596915006638,-0.49115105966726941,-0.4398721307516098,-0.41031470398108166,-0.3715883195400238,-0.33091568946838379,-0.26946033239364625,-0.26354896525541943,-0.26223021497329074,-0.2657400170962016,-0.244668219770704,-0.22893109279019491,-0.17275692522525787,-0.11114539299160242,-0.08993152777353923,-0.080534020704882484,-0.052649474835821559,0.029145499487640336,0.10717763130863507,0.16392792761325836,0.12627926170825959
-0.46659345179796219,-0.43333671987056732,-0.44842368364334106,-0.54129047053200863,-0.5925462543964386,-0.559588630994161,-0.48660124838352203,-0.4323662171761195,-0.42857210338115692,-0.46108247126851765,-0.51577677205204964,-0.54193482228687828,-0.547149744298723,-0.55417909622192385,-0.5766845544179281,-0.57718430360158279,-0.57328313257959151,-0.62553425396189966,-0.56740280985832214,-0.521942675113678,-0.49160492420196533,-0.4254877467950185,-0.35919612646102905,-0.33158685266971588,-0.31814705048288616,-0.31445546944936115,-0.2693115770816803,-0.21752768009901047,-0.19881215393543245,-0.21422820091247558,-0.2201689396585737,-0.20466023435195288,-0.18127660240445817,-0.14991764227549234,-0.12367863828937213,-0.1010914978881677,-0.085694155097007757,-0.0513208502282699,-0.0089278746939574685,0.036546852439641953,0.073068976402282715,0.06116507388651371
-0.44578012824058533,-0.4087735041975975,-0.43839843869209288,-0.55481743812561035,-0.58550514777501428,-0.54122491677602136,-0.48079270124435425,-0.44057474136352537,-0.44352963141032625,-0.46881838142871857,-0.51300795873006189,-0.53839974743979313,-0.56722998023033144,-0.566740483045578,-0.55249519944190983,-0.52226230129599571,-0.5122686605900526,-0.54852847941219807,-0.52600331306457515,-0.4526680078771379,-0.40645793080329895,-0.35764623433351517,-0.30715026855468752,-0.27483116835355759,-0.27108241617679596,-0.25744125743707019,-0.21306932398251124,-0.18727930486202241,-0.16315876195828119,-0.16494590044021606,-0.17517553865909577,-0.16678441812594733,-0.1456391935547193,-0.13481236100196839,-0.1201875552535057,-0.10237166409691174,-0.087783433496952057,-0.075623854994773865,-0.054120621333519615,-0.028591708280146122,-0.0084159967179099713,-0.014700020605232567
-0.41980627179145813,-0.38036112984021503,-0.437215119600296,-0.54307427406311037,-0.562178099155426,-0.53218844532966614,-0.48255088329315188,-0.44409597771508352,-0.43265960613886517,-0.42813872694969179,-0.45553590357303619,-0.508645236492157,-0.5621073927198138,-0.55014174514346648,-0.52734245359897614,-0.503287835046649,-0.49521606788039207,-0.48819164832433065,-0.45614155133565265,-0.41153742869695026,-0.38221482038497923,-0.33193895220756531,-0.26523099467158318,-0.23955638706684113,-0.22104230821132659,-0.19487500439087549,-0.16705989092588425,-0.15329980850219727,-0.13313134014606476,-0.12881389632821083,-0.13414802650610605,-0.14223417937755584,-0.1403322160243988,-0.13536802430947623,-0.12725718691945076,-0.1067848488688469,-0.093725237250328067,-0.086977491155266762,-0.0802326388657093,-0.080381682142615318,-0.077755417674779892,-0.08287918070952098
-0.35655838251113892,-0.34625331312417984,-0.45972719788551331,-0.55708757638931272,-0.57040874958038335,-0.55610784888267517,-0.48997309803962708,-0.43705620368321735,-0.40183677843638826,-0.39998451371987659,-0.42130209878087044,-0.49031162261962891,-0.53947849571704864,-0.55309928456942237,-0.54003171324729915,-0.52874679863452911,-0.46286230981349946,-0.43622054656346637,-0.40309386700391769,-0.35005398094654083,-0.290568219763892,-0.26432695053517818,-0.23516606912016869,-0.20766219198703767,-0.19003908832867941,-0.15955034643411636,-0.14328077733516692,-0.13203139305114747,-0.11230227599541347,-0.1088499367237091,-0.1228250429034233,-0.1261678695678711,-0.12915850728750228,-0.13758727535605431,-0.13514538407325744,-0.1296754613518715,-0.11893940344452858,-0.10985612720251084,-0.10163339227437973,-0.10517527535557747,-0.11409703642129898,-0.11972920224070549
-0.3250269815325737,-0.38286954164505005,-0.5350263466437658,-0.57337287068367,-0.59152586460113521,-0.56434657176335656,-0.50765067764690941,-0.4131673276424408,-0.35965333382288617,-0.36167558431625368,-0.39593763436589924,-0.47247502704461414,-0.522976020971934,-0.56051912478038246,-0.56782468822267318,-0.55384299490186906,-0.46596142223903109,-0.37675956743104116,-0.34543558955192566,-0.275272365127291,-0.2348264753818512,-0.18860626816749573,-0.14331493377685547,-0.12306885847023555,-0.11834085484345754,-0.11085863411426544,-0.10970725988348325,-0.11643204465508461,-0.11672537587583065,-0.11460005988677342,-0.12320033088326454,-0.12374085001647472,-0.11957802027463912,-0.12845548987388611,-0.13247175514698029,-0.13015979528427124,-0.13388689855734506,-0.13334932426611582,-0.11907706906398137,-0.11676065127054851,-0.12363787492116292,-0.12676491960883141
-0.33546226024627684,-0.47201294898986818,-0.56653475761413574,-0.59098111589749658,-0.58406111001968386,-0.54886710643768311,-0.48218243320782977,-0.4011414498090744,-0.36032687766211374,-0.35788675645987195,-0.40332584977149966,-0.44818567633628847,-0.49967615944998606,-0.52440375089645386,-0.52308639287948611,-0.49041970074176788,-0.41673802903720308,-0.35102856904268265,-0.29587368170420331,-0.23807035386562347,-0.21003198996186256,-0.12225708117087682,-0.051149386912584305,-0.01068796442511181,-0.018175203935243189,-0.012251405045390129,-0.019282754883170126,-0.061411509290337563,-0.093776417275269822,-0.086366228759288788,-0.099950280040502548,-0.10648542890946071,-0.10597644932568073,-0.11817174404859543,-0.12146174348890781,-0.11561689898371697,-0.11497906595468521,-0.12812436868747076,-0.11554655805230141,-0.10985348224639893,-0.11360921338200569,-0.12138094007968903
-0.36205836137135822,-0.50338993072509763,-0.56195815404256189,-0.5703989714384079,-0.53412197530269623,-0.4824478228886922,-0.45686048765977222,-0.41479841470718382,-0.39418814182281492,-0.39187417924404144,-0.39937754472096759,-0.4377080847819646,-0.46188675612211227,-0.47699595491091412,-0.48787584404150647,-0.444472740093867,-0.37264205515384674,-0.32054529587427777,-0.27180464814106625,-0.22367922961711884,-0.173867034415404,-0.0866233507792155,-0.026303634668389957,0.013458695320878178,0.027335908884803455,0.030421265711386997,0.025903200265020132,-0.010873135994188488,-0.048789529595524073,-0.061159789562225342,-0.066609006375074387,-0.0634534942607085,-0.056549503157536186,-0.07465180506308873,-0.088320150971412659,-0.084277518093585968,-0.0873672291636467,-0.095269446074962613,-0.089598381891846657,-0.095391973853111267,-0.098049037158489227,-0.10483278706669807
-0.40849228948354721,-0.4934152215719223,-0.51624685525894165,-0.50722323854764306,-0.47312735021114349,-0.41724769274393719,-0.41577677215848652,-0.41211749613285065,-0.41385399550199509,-0.41742230206727982,-0.39572688937187195,-0.4003937343756358,-0.41785127917925519,-0.42001827955245974,-0.43735849112272263,-0.41713718175888059,-0.35891531109809877,-0.2750285416841507,-0.2269342213869095,-0.18136106431484222,-0.11960816197097302,-0.068303491920232773,-0.02635730046313256,0.0071658442262560133,0.040142928250133991,0.050583655014634132,0.049503168712059654,0.026544352620840074,-0.016621135291643441,-0.045962955802679062,-0.037236932199448347,-0.017693827394396067,0.00048927823081612587,0.0035509518347680569,-0.028072078091402847,-0.044157667551189661,-0.042571009136736393,-0.045611629728227854,-0.061978237703442574,-0.070106813684105873,-0.072451341897249222,-0.079358220100402832
-0.40872119069099427,-0.46236216525236767,-0.48236975073814392,-0.449573940038681,-0.42702044844627379,-0.40188061197598773,-0.41299516956011456,-0.43331052859624225,-0.43991283078988391,-0.41611329317092893,-0.37467964738607407,-0.36724656820297241,-0.37001131474971771,-0.37213884790738422,-0.373103030025959,-0.34316134452819824,-0.29883776605129242,-0.22284134924411775,-0.14094631870587668,-0.12021814659237862,-0.091398188844323158,-0.048329634219408037,-0.03191387327387929,-0.015428223647177219,0.020250242669135332,0.044388468563556674,0.05278446674346924,0.03651795070618391,0.00092497739630440867,-0.0220356997102499,-0.015423393982928246,0.01964001761128505,0.045703226079543434,0.054351529727379479,0.043065361678600311,0.021932012091080349,0.0079361447133123875,-0.0059212368214502931,-0.00421204706071876,-0.018835846334695816,-0.025838469155132771,-0.052645683288574219
-0.43055565655231476,-0.43597403913736343,-0.42102489868799847,-0.405415599544843,-0.39547307292620343,-0.39149604099137442,-0.40840442478656769,-0.42488285154104233,-0.41642254590988159,-0.38571740984916686,-0.34986790269613266,-0.32594081163406374,-0.31262305378913879,-0.30955726901690167,-0.29931865632534027,-0.26640162467956541,-0.22337084263563156,-0.16436242312192917,-0.10811361111700535,-0.07341383583843708,-0.0489099013308684,-0.039102939888834953,-0.042870946228504181,-0.034264975041151044,-0.0034981134813278913,0.023263970700403053,0.044500413040320076,0.030192082282155752,0.0076104140840470794,-0.0099166184663772583,0.0097388068679720163,0.043085246036450066,0.074602367356419563,0.087800072506070137,0.085040818899869919,0.062080029398202896,0.056974547604719795,0.045961130410432816,0.041045395036538444,0.02746740107734998,-0.014346334151923657,-0.025985881686210632
-0.4046544313430786,-0.411696070432663,-0.39601058619362967,-0.38986002653837204,-0.38742278218269349,-0.39359043538570404,-0.40322935581207275,-0.4034850150346756,-0.39428925514221191,-0.36455183625221255,-0.32214180628458661,-0.29236389696598053,-0.28010097642739612,-0.27134576439857483,-0.25252660115559894,-0.21228249371051788,-0.16910247802734374,-0.11355917751789094,-0.0730369295924902,-0.043274025122324623,-0.032574180141091348,-0.036942720413208008,-0.045882137119770051,-0.050201667472720146,-0.027641155757009983,0.003081083856523037,0.028042775020003317,0.026091623430450756,0.010306453848897945,0.0082793335119883214,0.025352849438786507,0.051561351865530014,0.078317254781723022,0.0948007528980573,0.089379464586575821,0.084898998960852623,0.077124886214733124,0.071863189339637756,0.068924279883503914,0.059992818782726921,0.019148517400026321,-0.0039031514897942543
-0.3879067599773407,-0.40926249623298644,-0.40011103451251984,-0.38783416748046873,-0.38615122437477112,-0.38227226585149765,-0.38102565407752992,-0.36053398251533508,-0.35124992579221725,-0.32747924327850342,-0.2989543229341507,-0.27145406603813171,-0.2638748437166214,-0.259876012802124,-0.23592092692852021,-0.18584131598472595,-0.13756382962067923,-0.084736302495002747,-0.047129769809544086,-0.032825459726154804,-0.034681916702538729,-0.038892844070990883,-0.054972703568637371,-0.055484794080257416,-0.036145942285656929,-0.010276372398948297,0.016995176905766129,0.02952593145892024,0.03232999965548515,0.035668152384459972,0.037193099657694496,0.046927916258573531,0.062866143882274628,0.078619539737701416,0.0763864740729332,0.063421855370203659,0.07309587299823761,0.080457087606191635,0.08124919980764389,0.077712416648864746,0.046524392440915108,0.00052396859973669052
-0.37705956399440765,-0.4131416728099187,-0.39954258799552916,-0.38160228729248047,-0.35513874292373659,-0.34590449929237366,-0.32516583800315857,-0.32364630699157715,-0.3321632444858551,-0.31609353423118591,-0.27215918898582458,-0.24398115277290344,-0.23546865085760751,-0.2202572338283062,-0.20263691743214926,-0.15380548934141794,-0.095167798921465874,-0.068714108318090439,-0.056237788870930672,-0.049640510231256485,-0.061464417725801468,-0.069663693755865091,-0.068639528006315231,-0.051554610952734947,-0.026719554637869198,-0.0078422723818221129,0.013402504031546414,0.029021513958772022,0.041574341058731076,0.045964150689542294,0.054764176408449806,0.05691019631922245,0.057352721691131592,0.05237921625375748,0.027928352355957031,0.0383698387692372,0.039067370817065239,0.062345631420612335,0.063876884058117867,0.066626854240894318,0.040751814221342407,-0.0041880665812641382
-0.32680609325567883,-0.346633180975914,-0.34896273414293927,-0.33569641908009845,-0.29625079035758972,-0.28570838570594786,-0.27690675854682922,-0.29872168600559235,-0.31791800856590269,-0.30275412897268933,-0.26827203234036762,-0.2368854433298111,-0.21242336432139078,-0.19239460676908493,-0.14449828565120698,-0.098236152902245522,-0.06440789345651865,-0.057172184810042381,-0.067096123471856117,-0.090606819838285446,-0.10702783465385438,-0.10605985671281815,-0.088020112365484238,-0.054004420836766563,-0.028446006774902343,-0.00908666771526138,0.001090141343108068,0.016844920720905064,0.030150055264433224,0.048717532306909561,0.070266662538051611,0.082019743323326108,0.06687440350651741,0.037446204107254744,0.0095148613909259439,0.0017646769993007183,-0.0085728021222166717,0.020159818697720766,0.029774149879813194,0.025315801613032818,0.021086575463414192,-0.0039792312309145927
